1645117947184,0.735,4.491,9.149
1645117947190,0.696,4.442,8.934
1645117947191,0.755,4.452,8.679
1645117947192,0.863,4.471,8.63
1645117947192,0.912,4.491,8.689
1645117947194,0.98,4.413,8.816
1645117947194,0.98,4.413,8.816
1645117947195,1.068,4.403,8.875
1645117947205,1.206,4.462,8.777
1645117947216,1.137,4.521,8.845
1645117947225,0.804,4.54,9.012
1645117947234,0.441,4.579,8.993
1645117947247,0.382,4.53,8.885
1645117947255,0.617,4.452,8.914
1645117947264,0.98,4.393,8.885
1645117947274,1.304,4.315,8.914
1645117947284,1.539,4.217,8.894
1645117947294,1.657,4.177,8.904
1645117947309,1.52,4.266,8.796
1645117947313,1.127,4.354,8.698
1645117947324,0.902,4.442,8.561
1645117947335,0.637,4.413,8.502
1645117947344,0.402,4.344,8.532
1645117947355,0.235,4.266,8.738
1645117947372,0.176,4.128,8.865
1645117947374,0.245,3.981,9.042
1645117947389,0.539,3.854,9.983
1645117947394,0.539,3.854,9.983
1645117947405,0.666,3.579,10.65
1645117947414,0.735,3.608,10.846
1645117947429,1.059,3.932,10.679
1645117947435,1.039,3.883,10.464
1645117947444,0.823,3.805,10.081
1645117947455,0.666,3.746,9.699
1645117947464,0.46,3.814,9.502
1645117947474,0.372,3.795,9.355
1645117947490,0.323,3.765,9.287
1645117947493,0.313,3.756,9.326
1645117947504,0.304,3.873,9.424
1645117947514,0.402,4.05,9.699
1645117947524,0.49,4.167,10.032
1645117947535,0.598,4.118,10.218
1645117947548,0.647,3.932,10.179
1645117947554,0.608,3.726,9.934
1645117947564,0.509,3.579,9.571
1645117947574,0.451,3.618,9.159
1645117947585,0.392,3.824,9.012
1645117947594,0.411,4.001,8.875
1645117947608,0.47,4.06,8.689
1645117947615,0.46,4.177,8.61
1645117947624,0.451,4.295,8.541
1645117947636,0.5,4.393,8.424
1645117947644,0.598,4.481,8.296
1645117947654,0.696,4.521,8.316
1645117947671,0.843,4.579,8.61
1645117947674,0.97,4.501,8.983
1645117947684,1.01,4.285,9.365
1645117947694,1.059,4.04,9.62
1645117947704,1.098,3.873,9.767
1645117947716,1.088,3.756,9.777
1645117947728,1.029,3.716,9.738
1645117947734,1.019,3.922,9.571
1645117947744,1.039,4.177,9.248
1645117947754,0.941,4.324,8.983
1645117947764,0.951,4.442,8.561
1645117947774,0.961,4.599,8.434
1645117947788,0.823,4.54,8.522
1645117947794,0.725,4.364,8.659
1645117947804,0.735,4.177,8.718
1645117947814,0.813,4.03,8.738
1645117947824,0.931,4.167,8.796
1645117947834,1.019,4.413,8.747
1645117947848,0.745,4.462,8.767
1645117947854,0.421,4.491,8.894
1645117947864,0.088,4.55,8.728
1645117947874,-0.176,4.619,8.708
1645117947884,-0.225,4.746,8.581
1645117947894,-0.147,4.923,8.541
1645117947908,-0.049,5.109,8.6
1645117947914,0.009,5.197,8.718
1645117947924,0.049,5.335,9.042
1645117947934,-0.049,5.364,9.404
1645117947944,-0.215,5.217,9.659
1645117947954,-0.333,5.04,9.669
1645117947968,-0.264,4.903,9.522
1645117947974,-0.009,4.834,9.365
1645117947984,0.254,4.825,9.071
1645117947994,0.421,4.815,8.728
1645117948004,0.431,4.736,8.316
1645117948014,0.196,4.57,7.982
1645117948028,0.225,4.726,7.757
1645117948034,0.196,4.903,7.541
1645117948044,-0.078,4.903,7.394
1645117948054,-0.441,4.844,7.423
1645117948064,-0.598,4.825,7.659
1645117948074,-0.529,4.834,8.12
1645117948088,-0.372,4.844,8.698
1645117948094,-0.215,4.776,9.149
1645117948104,-0.098,4.766,9.483
1645117948114,0.0,4.795,9.659
1645117948124,0.058,4.864,9.708
1645117948134,-0.049,4.697,9.659
1645117948149,-0.029,4.697,9.64
1645117948154,0.039,4.785,9.502
1645117948164,0.049,4.756,9.306
1645117948174,0.009,4.658,9.198
1645117948184,0.088,4.638,9.1
1645117948194,0.156,4.638,9.071
1645117948208,0.245,4.54,8.983
1645117948214,0.284,4.491,9.022
1645117948224,0.323,4.462,9.071
1645117948234,0.254,4.442,9.198
1645117948244,0.225,4.403,9.287
1645117948254,0.215,4.383,9.375
1645117948268,0.333,4.266,9.287
1645117948274,0.539,4.266,9.061
1645117948284,0.568,4.236,8.973
1645117948294,0.539,4.246,8.943
1645117948304,0.431,4.226,8.826
1645117948314,0.323,4.226,8.826
1645117948328,0.245,4.344,8.963
1645117948334,0.156,4.442,9.149
1645117948344,-0.039,4.511,9.355
1645117948354,-0.225,4.54,9.473
1645117948364,-0.313,4.579,9.473
1645117948374,-0.284,4.648,9.385
1645117948388,-0.215,4.648,9.267
1645117948394,-0.088,4.609,9.14
1645117948404,0.147,4.599,8.983
1645117948414,0.411,4.589,8.806
1645117948424,0.647,4.579,8.747
1645117948434,0.735,4.658,8.777
1645117948448,0.666,4.687,8.963
1645117948454,0.411,4.648,9.042
1645117948464,0.274,4.619,9.051
1645117948474,0.215,4.648,8.983
1645117948484,0.235,4.628,8.924
1645117948494,0.304,4.579,8.796
1645117948508,0.46,4.53,8.689
1645117948514,0.617,4.491,8.59
1645117948524,0.774,4.442,8.571
1645117948534,0.892,4.432,8.571
1645117948544,0.951,4.422,8.659
1645117948554,0.912,4.422,8.826
1645117948568,0.813,4.354,9.012
1645117948574,0.872,4.246,9.267
1645117948584,0.98,4.187,9.414
1645117948594,1.225,4.128,9.434
1645117948604,1.422,4.099,9.355
1645117948614,1.52,4.079,9.257
1645117948633,1.539,4.118,9.208
1645117948634,1.431,4.138,9.257
1645117948646,1.363,4.158,9.336
1645117948657,1.333,4.167,9.385
1645117948664,1.294,4.197,9.277
1645117948675,1.245,4.138,9.091
1645117948689,1.255,4.118,9.11
1645117948695,1.284,4.109,9.061
1645117948705,1.206,4.109,8.973
1645117948714,1.117,4.128,8.836
1645117948725,1.029,4.177,8.698
1645117948735,0.941,4.217,8.738
1645117948750,0.813,4.295,9.022
1645117948754,0.657,4.295,9.306
1645117948764,0.549,4.275,9.444
1645117948774,0.539,4.295,9.483
1645117948784,0.549,4.246,9.414
1645117948794,0.637,4.207,9.414
1645117948811,0.725,4.217,9.355
1645117948814,0.794,4.246,9.306
1645117948825,0.853,4.246,9.248
1645117948835,0.843,4.275,9.14
1645117948845,0.813,4.295,9.012
1645117948854,0.715,4.344,8.855
1645117948869,0.637,4.393,8.747
1645117948875,0.578,4.422,8.757
1645117948885,0.539,4.432,8.777
1645117948895,0.529,4.413,8.914
1645117948906,0.509,4.432,9.149
1645117948915,0.431,4.383,9.444
1645117948929,0.313,4.364,9.807
1645117948935,0.254,4.334,10.032
1645117948944,0.304,4.305,10.071
1645117948956,0.421,4.305,9.963
1645117948965,0.588,4.256,9.807
1645117948975,0.696,4.226,9.561
1645117948989,0.804,4.197,9.287
1645117949001,0.872,4.148,9.091
1645117949011,0.97,4.06,9.042
1645117949021,1.068,3.991,9.051
1645117949053,1.068,3.942,9.091
1645117949054,0.813,4.06,9.444
1645117949093,0.813,4.06,9.444
1645117949093,0.813,4.06,9.444
1645117949094,0.813,4.06,9.444
1645117949094,0.382,4.02,9.699
1645117949094,0.382,4.02,9.699
1645117949094,0.441,4.011,9.552
1645117949095,0.48,3.991,9.346
1645117949095,0.48,3.991,9.346
1645117949108,0.529,3.912,8.963
1645117949113,0.647,3.863,8.62
1645117949124,0.676,3.824,8.394
1645117949137,0.608,3.785,8.463
1645117949144,0.509,3.834,8.836
1645117949154,0.313,3.844,9.336
1645117949171,0.117,3.844,9.738
1645117949173,0.147,3.854,10.032
1645117949187,0.304,3.912,10.12
1645117949194,0.431,3.942,10.081
1645117949204,0.47,4.011,9.895
1645117949214,0.48,4.05,9.65
1645117949241,0.451,4.079,9.404
1645117949241,0.313,4.089,9.081
1645117949244,0.313,4.089,9.081
1645117949256,0.235,4.06,9.159
1645117949272,0.176,4.079,9.306
1645117949274,0.078,4.109,9.424
1645117949292,0.0,4.118,9.483
1645117949294,0.049,4.118,9.463
1645117949306,0.186,4.148,9.336
1645117949323,0.333,4.128,9.189
1645117949324,0.47,4.079,9.081
1645117949339,0.578,4.089,9.012
1645117949359,0.598,4.069,9.002
1645117949359,0.598,4.069,9.002
1645117949360,0.598,4.069,9.002
1645117949361,0.48,4.05,9.091
1645117949373,0.48,4.05,9.091
1645117949374,0.411,4.03,9.198
1645117949388,0.362,4.05,9.218
1645117949395,0.372,4.079,9.208
1645117949408,0.392,4.069,9.14
1645117949414,0.411,4.079,9.051
1645117949424,0.421,4.079,8.973
1645117949434,0.402,4.128,8.894
1645117949444,0.284,4.246,9.473
1645117949455,0.029,4.315,9.571
1645117949469,-0.039,4.383,9.042
1645117949473,-0.039,4.462,8.316
1645117949485,-0.009,4.511,7.718
1645117949494,-0.068,4.628,7.6
1645117949504,-0.205,4.697,7.933
1645117949516,-0.323,4.726,8.404
1645117949529,-0.353,4.736,8.767
1645117949534,-0.049,4.57,9.856
1645117949546,0.245,4.432,10.395
1645117949554,0.49,4.295,10.581
1645117949567,0.598,4.207,10.365
1645117949574,0.676,4.148,9.895
1645117949588,0.647,4.079,9.287
1645117949594,0.578,4.099,8.698
1645117949604,0.558,4.167,8.365
1645117949614,0.578,4.177,8.198
1645117949624,0.608,4.158,8.384
1645117949634,0.637,4.109,8.698
1645117949672,0.627,4.079,9.012
1645117949672,0.627,4.079,9.012
1645117949672,0.627,4.079,9.012
1645117949673,0.627,4.079,9.012
1645117949673,0.676,4.079,9.238
1645117949673,0.676,4.079,9.238
1645117949674,0.676,4.079,9.238
1645117949684,0.657,4.079,9.13
1645117949695,0.627,4.148,9.13
1645117949710,0.509,4.128,9.14
1645117949714,0.47,4.128,9.218
1645117949725,0.48,4.128,9.306
1645117949734,0.49,4.128,9.326
1645117949744,0.5,4.118,9.395
1645117949754,0.451,4.138,9.483
1645117949772,0.362,4.167,9.561
1645117949773,0.343,4.197,9.601
1645117949784,0.362,4.266,9.502
1645117949797,0.343,4.295,9.395
1645117949804,0.333,4.315,9.287
1645117949814,0.353,4.315,9.297
1645117949831,0.343,4.324,9.228
1645117949836,0.323,4.266,9.149
1645117949849,0.284,4.305,9.071
1645117949854,0.323,4.285,8.973
1645117949864,0.382,4.256,8.894
1645117949874,0.47,4.246,8.914
1645117949887,0.539,4.207,8.934
1645117949896,0.48,4.197,8.963
1645117949904,0.411,4.197,9.091
1645117949914,0.333,4.246,9.091
1645117949929,0.245,4.246,9.208
1645117949934,0.127,4.256,9.218
1645117949949,0.117,4.305,9.208
1645117949954,0.166,4.285,9.248
1645117949964,0.323,4.295,9.189
1645117949977,0.402,4.334,9.179
1645117949984,0.48,4.315,9.336
1645117949994,0.549,4.256,9.493
1645117950009,0.539,4.177,9.659
1645117950014,0.568,4.138,9.699
1645117950024,0.588,4.148,9.62
1645117950034,0.617,4.118,9.502
1645117950044,0.657,4.109,9.395
1645117950054,0.657,4.089,9.346
1645117950068,0.588,4.079,9.238
1645117950074,0.588,4.06,9.267
1645117950084,0.588,4.069,9.306
1645117950094,0.617,4.089,9.385
1645117950104,0.617,4.069,9.355
1645117950114,0.647,4.069,9.248
1645117950129,0.706,4.079,9.11
1645117950133,0.715,4.06,8.993
1645117950144,0.647,4.109,8.993
1645117950154,0.558,4.167,9.1
1645117950164,0.431,4.128,9.179
1645117950174,0.411,4.167,9.228
1645117950189,0.402,4.207,9.218
1645117950195,0.402,4.226,9.179
1645117950205,0.392,4.236,9.189
1645117950215,0.402,4.275,9.13
1645117950225,0.392,4.344,9.081
1645117950235,0.353,4.354,9.042
1645117950249,0.235,4.373,8.924
1645117950255,0.137,4.442,8.914
1645117950265,0.088,4.413,8.993
1645117950275,0.068,4.422,9.198
1645117950284,0.137,4.364,9.404
1645117950295,0.156,4.334,9.591
1645117950310,0.205,4.364,9.669
1645117950314,0.254,4.354,9.61
1645117950324,0.274,4.373,9.434
1645117950335,0.284,4.354,9.277
1645117950344,0.235,4.383,9.071
1645117950355,0.039,4.413,9.022
1645117950370,0.147,4.413,9.022
1645117950374,0.166,4.422,9.169
1645117950384,0.245,4.432,9.248
1645117950395,0.421,4.393,9.404
1645117950404,0.529,4.344,9.395
1645117950415,0.608,4.324,9.365
1645117950429,0.637,4.334,9.257
1645117950450,0.657,4.334,9.159
1645117950451,0.676,4.334,9.051
1645117950455,0.657,4.315,8.963
1645117950465,0.539,4.315,8.826
1645117950480,0.5,4.324,8.787
1645117950491,0.431,4.373,8.836
1645117950494,0.451,4.462,8.845
1645117950504,0.49,4.481,8.757
1645117950516,0.529,4.54,8.728
1645117950524,0.529,4.589,8.689
1645117950536,0.451,4.589,8.679
1645117950551,0.372,4.648,8.728
1645117950554,0.274,4.687,8.796
1645117950564,0.215,4.726,8.865
1645117950576,0.166,4.736,8.894
1645117950584,0.166,4.766,8.943
1645117950596,0.205,4.776,8.943
1645117950611,0.235,4.785,9.012
1645117950614,0.284,4.746,9.032
1645117950624,0.264,4.756,9.022
1645117950660,0.245,4.736,9.032
1645117950662,0.284,4.756,9.002
1645117950663,0.343,4.746,8.934
1645117950670,0.284,4.726,8.943
1645117950674,0.294,4.726,8.943
1645117950684,0.294,4.707,8.963
1645117950695,0.284,4.628,8.934
1645117950704,0.343,4.579,8.934
1645117950714,0.441,4.54,8.963
1645117950730,0.5,4.511,8.904
1645117950735,0.421,4.491,8.934
1645117950745,0.333,4.53,9.002
1645117950755,0.245,4.599,9.022
1645117950764,0.225,4.579,9.012
1645117950776,0.235,4.589,8.983
1645117950790,0.284,4.57,8.894
1645117950794,0.313,4.609,8.855
1645117950804,0.372,4.599,8.894
1645117950816,0.421,4.599,9.061
1645117950824,0.402,4.599,9.189
1645117950835,0.411,4.599,9.248
1645117950851,0.441,4.619,9.257
1645117950854,0.421,4.628,9.149
1645117950865,0.411,4.609,9.071
1645117950876,0.402,4.579,8.983
1645117950884,0.323,4.54,8.993
1645117950896,0.205,4.56,8.934
1645117950910,0.156,4.57,8.904
1645117950914,0.147,4.609,8.865
1645117950924,0.137,4.628,8.806
1645117950936,0.127,4.599,8.698
1645117950944,0.205,4.658,8.718
1645117950955,0.294,4.736,8.865
1645117950970,0.245,4.697,9.051
1645117950974,0.225,4.628,9.218
1645117950984,0.304,4.638,9.326
1645117951001,0.323,4.609,9.385
1645117951011,0.274,4.55,9.395
1645117951026,0.176,4.481,9.355
1645117951037,0.039,4.442,9.267
1645117951038,-0.058,4.471,9.149
1645117951053,-0.156,4.491,9.061
1645117951053,-0.166,4.55,9.042
1645117951073,-0.127,4.599,9.081
1645117951073,0.0,4.638,9.081
1645117951088,0.029,4.628,9.032
1645117951094,0.019,4.648,9.051
1645117951104,0.029,4.638,9.179
1645117951116,0.117,4.648,9.365
1645117951125,0.166,4.677,9.444
1645117951136,0.225,4.648,9.502
1645117951152,0.294,4.599,9.473
1645117951154,0.333,4.511,9.306
1645117951166,0.353,4.491,9.081
1645117951174,0.402,4.452,8.934
1645117951184,0.49,4.413,8.836
1645117951196,0.558,4.344,8.845
1645117951209,0.608,4.305,8.816
1645117951216,0.568,4.324,8.767
1645117951224,0.509,4.334,8.747
1645117951236,0.402,4.393,8.718
1645117951244,0.402,4.393,8.718
1645117951254,0.313,4.53,8.747
1645117951272,0.205,4.579,8.659
1645117951274,0.127,4.599,8.61
1645117951286,0.049,4.638,8.639
1645117951301,0.029,4.668,8.738
1645117951305,0.058,4.638,8.914
1645117951317,0.117,4.668,9.042
1645117951353,0.156,4.717,9.179
1645117951354,0.156,4.717,9.179
1645117951354,0.156,4.717,9.179
1645117951355,0.156,4.717,9.179
1645117951355,0.0,4.746,9.297
1645117951356,0.0,4.746,9.297
1645117951356,0.0,4.746,9.297
1645117951366,-0.068,4.756,9.267
1645117951374,-0.127,4.746,9.238
1645117951389,-0.156,4.717,9.11
1645117951398,-0.137,4.707,8.983
1645117951404,-0.088,4.658,8.875
1645117951415,0.0,4.658,8.836
1645117951424,0.107,4.658,8.924
1645117951434,0.127,4.638,8.894
1645117951453,0.107,4.628,8.894
1645117951453,0.107,4.628,8.894
1645117951454,0.107,4.579,8.914
1645117951467,0.039,4.55,8.875
1645117951476,-0.039,4.53,8.845
1645117951484,-0.039,4.57,8.738
1645117951495,-0.039,4.628,8.581
1645117951513,0.0,4.648,8.532
1645117951517,0.039,4.589,8.571
1645117951525,0.098,4.599,8.659
1645117951534,0.098,4.53,8.757
1645117951547,0.058,4.471,8.894
1645117951554,0.078,4.462,9.042
1645117951572,0.107,4.471,9.12
1645117951575,0.147,4.53,9.081
1645117951584,0.186,4.599,8.894
1645117951600,0.254,4.668,8.669
1645117951604,0.254,4.668,8.669
1645117951614,0.245,4.697,8.698
1645117951630,0.205,4.717,8.806
1645117951637,0.225,4.697,8.806
1645117951648,0.215,4.756,8.934
1645117951654,0.225,4.785,8.963
1645117951664,0.264,4.785,8.993
1645117951674,0.254,4.805,9.091
1645117951692,0.156,4.766,9.355
1645117951694,0.078,4.687,9.404
1645117951704,0.068,4.579,9.375
1645117951715,0.039,4.511,9.355
1645117951724,-0.019,4.471,9.277
1645117951735,0.0,4.442,9.228
1645117951751,0.0,4.432,9.267
1645117951754,-0.009,4.403,9.306
1645117951764,0.0,4.373,9.365
1645117951775,0.058,4.383,9.355
1645117951784,0.117,4.354,9.375
1645117951796,0.205,4.344,9.306
1645117951810,0.323,4.324,9.218
1645117951814,0.441,4.305,9.14
1645117951824,0.431,4.315,9.238
1645117951836,0.362,4.295,9.365
1645117951844,0.333,4.354,9.404
1645117951855,0.274,4.383,9.375
1645117951871,0.205,4.413,9.277
1645117951874,0.098,4.452,9.169
1645117951884,-0.009,4.452,9.071
1645117951896,-0.088,4.471,8.993
1645117951904,-0.147,4.491,8.904
1645117951915,-0.147,4.491,8.826
1645117951930,-0.029,4.501,8.816
1645117951934,0.019,4.511,8.934
1645117951944,0.039,4.501,9.012
1645117951954,0.058,4.55,9.012
1645117951965,0.107,4.53,8.953
1645117951976,0.156,4.501,8.885
1645117951990,0.166,4.491,8.904
1645117951994,0.137,4.491,8.983
1645117952004,0.039,4.452,9.179
1645117952016,-0.039,4.442,9.326
1645117952024,-0.127,4.383,9.434
1645117952036,-0.156,4.364,9.434
1645117952050,-0.205,4.373,9.306
1645117952054,-0.284,4.383,9.1
1645117952064,-0.343,4.432,8.993
1645117952076,-0.274,4.462,9.091
1645117952084,-0.205,4.491,9.091
1645117952095,0.009,4.442,9.297
1645117952110,0.009,4.442,9.297
1645117952114,0.078,4.462,9.287
1645117952124,0.078,4.491,9.257
1645117952136,0.0,4.53,9.287
1645117952162,-0.049,4.56,9.306
1645117952163,-0.068,4.609,9.306
1645117952172,-0.009,4.609,9.267
1645117952174,0.029,4.599,9.208
1645117952184,0.088,4.599,9.149
1645117952195,0.147,4.55,9.091
1645117952204,0.225,4.491,9.022
1645117952215,0.343,4.383,8.943
1645117952230,0.402,4.295,8.963
1645117952234,0.529,4.217,8.943
1645117952244,0.627,4.167,8.934
1645117952255,0.696,4.128,8.894
1645117952264,0.637,4.158,8.934
1645117952276,0.598,4.158,8.963
1645117952290,0.509,4.177,8.973
1645117952294,0.48,4.236,8.924
1645117952304,0.5,4.275,8.904
1645117952315,0.46,4.315,8.904
1645117952324,0.421,4.344,8.943
1645117952334,0.411,4.354,9.022
1645117952350,0.382,4.393,9.12
1645117952354,0.343,4.432,9.159
1645117952365,0.284,4.491,9.228
1645117952376,0.205,4.57,9.238
1645117952389,0.039,4.609,9.218
1645117952394,-0.029,4.599,9.238
1645117952410,-0.147,4.628,9.287
1645117952414,-0.215,4.638,9.306
1645117952424,-0.215,4.619,9.228
1645117952436,-0.205,4.609,9.198
1645117952444,-0.137,4.619,9.091
1645117952456,-0.049,4.599,8.983
1645117952473,0.019,4.599,8.885
1645117952477,0.107,4.609,8.796
1645117952484,0.186,4.56,8.787
1645117952496,0.196,4.56,8.855
1645117952504,0.147,4.521,8.845
1645117952516,0.166,4.501,8.816
1645117952530,0.166,4.501,8.816
1645117952534,0.166,4.481,8.6
1645117952544,0.225,4.393,8.708
1645117952556,0.254,4.393,8.787
1645117952564,0.254,4.413,8.973
1645117952575,0.235,4.403,9.081
1645117952590,0.235,4.364,9.208
1645117952594,0.254,4.364,9.277
1645117952604,0.353,4.354,9.365
1645117952616,0.372,4.334,9.365
1645117952624,0.343,4.364,9.297
1645117952644,0.304,4.393,9.267
1645117952655,0.254,4.432,9.198
1645117952656,0.176,4.471,9.189
1645117952664,0.186,4.491,9.13
1645117952675,0.235,4.491,9.11
1645117952684,0.333,4.53,9.032
1645117952695,0.392,4.56,8.973
1645117952710,0.392,4.638,9.091
1645117952715,0.382,4.619,9.218
1645117952726,0.362,4.579,9.365
1645117952734,0.254,4.55,9.444
1645117952745,0.166,4.491,9.542
1645117952755,0.117,4.452,9.493
1645117952771,0.117,4.432,9.414
1645117952774,0.117,4.383,9.326
1645117952784,0.117,4.334,9.277
1645117952795,0.098,4.344,9.316
1645117952804,0.088,4.344,9.287
1645117952816,0.117,4.373,9.208
1645117952831,0.137,4.413,9.012
1645117952834,0.186,4.422,8.826
1645117952845,0.245,4.462,8.679
1645117952856,0.274,4.491,8.669
1645117952864,0.235,4.491,8.836
1645117952875,0.166,4.462,8.993
1645117952890,0.147,4.413,9.14
1645117952894,0.117,4.413,9.189
1645117952904,0.117,4.373,9.218
1645117952916,0.196,4.354,9.228
1645117952924,0.117,4.334,9.189
1645117952935,0.068,4.324,9.218
1645117952950,0.068,4.334,9.218
1645117952954,0.078,4.315,9.306
1645117952964,0.098,4.324,9.326
1645117952976,0.019,4.324,9.287
1645117952984,0.0,4.324,9.228
1645117952996,-0.068,4.334,9.149
1645117953079,-0.058,4.383,9.012
1645117953080,-0.058,4.383,9.012
1645117953081,-0.058,4.383,9.012
1645117953081,-0.058,4.383,9.012
1645117953082,-0.058,4.383,9.012
1645117953083,-0.078,4.511,8.885
1645117953084,-0.147,4.53,8.904
1645117953084,-0.147,4.53,8.904
1645117953085,-0.147,4.53,8.904
1645117953086,-0.196,4.54,8.904
1645117953087,-0.235,4.53,8.914
1645117953088,-0.186,4.56,8.894
1645117953088,-0.166,4.589,8.836
1645117953118,-0.078,4.648,8.777
1645117953119,-0.068,4.658,8.698
1645117953119,-0.068,4.707,8.738
1645117953137,-0.058,4.687,8.777
1645117953138,0.0,4.628,8.943
1645117953146,0.058,4.638,9.11
1645117953154,0.088,4.589,9.179
1645117953164,0.107,4.55,9.218
1645117953174,0.156,4.462,9.218
1645117953188,0.166,4.403,9.218
1645117953195,0.205,4.393,9.218
1645117953204,0.274,4.393,9.267
1645117953214,0.304,4.364,9.277
1645117953224,0.353,4.324,9.355
1645117953234,0.372,4.324,9.365
1645117953249,0.353,4.315,9.355
1645117953254,0.343,4.334,9.316
1645117953264,0.313,4.373,9.277
1645117953275,0.264,4.393,9.228
1645117953284,0.264,4.383,9.159
1645117953294,0.353,4.364,9.189
1645117953310,0.421,4.354,9.169
1645117953314,0.46,4.315,9.159
1645117953324,0.48,4.305,9.14
1645117953334,0.47,4.275,9.189
1645117953346,0.411,4.275,9.316
1645117953354,0.294,4.266,9.473
1645117953371,0.137,4.256,9.708
1645117953381,0.107,4.315,9.787
1645117953384,0.107,4.315,9.787
1645117953396,0.0,4.403,9.601
1645117953404,0.0,4.442,9.463
1645117953415,0.0,4.481,9.336
1645117953431,-0.029,4.53,9.228
1645117953434,-0.068,4.599,9.149
1645117953445,-0.009,4.677,9.11
1645117953456,0.009,4.677,9.061
1645117953465,0.039,4.658,9.022
1645117953475,0.127,4.648,8.973
1645117953491,0.176,4.628,8.855
1645117953496,0.196,4.579,8.796
1645117953505,0.254,4.501,8.728
1645117953514,0.333,4.481,8.669
1645117953528,0.372,4.442,8.679
1645117953534,0.392,4.364,8.679
1645117953552,0.402,4.354,8.718
1645117953555,0.421,4.354,8.757
1645117953564,0.411,4.373,8.796
1645117953577,0.421,4.364,8.738
1645117953584,0.421,4.393,8.689
1645117953596,0.509,4.432,8.581
1645117953613,0.608,4.452,8.522
1645117953614,0.666,4.53,8.581
1645117953626,0.706,4.589,8.728
1645117953634,0.666,4.599,8.953
1645117953644,0.608,4.579,9.13
1645117953657,0.608,4.54,9.277
1645117953674,0.627,4.53,9.346
1645117953675,0.598,4.56,9.316
1645117953685,0.49,4.579,9.248
1645117953694,0.372,4.589,9.228
1645117953704,0.235,4.579,9.14
1645117953714,0.176,4.599,9.11
1645117953730,0.156,4.55,9.081
1645117953734,0.235,4.55,9.1
1645117953744,0.304,4.511,9.091
1645117953754,0.421,4.501,9.042
1645117953766,0.441,4.491,9.022
1645117953774,0.451,4.501,9.012
1645117953790,0.421,4.481,9.022
1645117953808,0.245,4.452,8.983
1645117953809,0.245,4.452,8.983
1645117953814,0.245,4.452,8.914
1645117953824,0.225,4.55,8.796
1645117953834,0.205,4.55,8.659
1645117953849,0.254,4.599,8.59
1645117953854,0.235,4.619,8.561
1645117953864,0.205,4.609,8.61
1645117953874,0.176,4.658,8.639
1645117953884,0.166,4.697,8.708
1645117953894,0.225,4.687,8.728
1645117953911,0.284,4.687,8.806
1645117953915,0.313,4.638,8.934
1645117953925,0.362,4.56,9.022
1645117953935,0.304,4.56,9.238
1645117953945,0.235,4.56,9.385
1645117953955,0.147,4.57,9.434
1645117953972,0.107,4.648,9.395
1645117953975,0.078,4.648,9.316
1645117953985,0.088,4.677,9.198
1645117953995,0.147,4.736,9.091
1645117954005,0.147,4.736,9.042
1645117954015,0.127,4.726,9.071
1645117954032,0.058,4.697,9.11
1645117954035,0.049,4.628,9.198
1645117954045,0.029,4.628,9.149
1645117954055,0.058,4.628,9.012
1645117954065,0.039,4.619,8.816
1645117954076,0.058,4.668,8.679
1645117954092,0.078,4.736,8.62
1645117954095,0.078,4.756,8.62
1645117954105,0.068,4.746,8.659
1645117954115,0.019,4.736,8.718
1645117954481,0.049,4.707,8.796
1645117954482,0.078,4.687,8.885
1645117954484,0.137,4.638,9.012
1645117954485,0.166,4.619,9.13
1645117954486,0.147,4.589,9.189
1645117954486,0.098,4.56,9.11
1645117954487,0.068,4.589,9.022
1645117954488,0.058,4.609,8.904
1645117954488,0.039,4.628,8.865
1645117954490,0.029,4.658,8.816
1645117954491,0.039,4.687,8.865
1645117954492,0.058,4.638,8.904
1645117954494,0.225,4.609,9.032
1645117954494,0.235,4.521,9.1
1645117954495,0.294,4.511,9.159
1645117954496,0.284,4.55,9.159
1645117954496,0.186,4.589,9.11
1645117954496,0.078,4.599,9.032
1645117954497,0.068,4.658,8.983
1645117954497,0.078,4.687,8.904
1645117954498,0.068,4.687,8.924
1645117954498,0.078,4.717,8.894
1645117954499,0.088,4.736,8.924
1645117954499,0.098,4.746,9.032
1645117954500,0.088,4.736,9.149
1645117954500,0.049,4.707,9.248
1645117954501,0.049,4.668,9.346
1645117954501,0.0,4.609,9.287
1645117954501,-0.068,4.54,9.149
1645117954502,-0.098,4.53,8.993
1645117954502,-0.058,4.57,8.894
1645117954503,-0.049,4.55,8.875
1645117954504,-0.009,4.54,8.904
1645117954504,-0.009,4.54,8.904
1645117954505,-0.009,4.54,8.904
1645117954506,0.068,4.54,8.914
1645117954506,0.068,4.54,8.914
1645117954507,0.039,4.54,8.963
1645117954507,0.009,4.501,8.983
1645117954508,0.009,4.471,9.002
1645117954510,0.058,4.491,8.953
1645117954515,0.058,4.53,8.904
1645117954524,0.019,4.521,8.845
1645117954534,0.009,4.56,8.875
1645117954544,0.019,4.579,8.963
1645117954554,0.0,4.609,8.983
1645117954569,0.0,4.589,9.051
1645117954574,0.019,4.579,9.071
1645117954587,0.117,4.521,9.091
1645117954595,0.117,4.521,9.091
1645117954604,0.176,4.481,9.061
1645117954615,0.186,4.442,9.081
1645117954630,0.186,4.471,9.091
1645117954635,0.068,4.56,9.022
1645117954644,0.068,4.56,9.022
1645117954655,0.078,4.628,9.081
1645117954664,0.078,4.648,9.169
1645117954675,0.098,4.677,9.238
1645117954690,0.098,4.638,9.375
1645117954694,0.147,4.609,9.414
1645117954704,0.186,4.589,9.365
1645117954714,0.196,4.57,9.287
1645117954724,0.166,4.57,9.169
1645117954734,0.107,4.481,9.081
1645117954749,0.107,4.481,9.051
1645117954754,0.068,4.491,8.993
1645117954764,0.029,4.589,8.904
1645117954774,0.0,4.589,8.816
1645117954784,0.0,4.609,8.796
1645117954794,0.0,4.619,8.826
1645117954808,0.009,4.609,8.904
1645117954814,0.058,4.589,8.983
1645117954825,0.107,4.55,9.051
1645117954835,0.068,4.55,8.953
1645117954844,0.058,4.56,8.826
1645117954855,0.088,4.609,8.728
1645117954869,0.019,4.579,8.708
1645117954875,-0.029,4.579,8.708
1645117954884,-0.029,4.619,8.757
1645117954895,0.009,4.628,8.855
1645117954904,0.058,4.589,8.983
1645117954916,0.107,4.55,9.071
1645117954930,0.176,4.491,9.13
1645117954934,0.196,4.462,9.189
1645117954944,0.176,4.442,9.238
1645117954956,0.088,4.471,9.198
1645117954964,0.029,4.501,9.149
1645117954976,-0.009,4.521,9.071
1645117955016,-0.039,4.57,8.983
1645117955017,-0.039,4.57,8.983
1645117955020,-0.058,4.638,9.022
1645117955022,0.0,4.658,9.091
1645117955024,0.0,4.619,9.149
1645117955024,0.0,4.619,9.149
1645117955042,0.107,4.56,9.13
1645117955050,0.107,4.56,9.13
1645117955060,0.078,4.54,9.042
1645117955064,0.078,4.54,9.042
1645117955080,-0.078,4.589,8.953
1645117955084,-0.078,4.589,8.953
1645117955098,-0.147,4.579,9.002
1645117955113,-0.176,4.609,9.012
1645117955114,-0.156,4.619,9.002
1645117955124,-0.176,4.638,9.022
1645117955134,-0.196,4.648,8.973
1645117955144,-0.205,4.677,8.963
1645117955162,-0.196,4.707,8.885
1645117955169,-0.166,4.746,8.885
1645117955175,-0.147,4.746,8.865
1645117955184,-0.147,4.717,8.826
1645117955194,-0.137,4.717,8.747
1645117955204,-0.176,4.687,8.747
1645117955214,-0.186,4.668,8.708
1645117955231,-0.176,4.658,8.708
1645117955234,-0.156,4.638,8.816
1645117955244,-0.166,4.589,8.953
1645117955255,-0.117,4.57,8.983
1645117955264,-0.117,4.53,8.963
1645117955274,-0.078,4.511,8.934
1645117955292,-0.068,4.501,8.943
1645117955294,-0.049,4.55,8.973
1645117955307,-0.098,4.55,9.012
1645117955314,-0.176,4.619,9.042
1645117955327,-0.284,4.599,9.051
1645117955341,-0.254,4.668,9.042
1645117955350,-0.264,4.658,9.051
1645117955360,-0.245,4.736,9.042
1645117955364,-0.205,4.717,9.061
1645117955378,-0.147,4.746,8.993
1645117955384,-0.176,4.717,9.022
1645117955394,-0.196,4.707,8.983
1645117955414,-0.205,4.726,8.953
1645117955415,-0.205,4.726,8.953
1645117955415,-0.215,4.736,8.904
1645117955427,-0.215,4.736,8.885
1645117955434,-0.196,4.717,8.914
1645117955445,-0.196,4.687,8.963
1645117955459,-0.186,4.638,8.973
1645117955474,-0.186,4.638,8.973
1645117955480,-0.166,4.638,8.953
1645117955487,-0.166,4.638,8.953
1645117955497,-0.088,4.628,8.865
1645117955509,-0.019,4.628,8.865
1645117955514,-0.019,4.628,8.865
1645117955531,-0.009,4.609,8.894
1645117955535,-0.029,4.599,8.914
1645117955545,-0.058,4.589,8.953
1645117955557,-0.039,4.609,8.953
1645117955564,-0.029,4.609,8.963
1645117955575,-0.068,4.599,8.914
1645117955594,-0.107,4.619,8.914
1645117955595,-0.107,4.619,8.914
1645117955595,-0.117,4.609,8.924
1645117955604,-0.098,4.609,9.032
1645117955614,-0.009,4.619,9.11
1645117955624,0.058,4.579,9.1
1645117955636,0.107,4.55,9.11
1645117955650,0.107,4.53,9.071
1645117955654,0.127,4.53,9.11
1645117955664,0.107,4.54,9.11
1645117955676,0.058,4.56,9.12
1645117955684,0.0,4.55,9.14
1645117955695,-0.068,4.55,9.149
1645117955710,-0.078,4.579,9.11
1645117955714,-0.098,4.521,9.032
1645117955724,-0.078,4.57,8.973
1645117955736,-0.078,4.57,9.012
1645117955744,-0.058,4.589,9.032
1645117955755,-0.078,4.579,9.071
1645117955770,-0.117,4.579,9.032
1645117955774,-0.156,4.579,9.042
1645117955784,-0.147,4.609,9.012
1645117955796,-0.147,4.589,9.002
1645117955804,-0.176,4.589,9.002
1645117955816,-0.245,4.579,9.042
1645117955830,-0.254,4.599,8.983
1645117955834,-0.235,4.599,8.983
1645117955844,-0.225,4.609,8.934
1645117955856,-0.215,4.619,8.894
1645117955864,-0.215,4.579,8.836
1645117955875,-0.186,4.579,8.836
1645117955890,-0.176,4.56,8.845
1645117955894,-0.166,4.589,8.845
1645117955904,-0.176,4.511,8.826
1645117955916,-0.156,4.501,8.934
1645117955924,-0.156,4.501,8.934
1645117955936,-0.137,4.579,9.022
1645117955950,-0.137,4.579,9.022
1645117955954,-0.196,4.599,8.983
1645117955965,-0.186,4.55,8.983
1645117955974,-0.186,4.56,9.012
1645117955984,-0.196,4.599,9.071
1645117955996,-0.196,4.658,9.081
1645117956029,-0.196,4.648,9.012
1645117956030,-0.196,4.648,9.012
1645117956031,-0.196,4.648,9.012
1645117956032,-0.225,4.658,8.983
1645117956032,-0.225,4.658,8.983
1645117956034,-0.254,4.628,9.032
1645117956045,-0.235,4.599,9.091
1645117956055,-0.196,4.619,9.189
1645117956070,-0.235,4.579,9.159
1645117956076,-0.215,4.57,9.022
1645117956084,-0.235,4.57,8.894
1645117956094,-0.235,4.56,8.826
1645117956105,-0.215,4.54,8.796
1645117956115,-0.274,4.56,8.855
1645117956130,-0.323,4.599,8.865
1645117956134,-0.264,4.589,8.894
1645117956144,-0.274,4.56,8.934
1645117956155,-0.254,4.55,8.875
1645117956164,-0.245,4.57,8.806
1645117956175,-0.264,4.55,8.806
1645117956191,-0.264,4.57,8.865
1645117956194,-0.343,4.579,8.924
1645117956204,-0.333,4.56,8.943
1645117956216,-0.353,4.54,8.983
1645117956224,-0.382,4.55,9.022
1645117956236,-0.333,4.56,9.022
1645117956250,-0.304,4.57,9.012
1645117956254,-0.245,4.53,9.002
1645117956264,-0.215,4.57,9.042
1645117956276,-0.205,4.55,9.091
1645117956284,-0.215,4.54,9.13
1645117956296,-0.215,4.53,9.169
1645117956310,-0.215,4.481,9.179
1645117956314,-0.215,4.481,9.179
1645117956326,-0.235,4.491,9.1
1645117956334,-0.264,4.511,9.022
1645117956344,-0.274,4.589,9.012
1645117956355,-0.323,4.638,8.963
1645117956371,-0.323,4.638,8.963
1645117956374,-0.343,4.658,8.914
1645117956384,-0.304,4.677,8.875
1645117956395,-0.215,4.638,8.787
1645117956404,-0.186,4.619,8.787
1645117956415,-0.137,4.599,8.836
1645117956430,-0.156,4.609,8.924
1645117956434,-0.186,4.579,9.012
1645117956444,-0.205,4.55,9.022
1645117956455,-0.196,4.54,9.071
1645117956465,-0.205,4.53,9.081
1645117956476,-0.186,4.491,9.061
1645117956511,-0.176,4.481,9.042
1645117956511,-0.127,4.462,9.012
1645117956513,-0.098,4.413,9.042
1645117956514,-0.058,4.442,9.081
1645117956525,-0.098,4.471,9.1
1645117956535,-0.147,4.491,9.051
1645117956550,-0.166,4.491,8.983
1645117956555,-0.196,4.511,8.983
1645117956564,-0.235,4.54,8.963
1645117956575,-0.254,4.54,8.983
1645117956584,-0.245,4.56,8.914
1645117956595,-0.186,4.589,8.914
1645117956610,-0.137,4.599,8.914
1645117956615,-0.127,4.579,8.943
1645117956624,-0.107,4.599,9.032
1645117956636,-0.127,4.579,9.179
1645117956644,-0.147,4.54,9.238
1645117956656,-0.147,4.54,9.149
1645117956671,-0.107,4.53,9.179
1645117956674,-0.127,4.521,9.248
1645117956684,-0.137,4.53,9.306
1645117956696,-0.147,4.511,9.238
1645117956705,-0.147,4.501,9.091
1645117956715,-0.166,4.471,8.953
1645117956730,-0.245,4.481,8.914
1645117956734,-0.284,4.481,8.894
1645117956744,-0.333,4.491,8.894
1645117956756,-0.353,4.491,8.953
1645117956764,-0.333,4.53,8.934
1645117956776,-0.304,4.609,8.914
1645117956791,-0.304,4.619,8.855
1645117956794,-0.313,4.668,8.845
1645117956804,-0.362,4.736,8.875
1645117956814,-0.411,4.736,8.953
1645117956824,-0.451,4.648,9.032
1645117956836,-0.362,4.599,9.091
1645117956850,-0.304,4.55,9.13
1645117956854,-0.245,4.511,9.179
1645117956864,-0.274,4.501,9.238
1645117956876,-0.323,4.501,9.189
1645117956885,-0.304,4.54,9.1
1645117956895,-0.264,4.54,8.993
1645117956910,-0.196,4.56,8.885
1645117956914,-0.176,4.54,8.777
1645117956924,-0.127,4.53,8.767
1645117956936,-0.068,4.501,8.796
1645117956944,-0.019,4.491,8.826
1645117956956,0.0,4.491,8.855
1645117956971,0.0,4.491,8.865
1645117956974,0.009,4.501,8.904
1645117956985,0.0,4.511,8.973
1645117956996,0.0,4.521,9.061
1645117957014,-0.058,4.54,9.11
1645117957015,-0.117,4.55,9.208
1645117957031,-0.176,4.55,9.277
1645117957035,-0.166,4.57,9.297
1645117957046,-0.147,4.55,9.179
1645117957055,-0.166,4.579,9.159
1645117957064,-0.166,4.589,9.149
1645117957075,-0.156,4.589,9.169
1645117957090,-0.156,4.579,9.12
1645117957094,-0.215,4.57,8.983
1645117957104,-0.254,4.54,8.855
1645117957115,-0.254,4.53,8.806
1645117957124,-0.284,4.579,8.738
1645117957136,-0.313,4.648,8.767
1645117957150,-0.353,4.677,8.787
1645117957154,-0.402,4.668,8.718
1645117957165,-0.421,4.648,8.698
1645117957176,-0.402,4.648,8.738
1645117957185,-0.333,4.589,8.747
1645117957194,-0.254,4.56,8.796
1645117957210,-0.186,4.57,8.855
1645117957214,-0.107,4.56,8.943
1645117957224,-0.088,4.56,9.002
1645117957236,-0.127,4.53,9.149
1645117957244,-0.127,4.53,9.267
1645117957256,-0.166,4.462,9.306
1645117957271,-0.196,4.432,9.277
1645117957274,-0.196,4.481,9.149
1645117957285,-0.254,4.491,9.051
1645117957296,-0.235,4.511,8.963
1645117957304,-0.235,4.55,8.953
1645117957316,-0.323,4.579,8.953
1645117957330,-0.382,4.57,8.953
1645117957334,-0.421,4.609,8.953
1645117957344,-0.402,4.628,9.002
1645117957356,-0.402,4.648,9.012
1645117957364,-0.392,4.599,9.032
1645117957375,-0.421,4.579,9.071
1645117957391,-0.451,4.589,9.159
1645117957394,-0.47,4.57,9.208
1645117957404,-0.5,4.609,9.179
1645117957416,-0.509,4.619,9.042
1645117957424,-0.49,4.668,8.983
1645117957436,-0.421,4.648,8.894
1645117957450,-0.402,4.638,8.875
1645117957454,-0.411,4.628,8.885
1645117957464,-0.411,4.56,8.875
1645117957476,-0.353,4.53,8.934
1645117957484,-0.313,4.491,8.934
1645117957496,-0.284,4.471,8.953
1645117957526,-0.274,4.462,8.885
1645117957527,-0.274,4.462,8.885
1645117957528,-0.274,4.462,8.885
1645117957530,-0.156,4.422,8.767
1645117957531,-0.156,4.432,8.845
1645117957534,-0.156,4.432,8.845
1645117957544,-0.156,4.462,8.924
1645117957555,-0.186,4.491,9.022
1645117957570,-0.196,4.471,9.032
1645117957574,-0.186,4.491,8.963
1645117957584,-0.205,4.501,8.855
1645117957595,-0.196,4.521,8.855
1645117957604,-0.156,4.55,9.002
1645117957615,-0.166,4.53,9.179
1645117957630,-0.225,4.511,9.287
1645117957635,-0.166,4.442,9.11
1645117957644,-0.176,4.422,9.071
1645117957656,-0.235,4.383,9.13
1645117957664,-0.235,4.383,9.13
1645117957675,-0.235,4.452,9.13
1645117957691,-0.225,4.491,9.12
1645117957694,-0.264,4.521,9.13
1645117957704,-0.264,4.57,9.12
1645117957716,-0.264,4.579,9.14
1645117957727,-0.284,4.57,9.11
1645117957734,-0.333,4.55,9.071
1645117957750,-0.392,4.521,9.071
1645117957754,-0.411,4.55,9.11
1645117957764,-0.411,4.481,9.169
1645117957774,-0.402,4.462,9.248
1645117957784,-0.392,4.422,9.277
1645117957795,-0.353,4.442,9.169
1645117957809,-0.353,4.452,9.012
1645117957815,-0.353,4.491,8.865
1645117957824,-0.353,4.521,8.777
1645117957835,-0.353,4.54,8.747
1645117957844,-0.333,4.54,8.777
1645117957855,-0.362,4.54,8.836
1645117957870,-0.362,4.501,8.894
1645117957875,-0.323,4.491,8.914
1645117957884,-0.245,4.462,8.963
1645117957896,-0.225,4.393,9.022
1645117957904,-0.235,4.364,9.149
1645117957916,-0.245,4.354,9.149
1645117957930,-0.284,4.373,9.159
1645117957934,-0.372,4.403,9.14
1645117957944,-0.411,4.432,9.1
1645117957956,-0.382,4.491,9.1
1645117957964,-0.343,4.501,8.993
1645117957975,-0.353,4.501,8.953
1645117957991,-0.323,4.511,8.934
1645117957995,-0.274,4.53,8.993
1645117958004,-0.284,4.471,9.071
1645117958020,-0.245,4.452,9.002
1645117958029,-0.245,4.452,9.002
1645117958034,-0.215,4.471,8.894
1645117958051,-0.254,4.491,8.826
1645117958054,-0.284,4.511,8.836
1645117958064,-0.323,4.579,8.914
1645117958076,-0.421,4.55,8.983
1645117958084,-0.421,4.55,8.983
1645117958096,-0.421,4.55,9.189
1645117958110,-0.421,4.521,9.346
1645117958114,-0.402,4.471,9.404
1645117958124,-0.343,4.403,9.395
1645117958135,-0.264,4.403,9.238
1645117958144,-0.304,4.413,9.051
1645117958155,-0.402,4.462,8.904
1645117958171,-0.402,4.481,8.836
1645117958174,-0.402,4.521,8.865
1645117958184,-0.402,4.53,8.855
1645117958196,-0.372,4.55,8.865
1645117958204,-0.382,4.55,8.875
1645117958215,-0.402,4.53,8.885
1645117958230,-0.372,4.53,8.953
1645117958234,-0.343,4.491,9.022
1645117958244,-0.353,4.422,9.13
1645117958256,-0.333,4.442,9.13
1645117958264,-0.264,4.471,9.051
1645117958276,-0.304,4.452,8.973
1645117958291,-0.343,4.432,8.963
1645117958294,-0.382,4.393,8.953
1645117958304,-0.333,4.393,8.983
1645117958316,-0.274,4.373,8.983
1645117958324,-0.215,4.373,9.042
1645117958335,-0.176,4.403,9.12
1645117958350,-0.196,4.452,9.228
1645117958354,-0.245,4.393,9.297
1645117958364,-0.294,4.344,9.267
1645117958376,-0.294,4.364,9.13
1645117958384,-0.304,4.403,8.993
1645117958396,-0.323,4.481,8.855
1645117958410,-0.323,4.511,8.836
1645117958414,-0.313,4.57,8.865
1645117958424,-0.343,4.57,8.904
1645117958436,-0.411,4.579,8.993
1645117958444,-0.47,4.57,9.071
1645117958456,-0.451,4.55,9.179
1645117958471,-0.441,4.491,9.277
1645117958474,-0.362,4.471,9.277
1645117958484,-0.353,4.501,9.189
1645117958496,-0.411,4.501,9.11
1645117958516,-0.411,4.501,9.11
1645117958523,-0.372,4.589,9.002
1645117958531,-0.402,4.579,8.924
1645117958535,-0.402,4.609,8.855
1645117958544,-0.362,4.619,8.845
1645117958554,-0.362,4.589,8.943
1645117958564,-0.382,4.53,9.042
1645117958575,-0.372,4.511,9.081
1645117958590,-0.392,4.491,9.071
1645117958594,-0.382,4.452,9.042
1645117958604,-0.362,4.471,8.983
1645117958615,-0.343,4.491,8.904
1645117958624,-0.343,4.511,8.836
1645117958635,-0.372,4.511,8.865
1645117958651,-0.313,4.521,8.894
1645117958654,-0.245,4.55,8.934
1645117958664,-0.245,4.501,8.983
1645117958674,-0.205,4.491,8.973
1645117958685,-0.156,4.491,8.973
1645117958694,-0.117,4.501,8.983
1645117958710,-0.156,4.491,8.993
1645117958714,-0.186,4.491,9.032
1645117958724,-0.245,4.54,9.081
1645117958736,-0.225,4.579,9.1
1645117958744,-0.225,4.638,9.12
1645117958756,-0.205,4.648,9.091
1645117958770,-0.196,4.658,9.081
1645117958774,-0.225,4.589,9.071
1645117958784,-0.215,4.599,9.11
1645117958794,-0.166,4.579,9.159
1645117958804,-0.166,4.54,9.248
1645117958816,-0.127,4.491,9.248
1645117958830,-0.098,4.53,9.218
1645117958834,-0.156,4.56,9.12
1645117958844,-0.176,4.579,8.983
1645117958856,-0.196,4.589,8.865
1645117958864,-0.254,4.589,8.875
1645117958875,-0.235,4.579,8.983
1645117958890,-0.205,4.589,9.081
1645117958894,-0.147,4.628,9.091
1645117958904,-0.088,4.619,9.022
1645117958916,-0.019,4.658,9.012
1645117958924,-0.019,4.677,9.012
1645117958936,-0.137,4.658,9.002
1645117958950,-0.137,4.658,9.002
1645117958954,-0.156,4.707,8.973
1645117958964,-0.205,4.697,8.894
1645117958976,-0.284,4.697,8.747
1645117958984,-0.333,4.746,8.581
1645117958995,-0.294,4.766,8.483
1645117959010,-0.343,4.746,8.492
1645117959027,-0.333,4.756,8.581
1645117959034,-0.294,4.717,8.639
1645117959035,-0.254,4.687,8.757
1645117959044,-0.176,4.668,8.924
1645117959055,-0.205,4.648,8.963
1645117959070,-0.225,4.648,8.934
1645117959075,-0.196,4.658,8.924
1645117959084,-0.137,4.668,8.875
1645117959097,-0.068,4.658,8.845
1645117959104,-0.058,4.707,8.924
1645117959115,-0.078,4.687,8.983
1645117959130,-0.078,4.668,9.002
1645117959135,-0.107,4.658,8.973
1645117959144,-0.137,4.628,8.943
1645117959154,-0.107,4.668,8.904
1645117959164,-0.127,4.707,8.914
1645117959176,-0.147,4.746,8.894
1645117959190,-0.098,4.766,8.894
1645117959194,-0.098,4.776,8.865
1645117959204,-0.127,4.785,8.796
1645117959216,-0.147,4.795,8.767
1645117959224,-0.147,4.776,8.767
1645117959236,-0.127,4.815,8.845
1645117959250,-0.166,4.815,8.963
1645117959254,-0.294,4.805,9.071
1645117959264,-0.353,4.805,9.091
1645117959276,-0.402,4.756,9.042
1645117959284,-0.372,4.766,8.993
1645117959296,-0.245,4.756,8.914
1645117959310,-0.264,4.668,8.787
1645117959314,-0.049,4.687,8.816
1645117959324,0.058,4.766,8.806
1645117959336,0.0,4.736,8.836
1645117959344,0.0,4.707,8.836
1645117959355,-0.088,4.736,8.816
1645117959370,-0.088,4.736,8.816
1645117959375,-0.078,4.766,8.816
1645117959384,-0.019,4.697,8.865
1645117959396,-0.009,4.668,8.836
1645117959404,0.0,4.619,8.806
1645117959416,0.0,4.638,8.777
1645117959430,0.0,4.638,8.767
1645117959434,0.0,4.697,8.767
1645117959444,-0.029,4.726,8.836
1645117959456,-0.049,4.746,9.012
1645117959464,-0.068,4.776,9.218
1645117959476,-0.107,4.785,9.326
1645117959491,-0.147,4.815,9.248
1645117959495,-0.156,4.815,8.983
1645117959504,-0.176,4.815,8.836
1645117959530,-0.156,4.795,8.747
1645117959531,-0.156,4.795,8.738
1645117959534,-0.147,4.766,8.747
1645117959550,-0.176,4.766,8.796
1645117959555,-0.215,4.785,8.787
1645117959564,-0.205,4.815,8.738
1645117959575,-0.196,4.834,8.718
1645117959584,-0.196,4.844,8.816
1645117959595,-0.176,4.825,8.885
1645117959610,-0.088,4.776,8.875
1645117959615,-0.137,4.677,8.845
1645117959624,-0.019,4.648,8.826
1645117959636,0.068,4.697,8.806
1645117959646,0.039,4.687,8.855
1645117959655,0.0,4.599,8.934
1645117959670,0.0,4.589,9.022
1645117959674,-0.078,4.56,9.081
1645117959685,-0.107,4.53,9.11
1645117959696,-0.058,4.54,9.061
1645117959704,0.0,4.579,9.002
1645117959716,0.0,4.599,8.924
1645117959730,0.0,4.609,8.904
1645117959734,0.0,4.619,8.914
1645117959744,-0.009,4.619,8.993
1645117959756,0.0,4.579,9.042
1645117959764,0.029,4.521,9.042
1645117959776,0.088,4.471,8.816
1645117959791,0.088,4.471,8.816
1645117959794,0.058,4.442,8.669
1645117959804,0.039,4.579,8.649
1645117959816,0.068,4.462,8.698
1645117959824,0.058,4.462,8.718
1645117959836,0.049,4.452,8.767
1645117959850,0.019,4.471,8.934
1645117959854,-0.039,4.452,9.032
1645117959864,-0.107,4.462,9.13
1645117959876,-0.137,4.462,9.198
1645117959884,-0.186,4.501,9.267
1645117959896,-0.254,4.54,9.297
1645117959910,-0.313,4.54,9.277
1645117959914,-0.333,4.589,9.267
1645117959924,-0.382,4.648,9.218
1645117959936,-0.431,4.697,9.218
1645117959951,-0.509,4.726,9.306
1645117959954,-0.568,4.776,9.355
1645117959970,-0.588,4.815,9.365
1645117959974,-0.578,4.834,9.297
1645117959984,-0.637,4.844,9.267
1645117959996,-0.666,4.864,9.208
1645117960004,-0.617,4.874,9.14
1645117960016,-0.558,4.815,9.12
1645117960044,-0.47,4.717,9.12
1645117960047,-0.47,4.717,9.12
1645117960049,-0.284,4.628,9.208
1645117960051,-0.215,4.56,9.257
1645117960055,-0.215,4.56,9.257
1645117960064,-0.176,4.501,9.208
1645117960075,-0.147,4.442,9.13
1645117960090,-0.098,4.393,8.983
1645117960094,-0.029,4.364,8.914
1645117960104,0.029,4.403,8.943
1645117960115,0.068,4.432,8.943
1645117960124,0.137,4.452,8.934
1645117960135,0.166,4.491,8.934
1645117960150,0.166,4.432,8.894
1645117960154,0.137,4.393,8.943
1645117960164,0.078,4.383,9.002
1645117960176,0.049,4.393,9.042
1645117960184,0.068,4.383,8.963
1645117960196,0.0,4.373,8.757
1645117960210,-0.019,4.364,8.855
1645117960214,0.0,4.393,8.718
1645117960224,0.0,4.413,8.698
1645117960236,0.019,4.422,8.806
1645117960244,0.0,4.432,8.934
1645117960256,0.029,4.462,9.042
1645117960270,0.029,4.471,9.13
1645117960274,0.0,4.501,9.1
1645117960284,-0.088,4.452,9.12
1645117960296,-0.117,4.481,9.11
1645117960304,-0.235,4.481,9.179
1645117960316,-0.254,4.432,9.189
1645117960330,-0.205,4.442,9.346
1645117960341,-0.156,4.393,9.287
1645117960345,-0.107,4.383,9.218
1645117960354,-0.147,4.344,9.218
1645117960364,-0.176,4.305,9.463
1645117960374,-0.137,4.324,9.61
1645117960390,-0.147,4.324,9.542
1645117960396,-0.156,4.285,9.365
1645117960404,-0.137,4.266,9.11
1645117960414,-0.088,4.295,8.934
1645117960424,-0.058,4.266,8.777
1645117960434,-0.058,4.285,8.738
1645117960454,-0.078,4.344,8.757
1645117960454,-0.078,4.344,8.757
1645117960455,-0.088,4.354,8.875
1645117960465,-0.147,4.324,8.885
1645117960475,-0.147,4.305,8.865
1645117960484,-0.107,4.266,8.806
1645117960495,-0.078,4.256,8.767
1645117960510,-0.137,4.226,8.826
1645117960524,-0.166,4.167,8.894
1645117960525,-0.215,4.128,8.963
1645117960534,-0.284,4.109,8.993
1645117960544,-0.431,4.099,9.022
1645117960555,-0.509,4.089,8.993
1645117960570,-0.549,4.05,8.924
1645117960575,-0.598,4.05,8.855
1645117960584,-0.637,3.971,8.787
1645117960595,-0.627,3.952,8.689
1645117960604,-0.558,3.942,8.532
1645117960615,-0.46,3.952,8.492
1645117960631,-0.333,3.981,8.384
1645117960634,-0.304,4.06,8.228
1645117960644,-0.362,4.079,8.198
1645117960656,-0.421,4.383,8.453
1645117960664,-0.49,4.383,8.728
1645117960676,-0.617,4.677,8.993
1645117960690,-0.735,4.785,9.169
1645117960694,-0.774,4.864,9.267
1645117960704,-0.715,4.913,9.306
1645117960716,-0.608,4.913,9.287
1645117960724,-0.509,4.923,9.238
1645117960735,-0.372,4.903,9.228
1645117960750,-0.304,4.903,9.297
1645117960754,-0.284,4.883,9.453
1645117960764,-0.254,4.903,9.571
1645117960776,-0.156,4.942,9.65
1645117960784,-0.107,5.06,9.797
1645117960795,-0.088,5.099,9.963
1645117960810,-0.127,5.168,10.022
1645117960814,-0.176,5.197,10.13
1645117960824,-0.254,5.266,10.12
1645117960836,-0.362,5.266,10.16
1645117960844,-0.49,5.236,10.189
1645117960855,-0.647,5.197,10.248
1645117960870,-0.794,5.148,10.316
1645117960874,-1.0,5.089,10.336
1645117960884,-1.176,4.991,10.238
1645117960896,-1.333,4.903,10.061
1645117960904,-1.392,4.874,9.846
1645117960916,-1.441,4.776,9.61
1645117960930,-1.451,4.668,9.297
1645117960934,-1.441,4.579,9.002
1645117960944,-1.363,4.501,8.698
1645117960956,-1.304,4.511,8.404
1645117960964,-1.314,4.54,8.169
1645117960976,-1.363,4.55,8.031
1645117960990,-1.304,4.589,7.992
1645117960994,-1.196,4.677,8.012
1645117961005,-1.147,4.707,8.1
1645117961021,-1.098,4.746,8.208
1645117961029,-1.029,4.844,8.326
1645117961034,-0.961,4.883,8.463
1645117961051,-0.902,4.913,8.6
1645117961055,-0.951,4.903,8.894
1645117961064,-1.0,4.874,9.238
1645117961075,-1.176,4.707,9.924
1645117961084,-1.176,4.707,9.924
1645117961095,-1.167,4.491,10.316
1645117961110,-1.0,4.413,10.277
1645117961114,-0.823,4.364,10.091
1645117961124,-0.627,4.315,9.816
1645117961136,-0.411,4.246,9.444
1645117961144,-0.313,4.197,9.12
1645117961155,-0.205,4.226,8.885
1645117961170,-0.205,4.246,8.679
1645117961174,-0.147,4.187,8.502
1645117961184,0.0,4.295,8.326
1645117961196,0.156,4.344,8.139
1645117961204,0.254,4.334,7.904
1645117961216,0.372,4.364,7.659
1645117961232,0.441,4.373,7.463
1645117961234,0.539,4.393,7.227
1645117961244,0.676,4.462,7.07
1645117961256,0.764,4.521,7.031
1645117961264,0.823,4.579,7.168
1645117961288,0.961,4.57,7.835
1645117961289,0.961,4.57,7.835
1645117961291,0.961,4.57,7.835
1645117961296,0.961,4.57,7.835
1645117961301,1.01,4.501,8.13
1645117961304,1.117,4.481,8.502
1645117961315,1.206,4.481,8.796
1645117961326,1.225,4.481,9.14
1645117961340,1.127,4.511,9.375
1645117961354,1.039,4.609,9.532
1645117961356,0.931,4.677,9.699
1645117961364,0.833,4.717,9.738
1645117961375,0.774,4.795,9.659
1645117961384,0.735,4.834,9.493
1645117961395,0.666,4.883,9.248
1645117961409,0.578,4.913,8.963
1645117961415,0.47,4.952,8.718
1645117961424,0.343,4.962,8.551
1645117961436,0.147,4.942,8.434
1645117961444,0.0,4.952,8.345
1645117961456,-0.078,4.962,8.306
1645117961470,-0.186,4.942,8.198
1645117961474,-0.147,4.962,7.992
1645117961484,-0.147,4.952,7.737
1645117961496,-0.205,4.893,7.492
1645117961507,-0.127,4.893,7.551
1645117961516,-0.009,4.903,7.747
1645117961549,0.058,4.923,8.12
1645117961550,0.058,4.923,8.12
1645117961552,0.058,4.923,8.12
1645117961552,0.225,4.913,8.649
1645117961553,0.225,4.913,8.649
1645117961554,0.196,4.923,8.826
1645117961564,0.147,4.932,8.934
1645117961574,0.107,4.952,9.012
1645117961590,0.117,4.962,9.042
1645117961595,0.176,4.962,8.934
1645117961604,0.294,4.932,8.806
1645117961615,0.509,4.923,8.669
1645117961624,0.774,4.903,8.6
1645117961636,0.98,4.913,8.522
1645117961650,1.176,4.903,8.453
1645117961662,1.353,4.903,8.483
1645117961666,1.52,4.913,8.6
1645117961674,1.618,4.923,8.698
1645117961684,1.735,4.913,8.777
1645117961696,1.784,4.913,8.845
1645117961710,1.726,4.903,9.002
1645117961714,1.608,4.893,9.277
1645117961724,1.529,4.874,9.512
1645117961736,1.353,4.854,9.738
1645117961744,1.225,4.795,9.875
1645117961755,1.049,4.736,9.914
1645117961770,0.882,4.658,9.914
1645117961774,0.657,4.599,9.924
1645117961784,0.48,4.57,9.963
1645117961796,0.343,4.501,9.983
1645117961805,0.264,4.422,10.022
1645117961816,0.343,4.285,9.954
1645117961830,0.558,4.138,9.767
1645117961834,0.813,4.079,9.404
1645117961844,1.088,3.893,9.297
1645117961856,1.314,3.795,9.179
1645117961864,1.51,3.756,9.198
1645117961875,1.578,3.697,9.1
1645117961891,1.529,3.687,8.983
1645117961894,1.559,3.677,8.924
1645117961905,1.637,3.697,8.875
1645117961916,1.696,3.707,8.836
1645117961924,1.657,3.726,8.806
1645117961936,1.422,3.677,9.11
1645117961950,1.422,3.677,9.11
1645117961954,1.323,3.697,9.473
1645117961964,1.294,3.765,9.502
1645117961975,1.294,3.785,9.483
1645117961984,1.235,3.805,9.512
1645117961995,1.127,3.834,9.561
1645117962012,0.961,3.893,9.61
1645117962034,0.813,3.903,9.65
1645117962037,0.725,3.912,9.669
1645117962040,0.657,3.883,9.581
1645117962044,0.598,3.912,9.463
1645117962055,0.519,3.971,9.395
1645117962070,0.46,4.001,9.336
1645117962074,0.431,4.03,9.238
1645117962084,0.48,4.04,9.267
1645117962095,0.549,3.991,9.218
1645117962104,0.608,3.922,9.179
1645117962114,0.657,3.863,9.12
1645117962131,0.627,3.795,9.061
1645117962134,0.608,3.765,9.022
1645117962145,0.568,3.746,9.061
1645117962156,0.539,3.726,9.159
1645117962164,0.47,3.716,9.218
1645117962174,0.421,3.736,9.287
1645117962190,0.362,3.756,9.346
1645117962194,0.294,3.756,9.306
1645117962205,0.254,3.785,9.267
1645117962216,0.235,3.824,9.218
1645117962224,0.186,3.824,9.218
1645117962236,0.137,3.903,9.218
1645117962250,0.088,3.942,9.228
1645117962254,0.019,3.942,9.238
1645117962264,0.0,4.001,9.277
1645117962276,0.0,4.04,9.297
1645117962285,-0.019,4.06,9.297
1645117962296,-0.009,4.04,9.395
1645117962311,0.009,4.05,9.414
1645117962314,0.029,4.04,9.483
1645117962324,0.009,4.06,9.571
1645117962336,0.0,4.079,9.63
1645117962344,0.0,4.089,9.679
1645117962356,0.0,4.118,9.581
1645117962371,0.0,4.138,9.581
1645117962374,0.0,4.138,9.502
1645117962385,0.0,4.099,9.483
1645117962396,0.078,4.079,9.473
1645117962405,0.107,4.001,9.473
1645117962416,0.176,3.962,9.395
1645117962430,0.225,3.912,9.267
1645117962434,0.274,3.903,9.12
1645117962444,0.333,3.883,9.14
1645117962456,0.372,3.863,9.198
1645117962464,0.392,3.863,9.238
1645117962475,0.392,3.873,9.248
1645117962491,0.431,3.873,9.208
1645117962494,0.49,3.844,9.238
1645117962505,0.5,3.883,9.287
1645117962521,0.509,3.863,9.365
1645117962530,0.49,3.854,9.395
1645117962534,0.47,3.903,9.434
1645117962550,0.46,3.932,9.444
1645117962554,0.47,3.981,9.444
1645117962564,0.519,3.991,9.552
1645117962574,0.48,4.011,9.63
1645117962584,0.46,3.991,9.718
1645117962595,0.402,4.011,9.718
1645117962615,0.411,4.05,9.708
1645117962621,0.402,4.069,9.669
1645117962624,0.392,4.079,9.62
1645117962634,0.372,4.089,9.552
1645117962644,0.411,4.06,9.502
1645117962654,0.509,4.06,9.414
1645117962669,0.598,4.02,9.306
1645117962674,0.666,4.03,9.189
1645117962685,0.764,4.011,9.11
1645117962694,0.853,3.991,9.081
1645117962704,0.902,3.991,9.12
1645117962714,0.892,3.981,9.13
1645117962734,0.951,3.932,9.189
1645117962734,0.951,3.932,9.189
1645117962740,0.98,3.981,9.238
1645117962744,1.029,3.971,9.336
1645117962755,1.029,3.942,9.336
1645117962764,1.068,3.932,9.238
1645117962775,1.088,3.962,9.1
1645117962789,1.127,3.952,9.032
1645117962794,1.167,3.942,9.012
1645117962804,1.196,3.991,9.071
1645117962815,1.314,4.069,9.071
1645117962824,1.343,4.079,9.091
1645117962835,1.372,4.079,9.091
1645117962851,1.333,4.06,9.228
1645117962854,1.304,4.02,9.424
1645117962864,1.245,3.962,9.61
1645117962876,1.206,3.981,9.777
1645117962885,1.216,3.991,9.885
1645117962896,1.206,3.991,9.846
1645117962911,1.147,3.981,9.777
1645117962914,1.098,3.962,9.64
1645117962924,1.029,3.981,9.453
1645117962936,1.039,3.991,9.326
1645117962944,1.078,3.952,9.179
1645117962955,1.137,3.893,9.002
1645117962970,1.186,3.854,8.894
1645117962974,1.206,3.785,8.806
1645117962985,1.206,3.707,8.757
1645117962996,1.245,3.667,8.728
1645117963004,1.323,3.648,8.796
1645117963016,1.323,3.608,8.806
1645117963046,1.294,3.618,8.826
1645117963048,1.294,3.618,8.826
1645117963048,1.265,3.697,9.032
1645117963051,1.265,3.697,9.032
1645117963054,1.225,3.716,9.159
1645117963064,1.196,3.746,9.228
1645117963076,1.137,3.765,9.297
1645117963090,1.127,3.824,9.424
1645117963094,1.117,3.863,9.581
1645117963104,1.078,3.922,9.728
1645117963115,1.019,3.942,9.787
1645117963124,0.961,4.001,9.777
1645117963135,0.882,3.991,9.826
1645117963150,0.813,3.991,9.865
1645117963154,0.755,4.03,9.836
1645117963164,0.745,4.02,9.777
1645117963176,0.745,4.05,9.748
1645117963184,0.794,4.011,9.679
1645117963196,0.794,4.001,9.63
1645117963211,0.794,3.962,9.512
1645117963214,0.774,3.952,9.404
1645117963224,0.774,3.922,9.365
1645117963236,0.784,3.873,9.297
1645117963244,0.784,3.873,9.257
1645117963256,0.872,3.795,9.267
1645117963270,0.892,3.726,9.257
1645117963274,0.872,3.746,9.277
1645117963284,0.813,3.756,9.189
1645117963296,0.774,3.726,9.061
1645117963304,0.764,3.746,8.953
1645117963316,0.764,3.716,8.806
1645117963330,0.804,3.736,8.816
1645117963334,0.853,3.726,8.806
1645117963344,0.892,3.707,8.885
1645117963356,0.863,3.707,8.953
1645117963364,0.823,3.726,9.002
1645117963375,0.843,3.726,9.081
1645117963391,0.863,3.726,9.169
1645117963394,0.804,3.756,9.228
1645117963404,0.813,3.746,9.385
1645117963416,0.706,3.765,9.532
1645117963424,0.598,3.785,9.679
1645117963436,0.5,3.854,9.767
1645117963450,0.431,3.942,9.699
1645117963454,0.343,4.001,9.62
1645117963464,0.323,4.03,9.532
1645117963476,0.284,4.079,9.395
1645117963484,0.245,4.109,9.346
1645117963496,0.186,4.099,9.306
1645117963511,0.166,4.079,9.316
1645117963529,0.156,4.069,9.306
1645117963535,0.235,4.05,9.287
1645117963540,0.284,4.02,9.149
1645117963547,0.294,4.05,9.071
1645117963554,0.294,4.079,8.983
1645117963570,0.284,4.06,8.993
1645117963574,0.313,4.05,9.022
1645117963584,0.411,4.079,8.983
1645117963595,0.509,4.069,8.993
1645117963604,0.598,4.02,9.022
1645117963615,0.637,4.03,9.071
1645117963630,0.676,4.011,9.14
1645117963635,0.686,3.981,9.208
1645117963644,0.715,3.962,9.355
1645117963656,0.882,3.932,9.561
1645117963664,0.882,3.932,9.561
1645117963675,0.98,3.952,9.659
1645117963691,1.039,3.942,9.63
1645117963694,1.029,3.952,9.63
1645117963704,1.019,3.903,9.591
1645117963716,1.029,3.854,9.532
1645117963724,1.078,3.785,9.395
1645117963736,1.157,3.716,9.179
1645117963750,1.265,3.687,8.993
1645117963754,1.274,3.667,8.855
1645117963764,1.294,3.667,8.855
1645117963776,1.274,3.667,8.953
1645117963784,1.235,3.638,9.12
1645117963796,1.216,3.638,9.287
1645117963813,1.157,3.648,9.346
1645117963815,1.059,3.736,9.395
1645117963824,0.912,3.795,9.404
1645117963834,0.774,3.893,9.473
1645117963844,0.617,3.981,9.552
1645117963854,0.5,4.03,9.699
1645117963870,0.402,4.109,9.846
1645117963875,0.372,4.177,9.954
1645117963884,0.353,4.207,9.983
1645117963895,0.343,4.187,9.905
1645117963904,0.333,4.217,9.816
1645117963915,0.333,4.158,9.679
1645117963929,0.274,4.138,9.561
1645117963935,0.284,4.167,9.434
1645117963944,0.245,4.128,9.365
1645117963956,0.304,4.069,9.257
1645117963964,0.372,4.03,9.208
1645117963976,0.48,3.981,9.061
1645117963991,0.617,3.922,9.022
1645117963994,0.764,3.873,9.012
1645117964004,0.921,3.824,9.042
1645117964017,0.961,3.756,9.13
1645117964025,0.961,3.736,9.277
1645117964040,0.97,3.746,9.561
1645117964054,0.951,3.785,9.679
1645117964056,0.961,3.844,9.728
1645117964064,0.961,3.844,9.728
1645117964076,0.823,3.942,9.905
1645117964084,0.823,3.942,9.905
1645117964095,0.49,3.991,10.111
1645117964110,0.343,3.991,10.16
1645117964114,0.254,3.991,10.032
1645117964124,0.215,4.06,9.954
1645117964135,0.215,4.099,9.856
1645117964144,0.147,4.118,9.767
1645117964156,0.127,4.099,9.748
1645117964170,0.137,4.128,9.748
1645117964174,0.186,4.079,9.748
1645117964184,0.304,4.079,9.797
1645117964196,0.372,4.089,9.728
1645117964204,0.382,4.099,9.63
1645117964214,0.323,4.138,9.512
1645117964230,0.235,4.167,9.375
1645117964234,0.049,4.177,9.13
1645117964244,-0.009,4.226,8.924
1645117964256,0.0,4.285,8.767
1645117964264,0.0,4.324,8.738
1645117964276,0.019,4.364,8.728
1645117964291,0.019,4.364,8.767
1645117964294,0.117,4.432,8.875
1645117964304,0.205,4.324,9.042
1645117964314,0.264,4.226,9.169
1645117964326,0.392,4.158,9.257
1645117964336,0.568,4.128,9.11
1645117964351,0.617,4.04,8.845
1645117964354,0.558,3.952,8.816
1645117964364,0.627,3.952,8.875
1645117964376,0.745,4.011,8.875
1645117964384,0.813,4.069,8.767
1645117964396,0.823,4.069,8.61
1645117964411,0.863,4.06,8.541
1645117964414,0.872,3.991,8.522
1645117964424,0.961,3.893,8.639
1645117964436,1.049,3.844,8.777
1645117964444,1.147,3.805,8.904
1645117964456,1.274,3.814,8.943
1645117964471,1.372,3.873,8.943
1645117964474,1.412,3.942,8.993
1645117964484,1.294,4.04,9.051
1645117964496,0.863,4.158,8.983
1645117964504,0.863,4.158,8.983
1645117964516,0.441,4.364,8.689
1645117964552,0.323,4.481,8.561
1645117964553,0.323,4.481,8.561
1645117964554,0.431,4.599,8.473
1645117964555,0.431,4.599,8.473
1645117964555,0.519,4.589,8.532
1645117964564,0.617,4.55,8.639
1645117964575,0.696,4.53,8.738
1645117964590,0.774,4.501,8.894
1645117964594,0.804,4.481,9.051
1645117964604,0.813,4.432,9.218
1645117964615,0.853,4.373,9.395
1645117964624,0.912,4.305,9.532
1645117964635,0.951,4.236,9.522
1645117964650,1.01,4.197,9.424
1645117964655,1.117,4.138,9.365
1645117964664,1.157,4.099,9.306
1645117964676,1.137,4.099,9.365
1645117964684,1.117,4.079,9.355
1645117964694,1.127,4.089,9.375
1645117964710,1.137,4.118,9.238
1645117964714,1.137,4.128,9.1
1645117964725,1.068,4.109,8.943
1645117964736,1.0,4.128,8.885
1645117964744,0.961,4.118,8.943
1645117964756,0.951,4.079,9.081
1645117964770,0.99,4.05,9.189
1645117964774,1.108,4.04,9.169
1645117964784,1.196,4.079,9.022
1645117964794,1.157,4.158,8.865
1645117964804,1.098,4.197,8.679
1645117964816,1.01,4.275,8.63
1645117964830,0.951,4.364,8.728
1645117964834,0.921,4.413,8.993
1645117964844,0.912,4.403,9.316
1645117964856,1.039,4.354,9.61
1645117964864,1.108,4.256,9.64
1645117964876,1.127,4.148,9.463
1645117964890,1.117,4.079,9.297
1645117964894,1.255,4.148,9.179
1645117964905,1.382,4.217,9.1
1645117964916,1.323,4.266,9.326
1645117964924,1.206,4.256,9.257
1645117964935,1.137,4.324,9.042
1645117964950,1.137,4.324,9.042
1645117964954,1.078,4.334,8.816
1645117964964,1.068,4.432,8.473
1645117964976,0.863,4.442,8.571
1645117964984,0.666,4.471,8.855
1645117964994,0.509,4.471,9.159
1645117965010,0.451,4.462,9.424
1645117965014,0.47,4.393,9.591
1645117965026,0.558,4.344,9.552
1645117965045,0.627,4.324,9.453
1645117965054,0.725,4.305,9.404
1645117965066,0.833,4.315,9.375
1645117965074,0.813,4.305,9.385
1645117965075,0.813,4.266,9.502
1645117965084,0.794,4.236,9.424
1645117965094,0.813,4.246,9.218
1645117965105,0.813,4.305,9.032
1645117965114,0.745,4.354,8.806
1645117965129,0.686,4.403,8.61
1645117965134,0.666,4.452,8.541
1645117965157,0.863,4.334,8.816
1645117965157,0.863,4.334,8.816
1645117965158,0.863,4.334,8.816
1645117965159,0.863,4.334,8.816
1645117965164,1.049,4.226,9.022
1645117965174,1.186,4.069,9.326
1645117965188,1.304,3.971,9.502
1645117965194,1.431,3.883,9.561
1645117965204,1.441,3.834,9.493
1645117965214,1.323,3.883,9.277
1645117965224,1.117,3.883,9.159
1645117965235,0.921,3.942,9.012
1645117965249,0.745,4.02,8.875
1645117965255,0.598,4.089,8.816
1645117965264,0.49,4.177,8.855
1645117965275,0.451,4.197,9.002
1645117965284,0.421,4.187,9.14
1645117965295,0.294,4.167,9.1
1645117965309,0.235,4.177,9.042
1645117965315,0.137,4.217,8.973
1645117965324,0.088,4.295,8.787
1645117965336,0.127,4.403,8.767
1645117965344,0.215,4.501,8.885
1645117965356,0.274,4.452,9.198
1645117965370,0.274,4.452,9.198
1645117965374,0.254,4.354,9.414
1645117965384,0.196,4.315,9.522
1645117965396,0.068,4.177,9.532
1645117965404,0.264,4.246,9.463
1645117965416,0.323,4.226,9.375
1645117965430,0.372,4.197,9.346
1645117965434,0.48,4.089,9.316
1645117965444,0.715,4.001,9.395
1645117965456,0.912,3.834,9.62
1645117965465,0.912,3.677,9.728
1645117965475,0.902,3.52,9.463
1645117965490,0.627,3.618,9.62
1645117965494,0.676,3.138,9.561
1645117965504,0.696,3.265,9.473
1645117965516,0.509,3.216,9.228
1645117965524,0.608,3.403,9.316
1645117965535,0.735,3.628,9.522
1645117965568,0.715,3.775,9.463
1645117965569,0.715,3.775,9.463
1645117965571,0.715,3.775,9.463
1645117965571,0.402,3.844,9.13
1645117965572,0.402,3.844,9.13
1645117965574,0.176,3.775,9.051
1645117965584,-0.313,3.854,9.11
1645117965596,-0.304,3.912,8.757
1645117965610,-0.078,4.05,8.816
1645117965614,0.107,4.099,9.11
1645117965624,0.284,3.981,9.218
1645117965635,0.46,3.795,9.267
1645117965644,0.666,3.628,9.355
1645117965655,0.853,3.55,9.63
1645117965670,0.97,3.589,9.826
1645117965674,1.01,3.658,10.042
1645117965684,0.902,3.687,10.15
1645117965696,0.617,3.677,10.209
1645117965704,0.343,3.618,10.228
1645117965715,0.058,3.442,10.15
1645117965730,-0.107,3.304,9.973
1645117965734,-0.098,3.187,9.895
1645117965744,-0.049,3.02,9.875
1645117965756,0.088,2.981,9.836
1645117965764,0.254,3.069,9.836
1645117965775,0.451,3.275,9.885
1645117965790,0.411,3.393,9.885
1645117965794,0.558,3.393,9.787
1645117965804,0.745,3.353,9.728
1645117965816,1.117,3.265,9.679
1645117965824,1.255,3.304,9.669
1645117965836,1.314,3.295,9.571
1645117965851,1.353,3.314,9.453
1645117965854,1.333,3.373,9.395
1645117965864,1.363,3.442,9.267
1645117965876,1.422,3.432,9.042
1645117965884,1.304,3.344,8.973
1645117965896,1.225,3.265,8.983
1645117965913,1.029,3.187,8.983
1645117965915,0.696,3.246,9.149
1645117965924,0.46,3.255,9.385
1645117965936,0.343,3.255,9.659
1645117965944,0.617,3.403,10.052
1645117965956,0.5,3.422,10.248
1645117965970,0.49,3.01,10.267
1645117965974,0.558,2.863,10.316
1645117965984,0.882,2.853,10.375
1645117965996,1.235,2.834,10.228
1645117966004,1.529,2.706,9.973
1645117966015,1.775,2.657,9.63
1645117966032,1.971,2.696,9.13
1645117966034,1.941,2.726,8.59
1645117966051,1.422,2.853,7.796
1645117966063,1.323,2.961,7.816
1645117966064,1.323,2.961,7.816
1645117966076,1.206,2.991,8.041
1645117966091,1.068,2.922,8.532
1645117966094,0.912,2.853,9.14
1645117966104,0.676,2.775,9.807
1645117966115,0.529,2.687,10.169
1645117966124,0.313,2.765,10.424
1645117966134,0.088,2.706,10.728
1645117966150,0.0,2.696,10.974
1645117966155,0.137,2.736,11.248
1645117966164,0.353,2.775,11.366
1645117966176,0.343,2.647,11.229
1645117966184,0.5,2.755,11.111
1645117966196,0.823,2.765,10.66
1645117966210,0.774,2.716,10.66
1645117966214,0.902,2.706,10.297
1645117966225,0.97,2.726,9.954
1645117966235,0.931,2.824,9.198
1645117966244,1.059,2.844,8.953
1645117966255,1.186,2.794,8.816
1645117966270,1.304,2.677,8.767
1645117966274,1.235,2.618,8.708
1645117966284,1.225,2.598,8.767
1645117966296,1.235,2.53,8.943
1645117966304,1.402,2.53,9.228
1645117966316,1.549,2.52,9.502
1645117966330,1.451,2.51,9.728
1645117966344,1.225,2.608,9.826
1645117966348,1.225,2.608,9.826
1645117966354,1.137,2.706,9.807
1645117966364,1.147,2.755,9.787
1645117966376,1.176,2.853,9.885
1645117966390,1.127,2.873,9.973
1645117966394,1.01,2.961,10.012
1645117966404,0.921,3.04,10.091
1645117966416,0.863,3.118,10.022
1645117966424,0.853,3.226,10.012
1645117966436,0.774,3.285,9.954
1645117966454,0.666,3.334,9.924
1645117966457,0.568,3.363,9.797
1645117966467,0.519,3.422,9.679
1645117966475,0.549,3.403,9.581
1645117966484,0.666,3.353,9.473
1645117966495,0.706,3.265,9.326
1645117966510,0.735,3.128,9.189
1645117966514,0.784,3.03,9.061
1645117966524,0.872,3.01,8.934
1645117966543,0.931,2.961,8.777
1645117966544,0.951,2.951,8.59
1645117966555,0.882,2.981,8.443
1645117966571,0.813,3.0,8.424
1645117966574,0.784,3.069,8.62
1645117966584,0.784,3.049,8.953
1645117966595,0.764,3.059,9.267
1645117966604,0.764,3.049,9.591
1645117966615,0.696,3.02,9.895
1645117966630,0.666,2.961,10.209
1645117966634,0.627,2.981,10.405
1645117966644,0.617,2.971,10.601
1645117966656,0.637,3.01,10.738
1645117966664,0.647,3.167,10.64
1645117966676,0.637,3.157,10.473
1645117966690,0.588,3.226,10.228
1645117966694,0.588,3.314,9.934
1645117966704,0.578,3.432,9.777
1645117966716,0.509,3.393,9.601
1645117966724,0.519,3.353,9.493
1645117966736,0.47,3.295,9.365
1645117966751,0.46,3.246,9.297
1645117966754,0.578,3.128,9.316
1645117966764,0.725,3.04,9.316
1645117966776,0.863,2.951,9.326
1645117966784,1.059,2.824,9.404
1645117966795,1.216,2.716,9.502
1645117966810,1.235,2.628,9.532
1645117966814,1.225,2.667,9.532
1645117966824,1.059,2.736,9.502
1645117966836,0.902,2.902,9.395
1645117966844,0.823,3.118,9.189
1645117966856,1.294,3.226,9.022
1645117966870,1.186,3.481,9.365
1645117966874,0.617,3.432,9.581
1645117966884,0.205,3.236,9.493
1645117966896,-0.049,3.02,9.62
1645117966904,-0.509,2.373,9.807
1645117966915,-0.382,2.638,9.836
1645117966930,0.0,3.373,10.052
1645117966934,0.549,4.03,10.111
1645117966944,0.872,4.364,10.042
1645117966956,0.843,4.393,9.807
1645117966964,0.725,4.295,9.365
1645117966976,0.696,4.187,8.904
1645117966991,0.764,4.177,8.669
1645117966994,0.912,4.148,8.63
1645117967004,1.019,4.03,8.738
1645117967016,0.98,3.893,8.885
1645117967025,0.882,3.697,8.963
1645117967036,0.784,3.491,8.993
1645117967071,0.725,3.403,9.1
1645117967071,0.725,3.403,9.1
1645117967072,0.725,3.403,9.1
1645117967073,0.666,3.314,9.718
1645117967073,0.666,3.314,9.718
1645117967075,0.666,3.314,9.718
1645117967084,0.549,3.275,9.748
1645117967095,0.686,3.236,9.659
1645117967110,0.627,3.236,9.512
1645117967115,0.578,3.216,9.434
1645117967124,0.539,3.236,9.404
1645117967135,0.441,3.246,9.493
1645117967144,0.294,3.344,9.591
1645117967155,0.225,3.432,9.62
1645117967170,0.215,3.569,9.64
1645117967175,0.156,3.618,9.718
1645117967184,0.019,3.716,9.836
1645117967196,0.019,3.962,9.885
1645117967204,0.137,4.109,9.865
1645117967216,0.107,4.197,9.875
1645117967231,0.049,4.158,9.816
1645117967234,-0.078,3.991,9.708
1645117967244,-0.058,3.893,9.542
1645117967256,0.107,3.854,9.404
1645117967264,0.274,3.814,9.297
1645117967275,0.333,3.726,9.159
1645117967290,0.362,3.618,9.071
1645117967294,0.353,3.52,9.002
1645117967304,0.382,3.452,9.032
1645117967316,0.509,3.412,9.13
1645117967325,0.725,3.363,9.13
1645117967336,0.755,3.246,9.169
1645117967350,0.696,3.118,9.306
1645117967354,0.529,2.991,9.522
1645117967364,0.362,2.912,9.708
1645117967376,0.166,2.883,9.846
1645117967384,0.0,2.912,10.061
1645117967396,-0.186,2.991,10.238
1645117967410,-0.343,3.0,10.395
1645117967414,-0.451,2.981,10.503
1645117967425,-0.451,2.981,10.601
1645117967436,-0.382,2.991,10.503
1645117967444,-0.245,3.03,10.405
1645117967455,-0.156,3.108,10.316
1645117967470,-0.127,3.118,10.209
1645117967474,-0.009,3.187,10.061
1645117967484,0.176,3.265,9.895
1645117967494,0.304,3.304,9.748
1645117967504,0.372,3.304,9.395
1645117967514,0.402,3.304,9.149
1645117967531,0.441,3.285,8.973
1645117967535,0.519,3.255,8.865
1645117967551,0.598,3.255,8.787
1645117967561,0.686,3.206,8.796
1645117967566,0.725,3.138,8.845
1645117967576,0.755,3.089,8.924
1645117967591,0.725,3.049,9.032
1645117967594,0.764,3.069,9.12
1645117967604,0.764,3.148,9.365
1645117967615,0.725,3.226,9.64
1645117967624,0.49,3.265,9.865
1645117967635,0.245,3.304,9.807
1645117967650,0.039,3.373,9.65
1645117967655,0.0,3.599,9.483
1645117967664,0.127,3.795,9.424
1645117967676,0.343,3.932,9.424
1645117967687,0.49,3.903,9.453
1645117967696,0.539,3.814,9.512
1645117967713,0.627,3.658,9.62
1645117967715,0.676,3.412,9.699
1645117967725,0.735,3.246,9.816
1645117967734,0.745,3.138,9.807
1645117967744,0.715,3.069,9.689
1645117967754,0.686,3.049,9.512
1645117967769,0.696,3.04,9.326
1645117967775,0.686,3.069,9.012
1645117967785,0.745,3.148,8.806
1645117967795,0.735,3.206,8.679
1645117967804,0.745,3.216,8.639
1645117967815,0.774,3.157,8.669
1645117967830,0.784,3.167,8.747
1645117967835,0.813,3.167,8.894
1645117967844,0.784,3.187,9.022
1645117967856,0.715,3.167,9.042
1645117967864,0.578,3.148,9.091
1645117967876,0.48,3.049,9.189
1645117967890,0.49,2.991,9.375
1645117967894,0.755,3.177,9.659
1645117967904,0.843,3.177,9.914
1645117967915,0.382,3.0,10.277
1645117967924,0.382,3.0,10.277
1645117967935,0.156,2.942,10.169
1645117967950,0.225,2.883,10.012
1645117967954,0.392,2.942,9.934
1645117967964,0.568,2.844,9.689
1645117967976,0.706,2.716,9.542
1645117967984,0.823,2.608,9.453
1645117967996,0.931,2.549,9.346
1645117968010,0.97,2.49,9.355
1645117968014,0.853,2.451,9.208
1645117968024,0.755,2.53,8.973
1645117968037,0.686,2.598,8.836
1645117968044,0.568,2.657,8.855
1645117968061,0.451,2.716,8.894
1645117968076,0.284,2.736,8.924
1645117968082,0.078,2.745,8.983
1645117968084,0.0,2.804,9.149
1645117968096,-0.029,2.804,9.395
1645117968104,0.009,2.814,9.738
1645117968115,0.049,2.726,10.012
1645117968131,0.323,2.638,10.091
1645117968134,0.47,2.598,10.071
1645117968144,0.431,2.451,9.983
1645117968154,0.402,2.412,9.836
1645117968164,0.343,2.383,9.669
1645117968176,0.166,2.402,9.502
1645117968190,-0.029,2.432,9.336
1645117968194,-0.098,2.441,9.208
1645117968204,-0.049,2.5,9.12
1645117968216,0.019,2.481,9.071
1645117968224,0.245,2.765,9.316
1645117968236,0.431,2.687,9.326
1645117968250,0.431,2.579,9.434
1645117968254,0.372,2.5,9.62
1645117968264,0.304,2.471,9.757
1645117968276,0.264,2.471,9.816
1645117968284,0.235,2.461,9.865
1645117968295,0.176,2.481,9.856
1645117968310,0.088,2.51,9.708
1645117968314,0.117,2.598,9.61
1645117968324,0.127,2.657,9.483
1645117968336,0.088,2.726,9.404
1645117968344,0.088,2.726,9.404
1645117968356,0.186,2.775,9.453
1645117968370,0.225,2.804,9.483
1645117968374,0.294,2.814,9.522
1645117968384,0.304,2.814,9.561
1645117968396,0.294,2.824,9.601
1645117968404,0.304,2.824,9.571
1645117968416,0.274,2.834,9.512
1645117968431,0.304,2.853,9.375
1645117968434,0.362,2.922,9.208
1645117968444,0.47,2.932,9.012
1645117968456,0.617,2.961,8.894
1645117968464,0.764,2.971,8.816
1645117968477,0.853,2.971,8.787
1645117968490,0.951,2.942,8.747
1645117968494,0.98,2.893,8.669
1645117968505,1.0,2.844,8.62
1645117968516,0.961,2.853,8.571
1645117968524,0.892,2.932,8.532
1645117968536,0.813,3.0,8.551
1645117968569,0.706,3.059,8.522
1645117968570,0.706,3.059,8.522
1645117968571,0.706,3.059,8.522
1645117968572,0.431,3.157,8.394
1645117968573,0.294,3.197,8.326
1645117968574,0.294,3.197,8.326
1645117968585,0.215,3.334,8.218
1645117968594,0.205,3.432,8.169
1645117968610,0.254,3.51,8.188
1645117968614,0.313,3.559,8.277
1645117968624,0.392,3.54,8.502
1645117968635,0.46,3.52,8.767
1645117968644,0.5,3.491,9.032
1645117968655,0.549,3.501,9.228
1645117968670,0.558,3.52,9.395
1645117968675,0.608,3.53,9.453
1645117968684,0.627,3.53,9.453
1645117968696,0.647,3.491,9.346
1645117968704,0.676,3.481,9.218
1645117968716,0.686,3.471,9.042
1645117968731,0.686,3.442,8.934
1645117968734,0.686,3.373,8.855
1645117968744,0.706,3.363,8.718
1645117968756,0.794,3.393,8.443
1645117968764,0.794,3.393,8.443
1645117968775,0.637,3.383,8.169
1645117968790,0.598,3.403,8.159
1645117968794,0.5,3.452,8.247
1645117968805,0.509,3.481,8.286
1645117968816,0.48,3.471,8.375
1645117968824,0.402,3.51,8.463
1645117968836,0.402,3.55,8.483
1645117968850,0.46,3.608,8.492
1645117968854,0.5,3.618,8.571
1645117968864,0.519,3.608,8.679
1645117968876,0.49,3.608,8.796
1645117968884,0.402,3.491,8.894
1645117968896,0.529,3.53,8.904
1645117968911,0.725,3.52,8.963
1645117968914,0.843,3.471,9.032
1645117968925,0.853,3.403,9.032
1645117968936,0.97,3.363,9.032
1645117968944,1.019,3.344,9.042
1645117968956,1.117,3.304,9.081
1645117968971,1.117,3.265,9.159
1645117968974,1.127,3.216,9.218
1645117968984,1.127,3.187,9.316
1645117968996,1.049,3.167,9.316
1645117969005,0.912,3.157,9.198
1645117969016,0.823,3.187,9.091
1645117969031,0.774,3.236,8.983
1645117969034,0.676,3.255,8.845
1645117969046,0.549,3.324,8.738
1645117969082,0.549,3.373,8.659
1645117969082,0.598,3.403,8.6
1645117969083,0.666,3.422,8.502
1645117969091,0.676,3.442,8.453
1645117969099,0.617,3.452,8.414
1645117969105,0.539,3.452,8.365
1645117969115,0.49,3.432,8.306
1645117969124,0.451,3.51,8.296
1645117969135,0.441,3.569,8.237
1645117969150,0.402,3.559,8.159
1645117969155,0.431,3.461,8.09
1645117969164,0.431,3.412,8.09
1645117969176,0.598,3.206,8.502
1645117969184,0.598,3.206,8.502
1645117969195,0.715,3.069,9.12
1645117969211,0.706,2.991,9.385
1645117969214,0.617,2.951,9.561
1645117969224,0.529,2.922,9.61
1645117969236,0.49,2.951,9.542
1645117969244,0.509,3.01,9.473
1645117969255,0.539,3.049,9.306
1645117969270,0.549,3.069,9.179
1645117969274,0.558,3.108,9.13
1645117969284,0.5,3.148,9.051
1645117969296,0.431,3.236,9.061
1645117969305,0.411,3.314,9.1
1645117969316,0.304,3.353,9.159
1645117969331,0.196,3.373,9.208
1645117969334,0.156,3.432,9.198
1645117969344,0.176,3.461,9.208
1645117969356,0.147,3.461,9.189
1645117969364,0.147,3.461,9.091
1645117969374,0.166,3.51,8.993
1645117969390,0.196,3.53,8.953
1645117969394,0.205,3.52,8.924
1645117969405,0.284,3.471,8.875
1645117969416,0.392,3.461,8.826
1645117969424,0.411,3.393,8.865
1645117969434,0.402,3.275,8.904
1645117969450,0.5,3.206,8.934
1645117969454,0.588,3.108,9.002
1645117969464,0.725,3.049,9.032
1645117969476,0.843,3.0,9.022
1645117969484,0.902,2.912,9.002
1645117969496,0.961,2.853,9.061
1645117969511,1.01,2.824,8.983
1645117969514,1.049,2.785,8.914
1645117969524,1.019,2.844,8.816
1645117969535,0.99,2.873,8.649
1645117969549,0.921,2.863,8.502
1645117969569,0.686,3.01,8.306
1645117969576,0.637,3.108,8.316
1645117969579,0.529,3.187,8.345
1645117969585,0.529,3.187,8.345
1645117969595,0.421,3.363,8.522
1645117969604,0.421,3.363,8.522
1645117969615,0.372,3.461,8.836
1645117969629,0.333,3.422,9.11
1645117969635,0.323,3.412,9.355
1645117969644,0.323,3.422,9.571
1645117969655,0.372,3.412,9.659
1645117969664,0.402,3.471,9.64
1645117969675,0.47,3.461,9.552
1645117969690,0.509,3.452,9.414
1645117969694,0.549,3.422,9.297
1645117969704,0.578,3.432,9.267
1645117969716,0.627,3.403,9.238
1645117969724,0.676,3.363,9.179
1645117969736,0.745,3.324,9.159
1645117969750,0.784,3.265,9.159
1645117969754,0.784,3.216,9.11
1645117969764,0.735,3.177,8.963
1645117969776,0.686,3.128,8.865
1645117969784,0.657,3.157,8.747
1645117969796,0.549,3.108,8.62
1645117969810,0.509,3.138,8.532
1645117969814,0.451,3.138,8.434
1645117969824,0.46,3.138,8.316
1645117969836,0.48,3.206,8.267
1645117969844,0.441,3.265,8.277
1645117969856,0.392,3.295,8.345
1645117969870,0.362,3.334,8.375
1645117969874,0.353,3.373,8.463
1645117969884,0.392,3.412,8.532
1645117969896,0.392,3.461,8.659
1645117969904,0.411,3.51,8.698
1645117969915,0.451,3.53,8.826
1645117969930,0.48,3.51,8.934
1645117969935,0.49,3.481,9.061
1645117969944,0.539,3.432,9.14
1645117969956,0.568,3.393,9.208
1645117969964,0.568,3.334,9.267
1645117969976,0.647,3.275,9.306
1645117969990,0.696,3.226,9.316
1645117969994,0.764,3.177,9.228
1645117970004,0.784,3.128,9.169
1645117970016,0.784,3.099,8.963
1645117970024,0.784,3.099,8.963
1645117970036,0.666,3.118,8.62
1645117970052,0.608,3.138,8.551
1645117970054,0.529,3.118,8.571
1645117970072,0.5,3.118,8.61
1645117970082,0.402,3.089,8.708
1645117970086,0.372,3.099,8.836
1645117970094,0.402,3.108,8.963
1645117970110,0.431,3.138,8.934
1645117970114,0.47,3.216,8.885
1645117970124,0.46,3.285,8.845
1645117970135,0.509,3.383,8.826
1645117970144,0.549,3.403,8.904
1645117970155,0.48,3.442,8.973
1645117970170,0.509,3.432,9.13
1645117970174,0.578,3.442,9.267
1645117970186,0.608,3.422,9.355
1645117970196,0.676,3.412,9.483
1645117970204,0.666,3.344,9.463
1645117970216,0.637,3.246,9.395
1645117970230,0.578,3.187,9.228
1645117970234,0.588,3.099,9.051
1645117970244,0.627,3.03,8.875
1645117970256,0.696,3.04,8.639
1645117970264,0.755,3.049,8.463
1645117970275,0.735,3.049,8.355
1645117970290,0.745,3.059,8.277
1645117970294,0.774,3.108,8.306
1645117970304,0.764,3.128,8.384
1645117970316,0.755,3.138,8.483
1645117970324,0.794,3.148,8.581
1645117970336,0.764,3.187,8.728
1645117970350,0.715,3.216,8.865
1645117970354,0.715,3.275,9.022
1645117970364,0.627,3.304,9.14
1645117970376,0.568,3.373,9.238
1645117970384,0.441,3.461,9.248
1645117970395,0.343,3.491,9.267
1645117970411,0.274,3.52,9.189
1645117970414,0.274,3.54,9.042
1645117970424,0.343,3.54,8.845
1645117970436,0.47,3.579,8.571
1645117970444,0.47,3.579,8.571
1645117970455,0.598,3.559,8.375
1645117970471,0.676,3.481,8.453
1645117970474,0.725,3.432,8.473
1645117970484,0.813,3.373,8.561
1645117970496,0.921,3.265,8.532
1645117970504,1.019,3.216,8.541
1645117970517,1.098,3.206,8.571
1645117970530,1.127,3.177,8.59
1645117970534,1.098,3.167,8.61
1645117970544,1.029,3.138,8.649
1645117970580,1.0,3.118,8.728
1645117970581,0.97,3.089,8.787
1645117970582,0.98,3.089,8.845
1645117970591,0.99,3.069,8.983
1645117970594,1.01,3.049,9.051
1645117970604,0.99,3.089,9.149
1645117970615,1.0,3.118,9.277
1645117970624,0.921,3.167,9.385
1645117970635,0.843,3.206,9.532
1645117970650,0.794,3.265,9.512
1645117970655,0.725,3.334,9.453
1645117970664,0.647,3.383,9.395
1645117970675,0.608,3.452,9.365
1645117970684,0.608,3.491,9.404
1645117970696,0.617,3.461,9.493
1645117970713,0.608,3.51,9.512
1645117970715,0.549,3.51,9.522
1645117970724,0.48,3.53,9.62
1645117970736,0.451,3.51,9.63
1645117970745,0.392,3.432,9.552
1645117970755,0.411,3.383,9.395
1645117970770,0.549,3.373,9.306
1645117970774,0.637,3.334,9.13
1645117970784,0.755,3.255,8.983
1645117970796,0.843,3.177,8.934
1645117970804,0.941,3.118,8.885
1645117970816,0.97,3.03,8.826
1645117970830,1.049,2.971,8.777
1645117970834,1.059,2.961,8.806
1645117970844,1.029,2.951,8.845
1645117970856,0.951,3.0,9.061
1645117970864,0.951,3.0,9.061
1645117970875,0.833,3.03,9.375
1645117970890,0.813,3.03,9.542
1645117970894,0.715,3.069,9.738
1645117970904,0.657,3.118,9.865
1645117970916,0.588,3.108,9.905
1645117970924,0.519,3.167,9.914
1645117970936,0.509,3.187,9.865
1645117970950,0.47,3.255,9.757
1645117970954,0.411,3.265,9.64
1645117970964,0.402,3.255,9.493
1645117970976,0.402,3.265,9.395
1645117970984,0.441,3.236,9.326
1645117970996,0.411,3.177,9.248
1645117971011,0.451,3.138,9.189
1645117971014,0.47,3.069,9.159
1645117971024,0.509,3.03,9.218
1645117971036,0.558,3.01,9.277
1645117971044,0.568,2.951,9.355
1645117971062,0.588,2.922,9.395
1645117971075,0.578,2.902,9.453
1645117971077,0.598,2.883,9.512
1645117971085,0.578,2.873,9.552
1645117971095,0.5,2.863,9.561
1645117971104,0.509,2.853,9.601
1645117971115,0.529,2.814,9.64
1645117971130,0.5,2.814,9.63
1645117971136,0.5,2.863,9.591
1645117971144,0.509,2.853,9.532
1645117971155,0.48,2.902,9.581
1645117971164,0.411,2.951,9.65
1645117971175,0.372,2.981,9.659
1645117971191,0.323,2.991,9.63
1645117971194,0.284,2.991,9.581
1645117971204,0.264,2.961,9.581
1645117971216,0.313,2.942,9.571
1645117971224,0.402,2.942,9.64
1645117971235,0.49,2.902,9.689
1645117971250,0.47,2.893,9.767
1645117971254,0.46,2.844,9.826
1645117971264,0.431,2.804,9.914
1645117971276,0.402,2.853,10.022
1645117971284,0.402,2.853,10.022
1645117971296,0.441,2.883,10.052
1645117971311,0.441,2.883,10.052
1645117971314,0.441,2.883,9.924
1645117971324,0.411,2.883,9.807
1645117971368,0.421,2.863,9.669
1645117971370,0.431,2.853,9.601
1645117971371,0.451,2.853,9.61
1645117971375,0.48,2.853,9.601
1645117971378,0.509,2.853,9.581
1645117971384,0.509,2.853,9.62
1645117971394,0.5,2.863,9.581
1645117971404,0.46,2.853,9.61
1645117971414,0.411,2.834,9.65
1645117971434,0.431,2.794,9.669
1645117971434,0.431,2.794,9.669
1645117971435,0.431,2.794,9.659
1645117971444,0.451,2.736,9.62
1645117971463,0.421,2.696,9.463
1645117971464,0.421,2.696,9.463
1645117971465,0.421,2.696,9.463
1645117971474,0.451,2.687,9.355
1645117971490,0.441,2.726,9.13
1645117971495,0.431,2.745,8.904
1645117971504,0.441,2.775,8.796
1645117971514,0.5,2.785,8.796
1645117971524,0.608,2.785,8.934
1645117971536,0.715,2.755,9.081
1645117971550,0.794,2.736,9.336
1645117971554,0.863,2.706,9.62
1645117971572,0.764,2.765,10.16
1645117971574,0.764,2.765,10.16
1645117971586,0.637,2.775,10.415
1645117971595,0.509,2.794,10.62
1645117971610,0.451,2.824,10.728
1645117971614,0.421,2.844,10.758
1645117971624,0.382,2.853,10.748
1645117971635,0.392,2.863,10.65
1645117971644,0.402,2.883,10.493
1645117971655,0.372,2.893,10.395
1645117971670,0.313,2.873,10.228
1645117971675,0.274,2.902,10.081
1645117971685,0.323,2.863,9.973
1645117971694,0.362,2.873,9.807
1645117971704,0.421,2.883,9.571
1645117971714,0.431,2.844,9.346
1645117971730,0.431,2.834,9.218
1645117971735,0.558,2.745,9.022
1645117971744,0.558,2.696,8.993
1645117971755,0.529,2.716,9.042
1645117971764,0.529,2.696,9.022
1645117971775,0.519,2.677,9.061
1645117971791,0.568,2.628,9.169
1645117971794,0.558,2.628,9.297
1645117971804,0.617,2.628,9.434
1645117971816,0.657,2.687,9.542
1645117971824,0.696,2.706,9.669
1645117971836,0.735,2.775,9.767
1645117971850,0.735,2.853,9.807
1645117971854,0.715,2.873,9.895
1645117971864,0.647,2.902,9.944
1645117971876,0.588,2.883,10.081
1645117971884,0.558,2.893,10.238
1645117971896,0.48,2.922,10.365
1645117971910,0.402,2.942,10.405
1645117971915,0.362,2.932,10.464
1645117971924,0.343,2.932,10.395
1645117971936,0.333,2.961,10.209
1645117971944,0.323,2.971,10.003
1645117971956,0.323,2.951,9.914
1645117971970,0.333,2.902,9.875
1645117971974,0.372,2.853,9.954
1645117971984,0.411,2.863,9.963
1645117971996,0.402,2.853,9.885
1645117972004,0.421,2.853,9.473
1645117972029,0.715,2.902,8.6
1645117972029,0.715,2.902,8.6
1645117972033,0.686,2.912,8.443
1645117972034,0.686,2.912,8.443
1645117972045,0.676,2.883,8.541
1645117972054,0.549,2.834,8.894
1645117972064,0.608,2.785,9.238
1645117972074,0.804,2.804,9.434
1645117972088,0.853,2.814,9.522
1645117972094,0.902,2.834,9.522
1645117972104,0.892,2.804,9.424
1645117972114,0.843,2.765,9.502
