1645031788394,1.569,4.599,8.983
1645031788399,1.225,4.579,8.561
1645031788405,0.882,4.55,8.09
1645031788410,-0.009,4.57,7.266
1645031788418,-0.009,4.57,7.266
1645031788430,-0.509,4.56,7.119
1645031788437,-1.039,4.471,7.159
1645031788446,-1.314,4.364,7.119
1645031788457,-1.314,4.197,6.904
1645031788466,-1.186,4.05,6.688
1645031788476,-0.99,3.873,6.668
1645031788493,-0.764,3.746,6.835
1645031788496,0.0,3.658,7.208
1645031788509,0.117,3.452,7.188
1645031788516,0.225,3.334,7.119
1645031788526,0.107,3.236,6.953
1645031788540,-0.049,3.177,6.717
1645031788551,-0.254,3.148,6.492
1645031788557,-0.47,3.148,6.345
1645031788566,-0.568,3.177,6.374
1645031788576,-0.588,3.099,6.521
1645031788589,-0.313,3.069,6.649
1645031788596,0.215,3.069,6.737
1645031788611,0.706,3.069,6.609
1645031788616,1.137,3.079,6.198
1645031788626,1.323,3.089,5.835
1645031788640,1.078,2.834,5.531
1645031788646,0.617,2.638,5.276
1645031788657,0.098,2.579,5.197
1645031788672,-0.402,2.912,5.688
1645031788676,-1.176,3.059,6.717
1645031788688,-1.667,3.206,8.002
1645031788696,-1.696,3.53,9.051
1645031788706,-1.539,3.952,9.63
1645031788717,-1.068,4.383,9.807
1645031788730,-0.657,4.275,9.522
1645031788738,-0.294,3.912,9.434
1645031788746,0.353,3.824,9.542
1645031788756,1.284,4.197,9.983
1645031788767,2.334,4.834,10.777
1645031788776,3.157,5.364,11.631
1645031788791,3.481,5.589,12.366
1645031788796,3.471,5.746,12.66
1645031788806,3.049,6.08,12.474
1645031788817,2.53,6.374,12.415
1645031788826,1.598,6.629,12.101
1645031788839,0.843,6.6,12.494
1645031788855,0.539,6.394,13.631
1645031788856,0.755,6.207,14.887
1645031788867,0.588,5.354,16.387
1645031788876,0.304,4.148,16.975
1645031788887,0.294,3.422,16.583
1645031788896,0.245,3.157,15.602
1645031788911,0.039,3.206,14.445
1645031788917,-0.156,3.452,13.425
1645031788926,-1.019,3.628,11.935
1645031788936,-1.225,3.618,11.14
1645031788946,-1.363,3.432,9.993
1645031788956,-1.323,3.157,8.63
1645031788971,-1.059,2.824,7.119
1645031788976,-0.794,2.54,5.658
1645031788986,-0.519,2.324,4.942
1645031788996,-0.294,2.177,4.638
1645031789006,0.186,2.157,4.089
1645031789016,0.245,2.265,4.952
1645031789030,0.264,2.392,5.393
1645031789036,0.058,2.824,6.139
1645031789046,-0.549,3.118,6.806
1645031789056,-1.441,2.844,7.306
1645031789066,-2.481,2.265,7.345
1645031789076,-2.794,1.745,6.913
1645031789090,-2.736,1.49,6.129
1645031789096,-2.108,1.333,5.727
1645031789106,0.098,2.451,5.089
1645031789116,1.422,3.687,4.324
1645031789126,2.079,4.815,3.01
1645031789136,1.765,5.197,1.765
1645031789152,1.137,4.736,1.451
1645031789156,0.451,4.079,0.853
1645031789166,-0.078,3.373,0.372
1645031789176,-0.421,2.579,-0.156
1645031789186,-0.519,1.873,-0.931
1645031789196,-0.755,1.019,-1.676
1645031789213,-1.216,0.235,-2.461
1645031789216,-1.647,-0.647,-2.589
1645031789226,-1.716,-1.569,-2.441
1645031789236,-1.392,-2.579,-2.441
1645031789246,-1.412,-4.109,-2.844
1645031789256,-2.02,-6.629,-3.128
1645031789271,-3.707,-9.149,-4.501
1645031789276,-6.207,-11.65,-4.373
1645031789286,-8.267,-13.327,-4.354
1645031789296,-10.728,-14.71,-3.628
1645031789306,-14.857,-15.426,-2.687
1645031789316,-17.191,-15.897,-3.814
1645031789330,-18.368,-15.495,-5.658
1645031789336,-18.947,-14.681,-6.021
1645031789346,-19.241,-11.954,-4.491
1645031789356,-19.466,-9.905,2.589
1645031789366,-19.506,-9.816,7.139
1645031789376,-19.525,-9.659,11.738
1645031789390,-19.535,-9.179,15.112
1645031789396,-19.329,-8.679,16.593
1645031789406,-18.701,-7.943,15.083
1645031789416,-17.976,-7.296,12.16
1645031789426,-16.975,-6.56,8.689
1645031789436,-15.651,-5.982,5.021
1645031789450,-13.504,-5.148,1.686
1645031789456,-11.552,-4.658,-0.676
1645031789466,-10.375,-4.236,-0.764
1645031789476,-9.159,-3.716,-0.451
1645031789486,-8.326,-3.687,0.313
1645031789496,-7.463,-3.707,0.813
1645031789513,-6.972,-3.373,0.392
1645031789516,-6.992,-2.804,-0.441
1645031789527,-7.09,-2.275,-1.765
1645031789536,-6.913,-1.578,-3.108
1645031789546,-6.668,-1.059,-3.383
1645031789556,-6.345,-0.598,-2.951
1645031789570,-6.707,-0.549,-2.167
1645031789576,-7.139,-0.657,-1.745
1645031789586,-7.943,-0.402,-1.843
1645031789596,-8.09,0.049,-2.324
1645031789606,-8.1,0.568,-2.716
1645031789616,-7.61,0.941,-2.618
1645031789630,-7.62,0.941,-1.686
1645031789636,-7.159,0.588,-0.48
1645031789646,-6.629,0.372,0.0
1645031789656,-6.894,0.088,0.049
1645031789666,-7.669,-0.284,-0.049
1645031789676,-8.845,-0.637,-0.068
1645031789691,-10.091,-1.314,-0.48
1645031789696,-11.297,-2.216,-1.255
1645031789706,-10.365,-3.912,-6.913
1645031789716,-11.346,-4.619,-10.513
1645031789734,-11.483,-5.482,-7.531
1645031789737,-11.483,-5.482,-7.531
1645031789751,-11.65,-5.54,-5.03
1645031789756,-11.032,-5.148,-3.442
1645031789766,-9.865,-4.266,-2.853
1645031789776,-7.816,-3.079,-3.197
1645031789786,-7.247,-1.314,-3.971
1645031789796,-7.012,-0.794,-4.226
1645031789805,-7.012,-0.794,-4.226
1645031789819,-6.658,-1.216,-6.962
1645031789826,-6.217,-2.353,-9.218
1645031789836,-5.472,-2.804,-8.286
1645031789846,-5.962,-2.971,-5.737
1645031789856,-6.119,-2.049,-1.657
1645031789870,-5.207,-0.863,1.784
1645031789879,-5.491,-1.167,2.314
1645031789886,-5.727,-0.539,2.775
1645031789896,-4.481,0.686,2.981
1645031789906,-3.187,0.402,1.382
1645031789917,-2.471,-0.186,0.715
1645031789930,-1.598,0.254,0.578
1645031789939,-1.323,1.716,0.764
1645031789946,-2.049,5.756,1.363
1645031789956,-3.432,3.922,3.236
1645031789967,-4.521,0.509,3.236
1645031789976,-5.178,-1.686,2.726
1645031789990,-6.855,-3.226,3.707
1645031789999,-10.14,-4.746,3.471
1645031790009,-13.523,-6.05,3.442
1645031790016,-16.152,-6.482,3.658
1645031790026,-17.848,-6.904,2.657
1645031790037,-18.692,-7.168,1.804
1645031790050,-19.113,-7.433,1.451
1645031790059,-19.319,-7.688,-0.853
1645031790066,-18.652,-7.227,-4.736
1645031790076,-15.622,-5.962,-6.796
1645031790086,-12.317,-4.54,-7.933
1645031790096,-12.141,-3.618,-8.443
1645031790110,-10.581,-2.706,-8.581
1645031790120,-10.209,-1.323,-8.031
1645031790127,-10.513,-0.755,-8.561
1645031790136,-10.15,0.0,-8.453
1645031790146,-8.904,0.784,-8.326
1645031790157,-7.688,1.117,-7.933
1645031790171,-6.296,1.019,-7.09
1645031790179,-4.893,1.186,-5.844
1645031790187,-4.001,1.363,-2.883
1645031790196,-3.432,0.784,-1.726
1645031790206,-3.795,-2.579,2.304
1645031790217,-4.167,-4.785,3.099
1645031790230,-4.481,-6.492,4.275
1645031790239,-4.746,-7.168,5.491
1645031790246,-6.09,-6.59,5.178
1645031790256,-6.835,-6.256,3.677
1645031790270,-6.492,-6.649,2.942
1645031790304,-5.423,-6.962,2.079
1645031790304,-3.854,-6.845,0.549
1645031790304,-2.039,-6.413,-0.961
1645031790314,-0.578,-5.795,-2.353
1645031790320,0.078,-4.991,-3.03
1645031790326,-0.294,-3.903,-2.51
1645031790339,-1.117,-3.324,-1.647
1645031790355,-0.853,-2.883,-0.666
1645031790360,-0.353,-3.187,0.5
1645031790373,-0.725,-4.04,1.451
1645031790377,-1.147,-5.197,1.696
1645031790390,-2.402,-6.364,1.235
1645031790397,-5.482,-9.355,-0.578
1645031790410,-11.582,-14.435,-2.755
1645031790423,-15.504,-16.985,-3.795
1645031790426,-14.71,-18.26,-2.951
1645031790439,-12.631,-18.515,-2.745
1645031790447,-9.189,-16.073,-1.775
1645031790456,-4.913,-12.219,-1.451
1645031790475,-1.794,-9.601,-1.422
1645031790476,-1.794,-9.601,-1.422
1645031790480,-0.215,-8.738,-0.804
1645031790489,0.402,-8.571,0.843
1645031790496,-8.326,-14.043,4.069
1645031790511,-10.218,-16.779,9.198
1645031790522,-5.952,-18.152,5.629
1645031790530,-4.305,-18.839,5.266
1645031790540,-4.736,-14.965,2.598
1645031790546,-3.756,-11.729,2.02
1645031790556,-2.304,-8.453,1.137
1645031790572,-2.255,-4.02,0.411
1645031790576,-2.255,-4.02,0.411
1645031790591,-2.726,-2.824,0.519
1645031790604,-2.471,-2.834,0.509
1645031790606,-1.726,-2.814,0.009
1645031790621,-1.235,-2.275,-0.372
1645031790626,0.715,-2.834,-0.686
1645031790638,2.432,-2.618,-0.813
1645031790655,2.991,-2.461,-1.961
1645031790659,3.422,-2.226,-2.657
1645031790671,3.197,-3.697,-2.245
1645031790676,2.677,-4.521,-1.323
1645031790686,2.785,-5.227,-0.431
1645031790703,3.01,-4.991,-0.196
1645031790710,4.442,-8.149,-4.491
1645031790720,5.393,-9.787,-4.334
1645031790726,3.157,-14.514,-7.884
1645031790736,-7.335,-17.024,-2.186
1645031790747,-5.894,-18.28,-1.471
1645031790756,-5.992,-18.898,-0.657
1645031790769,-6.109,-19.211,0.166
1645031790779,-6.266,-18.221,1.147
1645031790787,-6.531,-15.308,1.627
1645031790798,-6.894,-12.278,1.735
1645031790806,-7.355,-9.954,1.882
1645031790818,-7.963,-9.228,1.706
1645031790832,-8.757,-9.846,0.97
1645031790839,-8.894,-11.189,0.0
1645031790849,-7.884,-11.572,-1.117
1645031790856,-6.031,-10.856,-1.775
1645031790866,-4.315,-9.453,-2.353
1645031790876,-3.069,-7.639,-2.618
1645031790890,-2.098,-5.835,-2.961
1645031790899,-1.274,-4.217,-3.03
1645031790906,-1.0,-2.932,-2.265
1645031790916,-1.265,-2.235,-2.079
1645031790926,-1.863,-2.804,-2.03
1645031790936,-2.608,-4.236,-2.02
1645031790950,-3.452,-6.099,-2.206
1645031790963,-4.501,-8.6,-2.5
1645031790966,-5.697,-12.111,-3.0
1645031790976,-6.923,-15.818,-3.687
1645031790986,-7.492,-17.672,-4.06
1645031791000,-7.943,-18.603,-3.775
1645031791010,-7.943,-19.064,-3.775
1645031791019,-7.796,-19.29,-3.481
1645031791029,-6.962,-19.408,-1.039
1645031791036,-5.992,-18.966,0.843
1645031791046,-5.325,-18.074,2.137
1645031791056,-4.481,-17.093,4.422
1645031791069,-2.951,-16.21,4.491
1645031791079,-1.941,-15.318,4.177
1645031791086,-1.137,-14.053,3.844
1645031791096,-0.598,-12.631,3.461
1645031791106,-0.264,-11.336,2.853
1645031791116,-0.245,-10.248,1.833
1645031791129,-0.5,-9.208,0.863
1645031791139,-0.774,-8.247,0.264
1645031791146,-1.078,-7.472,-0.362
1645031791156,-1.471,-6.845,-0.039
1645031791166,-1.765,-6.168,0.372
1645031791176,-1.892,-5.766,0.588
1645031791189,-2.265,-5.815,0.725
1645031791199,-2.52,-5.57,0.764
1645031791206,-2.667,-5.246,0.509
1645031791216,-2.657,-5.06,0.725
1645031791227,-2.392,-4.491,0.813
1645031791241,-2.186,-4.079,0.853
1645031791250,-2.118,-3.736,1.078
1645031791261,-1.951,-3.55,1.127
1645031791266,-1.647,-3.658,1.068
1645031791276,-1.353,-3.824,1.412
1645031791286,-1.019,-4.197,1.441
1645031791296,-0.784,-4.354,1.461
1645031791309,-0.696,-4.57,1.412
1645031791319,-0.764,-5.129,1.402
1645031791327,-0.912,-6.109,1.412
1645031791336,-1.216,-7.266,1.196
1645031791347,-1.5,-8.571,0.637
1645031791357,-1.99,-10.042,0.029
1645031791369,-2.785,-11.572,-0.539
1645031791380,-3.932,-13.259,-1.039
1645031791386,-4.893,-15.132,-1.912
1645031791397,-5.521,-16.995,-2.794
1645031791406,-5.776,-18.26,-2.981
1645031791417,-5.374,-18.466,-2.922
1645031791429,-4.079,-16.809,-2.53
1645031791439,-2.363,-14.808,-2.098
1645031791446,-0.823,-12.896,-1.853
1645031791456,-0.029,-12.709,-2.079
1645031791466,0.549,-12.258,-1.951
1645031791476,0.804,-11.464,-1.392
1645031791492,0.147,-10.277,-0.725
1645031791500,-0.392,-10.101,-0.372
1645031791514,-0.872,-10.15,-0.049
1645031791516,-1.078,-10.15,0.333
1645031791526,-1.265,-10.13,0.598
1645031791536,-1.529,-10.13,0.794
1645031791552,-1.833,-9.993,0.863
1645031791561,-2.157,-9.748,0.98
1645031791569,-2.54,-9.512,0.99
1645031791578,-2.932,-9.277,1.029
1645031791587,-3.246,-9.012,0.853
1645031791597,-3.363,-8.747,0.558
1645031791612,-3.344,-8.404,0.411
1645031791620,-3.246,-8.12,0.245
1645031791629,-2.951,-7.835,0.088
1645031791637,-2.559,-7.61,0.068
1645031791649,-2.128,-7.453,0.029
1645031791657,-1.706,-7.286,-0.049
1645031791672,-1.422,-7.198,-0.176
1645031791684,-1.167,-7.1,-0.294
1645031791691,-1.01,-7.021,-0.274
1645031791696,-0.833,-6.943,-0.274
1645031791718,-0.853,-6.913,-0.676
1645031791719,-0.853,-6.913,-0.676
1645031791720,-0.853,-6.913,-0.676
1645031791721,-0.853,-6.913,-0.676
1645031791731,-0.902,-6.845,-0.813
1645031791740,-0.912,-6.855,-0.755
1645031791747,-0.833,-7.139,-0.725
1645031791756,-0.784,-7.541,-0.813
1645031791766,-0.902,-8.041,-0.902
1645031791776,-1.196,-8.502,-1.029
1645031791789,-1.412,-9.051,-1.186
1645031791800,-1.647,-9.689,-1.372
1645031791807,-1.833,-10.483,-1.52
1645031791817,-1.902,-11.278,-1.618
1645031791827,-2.0,-11.915,-1.686
1645031791837,-2.118,-12.543,-1.726
1645031791851,-2.343,-13.033,-1.775
1645031791860,-2.589,-13.504,-1.863
1645031791867,-2.804,-13.906,-1.971
1645031791877,-2.853,-13.965,-2.343
1645031791886,-2.687,-13.827,-2.392
1645031791898,-1.392,-12.415,-2.569
1645031791911,-1.392,-12.415,-2.569
1645031791921,-0.784,-10.699,-1.696
1645031791929,-0.833,-10.228,-1.167
1645031791937,-0.735,-10.012,-0.941
1645031791949,-0.558,-10.209,-1.167
1645031791957,-0.578,-10.63,-1.471
1645031791972,-0.784,-11.062,-1.618
1645031791980,-1.049,-11.376,-1.578
1645031791990,-1.392,-11.601,-1.706
1645031791996,-1.569,-11.542,-1.578
1645031792010,-1.706,-11.238,-1.353
1645031792021,-2.824,-11.17,-1.892
1645031792033,-5.305,-11.199,-3.059
1645031792040,-7.816,-11.405,-5.285
1645031792047,-6.649,-10.209,-5.099
1645031792057,-4.354,-8.943,-4.393
1645031792078,-1.637,-7.933,-3.255
1645031792080,0.235,-7.198,-1.941
1645031792094,1.441,-7.08,-1.284
1645031792102,1.902,-7.217,-0.098
1645031792111,1.696,-7.237,1.049
1645031792117,0.902,-7.365,2.01
1645031792127,-0.078,-7.414,2.687
1645031792137,-1.068,-7.355,3.197
1645031792155,-2.167,-7.414,3.707
1645031792162,-3.206,-7.62,3.981
1645031792167,-4.167,-7.904,4.167
1645031792177,-4.795,-8.12,4.001
1645031792191,-5.325,-8.296,3.618
1645031792197,-5.599,-8.286,3.295
1645031792215,-5.639,-8.286,3.04
1645031792222,-5.462,-8.208,2.726
1645031792227,-4.942,-8.022,2.206
1645031792237,-4.148,-7.678,1.48
1645031792251,-3.481,-7.08,0.696
1645031792257,-2.745,-6.668,0.039
1645031792294,-2.177,-6.315,-0.617
1645031792294,-2.177,-6.315,-0.617
1645031792294,-2.177,-6.315,-0.617
1645031792295,-1.529,-5.364,-1.627
1645031792297,-1.314,-5.08,-1.951
1645031792298,-1.314,-5.08,-1.951
1645031792340,-0.902,-4.932,-2.216
1645031792340,-0.813,-5.011,-2.245
1645031792340,-0.813,-5.011,-2.245
1645031792342,-0.598,-5.648,-2.373
1645031792355,-0.539,-6.207,-2.441
1645031792358,-0.529,-6.845,-2.471
1645031792367,-0.627,-7.463,-2.54
1645031792376,-0.823,-8.13,-2.471
1645031792389,-1.078,-8.816,-2.432
1645031792403,-1.363,-9.404,-2.275
1645031792406,-1.706,-9.826,-2.324
1645031792419,-2.049,-10.052,-2.285
1645031792426,-2.265,-10.12,-2.206
1645031792436,-2.343,-10.12,-2.098
1645031792453,-2.373,-10.179,-2.039
1645031792459,-2.245,-10.248,-1.971
1645031792467,-2.02,-10.12,-1.863
1645031792476,-1.716,-9.728,-1.843
1645031792486,-1.274,-9.228,-1.863
1645031792503,-0.755,-8.62,-1.961
1645031792510,-0.294,-7.953,-2.118
1645031792521,0.186,-7.316,-2.216
1645031792526,0.637,-6.962,-2.451
1645031792536,0.98,-7.09,-2.922
1645031792548,1.255,-7.62,-3.52
1645031792556,1.471,-8.434,-4.011
1645031792570,1.49,-9.591,-4.324
1645031792593,1.422,-11.062,-4.383
1645031792594,1.284,-12.778,-4.05
1645031792605,1.137,-14.612,-3.491
1645031792607,0.99,-16.534,-3.118
1645031792621,0.431,-17.731,-2.912
1645031792629,-0.509,-17.838,-2.559
1645031792639,-1.539,-17.005,-1.873
1645031792648,-2.49,-15.612,-0.706
1645031792656,-3.432,-14.014,0.156
1645031792666,-4.118,-12.317,0.823
1645031792678,-4.442,-10.748,1.117
1645031792690,-4.462,-9.424,1.108
1645031792699,-4.05,-8.639,0.823
1645031792706,-3.55,-8.12,0.627
1645031792716,-3.148,-7.58,0.549
1645031792728,-2.834,-7.11,0.49
1645031792736,-2.569,-6.678,0.333
1645031792750,-2.441,-6.296,0.049
1645031792763,-2.471,-5.933,-0.421
1645031792766,-2.461,-5.825,-1.706
1645031792779,-2.863,-5.442,-2.285
1645031792786,-3.157,-5.315,-2.647
1645031792797,-3.442,-5.305,-2.853
1645031792821,-3.746,-5.403,-2.873
1645031792822,-3.746,-5.403,-2.873
1645031792822,-3.746,-5.403,-2.873
1645031792836,-4.011,-5.707,-2.922
1645031792837,-4.089,-6.09,-3.059
1645031792838,-3.893,-6.403,-3.118
1645031792854,-3.54,-6.658,-3.236
1645031792865,-3.187,-6.864,-3.304
1645031792871,-2.834,-6.933,-3.324
1645031792883,-2.441,-7.012,-3.265
1645031792886,-1.99,-7.041,-3.069
1645031792897,-1.627,-7.061,-2.706
1645031792911,-1.667,-7.266,-2.324
1645031792917,-2.186,-7.786,-2.128
1645031792931,-2.794,-8.551,-2.206
1645031792941,-3.265,-9.522,-2.373
1645031792950,-3.471,-10.67,-2.559
1645031792957,-3.403,-11.758,-2.844
1645031792969,-3.177,-12.66,-2.961
1645031792977,-2.902,-13.317,-3.089
1645031792993,-2.785,-13.749,-3.157
1645031793001,-2.893,-14.18,-3.432
1645031793018,-3.246,-14.632,-3.942
1645031793019,-4.393,-15.573,-6.021
1645031793029,-5.717,-16.328,-8.473
1645031793038,-5.795,-16.544,-9.463
1645031793052,-5.236,-16.485,-7.865
1645031793060,-4.432,-16.201,-5.335
1645031793069,-3.608,-15.328,-3.216
1645031793077,-3.128,-14.092,-1.824
1645031793089,-2.853,-12.827,-1.382
1645031793097,-2.569,-11.493,-1.539
1645031793113,-2.245,-10.238,-2.039
1645031793120,-2.079,-9.051,-2.471
1645031793126,-1.941,-7.992,-2.912
1645031793137,-1.873,-7.09,-3.403
1645031793149,-1.804,-6.256,-3.677
1645031793165,-1.912,-4.805,-3.442
1645031793189,-1.961,-4.315,-3.0
1645031793191,-1.961,-4.315,-3.0
1645031793196,-1.647,-3.775,-2.598
1645031793197,-1.647,-3.775,-2.598
1645031793197,-0.931,-2.765,-2.03
1645031793198,-0.931,-2.765,-2.03
1645031793207,-0.657,-2.412,-1.824
1645031793220,-0.598,-2.157,-1.657
1645031793231,-0.804,-2.157,-1.608
1645031793240,-1.117,-2.265,-1.578
1645031793247,-1.392,-2.461,-1.726
1645031793257,-1.549,-2.824,-1.794
1645031793266,-1.618,-3.285,-1.814
1645031793277,-1.657,-3.863,-1.755
1645031793293,-1.755,-4.619,-1.755
1645031793300,-1.902,-5.452,-1.941
1645031793309,-1.941,-6.325,-2.255
1645031793317,-1.873,-7.159,-2.726
1645031793327,-1.608,-7.943,-3.324
1645031793337,-1.167,-8.679,-4.011
1645031793352,-0.813,-9.287,-4.599
1645031793360,-0.745,-9.856,-4.883
1645031793369,-0.902,-10.228,-4.795
1645031793378,-1.225,-10.071,-4.226
1645031793390,-1.569,-9.512,-3.648
1645031793397,-1.588,-8.845,-2.971
1645031793412,-1.49,-8.198,-2.392
1645031793420,-1.108,-7.757,-2.098
1645031793429,-0.608,-7.433,-2.167
1645031793436,0.558,-7.306,-2.471
1645031793449,1.382,-7.943,-2.794
1645031793456,2.167,-9.042,-3.148
1645031793472,2.677,-10.297,-3.51
1645031793480,2.794,-11.817,-4.04
1645031793497,2.804,-13.592,-4.344
1645031793498,2.5,-15.298,-4.256
1645031793507,1.833,-16.446,-3.834
1645031793518,0.853,-17.289,-2.883
1645031793546,-1.216,-17.642,-0.863
1645031793546,-1.216,-17.642,-0.863
1645031793547,-1.216,-17.642,-0.863
1645031793550,-2.334,-16.985,-0.107
1645031793551,-3.157,-15.779,0.294
1645031793556,-3.157,-15.779,0.294
1645031793566,-3.687,-14.308,0.068
1645031793577,-3.844,-12.866,-0.764
1645031793592,-3.785,-11.591,-1.657
1645031793600,-3.707,-10.581,-2.49
1645031793607,-3.618,-9.816,-3.128
1645031793617,-3.412,-9.179,-3.501
1645031793626,-2.755,-7.865,-3.775
1645031793637,-2.441,-7.061,-3.648
1645031793653,-2.206,-6.413,-3.667
1645031793661,-2.01,-5.737,-3.746
1645031793670,-2.108,-5.119,-3.824
1645031793677,-2.03,-4.491,-3.952
1645031793691,-2.039,-4.109,-3.991
1645031793697,-2.059,-3.775,-3.912
1645031793713,-2.177,-3.677,-3.903
1645031793721,-2.481,-3.844,-3.795
1645031793730,-2.853,-4.275,-3.707
1645031793737,-3.304,-4.766,-3.618
1645031793751,-3.765,-5.423,-3.618
1645031793757,-4.226,-6.148,-3.599
1645031793773,-4.658,-6.835,-3.608
1645031793781,-4.972,-7.404,-3.707
1645031793790,-5.158,-7.757,-3.805
1645031793797,-5.168,-7.914,-3.962
1645031793807,-5.021,-7.845,-3.981
1645031793818,-4.717,-7.62,-3.932
1645031793833,-4.295,-7.217,-4.03
1645031793841,-3.844,-6.639,-4.295
1645031793847,-3.422,-5.952,-4.471
1645031793858,-3.226,-5.491,-4.619
1645031793867,-3.353,-5.639,-4.687
1645031793878,-3.638,-6.502,-4.599
1645031793894,-3.912,-7.649,-4.364
1645031793901,-3.962,-8.787,-3.952
1645031793910,-3.795,-9.973,-3.53
1645031793917,-3.52,-11.091,-2.814
1645031793930,-3.265,-12.258,-1.971
1645031793937,-3.255,-13.514,-1.382
1645031793953,-3.559,-14.818,-1.225
1645031793961,-4.138,-15.926,-1.265
1645031793970,-4.697,-16.877,-1.343
1645031793977,-4.854,-17.113,-1.382
1645031793990,-4.53,-16.73,-1.274
1645031793997,-3.765,-15.906,-1.353
1645031794013,-2.912,-14.936,-1.745
1645031794035,-2.265,-13.661,-2.167
1645031794037,-1.117,-9.963,-4.158
1645031794040,-1.117,-9.963,-4.158
1645031794050,-1.068,-9.189,-4.766
1645031794056,-1.078,-8.483,-5.03
1645031794072,-1.147,-7.894,-4.942
1645031794081,-1.274,-7.266,-4.403
1645031794089,-1.461,-6.57,-3.589
1645031794097,-1.588,-5.992,-2.785
1645031794109,-1.775,-5.54,-2.147
1645031794118,-1.971,-5.119,-1.539
1645031794132,-2.216,-4.707,-1.176
1645031794140,-2.451,-4.432,-1.088
1645031794150,-2.726,-4.285,-1.323
1645031794157,-2.971,-4.158,-1.745
1645031794170,-3.206,-4.05,-2.079
1645031794177,-3.383,-4.05,-2.304
1645031794194,-3.461,-4.109,-2.353
1645031794201,-3.344,-4.285,-2.392
1645031794207,-3.148,-4.491,-2.373
1645031794218,-2.961,-4.687,-2.314
1645031794234,-2.726,-4.883,-2.334
1645031794241,-2.353,-5.07,-2.432
1645031794253,-1.863,-5.305,-2.608
1645031794283,-0.902,-5.589,-2.647
1645031794284,-0.902,-5.589,-2.647
1645031794284,-0.902,-5.589,-2.647
1645031794284,-0.519,-5.786,-2.432
1645031794285,-0.235,-6.129,-2.128
1645031794286,-0.235,-6.129,-2.128
1645031794300,0.058,-6.658,-1.931
1645031794321,0.372,-7.325,-1.833
1645031794321,0.608,-8.228,-1.726
1645031794327,0.696,-9.483,-1.471
1645031794336,0.686,-11.199,-1.402
1645031794347,0.441,-13.268,-1.52
1645031794358,0.205,-15.22,-1.676
1645031794370,-0.205,-16.877,-1.931
1645031794383,-0.892,-18.201,-2.079
1645031794386,-1.922,-18.858,-2.235
1645031794398,-3.206,-19.202,-2.285
1645031794406,-4.344,-19.359,-2.177
1645031794416,-5.138,-19.447,-1.99
1645031794433,-5.433,-19.486,-1.745
1645031794439,-5.344,-18.78,-1.706
1645031794448,-4.521,-15.475,-2.383
1645031794457,-4.521,-15.475,-2.383
1645031794467,-3.971,-13.729,-3.344
1645031794479,-2.883,-10.954,-3.599
1645031794491,-2.471,-9.748,-3.736
1645031794503,-2.039,-8.669,-3.893
1645031794506,-1.549,-7.747,-4.197
1645031794520,-1.0,-6.825,-4.511
1645031794528,-0.411,-5.933,-4.726
1645031794538,0.068,-5.089,-4.991
1645031794552,0.617,-4.197,-5.364
1645031794565,0.941,-3.383,-5.619
1645031794567,1.147,-2.657,-5.697
1645031794580,1.314,-2.147,-5.364
1645031794586,1.216,-2.069,-4.962
1645031794598,0.872,-2.373,-4.589
1645031794615,0.441,-2.755,-4.285
1645031794621,-0.205,-3.226,-4.167
1645031794627,-0.853,-3.618,-4.079
1645031794637,-1.539,-4.099,-4.167
1645031794651,-2.177,-4.619,-4.324
1645031794660,-2.765,-5.207,-4.373
1645031794675,-3.216,-5.894,-4.383
1645031794684,-3.491,-6.649,-4.246
1645031794687,-3.707,-7.472,-3.991
1645031794699,-3.893,-8.198,-3.736
1645031794709,-4.06,-8.904,-3.432
1645031794719,-4.285,-9.346,-3.02
1645031794733,-4.54,-9.552,-2.598
1645031794744,-4.932,-9.395,-2.304
1645031794749,-5.413,-9.179,-2.039
1645031794759,-6.041,-8.728,-2.01
1645031794767,-6.492,-8.061,-2.118
1645031794779,-6.757,-7.6,-2.118
1645031794794,-6.707,-7.404,-2.128
1645031794803,-6.266,-7.414,-2.177
1645031794815,-5.58,-7.688,-2.177
1645031794817,-4.834,-8.149,-2.02
1645031794830,-4.167,-8.816,-1.902
1645031794837,-3.579,-9.601,-1.618
1645031794859,-3.452,-11.631,-0.568
1645031794860,-3.452,-11.631,-0.568
1645031794875,-3.559,-12.866,-0.431
1645031794876,-3.559,-12.866,-0.431
1645031794876,-3.854,-14.141,-0.225
1645031794877,-4.069,-15.259,0.009
1645031794886,-4.069,-15.259,0.009
1645031794896,-4.246,-15.828,0.313
1645031794910,-3.814,-15.151,0.029
1645031794923,-3.265,-14.406,-0.578
1645031794926,-2.608,-13.396,-1.49
1645031794938,-1.873,-12.337,-2.696
1645031794949,-1.167,-11.238,-3.726
1645031794957,-0.647,-10.199,-4.521
1645031794972,-0.343,-9.238,-5.168
1645031794981,-0.382,-8.335,-5.57
1645031794989,-0.686,-7.512,-5.511
1645031794996,-1.137,-6.757,-5.187
1645031795007,-1.657,-6.286,-4.726
1645031795018,-2.049,-5.952,-4.236
1645031795043,-2.334,-5.717,-3.824
1645031795043,-2.334,-5.717,-3.824
1645031795053,-2.53,-5.344,-2.942
1645031795054,-2.432,-5.207,-2.628
1645031795056,-2.432,-5.207,-2.628
1645031795070,-2.196,-5.06,-2.412
1645031795077,-1.833,-4.883,-2.343
1645031795092,-1.52,-4.668,-2.324
1645031795100,-1.225,-4.491,-2.373
1645031795109,-0.892,-4.373,-2.451
1645031795119,-0.568,-4.315,-2.559
1645031795127,-0.294,-4.275,-2.755
1645031795138,-0.196,-4.383,-2.932
1645031795153,-0.235,-4.638,-3.118
1645031795161,-0.421,-4.981,-3.167
1645031795170,-0.774,-5.54,-3.089
1645031795177,-0.99,-6.345,-2.863
1645031795190,-1.255,-7.757,-2.657
1645031795197,-1.667,-9.816,-2.726
1645031795214,-2.039,-12.199,-2.961
1645031795221,-2.52,-14.847,-3.246
1645031795230,-2.981,-17.181,-3.324
1645031795237,-3.206,-18.358,-2.834
1645031795250,-3.128,-18.937,-1.569
1645031795257,-3.059,-19.231,-0.049
1645031795274,-3.285,-19.241,1.127
1645031795281,-4.011,-18.476,1.716
1645031795291,-6.364,-16.397,1.216
1645031795297,-6.364,-16.397,1.216
1645031795310,-8.247,-15.298,0.666
1645031795317,-8.247,-15.298,0.813
1645031795334,-8.316,-14.72,1.196
1645031795341,-7.933,-14.171,1.627
1645031795350,-7.286,-13.357,2.059
1645031795357,-6.786,-12.543,2.52
1645031795371,-6.492,-11.67,2.981
1645031795377,-6.198,-10.709,3.403
1645031795393,-5.952,-9.865,3.579
1645031795401,-5.58,-9.022,3.422
1645031795410,-5.158,-8.286,3.04
1645031795417,-4.766,-7.639,2.736
1645031795430,-4.207,-7.041,2.275
1645031795437,-3.579,-6.462,1.784
1645031795453,-3.0,-5.903,1.431
1645031795461,-2.52,-5.433,0.97
1645031795471,-2.098,-4.893,0.48
1645031795477,-1.706,-4.481,-0.049
1645031795490,-1.402,-4.138,-0.676
1645031795497,-1.176,-3.805,-1.216
1645031795516,-1.029,-3.53,-1.578
1645031795542,-0.794,-3.344,-1.961
1645031795543,-0.794,-3.344,-1.961
1645031795543,-0.794,-3.344,-1.961
1645031795544,-0.402,-4.02,-2.461
1645031795544,-0.402,-4.02,-2.461
1645031795550,-0.402,-4.02,-2.461
1645031795557,-0.392,-4.452,-2.471
1645031795572,-0.539,-4.883,-2.422
1645031795580,-0.892,-5.589,-2.471
1645031795589,-1.363,-6.374,-2.657
1645031795598,-1.853,-7.208,-2.932
1645031795609,-2.471,-8.267,-3.108
1645031795616,-3.265,-9.512,-3.197
1645031795633,-4.079,-10.846,-3.108
1645031795640,-4.913,-11.935,-3.0
1645031795649,-5.766,-12.807,-2.824
1645031795658,-6.57,-13.415,-2.745
1645031795671,-7.296,-13.994,-2.785
1645031795677,-7.571,-14.278,-2.961
1645031795693,-7.404,-14.151,-3.108
1645031795701,-7.07,-13.582,-2.873
1645031795712,-6.041,-11.837,-1.912
1645031795717,-6.041,-11.837,-1.912
1645031795727,-5.717,-11.16,-1.186
1645031795737,-5.54,-10.777,-0.509
1645031795752,-5.531,-10.758,0.411
1645031795775,-5.737,-11.366,0.657
1645031795776,-5.737,-11.366,0.657
1645031795776,-5.737,-11.366,0.657
1645031795777,-5.913,-11.944,0.98
1645031795777,-5.903,-12.572,1.343
1645031795787,-5.521,-12.817,1.627
1645031795796,-4.746,-12.749,1.794
1645031795811,-3.756,-12.445,1.696
1645031795819,-2.824,-11.915,1.618
1645031795826,-1.961,-11.219,1.451
1645031795836,-1.314,-10.454,1.235
1645031795846,-0.951,-9.699,1.088
1645031795859,-0.745,-8.943,0.823
1645031795874,-0.764,-8.277,0.382
1645031795883,-1.01,-7.688,-0.058
1645031795886,-1.51,-7.266,-0.402
1645031795898,-2.039,-6.962,-0.657
1645031795910,-2.647,-6.825,-0.804
1645031795917,-3.197,-6.707,-0.686
1645031795932,-3.628,-6.649,-0.441
1645031795941,-3.932,-6.727,-0.117
1645031795949,-4.187,-6.757,0.323
1645031795958,-4.167,-6.864,0.676
1645031795970,-4.079,-6.943,1.137
1645031795977,-3.922,-7.061,1.598
1645031795994,-3.765,-7.208,2.02
1645031796002,-3.599,-7.374,2.324
1645031796010,-3.422,-7.512,2.589
1645031796017,-3.157,-7.678,2.726
1645031796051,-2.883,-7.796,2.745
1645031796054,-2.647,-7.835,2.814
1645031796056,-2.383,-7.875,2.804
1645031796060,-2.196,-8.041,2.834
1645031796067,-1.971,-8.12,2.834
1645031796077,-1.784,-8.237,2.794
1645031796089,-1.686,-8.286,2.706
1645031796098,-1.667,-8.424,2.451
1645031796112,-1.716,-8.551,2.049
1645031796120,-1.882,-8.747,1.471
1645031796127,-2.108,-8.904,0.951
1645031796138,-2.51,-9.297,0.068
1645031796150,-2.736,-9.601,-0.382
1645031796157,-2.736,-9.601,-0.382
1645031796175,-3.314,-10.316,-1.294
1645031796181,-3.687,-10.679,-1.618
1645031796187,-4.05,-10.983,-1.981
1645031796198,-4.471,-11.268,-3.353
1645031796209,-5.815,-12.503,-7.757
1645031796217,-6.188,-13.072,-11.072
1645031796232,-3.814,-12.042,-10.179
1645031796241,-0.99,-11.229,-6.56
1645031796249,0.745,-11.268,-4.491
1645031796258,1.706,-10.797,-2.51
1645031796280,1.804,-9.875,-0.98
1645031796280,1.343,-9.277,0.372
1645031796296,0.509,-9.277,1.098
1645031796302,-0.362,-9.591,2.118
1645031796310,-1.157,-10.179,2.814
1645031796317,-1.941,-10.905,2.922
1645031796329,-2.657,-11.601,2.794
1645031796336,-3.226,-12.268,2.304
1645031796352,-3.608,-12.621,1.814
1645031796360,-3.942,-12.484,1.402
1645031796367,-3.952,-11.935,1.137
1645031796377,-3.814,-11.032,1.049
1645031796386,-3.697,-10.15,1.294
1645031796396,-3.461,-9.287,1.735
1645031796411,-3.177,-8.522,2.157
1645031796419,-2.745,-7.933,2.549
1645031796427,-2.383,-7.59,2.775
1645031796436,-2.088,-7.365,2.922
1645031796446,-1.814,-7.355,2.834
1645031796459,-1.578,-7.345,2.54
1645031796470,-1.402,-7.325,2.206
1645031796480,-1.274,-7.159,1.843
1645031796486,-1.157,-7.07,1.441
1645031796496,-1.127,-6.835,0.98
1645031796507,-1.108,-6.531,0.588
1645031796516,-1.255,-6.247,0.166
1645031796532,-1.569,-6.119,-0.304
1645031796545,-1.569,-6.119,-0.304
1645031796546,-1.755,-6.178,-0.441
1645031796560,-1.971,-6.247,-0.088
1645031796566,-1.971,-6.129,-0.088
1645031796576,-1.794,-5.825,0.0
1645031796594,-1.627,-5.805,0.107
1645031796600,-1.363,-5.825,-0.137
1645031796609,-0.813,-6.109,-0.509
1645031796616,-0.608,-6.482,-1.088
1645031796627,-0.362,-6.786,-1.706
1645031796640,-0.019,-6.943,-2.226
1645031796650,0.225,-7.129,-2.824
1645031796662,0.833,-7.767,-2.794
1645031796666,1.0,-8.13,-3.383
1645031796678,1.049,-8.306,-4.923
1645031796694,1.0,-8.365,-6.835
1645031796697,0.941,-8.679,-8.473
1645031796713,0.098,-9.002,-9.287
1645031796726,-1.333,-9.228,-9.61
1645031796727,-2.932,-9.61,-9.924
1645031796739,-3.863,-10.542,-10.022
1645031796747,-4.089,-11.376,-9.1
1645031796762,-3.942,-11.846,-7.776
1645031796772,-3.246,-11.748,-5.168
1645031796786,-2.137,-11.935,-4.295
1645031796787,-1.196,-12.621,-3.765
1645031796801,-0.804,-13.484,-2.216
1645031796808,-0.353,-14.19,-0.745
1645031796816,0.343,-14.533,0.49
1645031796830,-0.019,-15.446,1.755
1645031796842,-0.784,-16.603,2.755
1645031796846,-1.873,-17.799,4.315
1645031796856,-2.844,-17.319,4.246
1645031796866,-3.981,-15.955,3.952
1645031796876,-4.726,-14.151,2.981
1645031796893,-4.609,-12.533,1.392
1645031796901,-3.922,-11.111,-0.107
1645031796909,-3.275,-10.238,-0.931
1645031796917,-2.51,-9.63,-1.049
1645031796929,-1.51,-9.091,-1.235
1645031796937,-0.588,-8.698,-1.294
1645031796951,-0.058,-8.316,-1.382
1645031796961,0.078,-7.776,-0.99
1645031796969,-0.117,-7.433,-1.019
1645031796978,-1.765,-7.266,-0.47
1645031796990,-2.579,-6.953,-1.284
1645031796997,-2.579,-6.953,-1.284
1645031797014,-4.001,-6.345,-2.343
1645031797022,-4.491,-6.286,-2.0
1645031797027,-4.844,-6.305,-2.147
1645031797043,-5.001,-6.354,-2.285
1645031797047,-4.599,-6.345,-2.343
1645031797059,-3.962,-6.266,-2.334
1645031797072,-3.363,-6.453,-2.549
1645031797081,-3.04,-6.796,-2.647
1645031797089,-2.794,-6.698,-2.667
1645031797098,-2.422,-6.256,-2.755
1645031797107,-2.128,-5.884,-3.197
1645031797117,-1.755,-5.678,-3.638
1645031797132,-1.51,-5.521,-3.942
1645031797140,-1.392,-5.364,-4.06
1645031797147,-1.157,-5.285,-4.06
1645031797158,-0.98,-5.227,-3.903
1645031797170,-0.853,-5.129,-3.687
1645031797177,-0.706,-5.227,-3.246
1645031797194,-0.509,-5.786,-2.971
1645031797201,-0.127,-6.6,-2.441
1645031797207,0.147,-7.865,-1.784
1645031797218,0.127,-9.571,-1.235
1645031797230,-0.49,-11.591,-1.637
1645031797237,-0.254,-13.533,-1.412
1645031797254,0.176,-14.936,-0.833
1645031797261,-0.029,-16.858,-0.745
1645031797271,-6.639,-18.191,0.098
1645031797277,-8.679,-18.858,-0.509
1645031797287,-8.09,-19.202,0.539
1645031797298,-8.747,-19.359,2.216
1645031797314,-9.14,-19.104,2.765
1645031797321,-8.777,-17.476,2.893
1645031797330,-7.953,-15.289,3.04
1645031797337,-6.806,-13.121,2.893
1645031797347,-5.472,-11.258,2.618
1645031797358,-3.971,-9.757,2.245
1645031797374,-2.422,-8.541,1.647
1645031797381,-1.117,-7.561,1.019
1645031797391,-0.402,-6.707,0.402
1645031797397,0.098,-5.894,-0.254
1645031797410,0.225,-5.305,-0.715
1645031797417,0.068,-4.785,-1.059
1645031797434,-0.235,-3.922,-2.03
1645031797441,-0.235,-3.922,-2.03
1645031797451,-0.274,-3.265,-2.147
1645031797457,-0.245,-3.226,-1.618
1645031797470,-0.107,-3.501,-2.167
1645031797477,0.058,-3.854,-2.608
1645031797494,0.147,-4.373,-2.902
1645031797514,0.156,-4.932,-3.049
1645031797515,0.156,-4.932,-3.049
1645031797516,-0.284,-5.894,-3.157
1645031797517,-0.284,-5.894,-3.157
1645031797541,-0.637,-6.256,-3.128
1645031797542,-1.059,-6.551,-3.04
1645031797555,-1.51,-6.776,-2.824
1645031797562,-1.971,-6.953,-2.451
1645031797567,-2.265,-7.139,-1.922
1645031797577,-2.471,-7.198,-1.108
1645031797589,-2.883,-7.306,-0.264
1645031797597,-3.344,-7.521,0.392
1645031797612,-3.707,-8.012,0.784
1645031797620,-3.863,-8.885,1.039
1645031797629,-4.06,-10.16,1.0
1645031797638,-4.109,-11.523,0.588
1645031797650,-4.422,-13.092,-0.735
1645031797657,-6.099,-14.788,-3.471
1645031797674,-7.512,-15.965,-5.943
1645031797681,-7.414,-16.593,-6.09
1645031797690,-6.551,-17.515,-3.461
1645031797697,-5.805,-18.437,-0.039
1645031797707,-5.54,-18.76,3.03
1645031797718,-5.433,-18.456,5.335
1645031797734,-5.364,-17.937,6.717
1645031797741,-5.256,-17.348,7.07
1645031797750,-5.129,-16.671,6.502
1645031797757,-4.952,-15.906,5.07
1645031797770,-4.785,-14.887,3.324
1645031797777,-4.383,-13.7,1.422
1645031797794,-3.893,-12.562,-0.392
1645031797801,-3.265,-11.434,-1.637
1645031797807,-2.647,-10.375,-2.343
1645031797818,-2.088,-9.287,-2.804
1645031797830,-1.765,-8.286,-2.804
1645031797837,-1.843,-7.404,-2.628
1645031797857,-1.99,-5.786,-2.618
1645031797857,-1.99,-5.786,-2.618
1645031797863,-1.863,-5.06,-2.598
1645031797867,-1.863,-5.06,-2.598
1645031797878,-1.225,-3.638,-2.373
1645031797890,-0.794,-3.138,-2.265
1645031797897,-0.333,-2.608,-2.069
1645031797913,0.107,-2.285,-1.843
1645031797921,0.421,-2.079,-1.549
1645031797930,0.558,-2.088,-1.255
1645031797941,0.402,-2.216,-1.206
1645031797946,-0.019,-2.392,-1.206
1645031797958,-0.598,-2.696,-1.284
1645031797974,-1.078,-3.069,-1.343
1645031797981,-1.461,-3.677,-1.402
1645031797990,-1.706,-4.334,-1.333
1645031797997,-1.873,-5.148,-1.314
1645031798011,-2.088,-6.08,-1.127
1645031798017,-2.334,-6.943,-0.921
1645031798034,-2.53,-7.6,-0.804
1645031798059,-2.647,-8.169,-0.813
1645031798061,-2.647,-8.169,-0.813
1645031798063,-2.54,-8.934,-0.676
1645031798064,-2.392,-8.934,-0.441
1645031798071,-2.373,-9.208,-0.441
1645031798077,-2.186,-9.395,-0.156
1645031798093,-1.981,-9.287,0.156
1645031798100,-1.775,-9.002,0.402
1645031798110,-1.627,-8.649,0.5
1645031798117,-1.441,-8.247,0.46
1645031798129,-1.216,-7.894,0.186
1645031798137,-0.921,-7.737,-0.411
1645031798152,-0.529,-7.767,-1.049
1645031798160,0.0,-8.277,-1.696
1645031798169,0.568,-9.198,-2.098
1645031798178,0.912,-10.591,-2.069
1645031798190,1.029,-12.239,-1.912
1645031798197,0.921,-13.857,-1.716
1645031798214,0.539,-15.671,-1.255
1645031798221,-0.029,-17.593,-0.755
1645031798227,-1.225,-18.564,-0.039
1645031798238,-2.51,-19.045,0.99
1645031798250,-3.962,-19.28,1.99
1645031798261,-6.158,-18.28,3.442
1645031798273,-6.158,-18.28,3.442
1645031798281,-6.119,-16.093,3.01
1645031798287,-5.305,-13.778,1.314
1645031798312,-4.422,-10.13,0.715
1645031798312,-4.422,-10.13,0.715
1645031798313,-3.491,-9.022,0.186
1645031798317,-2.677,-8.237,-0.068
1645031798331,-2.0,-7.472,-0.147
1645031798340,-1.5,-6.707,-0.225
1645031798347,-1.186,-6.08,-0.294
1645031798356,-1.098,-5.521,-0.519
1645031798366,-1.284,-5.08,-0.696
1645031798377,-1.559,-4.726,-0.823
1645031798390,-1.765,-4.609,-0.823
1645031798399,-2.02,-4.619,-0.715
1645031798406,-2.235,-4.805,-0.588
1645031798416,-2.5,-5.119,-0.49
1645031798429,-2.844,-5.56,-0.441
1645031798437,-3.304,-6.021,-0.392
1645031798452,-3.726,-6.462,-0.353
1645031798460,-4.04,-6.737,-0.382
1645031798469,-4.089,-6.727,-0.509
1645031798477,-4.011,-6.668,-0.843
1645031798489,-3.795,-6.511,-1.098
1645031798498,-3.471,-6.286,-1.216
1645031798513,-3.118,-6.188,-1.0
1645031798521,-2.736,-6.021,-0.676
1645031798527,-2.373,-5.874,-0.598
1645031798544,-2.02,-5.697,-0.402
1645031798547,-1.833,-5.521,-0.598
1645031798558,-1.824,-5.491,-0.872
1645031798572,-1.931,-5.737,-1.245
1645031798581,-4.118,-7.698,-7.061
1645031798589,-2.726,-8.434,-13.298
1645031798597,-1.559,-6.884,-16.24
1645031798609,-1.824,-6.08,-10.66
1645031798617,-2.177,-8.777,-4.432
1645031798633,-2.294,-13.062,0.274
1645031798640,-2.118,-15.23,3.403
1645031798649,-2.5,-16.76,5.119
1645031798659,-3.697,-18.79,5.54
1645031798670,-3.697,-18.79,5.54
1645031798677,-4.56,-19.162,5.197
1645031798694,-5.452,-19.339,1.981
1645031798701,-6.374,-19.437,1.892
1645031798711,-7.59,-17.623,-2.51
1645031798717,-7.59,-17.623,-2.51
1645031798730,-7.07,-14.73,-4.217
1645031798737,-6.217,-13.357,-4.03
1645031798754,-4.491,-12.121,-3.236
1645031798761,-3.128,-10.974,-2.422
1645031798767,-2.628,-10.012,-1.843
1645031798782,-2.726,-9.326,-1.549
1645031798787,-2.794,-8.492,-1.471
1645031798797,-2.706,-7.737,-1.471
1645031798813,-2.765,-6.962,-1.451
1645031798820,-2.736,-6.345,-1.363
1645031798829,-2.775,-5.717,-1.225
1645031798837,-2.579,-5.03,-1.196
1645031798849,-2.383,-4.462,-1.186
1645031798856,-2.128,-3.991,-1.157
1645031798873,-2.098,-3.559,-1.176
1645031798880,-2.0,-3.138,-1.274
1645031798889,-1.873,-2.942,-1.412
1645031798898,-1.716,-3.069,-1.51
1645031798911,-1.569,-3.304,-1.51
1645031798917,-1.343,-3.559,-1.676
1645031798934,-0.99,-3.736,-1.882
1645031798941,-0.735,-4.05,-2.049
1645031798947,-0.441,-4.491,-2.216
1645031798957,-0.431,-5.158,-2.51
1645031798970,-0.509,-5.962,-2.736
1645031798977,-0.598,-6.747,-2.971
1645031798994,-0.843,-7.512,-3.265
1645031799001,-1.461,-8.649,-3.187
1645031799012,-1.863,-8.953,-3.216
1645031799017,-2.167,-9.257,-3.569
1645031799030,-2.451,-9.365,-3.677
1645031799050,-2.579,-8.963,-3.501
1645031799054,-2.549,-8.453,-3.099
1645031799062,-2.353,-7.875,-2.687
1645031799067,-2.0,-7.316,-2.559
1645031799076,-1.49,-6.943,-2.461
1645031799089,-0.921,-7.031,-2.275
1645031799098,-0.382,-7.521,-2.157
1645031799113,0.117,-8.394,-1.902
1645031799120,0.46,-9.777,-1.627
1645031799127,0.804,-11.395,-1.372
1645031799139,0.0,-14.769,-1.588
1645031799150,-1.068,-16.093,-1.892
1645031799157,-1.068,-16.093,-2.196
1645031799174,-2.893,-17.77,-2.255
1645031799181,-3.824,-17.554,-1.863
1645031799189,-4.619,-17.073,-1.745
1645031799197,-5.482,-16.289,-1.794
1645031799209,-5.58,-14.945,-1.843
1645031799218,-5.354,-13.67,-1.804
1645031799232,-5.129,-12.621,-1.48
1645031799240,-4.883,-11.856,-0.813
1645031799249,-4.687,-11.238,-0.117
1645031799258,-4.393,-10.65,0.666
1645031799270,-4.099,-10.012,1.274
1645031799277,-3.658,-9.208,1.716
1645031799293,-3.255,-8.296,2.079
1645031799301,-2.902,-7.374,2.118
1645031799310,-2.706,-6.531,1.853
1645031799317,-2.618,-5.815,1.422
1645031799327,-2.657,-5.344,0.833
1645031799337,-2.657,-4.942,0.392
1645031799353,-2.794,-4.864,0.0
1645031799361,-2.922,-4.776,-0.372
1645031799371,-3.049,-4.628,-0.706
1645031799377,-3.03,-4.471,-1.0
1645031799390,-2.971,-4.324,-1.235
1645031799397,-2.893,-4.236,-1.363
1645031799414,-2.883,-4.118,-1.363
1645031799421,-2.922,-4.118,-1.274
1645031799430,-2.961,-4.207,-1.225
1645031799437,-2.971,-4.491,-1.157
1645031799450,-2.912,-4.874,-1.176
1645031799457,-2.853,-5.256,-1.196
1645031799474,-2.814,-5.619,-1.216
1645031799481,-2.716,-5.786,-1.078
1645031799490,-2.696,-5.795,-0.853
1645031799497,-2.657,-5.756,-0.627
1645031799510,-2.696,-5.894,-0.402
1645031799517,-2.853,-6.423,-0.343
1645031799534,-3.226,-7.571,-0.539
1645031799565,-4.717,-12.17,-1.598
1645031799566,-4.717,-12.17,-1.598
1645031799570,-4.717,-12.17,-1.598
1645031799571,-7.992,-17.682,-2.559
1645031799572,-7.992,-17.682,-2.559
1645031799573,-9.502,-18.603,-2.726
1645031799576,-9.502,-18.603,-2.726
1645031799593,-8.698,-19.29,-0.392
1645031799600,-7.551,-19.408,1.225
1645031799607,-6.698,-18.731,2.098
1645031799617,-5.992,-17.505,1.912
1645031799629,-5.099,-16.465,1.01
1645031799638,-4.001,-15.818,0.009
1645031799654,-2.667,-15.338,-1.186
1645031799661,-1.019,-14.779,-2.402
1645031799670,0.755,-13.641,-3.334
1645031799677,2.324,-12.033,-4.354
1645031799690,3.677,-10.493,-5.393
1645031799697,4.687,-9.13,-6.256
1645031799714,5.678,-7.796,-6.796
1645031799721,5.923,-6.806,-7.129
1645031799731,5.335,-6.256,-5.864
1645031799737,4.158,-5.835,-4.177
1645031799750,2.961,-5.305,-3.422
1645031799757,1.814,-5.178,-2.696
1645031799774,0.97,-5.256,-2.314
1645031799781,0.196,-4.952,-2.098
1645031799790,-0.725,-4.55,-2.52
1645031799797,-1.431,-4.187,-2.471
1645031799810,-1.647,-4.236,-1.882
1645031799817,-2.383,-5.109,-3.432
1645031799834,-2.324,-4.648,-4.305
1645031799841,-2.736,-4.197,-3.746
1645031799850,-1.765,-5.364,-2.5
1645031799857,-0.882,-6.453,-0.245
1645031799870,-0.362,-7.168,1.333
1645031799877,0.019,-7.472,2.206
1645031799894,-0.137,-7.776,2.736
1645031799901,-0.676,-8.198,2.745
1645031799910,-1.225,-8.767,2.392
1645031799917,-1.726,-9.306,1.5
1645031799930,-2.343,-9.895,0.323
1645031799937,-2.804,-10.64,-1.157
1645031799954,-3.226,-11.297,-2.079
1645031799961,-3.628,-11.738,-2.765
1645031799970,-3.942,-11.984,-3.128
1645031799977,-4.187,-12.092,-3.432
1645031799990,-4.373,-11.758,-4.403
1645031799997,-4.373,-11.758,-4.403
1645031800014,-5.04,-11.719,-7.865
1645031800021,-4.648,-11.944,-8.777
1645031800030,-4.825,-12.042,-9.218
1645031800037,-4.285,-11.974,-8.963
1645031800060,-2.844,-12.013,-7.757
1645031800077,-0.755,-11.964,-6.374
1645031800080,1.971,-10.944,-3.991
1645031800091,1.971,-10.944,-3.991
1645031800091,1.99,-10.375,-2.589
1645031800097,1.696,-10.522,-1.637
1645031800110,1.461,-10.238,-0.784
1645031800121,1.108,-10.758,-0.215
1645031800132,1.029,-10.875,0.019
1645031800140,0.813,-10.728,0.274
1645031800149,0.588,-10.777,0.313
1645031800159,0.421,-11.111,0.382
1645031800170,0.127,-11.67,0.706
1645031800177,-0.715,-11.974,1.52
1645031800194,-1.186,-12.082,2.667
1645031800201,-1.667,-11.993,3.599
1645031800210,-1.755,-11.846,3.716
1645031800217,-1.843,-11.778,3.677
1645031800227,-1.882,-11.601,3.618
1645031800237,-1.951,-10.915,3.442
1645031800254,-1.657,-9.954,3.0
1645031800263,-1.431,-9.1,3.118
1645031800267,-1.206,-8.404,3.246
1645031800277,-1.157,-7.904,3.187
1645031800290,-1.372,-7.639,2.991
1645031800297,-1.608,-7.404,2.775
1645031800314,-2.0,-7.355,2.589
1645031800321,-2.304,-7.188,1.882
1645031800330,-2.726,-7.061,1.392
1645031800337,-2.971,-7.061,1.049
1645031800350,-3.099,-7.266,1.098
1645031800357,-3.206,-7.512,0.921
1645031800374,-3.285,-7.914,1.147
1645031800394,-3.314,-8.071,1.314
1645031800395,-3.314,-8.071,1.314
1645031800397,-3.167,-8.286,1.343
1645031800398,-3.099,-8.384,0.853
1645031800407,-3.099,-8.384,0.853
1645031800417,-3.265,-8.473,0.372
1645031800432,-3.51,-8.659,-0.402
1645031800440,-5.001,-9.493,-1.775
1645031800449,-5.501,-9.708,-1.961
1645031800456,-5.835,-9.581,-1.794
1645031800466,-5.423,-9.699,-1.206
1645031800476,-4.383,-9.787,-0.568
1645031800489,-4.393,-10.199,-0.97
1645031800501,-4.648,-10.62,-0.706
1645031800506,-4.354,-10.768,-1.225
1645031800516,-3.393,-10.581,-2.186
1645031800526,-2.844,-10.483,-2.01
1645031800539,-2.461,-10.405,-1.588
1645031800565,-2.432,-10.277,-0.647
1645031800565,-2.432,-10.277,-0.647
1645031800566,-2.432,-10.277,-0.647
1645031800572,-3.707,-10.16,-1.912
1645031800574,-4.295,-10.189,-2.186
1645031800578,-4.295,-10.189,-2.186
1645031800589,-4.707,-10.316,-1.892
1645031800597,-5.168,-10.728,-2.745
1645031800612,-5.825,-11.425,-3.903
1645031800620,-5.972,-11.837,-5.207
1645031800629,-5.805,-11.778,-4.932
1645031800637,-5.217,-11.582,-4.266
1645031800649,-4.236,-11.827,-3.461
1645031800658,-3.295,-11.405,-3.03
1645031800673,-2.657,-10.797,-2.647
1645031800681,-2.088,-10.169,-2.598
1645031800690,-1.99,-9.826,-3.02
1645031800697,-2.128,-9.434,-3.628
1645031800710,-2.893,-9.248,-4.069
1645031800717,-3.775,-9.061,-4.197
1645031800734,-4.599,-9.091,-3.903
1645031800741,-5.482,-9.365,-3.04
1645031800750,-6.354,-9.846,-1.784
1645031800757,-6.825,-10.346,-0.362
1645031800770,-6.305,-10.503,1.068
1645031800777,-5.393,-10.591,2.304
1645031800796,-4.903,-10.679,2.549
1645031800802,-4.236,-10.65,2.706
1645031800807,-3.452,-10.875,2.647
1645031800818,-3.344,-10.885,2.324
1645031800830,-3.226,-10.983,1.902
1645031800837,-3.226,-10.983,1.902
1645031800854,-3.422,-11.562,1.48
1645031800862,-2.873,-11.307,2.334
1645031800867,-2.736,-10.993,3.197
1645031800878,-2.579,-11.081,4.05
1645031800890,-3.206,-10.954,5.776
1645031800897,-2.716,-11.179,6.972
1645031800914,-2.432,-11.179,7.512
1645031800922,-3.059,-10.699,7.571
1645031800930,-3.138,-9.895,6.874
1645031800937,-2.667,-8.561,5.403
1645031800950,-2.137,-7.178,3.079
1645031800957,-1.323,-5.658,0.098
1645031800973,-0.99,-5.227,-1.225
1645031800981,-1.422,-4.56,-2.275
1645031800990,-2.559,-4.442,-4.334
1645031800997,-3.148,-4.628,-2.324
1645031801004,-3.148,-4.628,-2.324
1645031801018,-4.874,-5.491,-2.255
1645031801033,-4.903,-5.648,-1.696
1645031801037,-5.276,-5.992,-0.215
1645031801062,-5.305,-6.56,0.245
1645031801064,-5.305,-6.56,0.245
1645031801064,-6.345,-7.316,0.156
1645031801071,-6.747,-7.541,-1.471
1645031801077,-7.237,-7.757,-2.363
1645031801093,-7.423,-8.061,-2.667
1645031801097,-7.355,-8.306,-2.834
1645031801112,-7.09,-8.326,-3.265
1645031801116,-7.374,-8.679,-3.569
1645031801126,-7.953,-8.943,-3.628
1645031801136,-8.796,-9.218,-3.677
1645031801150,-9.552,-9.522,-4.02
1645031801170,-11.866,-9.473,-5.374
1645031801171,-11.866,-9.473,-5.374
1645031801176,-11.866,-9.473,-5.374
1645031801177,-11.866,-9.473,-5.374
1645031801186,-12.337,-9.13,-5.717
1645031801196,-12.533,-9.022,-5.491
1645031801210,-12.347,-8.806,-4.54
1645031801216,-11.729,-8.708,-3.079
1645031801230,-11.209,-8.816,-1.372
1645031801239,-11.032,-9.169,0.137
1645031801249,-10.12,-9.14,1.627
1645031801259,-9.542,-9.1,1.755
1645031801271,-9.542,-9.1,1.755
1645031801277,-8.394,-8.365,0.372
1645031801294,-7.973,-7.865,0.0
1645031801300,-7.58,-7.247,0.049
1645031801309,-7.492,-6.619,0.196
1645031801317,-7.472,-5.972,0.46
1645031801332,-7.316,-5.07,0.863
1645031801337,-6.766,-4.06,1.402
1645031801354,-6.217,-2.932,2.039
1645031801357,-5.746,-1.833,2.951
1645031801373,-5.639,-1.029,3.677
1645031801377,-5.599,-0.441,4.481
1645031801393,-5.589,-0.46,4.854
1645031801397,-5.374,-0.715,5.285
1645031801414,-5.119,-0.558,5.864
1645031801417,-4.491,-0.156,6.59
1645031801431,-3.883,0.441,7.257
1645031801437,-4.001,0.931,7.953
1645031801454,-4.658,1.117,7.924
1645031801457,-5.168,1.196,6.658
1645031801473,-4.785,1.784,5.825
1645031801477,-3.854,2.265,4.746
1645031801487,-2.177,2.775,4.256
1645031801498,0.068,3.736,4.521
1645031801513,1.794,4.501,5.001
1645031801517,2.618,4.903,5.344
1645031801533,2.814,5.246,5.305
1645031801537,3.02,5.648,5.197
1645031801550,3.236,6.129,5.109
1645031801565,3.54,6.482,5.295
1645031801577,4.118,6.737,5.835
1645031801580,4.913,7.296,7.325
1645031801593,4.913,7.296,7.325
1645031801596,4.687,7.021,8.022
1645031801609,3.903,6.629,8.61
1645031801616,2.687,6.227,8.708
1645031801632,1.049,5.717,8.277
1645031801636,-0.725,5.001,7.757
1645031801653,-1.981,4.54,8.002
1645031801656,-2.422,4.413,8.581
1645031801667,-2.559,4.54,9.571
1645031801677,-2.736,4.726,10.365
1645031801717,-3.579,4.874,10.611
1645031801717,-3.579,4.874,10.611
1645031801719,-3.579,4.874,10.611
1645031801719,-3.991,5.207,8.728
1645031801721,-3.991,5.207,8.728
1645031801722,-3.785,5.462,7.384
1645031801731,-3.471,5.629,6.423
1645031801738,-3.04,5.766,5.992
1645031801752,-2.667,5.913,6.099
1645031801757,-2.451,5.835,6.59
1645031801772,-2.883,5.148,6.943
1645031801778,-2.991,4.864,7.463
1645031801790,-2.951,4.903,8.09
1645031801803,-2.824,5.148,8.6
1645031801814,-2.716,4.844,8.796
1645031801817,-2.657,4.854,8.796
1645031801833,-2.647,4.932,8.59
1645031801836,-2.687,5.04,8.394
1645031801849,-2.726,5.148,8.218
1645031801859,-2.726,5.295,8.12
1645031801874,-2.794,5.295,8.169
1645031801876,-2.932,5.462,8.414
1645031801891,-3.128,5.501,8.836
1645031801905,-3.658,4.795,9.914
1645031801908,-3.658,4.795,9.914
1645031801916,-4.079,4.481,10.258
1645031801929,-4.628,4.717,10.493
1645031801936,-5.776,4.952,10.042
1645031801950,-6.864,5.491,9.493
1645031801956,-7.512,6.286,8.953
1645031801966,-7.678,6.658,8.777
1645031801977,-7.227,6.737,8.443
1645031801989,-6.433,6.698,8.149
1645031801996,-5.482,6.551,8.473
1645031802009,-4.403,6.443,9.179
1645031802016,-3.197,6.472,9.993
1645031802026,-2.235,6.551,10.395
1645031802036,-1.696,6.639,10.542
1645031802054,-1.382,6.619,10.483
1645031802056,-1.196,6.482,10.022
1645031802071,-1.117,6.256,8.855
1645031802076,-1.225,5.913,7.316
1645031802086,-1.471,5.658,5.403
1645031802096,-1.657,5.688,4.187
1645031802109,-1.667,5.55,4.677
1645031802118,-2.392,5.678,6.472
1645031802131,-2.804,5.442,7.678
1645031802136,-3.814,4.805,8.228
1645031802146,-4.511,4.158,8.375
1645031802156,-4.932,3.854,8.1
1645031802173,-5.099,3.795,7.62
1645031802176,-5.217,3.824,6.972
1645031802190,-5.305,4.04,6.247
1645031802196,-5.119,4.315,5.668
1645031802210,-4.579,4.521,5.354
1645031802216,-3.942,4.756,5.217
1645031802234,-3.412,4.972,4.638
1645031802238,-2.804,5.737,3.814
1645031802257,-2.5,6.472,3.363
1645031802257,-2.5,6.472,3.363
1645031802258,-2.618,6.747,3.765
1645031802266,-2.687,6.953,4.687
1645031802276,-2.618,7.051,5.835
1645031802289,-2.589,6.913,6.864
1645031802296,-2.785,6.335,7.718
1645031802309,-3.275,5.668,8.188
1645031802316,-3.775,5.335,8.306
1645031802326,-4.148,5.325,8.002
1645031802336,-4.403,5.55,7.266
1645031802352,-4.481,5.795,6.492
1645031802357,-4.364,6.021,5.727
1645031802372,-4.226,6.266,5.236
1645031802377,-4.305,6.266,5.011
1645031802389,-4.354,6.041,5.119
1645031802397,-4.344,5.992,5.717
1645031802412,-4.393,5.864,6.56
1645031802417,-4.266,5.962,6.717
1645031802432,-4.069,6.286,6.835
1645031802436,-3.697,6.217,6.286
1645031802449,-3.677,6.158,5.933
1645031802457,-3.971,6.001,5.923
1645031802472,-4.413,5.805,6.227
1645031802476,-4.756,5.531,6.57
1645031802493,-5.06,5.246,6.757
1645031802496,-4.913,5.344,6.747
1645031802509,-3.736,5.717,6.09
1645031802517,-3.059,6.07,5.619
1645031802531,-3.059,6.07,5.462
1645031802537,-2.039,6.972,5.08
1645031802552,-1.853,7.257,4.854
1645031802564,-1.745,7.325,4.972
1645031802567,-1.755,6.835,5.001
1645031802579,-1.912,6.08,5.011
1645031802593,-1.833,5.531,5.393
1645031802596,-1.961,5.344,5.923
1645031802613,-2.324,5.276,6.619
1645031802616,-2.677,5.168,7.159
1645031802627,-2.873,5.119,7.62
1645031802637,-2.981,4.952,8.139
1645031802663,-3.108,4.697,8.384
1645031802664,-3.108,4.697,8.384
1645031802664,-3.108,4.697,8.384
1645031802666,-3.049,4.55,8.483
1645031802674,-2.687,4.589,8.502
1645031802677,-2.412,4.53,8.639
1645031802690,-1.696,4.687,9.375
1645031802697,-1.912,4.776,10.503
1645031802714,-2.196,5.05,11.837
1645031802717,-1.206,5.589,12.709
1645031802760,-0.215,5.668,12.307
1645031802761,-0.215,5.668,12.307
1645031802761,-0.215,5.668,12.307
1645031802762,-0.215,5.668,12.307
1645031802762,1.441,4.874,9.453
1645031802763,1.441,4.874,9.453
1645031802763,1.137,5.099,8.63
1645031802773,1.137,5.099,8.63
1645031802777,0.637,5.119,7.894
1645031802792,-0.127,5.06,7.335
1645031802797,-0.98,4.972,6.962
1645031802816,-1.451,4.874,6.953
1645031802818,-1.716,5.129,6.433
1645031802832,-2.147,5.138,5.786
1645031802836,-2.52,5.305,6.668
1645031802864,-1.912,5.864,8.267
1645031802867,-1.912,5.864,8.267
1645031802869,0.039,6.541,10.061
1645031802870,0.833,6.05,10.807
1645031802876,0.372,4.981,10.738
1645031802915,-0.451,4.334,9.189
1645031802916,-0.451,4.334,9.189
1645031802916,-0.451,4.334,9.189
1645031802916,-0.451,4.334,9.189
1645031802918,-0.411,4.991,8.502
1645031802919,-0.411,4.991,8.502
1645031802920,-0.519,5.129,8.257
1645031802929,-0.519,5.129,8.257
1645031802943,-1.098,4.638,7.757
1645031802990,-0.921,4.521,7.924
1645031802991,-0.921,4.521,7.924
1645031802992,-0.921,4.521,7.924
1645031802994,-0.921,4.521,7.924
1645031802995,-0.921,4.521,7.924
1645031802996,-0.274,4.275,8.375
1645031802997,-0.274,4.275,8.375
1645031803001,0.362,3.922,9.297
1645031803006,0.392,3.677,9.542
1645031803006,0.392,3.677,9.542
1645031803011,0.392,3.677,9.542
1645031803017,0.402,3.324,9.875
1645031803030,0.451,3.099,10.277
1645031803036,0.46,3.089,11.052
1645031803046,0.706,3.206,11.464
1645031803059,1.039,3.314,11.719
1645031803073,1.294,3.295,11.748
1645031803077,1.5,3.246,11.895
1645031803091,1.549,3.099,11.768
1645031803096,1.461,3.01,11.415
1645031803106,1.422,3.03,10.787
1645031803116,1.529,3.138,10.052
1645031803130,1.657,3.255,9.404
1645031803136,1.608,3.344,8.953
1645031803152,1.167,3.422,9.032
1645031803156,1.098,3.608,9.434
1645031803189,0.745,3.383,10.777
1645031803189,0.745,3.383,10.777
1645031803190,0.549,3.344,11.689
1645031803194,0.274,3.51,12.425
1645031803196,0.274,3.51,12.425
1645031803210,-0.245,3.726,12.503
1645031803216,-0.863,3.981,12.258
1645031803226,-1.382,4.344,11.827
1645031803237,-1.696,4.687,11.356
1645031803249,-1.941,4.932,10.513
1645031803256,-2.157,4.981,9.61
1645031803270,-2.235,5.04,8.855
1645031803276,-2.088,5.325,8.639
