1645031512964,-2.0944235E-4,3.490706E-4,3.8397766E-4
1645031512965,-0.0015708177,0.0023911337,0.0012915612
1645031512966,-0.0033336242,0.0048171743,0.0019547953
1645031512982,-0.00534078,0.00855223,0.0036477877
1645031512992,-0.0075573786,0.013543939,0.005829479
1645031512996,-0.0102801295,0.019495593,0.007836635
1645031513017,-0.013509032,0.026634086,0.011309887
1645031513018,-0.013509032,0.026634086,0.011309887
1645031513018,-0.013509032,0.026634086,0.011309887
1645031513018,-0.022305612,0.04178375,0.022986298
1645031513027,-0.022305612,0.04178375,0.022986298
1645031513036,-0.027803473,0.049096778,0.032882452
1645031513046,-0.03385985,0.05546732,0.045030106
1645031513057,-0.04010821,0.05969107,0.05548477
1645031513071,-0.046880182,0.063303955,0.067894235
1645031513078,-0.06295488,0.06867964,0.09449341
1645031513086,-0.06295488,0.06867964,0.09449341
1645031513096,-0.07152457,0.07016319,0.10922419
1645031513108,-0.079867356,0.06995375,0.11995811
1645031513116,-0.08775635,0.070285365,0.13468888
1645031513131,-0.094702855,0.07140239,0.14948948
1645031513136,-0.10054979,0.073933154,0.15641853
1645031513146,-0.10426739,0.081717424,0.16846147
1645031513157,-0.104616456,0.095505714,0.1792652
1645031513166,-0.099223316,0.11566454,0.18759054
1645031513177,-0.08501615,0.14179248,0.18704948
1645031513191,-0.059987783,0.17465748,0.17184746
1645031513196,-0.024365127,0.20982634,0.13280392
1645031513206,0.019373419,0.24527445,0.0810891
1645031513216,0.06848765,0.27798238,0.019600315
1645031513226,0.116432495,0.3033598,-0.045274455
1645031513236,0.16170695,0.31367484,-0.12027228
1645031513250,0.20329872,0.30746138,-0.19795793
1645031513258,0.23918317,0.28002444,-0.28283444
1645031513266,0.28726766,0.20038398,-0.44782266
1645031513276,0.32105768,0.122611046,-0.51978356
1645031513286,0.36997992,0.0030020073,-0.62717515
1645031513296,0.4362161,-0.21970503,-0.783489
1645031513311,0.50149226,-0.4919801,-0.95620906
1645031513316,0.5150362,-0.76298106,-1.0458853
1645031513326,0.46796405,-0.9729819,-0.9270443
1645031513336,0.40136138,-1.152125,-0.8231608
1645031513346,0.31048083,-1.2389214,-0.5821974
1645031513356,0.21443407,-1.2498996,-0.31304651
1645031513371,0.1389301,-1.2243826,-0.08880356
1645031513376,0.092486255,-1.1808012,0.09194519
1645031513386,0.07944847,-1.1367135,0.18329698
1645031513396,0.06960468,-1.0653635,0.3538354
1645031513407,0.053669605,-0.985915,0.55069375
1645031513416,0.030927654,-0.9385112,0.59865606
1645031513430,-7.3304825E-4,-0.8852605,0.6971638
1645031513437,-0.040823806,-0.8554673,0.7526311
1645031513446,-0.08794834,-0.84562355,0.76696044
1645031513456,-0.15779737,-0.82368445,0.9177066
1645031513466,-0.2677197,-0.83546555,0.9672921
1645031513476,-0.4185182,-0.88440526,1.0457981
1645031513491,-0.5850249,-0.97849727,1.2498647
1645031513496,-0.7493324,-1.179911,1.2703028
1645031513506,-0.89847285,-1.42536,1.3126451
1645031513516,-1.0372459,-1.6887163,1.2184658
1645031513526,-1.1342351,-1.8912646,1.1415132
1645031513536,-1.1785321,-2.020892,0.99205863
1645031513550,-1.1725631,-2.0382755,0.78785235
1645031513556,-1.1069204,-1.904442,0.61567324
1645031513566,-1.0083952,-1.6517847,0.42415568
1645031513576,-0.8754167,-1.3166595,0.33755127
1645031513586,-0.74292696,-0.96065974,0.30363905
1645031513596,-0.62736714,-0.6581203,0.2518021
1645031513610,-0.5185793,-0.43762982,0.27923903
1645031513616,-0.42701808,-0.32639846,0.33711493
1645031513626,-0.3506938,-0.3235361,0.4191465
1645031513636,-0.30206823,-0.39300114,0.45871368
1645031513646,-0.24407016,-0.47536436,0.6001396
1645031513656,-0.20869187,-0.5364517,0.700672
1645031513671,-0.16376647,-0.5507811,0.82789075
1645031513676,-0.13137272,-0.5194345,0.8846845
1645031513686,-0.0756436,-0.42652938,1.0571079
1645031513696,-0.04831137,-0.28625536,1.2284318
1645031513706,-0.068941444,-0.10437211,1.4470547
1645031513716,-0.11711319,0.046391483,1.738232
1645031513730,-0.17341827,0.14605114,2.0308928
1645031513736,-0.22558688,0.21816912,2.2472293
1645031513746,-0.26211712,0.28843704,2.3065014
1645031513756,-0.23028187,0.37170783,2.3512697
1645031513766,-0.13440964,0.4767781,2.3736277
1645031513776,-0.010594293,0.6110481,2.2650669
1645031513790,0.1612357,0.75018764,2.1728249
1645031513796,0.32782966,0.8816825,1.9240422
1645031513806,0.50540185,1.0012915,1.7224889
1645031513816,0.65473425,1.106676,1.4997818
1645031513826,0.76799023,1.2295488,1.3993193
1645031513836,0.8218344,1.36621,1.3133607
1645031513850,0.83660007,1.509102,1.2810193
1645031513856,0.82010645,1.6418012,1.2594467
1645031513866,0.7866655,1.7404137,1.1801379
1645031513876,0.75315475,1.7920412,0.99818486
1645031513886,0.7426477,1.7990226,0.8461471
1645031513896,0.75987434,1.7568026,0.6842482
1645031513910,0.7978707,1.6611397,0.36533728
1645031513916,0.8548739,1.5365739,0.019460686
1645031513926,0.9539576,1.366175,-0.43920064
1645031513936,1.1037612,1.1561219,-0.8866393
1645031513946,1.2846147,0.8989266,-1.3755301
1645031513956,1.441138,0.5949036,-2.0193036
1645031513970,1.4853303,0.30807227,-2.4560783
1645031513976,1.3934375,0.0462344,-2.6057248
1645031513986,1.2045379,-0.2148355,-2.716223
1645031513996,0.9431364,-0.38485032,-2.5222096
1645031514006,0.66578233,-0.46038923,-2.215045
1645031514016,0.44237718,-0.43469763,-1.8220264
1645031514030,0.33467144,-0.36277163,-1.5906798
1645031514036,0.3345667,-0.29358584,-1.5063269
1645031514046,0.40898857,-0.24829392,-1.4883323
1645031514056,0.5048608,-0.29871717,-1.5047038
1645031514066,0.5452832,-0.44941095,-1.5420368
1645031514076,0.44452396,-0.5946767,-1.2412426
1645031514090,0.24736889,-0.7257003,-0.7798935
1645031514096,0.038869012,-0.83478487,-0.29780957
1645031514106,-0.12933065,-0.84794486,0.18308753
1645031514116,-0.24249935,-0.77193475,0.5518806
1645031514126,-0.28639498,-0.6946156,0.7868924
1645031514136,-0.2682782,-0.67916924,0.9548477
1645031514150,-0.18399511,-0.9725456,0.6369142
1645031514156,-0.09515665,-1.4138057,0.19766122
1645031514166,-0.0496902,-1.8055502,-0.03817087
1645031514176,-0.08269483,-2.099904,-0.22851907
1645031514186,-0.15844314,-2.2679117,-0.28035605
1645031514196,-0.26007506,-2.3241644,-0.24642639
1645031514210,-0.370329,-2.2799196,-0.15018763
1645031514216,-0.48850685,-2.1568549,-0.11041103
1645031514226,-0.57141113,-1.951549,-0.087738894
1645031514236,-0.61939085,-1.6836722,-0.14331093
1645031514246,-0.6370189,-1.3874859,-0.27803475
1645031514256,-0.6286238,-1.1028886,-0.51161534
1645031514270,-0.5757745,-0.8475609,-0.7386857
1645031514276,-0.49826336,-0.64052707,-1.0419234
1645031514286,-0.38930097,-0.4816825,-1.372179
1645031514296,-0.2576141,-0.36083427,-1.5897373
1645031514306,-0.1527533,-0.3093638,-1.7334497
1645031514316,-0.09897897,-0.336155,-1.8504581
1645031514330,-0.075678505,-0.4163016,-1.7859324
1645031514336,-0.10330744,-0.5100445,-1.616162
1645031514346,-0.16839166,-0.5426128,-1.2650144
1645031514356,-0.27225763,-0.51009685,-0.8223056
1645031514366,-0.3678855,-0.43080547,-0.28936207
1645031514376,-0.44448906,-0.37853217,0.29152632
1645031514390,-0.5333973,-0.41546384,0.8003142
1645031514396,-0.6286936,-0.50885767,1.2003665
1645031514406,-0.6703552,-0.59249496,1.5076184
1645031514416,-0.63754255,-0.6265817,1.6287111
1645031514426,-0.54934984,-0.5766646,1.6280129
1645031514436,-0.4359019,-0.39340258,1.6103848
1645031514450,-0.3474649,-0.07159438,1.6114321
1645031514456,-0.25398377,0.37296447,1.7735579
1645031514466,-0.18746836,0.8736539,1.9322803
1645031514476,-0.09700672,1.3501877,2.1418447
1645031514486,-0.014503883,1.7086133,2.240213
1645031514496,0.07307793,1.8838817,2.3024871
1645031514510,0.14914042,1.8258487,2.2517672
1645031514516,0.21101318,1.5210402,1.96244
1645031514526,0.30054978,1.0680338,1.5865607
1645031514536,0.4099136,0.5655118,1.1179858
1645031514546,0.53081423,0.15006545,0.66972685
1645031514556,0.65496117,-0.08283445,0.28061786
1645031514570,0.7901911,-0.16828693,-0.078453615
1645031514576,0.8970067,-0.124914914,-0.39212847
1645031514586,0.95620906,0.062902525,-0.5476394
1645031514596,0.9447072,0.3839253,-0.5616197
1645031514606,0.89264333,0.7856881,-0.32816127
1645031514616,0.79376906,1.1582162,-0.07950083
1645031514630,0.6772493,1.4230561,0.10812462
1645031514636,0.5758792,1.5710096,0.27471855
1645031514646,0.5074439,1.6286936,0.38216248
1645031514656,0.48220614,1.6070163,0.3972947
1645031514667,0.5222445,1.5128894,0.31983593
1645031514676,0.5222445,1.5128894,0.31983593
1645031514691,0.6337202,1.362056,0.1552317
1645031514696,0.7965442,1.2229165,-0.043267302
1645031514706,0.9556331,1.1373243,-0.15280566
1645031514716,1.0416267,1.0866044,-0.18128982
1645031514727,1.0705297,1.0588009,-0.04787503
1645031514736,1.0389389,0.98882973,0.28147307
1645031514754,0.9620735,0.74324113,0.45246533
1645031514755,0.9620735,0.74324113,0.45246533
1645031514757,0.8256043,0.31231347,0.38680512
1645031514766,0.6389912,-0.17465748,0.40579456
1645031514776,0.4197923,-0.7367833,0.28681386
1645031514786,0.22331792,-1.3690723,-0.073845886
1645031514796,0.083846755,-2.0362334,-0.7121913
1645031514812,0.020385724,-2.6201413,-1.4327079
1645031514816,-0.022951392,-3.0399861,-2.150048
1645031514829,-0.05410594,-3.0575967,-2.4540362
1645031514840,-0.07712715,-2.1286848,-1.5677983
1645031514846,-0.10660616,-0.99017364,-0.3888472
1645031514881,-0.16678593,0.25169736,0.9738895
1645031514883,-0.30458155,1.5867702,2.8228292
1645031514884,-0.47449166,2.652954,4.566524
1645031514893,-0.6629374,2.9195566,5.120272
1645031514910,-0.7959508,2.4932194,4.4830437
1645031514911,-0.8180993,1.6316084,3.121267
1645031514916,-0.78188324,0.578026,1.4101056
1645031514930,-0.71543765,-0.3193647,0.09606423
1645031514936,-0.69185793,-1.1087006,-1.0589231
1645031514946,-0.7134479,-1.7664543,-1.7765774
1645031514956,-0.78572303,-2.2641068,-2.227856
1645031514966,-0.8617157,-2.476464,-2.3291736
1645031514976,-0.904983,-2.4910376,-2.2117114
1645031514993,-0.91096956,-2.3122263,-2.099747
1645031514996,-0.85452485,-2.0061612,-1.9419321
1645031515007,-0.74097216,-1.6395671,-1.7654943
1645031515016,-0.637944,-1.2973034,-1.7827734
1645031515026,-0.51477444,-1.0088315,-1.8621695
1645031515041,-0.35205516,-0.7820927,-1.895785
1645031515052,-0.19193646,-0.6276988,-1.9463654
1645031515059,-0.049760014,-0.554935,-2.0776508
1645031515067,0.07018065,-0.5432062,-2.1790907
1645031515078,0.07018065,-0.5432062,-2.1790907
1645031515091,0.24609478,-0.733694,-2.2378743
1645031515096,0.28896064,-0.8841784,-2.1141286
1645031515114,0.29033947,-1.0342264,-1.9748495
1645031515116,0.2513483,-1.0991884,-1.7225935
1645031515126,0.20481718,-0.99802774,-1.2124618
1645031515141,0.10276639,-0.7515141,-0.6094074
1645031515147,-0.020158827,-0.38720655,0.17854962
1645031515160,-0.13550921,-0.026930796,0.9709224
1645031515196,-0.24654856,0.24466358,1.6362336
1645031515197,-0.24654856,0.24466358,1.6362336
1645031515198,-0.24654856,0.24466358,1.6362336
1645031515198,-0.24654856,0.24466358,1.6362336
1645031515211,-0.42321318,1.2506326,3.4945633
1645031515211,-0.42321318,1.2506326,3.4945633
1645031515213,-0.42930448,1.5175495,3.8852606
1645031515216,-0.4088664,1.6535823,4.1399946
1645031515221,-0.4088664,1.6535823,4.1399946
1645031515232,-0.37526834,1.6197574,4.237857
1645031515238,-0.3148268,1.4906187,4.2633214
1645031515246,-0.24077144,1.2730255,4.1220527
1645031515256,-0.15442884,1.0460598,3.9023125
1645031515266,-0.04312767,0.8756087,3.721075
1645031515276,0.056776334,0.7551619,3.4537919
1645031515291,0.16823457,0.62871104,3.211851
1645031515295,0.27213544,0.44588533,2.9184222
1645031515306,0.34638277,0.20272276,2.4779823
1645031515316,0.42309102,-0.07690025,2.016441
1645031515326,0.5254909,-0.34873897,1.5318265
1645031515336,0.6392879,-0.5748495,0.98684
1645031515353,0.75860023,-0.71311635,0.53538704
1645031515356,0.87538177,-0.75610435,0.17034645
1645031515375,0.96978796,-0.69330657,-0.10519242
1645031515376,1.0520988,-0.49595952,-0.09657038
1645031515391,1.0891352,-0.25951654,0.012444367
1645031515397,1.0554324,-0.055118248,0.09527882
1645031515412,1.0010473,0.08279955,0.17092241
1645031515419,0.9420194,0.14563225,0.21935597
1645031515427,0.90196353,0.1522646,0.290322
1645031515436,0.883201,0.13306572,0.32590976
1645031515447,0.8806528,0.120464265,0.31655467
1645031515456,0.9111964,0.13793525,0.30627453
1645031515473,0.9695436,0.17764203,0.21736626
1645031515476,1.0338075,0.22481892,0.06459551
1645031515486,1.1417576,0.31363994,0.01087355
1645031515496,1.239794,0.4120953,-0.02031591
1645031515506,1.3198359,0.52611923,0.04667074
1645031515518,1.3457544,0.64052707,0.14395672
1645031515533,1.3368182,0.8143293,0.41488788
1645031515536,1.2852604,1.0682608,0.8387294
1645031515547,1.1916747,1.4024435,1.446025
1645031515557,1.0709486,1.8026006,2.3123484
1645031515567,0.91884106,2.2555547,3.4358845
1645031515582,0.71843964,2.661227,4.559822
1645031515594,0.4393577,2.8508072,5.291701
1645031515602,0.14233354,2.9154725,5.771481
1645031515620,-0.13653897,2.8057249,5.9691772
1645031515620,-0.41841346,2.4294267,5.648765
1645031515629,-0.66295487,1.9705908,5.0863075
1645031515637,-0.8729209,1.5524566,4.4130554
1645031515652,-1.0305088,1.201309,3.7616372
1645031515656,-1.115106,1.0170346,3.4203682
1645031515667,-1.1279343,0.95638365,3.2005935
1645031515677,-1.0775286,0.94725543,3.0104895
1645031515686,-1.0029148,0.93091893,2.8129506
1645031515700,-0.9177241,0.81315994,2.4027925
1645031515712,-0.7633127,0.4275242,1.6779126
1645031515716,-0.6098263,-0.029828083,0.94060564
1645031515726,-0.45208132,-0.50374377,0.23084038
1645031515736,-0.2829741,-0.94926256,-0.41905925
1645031515746,-0.09622131,-1.2969195,-0.91074264
1645031515757,0.097233616,-1.4726242,-1.1681473
1645031515772,0.3411816,-1.3507811,-1.0125316
1645031515776,0.5758269,-1.1092765,-0.68862903
1645031515786,0.7782529,-0.78191817,-0.3225936
1645031515797,0.9309887,-0.37120166,0.067231
1645031515807,1.0558338,0.03452308,0.58994675
1645031515817,1.1199232,0.31852692,0.8718736
1645031515833,1.1558601,0.50435466,1.1506065
1645031515836,1.1128197,0.56062484,1.1824068
1645031515847,1.0241382,0.5277424,1.1212671
1645031515857,0.91220874,0.40403175,0.9541147
1645031515867,0.80516624,0.2321494,0.72824854
1645031515877,0.6996248,0.035186317,0.39837682
1645031515893,0.609966,-0.16889781,0.03679204
1645031515896,0.56118333,-0.35345143,-0.21253164
1645031515907,0.5444803,-0.50369143,-0.38158652
1645031515916,0.5400995,-0.60621345,-0.5387032
1645031515927,0.5736452,-0.59225065,-0.49660528
1645031515937,0.6226896,-0.45756173,-0.36198622
1645031515954,0.6915088,-0.14509119,0.04024784
1645031515957,0.7323501,0.32528144,0.63693166
1645031515967,0.6935335,0.82167727,1.179719
1645031515976,0.57608867,1.2383454,1.639288
1645031515987,0.35757047,1.4620473,1.8092853
1645031515997,0.093132034,1.4297931,1.6487128
1645031516013,-0.12529889,1.1731739,1.3860197
1645031516016,-0.27231,0.6841435,0.8958199
1645031516030,-0.3343922,0.05909765,0.2778951
1645031516038,-0.3343922,0.05909765,0.2778951
1645031516050,-0.2298979,-0.577101,-0.26721355
1645031516056,0.007906449,-1.0364604,-0.55739594
1645031516075,0.24963784,-1.3666114,-0.75449866
1645031516090,0.24963784,-1.3666114,-0.75449866
1645031516091,0.46435118,-1.4660616,-0.7799808
1645031516098,0.5745004,-1.2367921,-0.53275156
1645031516110,0.5745004,-1.2367921,-0.53275156
1645031516111,0.62570906,-0.90976524,-0.20356052
1645031516116,0.5881316,-0.4916834,0.19694564
1645031516133,0.5198185,-0.091281965,0.5919888
1645031516136,0.42516798,0.24558862,0.9039881
1645031516146,0.33240247,0.5148791,1.1462606
1645031516156,0.24543154,0.71336067,1.3520552
1645031516167,0.16071211,0.8282398,1.4407191
1645031516176,0.074631296,0.8547692,1.4357274
1645031516192,-0.015289293,0.80986124,1.3555633
1645031516197,-0.10472118,0.71404135,1.2271751
1645031516206,-0.14273497,0.6235099,1.1795095
1645031516216,-0.15821625,0.53739417,1.1205864
1645031516226,-0.16395846,0.4596736,1.0363034
1645031516236,-0.16558164,0.38800943,0.94256043
1645031516253,-0.1705908,0.32910377,0.8588184
1645031516256,-0.18382058,0.29039183,0.81211275
1645031516267,-0.21165895,0.24611223,0.6996771
1645031516277,-0.2318527,0.22042063,0.65583384
1645031516287,-0.24593769,0.2069814,0.65394884
1645031516297,-0.25845188,0.20040143,0.6604241
1645031516313,-0.28295663,0.21221747,0.67848855
1645031516316,-0.32514182,0.24784012,0.65771884
1645031516327,-0.36460423,0.31596124,0.68690115
1645031516337,-0.39186665,0.3873811,0.73165196
1645031516347,-0.42261976,0.4205428,0.70781046
1645031516356,-0.44340694,0.40363035,0.6840736
1645031516374,-0.44722927,0.29475522,0.6325683
1645031516377,-0.43878174,0.070756614,0.47182128
1645031516390,-0.39239025,-0.21834366,0.34053582
1645031516396,-0.32095295,-0.5354045,0.20139629
1645031516409,-0.22649446,-0.83478487,0.112627625
1645031516416,-0.114198446,-1.0827821,0.039811503
1645031516435,0.014940222,-1.2586439,0.003927044
1645031516436,0.014940222,-1.2586439,0.003927044
1645031516441,0.15704687,-1.3184396,0.061785497
1645031516447,0.2797801,-1.2677546,0.1295401
1645031516456,0.3864735,-1.1251942,0.30088142
1645031516466,0.4407191,-0.93877304,0.46089536
1645031516477,0.45935947,-0.76395845,0.57706606
1645031516495,0.46222183,-0.60998344,0.6961515
1645031516499,0.43689677,-0.43623352,0.79408324
1645031516509,0.38551357,-0.28243303,0.8069116
1645031516516,0.33936644,-0.14235099,0.85654944
1645031516529,0.2866044,-0.03639061,0.8561131
1645031516536,0.25105157,0.09053146,0.8508421
1645031516555,0.25354743,0.23431364,0.95743084
1645031516556,0.25354743,0.23431364,0.95743084
1645031516559,0.23843268,0.39359456,0.98912644
1645031516569,0.21699974,0.53884286,1.0242081
1645031516576,0.17909066,0.6650493,1.0690112
1645031516590,0.08688367,0.7742211,1.0995201
1645031516597,-0.042045552,0.87264156,1.186875
1645031516620,-0.1834715,0.9247753,1.2785933
1645031516625,-0.1834715,0.9247753,1.2785933
1645031516626,-0.1834715,0.9247753,1.2785933
1645031516627,-0.41598743,0.8089362,1.2218518
1645031516634,-0.41598743,0.8089362,1.2218518
1645031516640,-0.49763504,0.70648396,1.111947
1645031516646,-0.54194957,0.6270181,1.0250982
1645031516657,-0.5538354,0.6178899,0.98270357
1645031516674,-0.52849287,0.68655205,1.0268785
1645031516676,-0.492207,0.8083602,1.0459726
1645031516697,-0.4415394,0.9491579,1.1074789
1645031516698,-0.3879396,1.049725,1.1708177
1645031516706,-0.3391919,1.058609,1.142735
1645031516717,-0.30173662,0.9702417,1.0864648
1645031516734,-0.27231,0.8031067,1.0921197
1645031516736,-0.23783925,0.5501004,1.0453618
1645031516747,-0.18423946,0.25227332,0.9155773
1645031516757,-0.07957064,-0.03476743,0.8682782
1645031516769,0.0655031,-0.26946506,0.85154027
1645031516777,0.23900864,-0.4023213,0.8762196
1645031516793,0.44178376,-0.4086046,1.0283968
1645031516797,0.63960207,-0.29154375,1.2213457
1645031516807,0.7933677,-0.07560869,1.3896326
1645031516818,0.90705997,0.2118684,1.6062484
1645031516832,0.9869971,0.5216162,1.8776507
1645031516842,0.9908369,0.8084824,2.0772843
1645031516862,0.92287284,1.0352736,2.1420543
1645031516863,0.8421852,1.2275417,2.220665
1645031516873,0.72922593,1.31453,2.1596823
1645031516911,0.6158478,1.2800593,2.0907757
1645031516912,0.52613664,1.2170347,2.0854526
1645031516912,0.48485905,1.1481106,2.0885766
1645031516925,0.47655118,1.027437,2.0727289
1645031516926,0.47655118,1.027437,2.0727289
1645031516926,0.47655118,1.027437,2.0727289
1645031516927,0.50271404,0.47014573,1.8665677
1645031516927,0.50271404,0.47014573,1.8665677
1645031516936,0.5455275,0.088995546,1.7394363
1645031516946,0.60506153,-0.2962911,1.6863252
1645031516957,0.62261975,-0.61809933,1.6119207
1645031516974,0.5940658,-0.86764985,1.5022253
1645031516976,0.5554935,-1.0448556,1.4391483
1645031516987,0.47138494,-1.1640457,1.2651889
1645031516997,0.3792303,-1.2019548,1.1523519
1645031517006,0.2730081,-1.1947291,0.9650755
1645031517016,0.1856532,-1.1377608,0.8224976
1645031517032,0.1760363,-0.9955319,0.8140152
1645031517037,0.19837682,-0.8267214,0.8560258
1645031517046,0.30578583,-0.66398466,1.0053757
1645031517057,0.42401606,-0.53692293,1.1182652
1645031517069,0.5898944,-0.44050965,1.2999563
1645031517076,0.77493674,-0.376717,1.5188586
1645031517092,0.934846,-0.35430667,1.6752422
1645031517097,1.0682957,-0.33461908,1.8290776
1645031517107,1.1835588,-0.2677197,2.0224278
1645031517116,1.2913169,-0.15603456,2.2126365
1645031517126,1.4382406,0.004171394,2.4713326
1645031517137,1.6275417,0.23663495,2.8687844
1645031517157,1.7482502,0.44911423,3.0841959
1645031517158,1.7482502,0.44911423,3.0841959
1645031517158,1.7482502,0.44911423,3.0841959
1645031517163,1.8074003,0.6345231,3.1839428
1645031517172,1.7984117,0.7730343,3.1643076
1645031517176,1.7638363,0.87457895,3.111022
1645031517194,1.7353172,0.95565057,3.0735493
1645031517198,1.6375077,1.0004014,2.9407628
1645031517214,1.4169649,0.9868924,2.564517
1645031517219,1.1114583,0.9404311,2.1418273
1645031517226,0.72775984,0.8374378,1.6823457
1645031517238,0.26534602,0.65820754,1.1585479
1645031517246,-0.21991448,0.42684352,0.66784185
1645031517256,-0.716991,0.13760363,0.12067371
1645031517276,-1.1298543,-0.14736016,-0.33639935
1645031517277,-1.1298543,-0.14736016,-0.33639935
1645031517277,-1.386648,-0.39359456,-0.60596913
1645031517287,-1.5111965,-0.56409806,-0.7650231
1645031517298,-1.4999214,-0.6248364,-0.7668383
1645031517306,-1.3845537,-0.5837682,-0.6654856
1645031517316,-1.2247491,-0.48156035,-0.57703114
1645031517334,-1.051104,-0.33646914,-0.4754167
1645031517339,-0.9210577,-0.18556593,-0.42153767
1645031517348,-0.8839515,-0.060162317,-0.5587573
1645031517357,-0.8960817,0.06918579,-0.75483024
1645031517370,-0.93180907,0.24244699,-0.9419845
1645031517376,-0.97109693,0.45263985,-1.1725456
1645031517392,-1.0044856,0.6851034,-1.467615
1645031517398,-0.96535474,0.94742996,-1.5780609
1645031517406,-0.90695524,1.2433546,-1.5638537
1645031517418,-0.8430055,1.4991884,-1.4963261
1645031517426,-0.77305174,1.6174186,-1.3892661
1645031517436,-0.71194696,1.6541584,-1.3041452
1645031517455,-0.6461646,1.6021992,-1.205079
1645031517455,-0.6461646,1.6021992,-1.205079
1645031517458,-0.5548477,1.4154464,-1.0884894
1645031517466,-0.452762,1.1767344,-0.95936817
1645031517476,-0.31459987,0.9705559,-0.7113186
1645031517486,-0.18132472,0.8220787,-0.45262238
1645031517496,-0.05923728,0.7497338,-0.23771708
1645031517512,0.05042325,0.7749018,-0.049463306
1645031517516,0.15318963,0.91383195,0.19984291
1645031517526,0.24604242,1.1429445,0.44759578
1645031517536,0.3258225,1.4281002,0.6436513
1645031517546,0.39251244,1.7260145,0.77682173
1645031517556,0.43860722,1.9928615,0.9474474
1645031517577,0.47569597,2.1637142,1.1143031
1645031517579,0.47569597,2.1637142,1.1143031
1645031517580,0.50496554,2.204573,1.2520988
1645031517598,0.51967883,2.1261017,1.3337464
1645031517598,0.5164499,1.9952003,1.4448206
1645031517607,0.48321843,1.7893708,1.4899904
1645031517617,0.4176804,1.5266079,1.4447857
1645031517634,0.30973035,1.2789598,1.4117113
1645031517636,0.17608866,1.069465,1.2678767
1645031517647,0.016545946,0.9411118,1.1279519
1645031517657,-0.15558076,0.9116677,0.98059165
1645031517667,-0.3320534,0.99143034,0.6841435
1645031517677,-0.5258225,1.1723013,0.37357536
1645031517702,-0.71390176,1.3542194,-0.052901648
1645031517703,-0.71390176,1.3542194,-0.052901648
1645031517704,-0.71390176,1.3542194,-0.052901648
1645031517704,-1.0415394,1.4313465,-0.7252814
1645031517714,-1.0415394,1.4313465,-0.7252814
1645031517716,-1.1570643,1.2611222,-0.96821713
1645031517730,-1.2351165,0.96362686,-1.0442446
1645031517736,-1.2437211,0.5507112,-1.0486604
1645031517753,-1.2229514,0.14999564,-1.0320272
1645031517756,-1.1727725,-0.19205864,-0.9870844
1645031517766,-1.084737,-0.4569683,-0.89154375
1645031517777,-0.93243736,-0.74608606,-0.70098615
1645031517787,-0.7599616,-1.0006108,-0.4714722
1645031517797,-0.5447596,-1.3641156,-0.09360328
1645031517812,-0.33229774,-1.7117549,0.23729819
1645031517816,-0.13601536,-2.0574396,0.6203334
1645031517827,0.040771447,-2.3820577,1.0083952
1645031517838,0.18142945,-2.6219566,1.3418623
1645031517847,0.28665677,-2.708177,1.6140501
1645031517856,0.3614626,-2.625709,1.8131775
1645031517875,0.4333886,-2.429217,2.0216424
1645031517879,0.5155947,-2.162405,2.3311458
1645031517890,0.5852692,-1.902714,2.4471943
1645031517896,0.6660442,-1.6648573,2.710481
1645031517907,0.76401085,-1.4738983,3.1161358
1645031517916,0.86826074,-1.3151584,3.5818484
1645031517935,0.99240774,-1.2098264,4.1036043
1645031517937,0.99240774,-1.2098264,4.1036043
1645031517942,1.1637665,-1.1166245,4.833755
1645031517949,1.340501,-1.0335457,5.4854174
1645031517965,1.5281264,-0.94912297,6.055764
1645031517970,1.5281264,-0.94912297,6.055764
1645031517983,1.7331356,-0.77390695,6.5040407
1645031517994,1.9602758,-0.5329261,6.8618727
1645031517996,2.1115978,-0.31231347,6.7773976
1645031518006,2.1867003,-0.08716293,6.450842
1645031518016,2.1220524,0.09482503,5.781674
1645031518026,1.9136748,0.21914652,4.8991013
1645031518036,1.5540972,0.29011258,3.8695698
1645031518050,1.0755912,0.30391833,2.801571
1645031518056,0.55617416,0.2594118,1.8737935
1645031518066,0.095418446,0.17120168,1.275312
1645031518079,-0.3257003,0.03766472,0.79888296
1645031518090,-0.6669692,-0.10997469,0.4278384
1645031518096,-0.9390348,-0.2385723,0.054594643
1645031518113,-1.1379353,-0.32974955,-0.271926
1645031518116,-1.3173052,-0.33845887,-0.83874685
1645031518127,-1.4617506,-0.20937255,-1.5650755
1645031518137,-1.6218518,0.032114495,-2.5383542
1645031518147,-1.8390261,0.3240946,-3.7548127
1645031518157,-1.9954621,0.587032,-4.693691
1645031518173,-2.0640194,0.73526484,-5.228013
1645031518178,-2.081543,0.7522646,-5.4527445
1645031518190,-2.0449255,0.6389563,-5.3046165
1645031518212,-1.985531,0.46560782,-5.078541
1645031518214,-1.985531,0.46560782,-5.078541
1645031518221,-1.6739331,0.15678506,-4.4005237
1645031518234,-1.5164849,0.051191203,-4.096169
1645031518236,-1.3339034,-0.016947377,-3.7453878
1645031518247,-1.1229252,-0.047735404,-3.3782353
1645031518257,-0.86019725,-0.026040666,-2.945737
1645031518267,-0.5975216,0.060162317,-2.539506
1645031518277,-0.36235273,0.22762893,-2.087931
1645031518294,-0.21521948,0.49033946,-1.8026704
1645031518297,-0.15439393,0.823859,-1.6685923
1645031518307,-0.12697443,1.1627018,-1.5185618
1645031518317,-0.10597783,1.4571428,-1.3186142
1645031518327,-0.07213544,1.6905315,-1.039637
1645031518336,-0.008674405,1.841906,-0.72482765
1645031518355,0.1048259,1.9035343,-0.37608865
1645031518357,0.26890653,1.8670565,0.10116066
1645031518370,0.4777904,1.7313204,0.5411816
1645031518376,0.69952005,1.508334,1.000384
1645031518387,0.9236408,1.2170172,1.3965616
1645031518396,1.1083341,0.84862554,1.8214154
1645031518415,1.2554848,0.4278384,2.3076184
1645031518417,1.3340431,-0.034139104,2.7429445
1645031518426,1.3319138,-0.50966054,3.088053
1645031518437,1.2226547,-0.9307619,3.248643
1645031518447,0.97868925,-1.1963522,3.2160747
1645031518456,0.6137534,-1.2595514,2.8816476
1645031518475,0.19237281,-1.1694564,2.3899293
1645031518477,-0.22682607,-0.9654944,1.8655554
1645031518490,-0.60724324,-0.65766644,1.2298106
1645031518497,-0.9024173,-0.28403875,0.55135703
1645031518507,-1.0799372,0.11807313,0.013317043
1645031518516,-1.1584257,0.50236493,-0.4804957
1645031518535,-1.1875032,0.8323414,-0.89091545
1645031518537,-1.1852517,1.0220438,-1.1427001
1645031518550,-1.1533642,1.0226896,-1.234942
1645031518556,-1.1073916,0.83666986,-1.2252378
1645031518567,-1.0702156,0.54715073,-1.1157343
1645031518576,-1.0111353,0.009232918,-0.8508945
1645031518614,-0.93554413,-0.5459639,-0.5008116
1645031518619,-0.93554413,-0.5459639,-0.5008116
1645031518620,-0.93554413,-0.5459639,-0.5008116
1645031518621,-0.93554413,-0.5459639,-0.5008116
1645031518622,-0.47138494,-1.7173575,0.76694304
1645031518632,-0.47138494,-1.7173575,0.76694304
1645031518633,-0.19078453,-1.8947902,1.2894319
1645031518633,-0.19078453,-1.8947902,1.2894319
1645031518636,0.07609739,-1.8999739,1.8148355
1645031518654,0.27491054,-1.6571778,2.0019374
1645031518656,0.47503272,-1.1139191,1.9666812
1645031518667,0.63035166,-0.53385115,1.7967886
1645031518677,0.8028798,-0.027087878,1.6158303
1645031518690,0.9801204,0.32662535,1.56148
1645031518696,1.117759,0.47505018,1.6290426
1645031518712,1.2214503,0.41309014,1.8767781
1645031518716,1.2729732,0.27155948,2.0265467
1645031518729,1.2583297,-0.04330221,2.3123658
1645031518736,1.1842046,-0.3845187,2.6701283
1645031518747,1.0578934,-0.6620822,2.926538
1645031518765,0.9040579,-0.80771446,3.0502138
1645031518766,0.9040579,-0.80771446,3.0502138
1645031518774,0.9040579,-0.80771446,3.0502138
1645031518777,0.7141461,-0.7548477,2.8883498
1645031518787,0.54615587,-0.58919626,2.640213
1645031518796,0.4242953,-0.38877738,2.3777816
1645031518806,0.3459115,-0.2042063,2.109102
1645031518817,0.29718125,-0.037996333,1.8709486
1645031518849,0.22658172,0.11604852,1.5546906
1645031518850,0.22658172,0.11604852,1.5546906
1645031518851,0.22658172,0.11604852,1.5546906
1645031518851,0.06335631,0.37666464,0.8973034
1645031518852,0.06335631,0.37666464,0.8973034
1645031518859,-0.022968845,0.4290776,0.55837333
1645031518902,-0.10383105,0.442255,0.29320186
1645031518904,-0.21275853,0.44117287,-0.08110655
1645031518912,-0.3598918,0.47960556,-0.5506589
1645031518922,-0.3598918,0.47960556,-0.5506589
1645031518923,-0.3598918,0.47960556,-0.5506589
1645031518924,-0.3598918,0.47960556,-0.5506589
1645031518924,-0.9533467,0.86281526,-2.9319487
1645031518925,-0.9533467,0.86281526,-2.9319487
1645031518926,-1.0863775,0.9246182,-3.605306
1645031518926,-1.0863775,0.9246182,-3.605306
1645031518943,-1.1684265,0.9425255,-4.155267
1645031518965,-1.209198,0.8966751,-4.514792
1645031518966,-1.209198,0.8966751,-4.514792
1645031518966,-1.209198,0.8966751,-4.514792
1645031518967,-1.1675888,0.5527882,-4.7171483
1645031518968,-1.1675888,0.5527882,-4.7171483
1645031518976,-1.1242517,0.33522996,-4.599232
1645031518986,-1.0663234,0.07470111,-4.2871804
1645031518996,-1.0211188,-0.20535824,-4.044367
1645031519011,-0.9516712,-0.48553976,-3.6845448
1645031519016,-0.8290252,-0.7267999,-3.1687582
1645031519026,-0.6577014,-0.8783838,-2.7101142
1645031519036,-0.39914477,-0.9206737,-2.098595
1645031519049,-0.0608081,-0.8383454,-1.4316782
1645031519056,0.32004538,-0.5558426,-0.8237019
1645031519071,0.67231,-0.22141548,-0.29011258
1645031519076,0.9544637,0.11699101,0.15345144
1645031519086,1.136504,0.41488788,0.4163016
1645031519104,1.2242779,0.6176455,0.5600838
1645031519105,1.2242779,0.6176455,0.5600838
1645031519107,1.2242779,0.6176455,0.5600838
1645031519116,1.2265817,0.60061085,0.7091893
1645031519133,1.1801902,0.4716991,0.8271402
1645031519136,1.1236058,0.33770835,0.9924601
1645031519147,1.062152,0.2486779,1.0685924
1645031519156,1.0172964,0.31639758,1.0928179
1645031519166,0.97011954,0.4815429,1.072694
1645031519176,0.93114585,0.67075664,0.9454228
1645031519190,0.87178636,0.83820575,0.7377956
1645031519199,0.78675276,0.978794,0.56907237
1645031519206,0.6553801,1.0776333,0.43677458
1645031519216,0.48545247,1.1352998,0.22145039
1645031519226,0.29526135,1.1206213,-0.054716818
1645031519236,0.09995636,1.0538267,-0.23595427
1645031519253,-0.07864561,0.9386334,-0.38893446
1645031519256,-0.21734881,0.7918841,-0.473427
1645031519266,-0.30959073,0.65972596,-0.42612794
1645031519276,-0.37003228,0.5557029,-0.44768304
1645031519286,-0.37362772,0.47463128,-0.4103325
1645031519297,-0.3133607,0.39540973,-0.26901126
1645031519323,-0.21054193,0.33278647,-0.11910289
1645031519324,-0.21054193,0.33278647,-0.11910289
1645031519324,-0.21054193,0.33278647,-0.11910289
1645031519326,0.010943363,0.29342875,0.114285715
1645031519327,0.010943363,0.29342875,0.114285715
1645031519338,0.106274545,0.2810542,0.2444716
1645031519351,0.18045205,0.2635134,0.35994413
1645031519356,0.24761324,0.23461035,0.42979318
1645031519372,0.31638014,0.2058993,0.48414347
1645031519378,0.38579282,0.18825378,0.6122175
1645031519386,0.4486779,0.16781569,0.7357012
1645031519399,0.49997383,0.15362597,0.8843704
1645031519406,0.52648574,0.14742997,1.029671
1645031519419,0.54348546,0.14133869,1.1221572
1645031519436,0.5409722,0.15270093,1.2556943
1645031519437,0.49529627,0.15165372,1.1888646
1645031519449,0.43637314,0.15942055,1.1119819
1645031519456,0.33786544,0.12919103,0.91713065
1645031519466,0.22935684,0.10388341,0.8238415
1645031519478,0.112383276,0.05878349,0.67180383
1645031519491,-0.014311895,0.0061436426,0.60303694
1645031519496,-0.12734096,-0.075277075,0.49086308
1645031519506,-0.21005324,-0.15744829,0.5231696
1645031519516,-0.26494458,-0.23811851,0.6420805
1645031519529,-0.28320098,-0.31910288,0.74079764
1645031519536,-0.2501789,-0.3796492,0.9223318
1645031519554,-0.19214591,-0.4175408,1.0606335
1645031519557,-0.11041103,-0.41303778,1.2456061
1645031519566,-0.0025831223,-0.379527,1.374256
1645031519577,0.11316869,-0.31861418,1.4611572
1645031519587,0.26019722,-0.23317917,1.5771533
1645031519599,0.26019722,-0.23317917,1.5771533
1645031519622,0.41806442,-0.15713413,1.5572913
1645031519631,0.41806442,-0.15713413,1.5572913
1645031519632,0.41806442,-0.15713413,1.5572913
1645031519632,0.7186316,-0.0020769702,1.6811764
1645031519633,0.7186316,-0.0020769702,1.6811764
1645031519640,0.83712363,0.060651015,1.6283271
1645031519647,0.9568898,0.12744568,1.5808185
1645031519657,1.0454664,0.17593159,1.3681473
1645031519674,1.088978,0.236059,1.1086831
1645031519676,1.0615935,0.2938302,0.8237193
1645031519686,0.95896673,0.32189545,0.53538704
1645031519698,0.8021293,0.29564536,0.2986648
1645031519710,0.627978,0.20801117,0.15579021
1645031519716,0.4634261,0.08927481,0.10028798
1645031519733,0.34566715,-0.045920238,0.22026356
1645031519736,0.2850685,-0.2126189,0.4291125
1645031519746,0.2882625,-0.3622131,0.85613054
1645031519757,0.34594643,-0.51929486,1.3890218
1645031519767,0.44070163,-0.66600925,1.9957937
1645031519777,0.5508334,-0.7981848,2.5619688
1645031519795,0.67056465,-0.91501874,3.0637228
1645031519799,0.8081159,-0.98546124,3.5244436
1645031519810,0.9313727,-1.0066323,3.8410857
1645031519816,0.9761061,-0.94980365,3.8901649
1645031519829,0.97406405,-0.8479099,3.7043722
1645031519836,0.89287025,-0.654839,3.24325
1645031519855,0.763557,-0.4730605,2.643023
1645031519856,0.763557,-0.4730605,2.643023
1645031519860,0.60139626,-0.30507025,2.0218518
1645031519869,0.45892313,-0.15551095,1.5472903
1645031519876,0.36210838,-0.0714373,1.2787852
1645031519889,0.2776682,-0.04518719,1.040335
1645031519896,0.2203159,-0.053669605,0.91140586
1645031519915,0.18886465,-0.056706518,0.87477094
1645031519917,0.18886465,-0.056706518,0.87477094
1645031519921,0.13289118,-0.0848067,0.82248014
1645031519927,0.02743695,-0.14680164,0.6808971
1645031519936,-0.037542544,-0.16844402,0.7405358
1645031519947,-0.12730604,-0.23689677,0.70739156
1645031519956,-0.21602234,-0.3035169,0.663845
1645031519975,-0.3260843,-0.36483115,0.53500307
1645031519976,-0.3260843,-0.36483115,0.53500307
1645031519981,-0.44230735,-0.37767693,0.35692468
1645031519989,-0.5902784,-0.34596387,0.0516799
1645031519996,-0.74886113,-0.27573088,-0.30945107
1645031520027,-0.91830003,-0.20136137,-0.71514094
1645031520030,-0.91830003,-0.20136137,-0.71514094
1645031520030,-0.91830003,-0.20136137,-0.71514094
1645031520031,-0.91830003,-0.20136137,-0.71514094
1645031520055,-1.1145126,-0.13159962,-1.1145998
1645031520058,-1.1145126,-0.13159962,-1.1145998
1645031520059,-1.1145126,-0.13159962,-1.1145998
1645031520069,-1.4829391,0.10424993,-1.6163365
1645031520070,-1.4829391,0.10424993,-1.6163365
1645031520070,-1.4829391,0.10424993,-1.6163365
1645031520071,-1.5538529,0.17963172,-1.6926259
1645031520077,-1.5833318,0.2367746,-1.7661053
1645031520090,-1.5599267,0.2929575,-1.7202024
1645031520096,-1.5105681,0.33008116,-1.682817
1645031520117,-1.4033511,0.3592111,-1.4670913
1645031520118,-1.4033511,0.3592111,-1.4670913
1645031520118,-1.4033511,0.3592111,-1.4670913
1645031520120,-1.4033511,0.3592111,-1.4670913
1645031520126,-1.2645082,0.33069202,-1.2502836
1645031520136,-1.1180382,0.2754167,-0.9489135
1645031520151,-0.96968323,0.1918492,-0.6008727
1645031520157,-0.8217122,0.093027316,-0.26119208
1645031520166,-0.654263,2.792565E-4,0.13692294
1645031520176,-0.48061785,-0.082415566,0.51927745
1645031520186,-0.28080985,-0.13973296,0.94517845
1645031520196,-0.07969282,-0.17622828,1.2688541
1645031520214,0.15446374,-0.17563488,1.6498648
1645031520220,0.3653722,-0.15601711,1.8939
1645031520226,0.58931845,-0.12849289,2.0878086
1645031520237,0.83796144,-0.08976351,2.3919365
1645031520247,1.0457108,-0.08094947,2.5738022
1645031520256,1.2453966,-0.10102103,2.7731042
1645031520273,1.4757658,-0.1483899,3.1273234
1645031520276,1.7012829,-0.2138232,3.57464
1645031520287,1.9030281,-0.29733834,4.045501
1645031520296,2.0718212,-0.3682171,4.4608083
1645031520307,2.192809,-0.40568987,4.7307096
1645031520318,2.1878524,-0.38800943,4.6337376
1645031520335,2.0988917,-0.31934723,4.3006544
1645031520337,2.0076447,-0.21890217,3.9926696
1645031520350,1.850685,-0.11932979,3.5373943
1645031520356,1.6311196,-0.0031241819,3.0021818
1645031520369,1.3935597,0.12447858,2.5069902
1645031520376,1.1347936,0.22574395,2.037944
1645031520395,0.90639675,0.29897895,1.6680862
1645031520397,0.7336417,0.34336329,1.448835
1645031520409,0.66206473,0.37767693,1.3733485
1645031520416,0.62886816,0.38039967,1.2405096
1645031520427,0.6351165,0.37011954,1.0802863
1645031520436,0.6785932,0.3571516,0.92200017
1645031520455,0.7403264,0.344236,0.7495418
1645031520462,0.80120426,0.3365215,0.5490008
1645031520466,0.8165634,0.31453007,0.27386335
1645031520477,0.8096518,0.30438957,-0.024714198
1645031520487,0.76498824,0.30318525,-0.32945284
1645031520496,0.6617506,0.2909678,-0.70822936
1645031520515,0.52140677,0.30007854,-1.0964482
1645031520518,0.3390872,0.33158216,-1.4941618
1645031520530,0.12575269,0.409582,-1.8273147
1645031520536,-0.1479012,0.5044943,-2.2304738
1645031520550,-0.45330307,0.59884804,-2.7154028
1645031520556,-0.71039355,0.7072345,-3.0825727
1645031520575,-0.905716,0.8043983,-3.3813248
1645031520577,-1.0156559,0.873043,-3.5576403
1645031520589,-1.045606,0.9025744,-3.5832272
1645031520596,-0.99584603,0.8950519,-3.4513657
1645031520607,-0.8882974,0.86508423,-3.207854
1645031520616,-0.7437647,0.8219042,-2.889589
1645031520635,-0.60207695,0.781412,-2.6217647
1645031520637,-0.46483988,0.7169212,-2.4632342
1645031520650,-0.32095295,0.6317654,-2.2431452
1645031520662,-0.18949297,0.53610265,-1.8487651
1645031520666,-0.102312595,0.36907235,-1.1936643
1645031520678,-0.041923378,0.1972947,-0.5252291
1645031520695,0.002740204,0.01769788,0.23717602
1645031520719,0.038450126,-0.13926172,1.1003578
1645031520720,0.06916834,-0.25557205,1.8384153
1645031520721,0.06916834,-0.25557205,1.8384153
1645031520726,0.12978445,-0.1935422,1.9728773
1645031520736,0.1809233,-0.0351165,1.4979317
1645031520761,0.22626756,0.15245658,0.96973556
1645031520762,0.22626756,0.15245658,0.96973556
1645031520762,0.22626756,0.15245658,0.96973556
1645031520763,0.2182913,0.6276289,-0.40376997
1645031520766,0.2182913,0.6276289,-0.40376997
1645031520776,0.18825378,0.80497426,-0.9377607
1645031520787,0.13353696,0.9232045,-1.1380575
1645031520796,0.03693167,0.9334322,-0.98746836
1645031520812,-0.06562527,0.8965529,-0.70142245
1645031520816,-0.17369753,0.8221485,-0.33098873
1645031520826,-0.28866392,0.7391919,0.1817087
1645031520839,-0.39813247,0.64192337,0.60382235
1645031520846,-0.48861158,0.53470635,0.8177677
1645031520856,-0.5518632,0.46236145,0.9760363
1645031520873,-0.5861768,0.4310673,1.1360852
1645031520877,-0.5895279,0.418972,1.2620822
1645031520887,-0.55617416,0.437368,1.4869535
1645031520897,-0.49320185,0.44089362,1.6532507
1645031520906,-0.40825552,0.43342352,1.7963523
1645031520920,-0.30372632,0.4218518,1.9868226
1645031520942,-0.18877739,0.39897025,2.2246792
1645031520952,-0.18877739,0.39897025,2.2246792
1645031520953,-0.18877739,0.39897025,2.2246792
1645031520954,0.16017105,0.28911772,2.9559474
1645031520954,0.16017105,0.28911772,2.9559474
1645031520971,0.36991012,0.2805655,3.591849
1645031520972,0.5754778,0.2613666,4.1207438
1645031520980,0.7524217,0.24352911,4.502557
1645031521001,0.88836724,0.18881229,4.701405
1645031521002,0.88836724,0.18881229,4.701405
1645031521003,0.88836724,0.18881229,4.701405
1645031521003,1.0993106,0.13783053,5.100358
1645031521020,1.0993106,0.13783053,5.100358
1645031521020,1.1238153,0.14643511,5.205079
1645031521033,1.0724845,0.16189894,5.181133
1645031521039,0.9614975,0.21797714,5.3420196
1645031521056,0.84745616,0.27806965,5.5436077
1645031521066,0.75352126,0.3095558,5.713989
1645031521067,0.6790121,0.31374466,5.832359
1645031521089,0.6208744,0.2851383,5.7922683
1645031521090,0.60523605,0.29482502,5.6336503
1645031521100,0.60523605,0.29482502,5.6336503
1645031521124,0.5486517,0.38200542,4.546051
1645031521138,0.5486517,0.38200542,4.546051
1645031521154,0.5486517,0.38200542,4.546051
1645031521155,0.52430403,0.48573175,4.0516624
1645031521156,0.52430403,0.48573175,4.0516624
1645031521160,0.36764115,0.6065276,3.2939
1645031521161,0.19609042,0.78012043,2.8175232
1645031521164,0.19609042,0.78012043,2.8175232
1645031521173,-0.04345929,1.0207348,2.9568548
1645031521177,-0.10360415,1.0990487,3.2309625
1645031521186,-0.14725544,1.1180557,3.5085087
1645031521197,-0.17411642,1.094249,3.8035605
1645031521206,-0.18734619,1.0437211,4.0477004
1645031521216,-0.17125404,1.0258138,4.3358755
1645031521234,-0.15174098,1.040335,4.5081596
1645031521236,-0.123082295,1.1118073,4.4783664
1645031521246,-0.09379527,1.202269,4.423632
1645031521257,-0.05883585,1.2870407,4.353347
1645031521266,0.011432062,1.3221573,4.297548
1645031521276,0.07904704,1.3192077,4.177939
1645031521302,0.16069464,1.2623266,4.0855746
1645031521303,0.16069464,1.2623266,4.0855746
1645031521303,0.16069464,1.2623266,4.0855746
1645031521306,0.34653983,0.8225151,3.7029061
1645031521316,0.34653983,0.8225151,3.7029061
1645031521317,0.44677547,0.49241644,3.3172178
1645031521327,0.552666,0.12535125,2.7623005
1645031521336,0.66588706,-0.22752422,2.0732
1645031521350,0.78521687,-0.53737676,1.2789248
1645031521356,0.9161183,-0.74537045,0.5130989
1645031521366,1.0556419,-0.8309102,-0.16181168
1645031521376,1.1651976,-0.84984726,-0.8691334
1645031521386,1.2577014,-0.84429705,-1.5007243
1645031521396,1.3449341,-0.8042063,-1.8732525
1645031521411,1.3766123,-0.78371584,-2.1335719
1645031521416,1.3291037,-0.8282922,-2.335265
1645031521426,1.2655206,-0.87389827,-2.2624314
1645031521436,1.1674491,-0.91742736,-2.020124
1645031521446,1.0070163,-0.970521,-1.7745527
1645031521456,0.83886904,-0.93522996,-1.3374815
1645031521472,0.6724845,-0.8242255,-0.77413386
1645031521476,0.5011432,-0.6814556,-0.25703815
1645031521487,0.3275504,-0.53933156,0.11264508
1645031521497,0.1980103,-0.3613928,0.4669343
1645031521509,0.10177153,-0.19790557,0.7452832
1645031521517,0.027908195,-0.070686795,0.9396806
1645031521533,-0.043773454,0.006353085,1.040021
1645031521536,-0.097233616,0.046147134,1.1177939
1645031521547,-0.15757047,0.04480321,1.1600314
1645031521556,-0.20261803,0.06105245,1.2783314
1645031521566,-0.24181865,0.095017016,1.4389389
1645031521577,-0.28587136,0.16467406,1.6159525
1645031521593,-0.33899993,0.29075834,1.789458
1645031521596,-0.4064927,0.45185444,1.871001
1645031521609,-0.46372283,0.6422201,1.886779
1645031521617,-0.46209967,0.89079326,1.9219828
1645031521627,-0.42256743,1.0710185,1.8190593
1645031521637,-0.34390435,1.1290863,1.5214417
1645031521653,-0.24846846,1.0794485,1.0253251
1645031521656,-0.13603282,1.0129156,0.64248186
1645031521667,-0.01858801,0.9469587,0.28449255
1645031521677,0.098350644,0.9452832,-0.021293307
1645031521687,0.18026006,0.99904007,-0.2609128
1645031521697,0.20399685,1.0769002,-0.4117113
1645031521716,0.1913605,1.1851121,-0.38258138
1645031521721,0.1913605,1.1851121,-0.38258138
1645031521726,0.15212497,1.2942141,-0.16121826
1645031521726,0.08149053,1.3362074,0.0046600923
1645031521736,0.008063531,1.3632255,0.24427961
1645031521747,-0.05428048,1.3460163,0.526765
1645031521757,-0.10259185,1.2840562,0.7497862
1645031521773,-0.13824941,1.2017803,0.8705472
1645031521776,-0.14992583,1.1708875,1.1233267
1645031521789,-0.15371324,1.1692469,1.3564185
1645031521801,-0.15444629,1.1596998,1.4311022
1645031521807,-0.14964657,1.1766298,1.5279344
1645031521816,-0.14299677,1.1525962,1.4812287
1645031521834,-0.13744655,1.1619339,1.6387643
1645031521838,-0.14008203,1.0856619,1.5976613
1645031521847,-0.14608605,0.93713236,1.495785
1645031521856,-0.16886291,0.7227856,1.3172877
1645031521869,-0.1994415,0.47642902,1.1798587
1645031521876,-0.2291823,0.22979318,1.1045816
1645031521895,-0.26216948,-0.022008901,1.0253949
1645031521896,-0.26216948,-0.022008901,1.0253949
1645031521901,-0.28969368,-0.24988219,0.9603107
1645031521910,-0.3060651,-0.4528842,0.83070076
1645031521916,-0.29597697,-0.6058295,0.7525962
1645031521926,-0.26604417,-0.7242342,0.659342
1645031521937,-0.22609302,-0.8192163,0.46936032
1645031521955,-0.15942055,-0.86646307,0.3974169
1645031521961,-0.0857841,-0.90615237,0.271542
1645031521966,0.0055153156,-0.90341216,0.14027402
1645031521977,0.091927744,-0.9038136,-0.04459377
1645031521987,0.17694388,-0.8780871,-0.16617505
1645031521996,0.27056462,-0.7805044,-0.07904704
1645031522016,0.3431364,-0.6898857,-0.016004886
1645031522017,0.3431364,-0.6898857,-0.016004886
1645031522021,0.34355527,-0.62248015,0.090112574
1645031522029,0.29161358,-0.5944323,0.22314338
1645031522036,0.20527096,-0.59139544,0.38307008
1645031522049,0.11257527,-0.59870845,0.46239638
1645031522056,0.01726154,-0.52629375,0.6653635
1645031522075,-0.0716991,-0.38301772,0.92858016
1645031522077,-0.14554499,-0.23806615,1.1184397
1645031522090,-0.18354133,-0.025429793,1.3106204
1645031522096,-0.20092504,0.20376997,1.4256043
1645031522107,-0.18820141,0.398307,1.4568985
1645031522116,-0.15812898,0.50746137,1.3718126
1645031522135,-0.11957414,0.5536958,1.2911597
1645031522137,-0.1008465,0.5082119,1.1361375
1645031522150,-0.10039271,0.36132297,0.8928353
1645031522156,-0.12104023,0.11379702,0.46574745
1645031522169,-0.11234837,-0.18355878,0.057875905
1645031522176,-0.076847896,-0.48014662,-0.36570382
1645031522196,-0.028815778,-0.7337639,-0.7982372
1645031522197,-0.028815778,-0.7337639,-0.7982372
1645031522199,0.028466707,-0.8778602,-1.1255606
1645031522220,0.09285278,-0.8962039,-1.3369578
1645031522222,0.09285278,-0.8962039,-1.3369578
1645031522226,0.15483026,-0.74177504,-1.3628938
1645031522236,0.18451872,-0.52411205,-1.3465922
1645031522254,0.18233703,-0.2967798,-1.2545248
1645031522256,0.15217733,-0.09299241,-1.0799546
1645031522267,0.07934374,0.064333715,-0.892015
1645031522277,-0.03085784,0.18671787,-0.6371586
1645031522287,-0.15973471,0.2605114,-0.34098962
1645031522297,-0.2922419,0.24443668,-0.13730691
1645031522316,-0.39701545,0.16153242,0.013823195
1645031522317,-0.39701545,0.16153242,0.013823195
1645031522321,-0.47525963,0.05878349,0.100968674
1645031522329,-0.53219306,-0.0024958549,0.19104634
1645031522336,-0.57341826,0.01912907,0.3218431
1645031522347,-0.5966664,0.11679902,0.44201064
1645031522356,-0.5880618,0.26586962,0.5511476
1645031522375,-0.5574832,0.4430404,0.6173313
1645031522376,-0.5574832,0.4430404,0.6173313
1645031522381,-0.5020857,0.62761146,0.71379703
1645031522389,-0.4265119,0.7723361,0.7579719
1645031522396,-0.33837157,0.8693254,0.7933502
1645031522409,-0.24483812,0.9060826,0.7992146
1645031522416,-0.15784973,0.8564098,0.81008816
1645031522435,-0.0919801,0.7729994,0.76900256
1645031522437,-0.05157518,0.6778951,0.7469762
1645031522447,-0.034400906,0.5693167,0.69184047
1645031522456,-0.022968845,0.46431625,0.65136576
1645031522467,-0.015289293,0.370137,0.59469414
1645031522476,0.0010995724,0.26265818,0.39694563
1645031522495,0.038938824,0.168828,0.26400208
1645031522496,0.038938824,0.168828,0.26400208
1645031522499,0.09082817,0.0620473,0.07525962
1645031522509,0.1483201,-0.072344884,-0.1463304
1645031522516,0.21195567,-0.23216686,-0.32980192
1645031522527,0.27066934,-0.43351078,-0.562824
1645031522536,0.31964394,-0.66314685,-0.80204207
1645031522554,0.38505977,-0.90665853,-0.987416
1645031522557,0.41635397,-1.1588795,-1.2460599
1645031522569,0.45770136,-1.3744131,-1.4769351
1645031522576,0.5056113,-1.5084912,-1.6247317
1645031522589,0.50990486,-1.5497862,-1.7607296
1645031522597,0.47452658,-1.4768305,-1.7847456
1645031522616,0.4227245,-1.2682259,-1.5852343
1645031522618,0.34095472,-0.9525788,-1.3004102
1645031522629,0.26017976,-0.58029497,-0.91882366
1645031522636,0.17722315,-0.242255,-0.6057597
1645031522649,0.11096954,0.009756523,-0.3944847
1645031522656,0.05850423,0.1481281,-0.34990838
1645031522675,0.035657562,0.23029932,-0.3349158
1645031522676,0.035657562,0.23029932,-0.3349158
1645031522681,0.023352822,0.30463392,-0.3546208
1645031522689,0.023248103,0.41939086,-0.3542543
1645031522696,0.016615761,0.5859499,-0.31549
1645031522710,-0.008534776,0.80637056,-0.19755651
1645031522731,-0.067911685,1.0213981,-0.08196177
1645031522741,-0.067911685,1.0213981,-0.08196177
1645031522742,-0.067911685,1.0213981,-0.08196177
1645031522742,-0.067911685,1.0213981,-0.08196177
1645031522743,-0.38755563,1.4983855,0.68944937
1645031522750,-0.38755563,1.4983855,0.68944937
1645031522757,-0.47040755,1.4987521,0.7620909
1645031522767,-0.50702506,1.4165983,0.77237105
1645031522776,-0.4962213,1.2579108,0.62085694
1645031522794,-0.4353783,1.0786107,0.37493673
1645031522797,-0.33207086,0.93877304,0.13999477
1645031522806,-0.21282834,0.8631643,-0.1816738
1645031522817,-0.08834977,0.87911683,-0.47641155
1645031522830,0.012234924,1.0033685,-0.6515403
1645031522836,0.020682434,1.221782,-0.5964395
1645031522855,-0.013212322,1.4625709,-0.29590714
1645031522858,-0.08656951,1.5895628,-0.091212146
1645031522866,-0.18570556,1.4475783,0.00237368
1645031522879,-0.2774937,1.200925,0.0026529366
1645031522887,-0.34570208,0.82382405,-0.035064142
1645031522896,-0.3950781,0.43499434,-0.08833232
1645031522915,-0.43220177,0.100235626,-0.1525264
1645031522917,-0.43220177,0.100235626,-0.1525264
1645031522921,-0.42876342,-0.11439043,-0.2363208
1645031522926,-0.38575792,-0.19891788,-0.31576926
1645031522936,-0.33474126,-0.14582424,-0.21034995
1645031522947,-0.2677546,-0.037612356,-0.10702504
1645031522957,-0.17338337,0.047840126,-0.17380226
1645031522974,-0.06358321,0.10020071,-0.21022777
1645031522976,0.05764901,0.09107252,-0.27340955
1645031522986,0.18818396,0.024836373,-0.33641678
1645031522997,0.3376211,-0.13563138,-0.6417838
1645031523009,0.47765076,-0.32985425,-0.9432062
1645031523016,0.59280914,-0.50266165,-1.1576403
1645031523035,0.6779649,-0.62841433,-1.2910202
1645031523037,0.73879045,-0.6733572,-1.3222969
1645031523049,0.77210927,-0.6623964,-1.429671
1645031523056,0.7708526,-0.5673968,-1.3996859
1645031523067,0.75261366,-0.44099835,-1.3871019
1645031523076,0.70149225,-0.26176804,-1.2190942
1645031523105,0.6252727,-0.017139366,-0.8030369
1645031523107,0.6252727,-0.017139366,-0.8030369
1645031523110,0.6252727,-0.017139366,-0.8030369
1645031523111,0.39270443,0.41617942,0.012200017
1645031523119,0.39270443,0.41617942,0.012200017
1645031523120,0.26033685,0.52824855,0.36771098
1645031523127,0.12137185,0.5784798,0.76079935
1645031523137,-0.020490443,0.55715156,1.151898
1645031523154,-0.16324286,0.48136836,1.4893097
1645031523157,-0.30653635,0.3690898,1.7569596
1645031523167,-0.43150362,0.21124007,1.9202199
1645031523177,-0.5154551,0.032952264,1.9995288
1645031523187,-0.5692992,-0.11985339,2.0934637
1645031523196,-0.5887599,-0.24712454,2.0505977
1645031523225,-0.58146435,-0.3225587,2.0034208
1645031523226,-0.58146435,-0.3225587,2.0034208
1645031523229,-0.58146435,-0.3225587,2.0034208
1645031523230,-0.4900253,-0.30491316,1.8323065
1645031523231,-0.4900253,-0.30491316,1.8323065
1645031523242,-0.43323153,-0.30018327,1.7746924
1645031523246,-0.35994413,-0.35305,1.5720743
1645031523256,-0.2899206,-0.4207348,1.3383018
1645031523274,-0.21843092,-0.51137096,1.0482241
1645031523276,-0.14797103,-0.5796143,0.831364
1645031523287,-0.094458506,-0.60506153,0.6449952
1645031523296,-0.05220351,-0.6001571,0.4767781
1645031523306,0.001448643,-0.6015534,0.31088227
1645031523316,0.089239895,-0.6397068,0.12835325
1645031523332,0.17245834,-0.6836373,-0.06326905
1645031523338,0.25342524,-0.7290689,-0.27164674
1645031523346,0.3396108,-0.7502225,-0.47246706
1645031523356,0.41293305,-0.74732524,-0.62535995
1645031523366,0.45700324,-0.6954185,-0.72172093
1645031523376,0.4758007,-0.5558426,-0.7499084
1645031523391,0.46445587,-0.31941706,-0.7306397
1645031523396,0.43000263,0.0024085871,-0.57139367
1645031523406,0.37895104,0.32718387,-0.3809582
1645031523416,0.34090236,0.5713762,-0.19841173
1645031523427,0.31051576,0.709294,-0.08824505
1645031523437,0.28737238,0.75681996,-0.00914565
1645031523453,0.27882013,0.73226285,0.03876429
1645031523456,0.27911684,0.6464089,0.019617768
1645031523467,0.28459725,0.51709574,-0.04578061
1645031523477,0.3020857,0.3720569,-0.085120864
1645031523487,0.3257003,0.22488873,-0.11959159
1645031523497,0.3451261,0.08505105,-0.16945632
1645031523516,0.354743,-0.03619862,-0.21146697
1645031523519,0.3497513,-0.11391919,-0.21106553
1645031523530,0.3262763,-0.123728074,-0.15990925
1645031523536,0.27323502,-0.057614103,-0.077668205
1645031523546,0.20933764,0.054926258,0.02160747
1645031523557,0.14800593,0.18462344,0.15153155
1645031523573,0.09320185,0.31603107,0.30901474
1645031523576,0.052779473,0.4365128,0.44804958
1645031523586,0.019024348,0.5089624,0.4646828
1645031523596,-0.005270966,0.5315298,0.45890567
1645031523606,-0.018867265,0.5009163,0.46698666
1645031523616,-0.026913343,0.4150624,0.48948425
1645031523631,-0.01853565,0.2588882,0.4803735
1645031523636,0.00267039,0.011693865,0.35224715
1645031523646,0.026040666,-0.2813509,0.20085523
1645031523656,0.0457457,-0.59980804,0.025307618
1645031523666,0.046792913,-0.8985775,-0.12580505
1645031523676,0.031521074,-1.1198883,-0.18532158
1645031523693,-0.0017977136,-1.2772318,-0.31639758
1645031523704,-0.034051836,-1.3253512,-0.33772582
1645031523706,-0.06459551,-1.2862378,-0.2972336
1645031523716,-0.09583733,-1.2311022,-0.29849026
1645031523727,-0.108665675,-1.148006,-0.27885506
1645031523737,-0.09948512,-0.96737933,-0.27890742
1645031523754,-0.06419408,-0.7001309,-0.30219042
1645031523760,-0.0024784012,-0.38661313,-0.36408064
1645031523769,0.088821016,-0.032254122,-0.35727376
1645031523777,0.16781569,0.30582076,-0.4214853
1645031523794,0.22857143,0.61499256,-0.3841871
1645031523796,0.2886814,0.7967362,-0.49421415
1645031523815,0.34741253,0.91238326,-0.6022166
1645031523816,0.34741253,0.91238326,-0.6022166
1645031523818,0.4049568,1.0219566,-0.74055326
1645031523826,0.45192426,1.1407802,-0.78156906
1645031523836,0.48855922,1.2032638,-0.9252291
1645031523846,0.50856096,1.2727114,-1.0136312
1645031523856,0.50070685,1.3577625,-1.0662012
1645031523872,0.43729818,1.4645083,-1.0027577
1645031523876,0.35683742,1.4939524,-0.9879047
1645031523886,0.28580156,1.4136835,-1.007924
1645031523896,0.24298805,1.208465,-1.1146523
1645031523906,0.2479274,0.9260843,-1.201309
1645031523916,0.31983593,0.55037963,-1.4631643
1645031523933,0.42598832,0.15470809,-1.798115
1645031523936,0.5326294,-0.18657823,-2.0954185
1645031523946,0.5922681,-0.42305613,-2.2328475
1645031523957,0.572406,-0.57811326,-2.24695
1645031523967,0.45309365,-0.6394624,-2.0555196
1645031523977,0.2714024,-0.6703203,-1.8023039
1645031523993,0.07698752,-0.7325945,-1.6373156
1645031523996,-0.1278471,-0.72903395,-1.2870059
1645031524007,-0.30445936,-0.7379527,-0.98773015
1645031524017,-0.4394799,-0.7365564,-0.67899466
1645031524027,-0.54598135,-0.70494807,-0.31953922
1645031524036,-0.60876167,-0.68723273,-0.10807226
1645031524055,-0.64260405,-0.6654158,0.016022341
1645031524057,-0.66710883,-0.5927917,0.16874073
1645031524067,-0.6935858,-0.49023476,0.2727987
1645031524076,-0.73360676,-0.32322192,0.5321232
1645031524087,-0.78017277,-0.13875556,0.86581725
1645031524096,-0.8142595,-0.0178026,1.111947
1645031524115,-0.84599006,0.08840213,1.4150624
1645031524118,-0.85620034,0.14338075,1.6584693
1645031524129,-0.8412776,0.16263199,1.7853041
1645031524136,-0.77781653,0.18902174,1.7801379
1645031524150,-0.6911598,0.21783751,1.7015097
1645031524156,-0.5285801,0.32084826,1.4284143
1645031524175,-0.35046688,0.48398638,1.2577711
1645031524177,-0.35046688,0.48398638,1.2577711
1645031524181,-0.09616895,0.72779477,0.8549961
1645031524189,0.18973732,1.0432324,0.48370713
1645031524196,0.48531285,1.3405359,-0.018064404
1645031524210,0.74556243,1.5880269,-0.3670303
1645031524232,0.9933677,1.6772842,-0.860843
1645031524241,1.1476045,1.6914216,-1.1380923
1645031524242,1.1476045,1.6914216,-1.1380923
1645031524243,1.1476045,1.6914216,-1.1380923
1645031524243,1.2209094,1.4525526,-1.4509294
1645031524251,1.2209094,1.4525526,-1.4509294
1645031524257,1.1490531,1.2808971,-1.4105071
1645031524267,0.99741685,1.098368,-1.1698403
1645031524277,0.80666727,0.892399,-0.86920327
1645031524294,0.58383805,0.700829,-0.47398552
1645031524296,0.38704947,0.47957066,-0.16601798
1645031524307,0.23394711,0.22120604,0.037699625
1645031524317,0.1174099,-0.036024086,0.1832097
1645031524327,0.05326817,-0.24028274,0.2390261
1645031524337,0.03269046,-0.3365215,0.27840126
1645031524354,0.10264421,-0.40532333,0.093358934
1645031524358,0.21925125,-0.4094598,-0.13318789
1645031524370,0.3823894,-0.38169125,-0.4126887
1645031524376,0.56994504,-0.3982372,-0.7762632
1645031524389,0.78108037,-0.5144079,-1.2574396
1645031524396,0.9519155,-0.65084213,-1.5723013
1645031524415,1.0995898,-0.8457806,-1.8965355
1645031524418,1.1935422,-1.0036478,-2.0138755
1645031524427,1.2529366,-1.1437997,-2.0583296
1645031524436,1.239253,-1.2135439,-1.9282311
1645031524446,1.1418449,-1.2416092,-1.7484597
1645031524456,0.91505367,-1.1090671,-1.2988917
1645031524475,0.591727,-0.9405184,-0.79291385
1645031524477,0.16891526,-0.72700936,-0.10269657
1645031524490,-0.2786805,-0.5102016,0.7241644
1645031524496,-0.66979665,-0.39291388,1.4293743
1645031524507,-0.9586526,-0.37856707,1.9849725
1645031524516,-1.0542281,-0.5389999,2.1467319
1645031524535,-1.0514181,-0.7252291,2.1499782
1645031524537,-0.9642726,-0.8865695,2.0359716
1645031524550,-0.8252029,-0.987992,1.779719
1645031524556,-0.716799,-0.8884545,1.59246
1645031524567,-0.63728076,-0.68396896,1.5659307
1645031524576,-0.6418885,-0.4435291,1.6279606
1645031524595,-0.6794485,-0.19209355,1.8267738
1645031524597,-0.7483201,-0.010559386,2.015429
1645031524609,-0.8291474,0.05394886,2.099136
1645031524616,-0.8982634,0.07969282,2.2082207
1645031524627,-0.93809235,0.068138584,2.2678418
1645031524636,-0.93030804,0.04108561,2.2618203
1645031524655,-0.8832184,-0.009267825,2.136766
1645031524657,-0.8832184,-0.009267825,2.136766
1645031524661,-0.79443234,-0.05581639,1.9768915
1645031524669,-0.6767083,-0.10887512,1.7193822
1645031524676,-0.54191464,-0.14367746,1.4793787
1645031524687,-0.40870932,-0.17312156,1.2531285
1645031524696,-0.28149053,-0.18408237,1.0601274
1645031524726,-0.17455275,-0.17854962,0.9324025
1645031524727,-0.17455275,-0.17854962,0.9324025
1645031524729,-0.17455275,-0.17854962,0.9324025
1645031524731,-0.072257616,-0.15287547,0.7458941
1645031524739,-0.063845016,-0.12297757,0.75261366
1645031524740,-0.063845016,-0.12297757,0.75261366
1645031524747,-0.07574832,-0.08855921,0.7915874
1645031524756,-0.092329174,-0.06840038,0.7820752
1645031524774,-0.1204119,-0.05098176,0.7285103
1645031524776,-0.14256044,-0.015463827,0.7332577
1645031524787,-0.14660965,0.024557117,0.82094425
1645031524797,-0.14461996,0.033912208,0.8353085
1645031524807,-0.123640805,0.0034383454,0.75610435
1645031524817,-0.07601012,-0.090269655,0.56118333
1645031524835,-0.009843791,-0.24656601,0.34369493
1645031524837,0.06475259,-0.46949995,0.047944847
1645031524851,0.15074614,-0.70536697,-0.18586265
1645031524856,0.2234401,-0.93219304,-0.49386507
1645031524869,0.2949472,-1.0786979,-0.72695696
1645031524876,0.3533118,-1.1029758,-0.8614364
1645031524895,0.40335107,-1.0184134,-0.9093638
1645031524898,0.44977745,-0.86630595,-0.91859674
1645031524909,0.49943277,-0.66241384,-0.8694476
1645031524916,0.5497862,-0.46845275,-0.86934286
1645031524926,0.62457454,-0.30255693,-0.85935944
1645031524937,0.6940745,-0.20699887,-0.8878611
1645031524955,0.7459639,-0.1886203,-0.95266604
1645031524962,0.787224,-0.22387643,-0.9657387
1645031524966,0.7649184,-0.2823283,-0.90177155
1645031524977,0.71268,-0.36366174,-0.889205
1645031524987,0.6030893,-0.39404833,-0.7095558
1645031524996,0.46386248,-0.41462606,-0.5156645
1645031525014,0.35266602,-0.38376823,-0.22712278
1645031525017,0.27402043,-0.3343922,0.031206911
1645031525026,0.22159001,-0.2895017,0.18949297
1645031525037,0.21061175,-0.19684091,0.36652413
1645031525047,0.23321407,-0.10093376,0.34634784
1645031525056,0.2777904,-0.0060389214,0.20410158
1645031525075,0.33297846,0.098123744,0.06468278
1645031525078,0.37800854,0.22179946,0.017924774
1645031525089,0.3922681,0.33608517,0.05206388
1645031525096,0.3567676,0.37207437,0.04000349
1645031525107,0.29876953,0.36900252,0.099066235
1645031525116,0.2069116,0.34139106,0.16322541
1645031525145,0.10601274,0.35519677,0.29856008
1645031525146,0.10601274,0.35519677,0.29856008
1645031525146,0.10601274,0.35519677,0.29856008
1645031525147,-0.061628416,0.630788,0.9408849
1645031525147,-0.061628416,0.630788,0.9408849
1645031525156,-0.1193996,0.7517759,1.1571342
1645031525166,-0.14074527,0.78176105,1.2653984
1645031525176,-0.11608343,0.7101143,1.2770748
1645031525191,-0.07295576,0.5268173,1.1433458
1645031525196,-0.014922768,0.29049656,0.9226634
1645031525206,0.047438696,0.077092245,0.734462
1645031525216,0.08583646,-0.032044683,0.6343311
1645031525226,0.073304825,-0.021101318,0.59190154
1645031525236,0.023754254,0.1540274,0.78310496
