1645031788365,-0.8470722,0.3926346,1.8210839
1645031788366,-0.8470722,0.3926346,1.8210839
1645031788369,-0.8470722,0.3926346,1.8210839
1645031788370,-0.8470722,0.3926346,1.8210839
1645031788371,-0.8470722,0.3926346,1.8210839
1645031788371,-0.8470722,0.3926346,1.8210839
1645031788387,1.5708177E-4,1.2217471E-4,3.3161708E-4
1645031788392,0.0013439218,0.0020769702,0.003228903
1645031788407,0.002600576,0.0035779737,0.0036826949
1645031788409,0.0044331965,0.0062309103,0.0045902785
1645031788417,0.006894144,0.010332489,0.0064752595
1645031788430,0.009477267,0.01513221,0.009040928
1645031788436,0.011658958,0.019792303,0.008918754
1645031788446,0.013282136,0.026424645,0.0076446463
1645031788456,0.014434069,0.033510778,0.0052186055
1645031788466,0.015202025,0.04087617,0.0043982896
1645031788476,0.014905315,0.044523954,-6.8068766E-4
1645031788493,0.013561393,0.04653111,-0.005428048
1645031788496,0.010733921,0.043878175,-0.013683568
1645031788507,0.0067370627,0.038624663,-0.02106641
1645031788516,0.0017278994,0.03207959,-0.025133083
1645031788526,-0.003979405,0.022532508,-0.03085784
1645031788538,-0.009721616,0.015202025,-0.033877302
1645031788550,-0.014818047,0.010699014,-0.03663496
1645031788557,-0.018518195,0.0046949997,-0.0501789
1645031788566,-0.02042063,0.009616895,-0.053477615
1645031788576,-0.021624923,0.019408325,-0.05546732
1645031788587,-0.024766559,0.020595165,-0.07719696
1645031788596,-0.030962562,0.022113623,-0.08649969
1645031788611,-0.039881315,0.010018326,-0.08663932
1645031788616,-0.048241556,-0.031381447,-0.09360328
1645031788626,-0.04955057,-0.08608081,-0.07262414
1645031788639,-0.031084737,-0.18526922,0.05494371
1645031788646,-0.031084737,-0.18526922,0.05494371
1645031788656,-0.026145387,-0.22544725,0.06365302
1645031788672,-0.024941094,-0.23811851,0.01869273
1645031788676,-0.021223493,-0.20174535,-0.06077319
1645031788686,-0.041312505,-0.09730343,-0.20951217
1645031788696,-0.113901734,-0.0096518025,-0.5648835
1645031788706,-0.21647613,0.121249676,-0.8641417
1645031788716,-0.298403,0.22179946,-1.1139017
1645031788729,-0.32147658,0.2988917,-1.1507984
1645031788737,-0.3127498,0.3337813,-1.002461
1645031788746,-0.31521076,0.24407016,-0.88993806
1645031788756,-0.3471507,0.036128808,-0.77493674
1645031788766,-0.36741427,-0.21518457,-0.41239202
1645031788776,-0.3341129,-0.5672223,0.08691858
1645031788791,-0.25401866,-0.9199581,0.753626
1645031788796,-0.17470984,-1.2967973,1.20843
1645031788806,-0.09396981,-1.4785583,1.7112837
1645031788816,0.06257091,-1.2828693,2.5014398
1645031788826,0.32720134,-0.70171916,3.3021903
1645031788837,0.61658084,0.061820403,4.1980977
1645031788853,0.69342875,0.6373855,4.327882
1645031788858,0.6815429,1.1311632,4.302522
1645031788866,0.35191554,1.2509294,3.6508248
1645031788876,-0.24007331,0.9493499,2.2305787
1645031788887,-0.83701897,0.6180644,0.92903394
1645031788896,-1.2750502,0.36034557,-0.04904442
1645031788910,-1.4979492,0.22912994,-0.63089275
1645031788917,-1.5180207,0.22261977,-0.85270965
1645031788926,-1.3892661,0.4,-0.6371586
1645031788936,-1.1923902,0.64103323,-0.29993892
1645031788946,-0.9751462,0.84745616,-0.061925124
1645031788956,-0.7574483,1.0940571,0.3438869
1645031788970,-0.55615675,1.2824854,0.6898857
1645031788976,-0.3742735,1.3540623,0.86471766
1645031788986,-0.20591675,1.3899468,1.0790994
1645031788996,-0.058521684,1.3921983,1.3198534
1645031789006,0.057195216,1.3378829,1.4904093
1645031789016,0.16046776,1.2474037,1.7100794
1645031789029,0.23354569,1.1217035,1.8623091
1645031789036,0.27960554,1.0282223,2.0601623
1645031789046,0.32819617,1.008657,2.313256
1645031789056,0.37781656,1.0801291,2.4819968
1645031789066,0.37364516,1.0713849,1.9523867
1645031789076,0.28126365,1.0254822,0.803194
1645031789089,0.14629549,0.9123484,-0.72207
1645031789096,0.040020943,0.8159176,-2.086238
1645031789106,-0.057125404,0.7733834,-2.8244698
1645031789116,-0.01823894,0.65166247,-2.4941967
1645031789126,0.1695785,0.74304914,-0.48899555
1645031789136,0.54304916,1.3857929,3.2653983
1645031789151,1.11549,2.6099136,7.725753
1645031789156,1.7310237,4.1046166,11.581465
1645031789166,2.3288944,5.320586,13.680495
1645031789176,2.8403876,5.9793177,13.8944235
1645031789186,3.2235796,6.232132,12.954464
1645031789196,3.5459988,6.0069118,11.185985
1645031789212,3.8324986,5.555633,9.099101
1645031789216,4.1782355,4.997801,6.7803297
1645031789226,4.516572,4.3874683,4.230439
1645031789236,4.7657385,3.7929838,1.5732088
1645031789246,4.9310236,3.2530065,-1.10048
1645031789256,4.9405184,2.4365478,-1.3385112
1645031789270,4.9339557,0.81233966,-1.287512
1645031789276,4.929767,0.6459028,-1.2622741
1645031789286,4.926538,0.67089623,-1.2422725
1645031789296,4.9240947,0.6810891,-1.2271054
1645031789306,4.922227,0.68934464,-1.215586
1645031789316,4.9283533,1.8393228,-3.0409808
1645031789330,4.4884896,2.376874,-2.7427523
1645031789336,3.8172266,2.424016,-1.4265119
1645031789346,3.198883,2.1185617,0.019600315
1645031789356,2.8485208,1.4581901,1.2021118
1645031789366,2.7991798,0.5191727,2.002618
1645031789376,3.115298,-0.5603281,2.4525876
1645031789390,3.7820404,-1.6348547,2.6460598
1645031789396,4.6577015,-2.5495768,2.6649795
1645031789406,5.598202,-3.1105855,2.5404487
1645031789416,6.422515,-3.1489658,2.2817698
1645031789426,6.743992,-2.840824,1.9658434
1645031789436,6.6045904,-2.2599354,1.6471419
1645031789449,5.897391,-1.6310847,1.4149227
1645031789456,4.6815605,-1.0929575,1.3072519
1645031789466,3.4002793,-0.5550921,1.2180818
1645031789476,2.4043808,-0.034872152,1.1006196
1645031789486,1.8049219,0.42638972,0.9451959
1645031789496,1.6615237,0.84014314,0.7206388
1645031789512,1.8632342,1.1967885,0.43584955
1645031789516,2.1688628,1.5133432,0.17053844
1645031789526,2.251488,1.7407976,0.046600927
1645031789536,1.9677808,1.9054891,0.09554062
1645031789546,1.2933066,2.032062,0.31350031
1645031789556,0.5234663,2.1603107,0.60226893
1645031789570,-0.22059517,2.2197573,0.9137272
1645031789576,-0.78949296,2.1998081,1.2059866
1645031789586,-1.1574309,2.1303954,1.4480321
1645031789596,-1.5339733,2.0132997,1.6943712
1645031789606,-2.1856358,1.8419234,1.9645867
1645031789616,-3.2147832,1.6250982,2.2365477
1645031789630,-4.313413,1.4117113,2.454193
1645031789636,-5.2177854,1.1436775,2.5762284
1645031789646,-5.5936995,0.8070163,2.5790384
1645031789656,-5.434331,0.48014662,2.4892921
1645031789666,-5.035815,0.19657911,2.3326468
1645031789676,-4.328336,0.008814032,2.1388254
1645031789690,-3.7085783,-0.15123484,1.8955232
1645031789696,-3.0846846,-0.23370276,1.5793874
1645031789706,-2.425168,-0.1681124,1.1586701
1645031789716,-2.8840737,0.57053846,0.38656077
1645031789733,-4.0309277,2.8179421,-1.3641156
1645031789736,-4.0309277,2.8179421,-1.3641156
1645031789750,-3.0114145,3.1644297,-1.7480757
1645031789756,-1.9745178,2.8815603,-1.9379702
1645031789766,-1.2907408,2.329418,-1.9743433
1645031789776,-1.1721442,1.7685138,-1.9090672
1645031789786,-1.524688,1.2623091,-1.8027227
1645031789796,-2.2094948,0.90484333,-1.6820664
1645031789805,-2.9452658,0.69327164,-1.5377957
1645031789818,-3.62817,0.6655555,-1.4440702
1645031789826,-4.1875033,0.9135701,-1.4442971
1645031789836,-4.2931495,1.5515141,-1.5152631
1645031789846,-3.9795444,2.2035954,-1.6011869
1645031789856,-3.282555,2.4647527,-1.572022
1645031789869,-2.5332925,2.0392878,-1.4231957
1645031789878,-1.8540012,1.0512785,-1.1409024
1645031789886,-1.1898246,-0.11554237,-0.8228641
1645031789896,-0.7224016,-1.2949123,-0.4985077
1645031789906,-0.62773365,-2.3505366,-0.14947203
1645031789916,-0.7608692,-2.9479535,0.09978183
1645031789929,-0.7951828,-3.1026268,0.22143294
1645031789939,-0.93226284,-3.0451522,0.28171742
1645031789946,-1.7107078,-3.0771446,0.44328475
1645031789956,-1.8001746,-3.075661,0.4583646
1645031789966,-1.7922332,-3.0691857,0.45396632
1645031789976,-1.79061,-3.064578,0.45155773
1645031789989,-1.7891264,-3.0610526,0.3014399
1645031789999,-1.7880094,-3.058382,0.28271228
1645031790007,-1.7871542,-3.05634,0.28342786
1645031790016,-1.7865084,-3.0547867,0.28311372
1645031790026,-1.7860197,-3.0535998,0.28292173
1645031790036,-1.7856357,-3.0527096,0.28276464
1645031790050,-1.7853565,-3.052029,0.28264245
1645031790059,-1.7851295,-3.0274718,0.2825552
1645031790066,-1.7849725,-2.7832446,0.2824854
1645031790076,-1.7848328,-2.649219,0.28243303
1645031790086,-1.7847456,-2.5299065,0.2823981
1645031790096,-1.7846758,-2.2617157,0.2507374
1645031790109,-1.784606,-1.7358234,0.24701981
1645031790119,-1.784571,-1.0862379,0.24738634
1645031790126,-1.7845361,-0.43342352,0.2474736
1645031790136,-1.7845013,-0.37490183,0.24756087
1645031790146,-4.530256,0.24825901,0.0670041
1645031790156,-6.52755,0.8286587,-0.07299066
1645031790170,-7.4371934,1.2591674,-0.19205864
1645031790178,-7.439689,1.2919452,-0.2024784
1645031790186,-7.0658345,1.2809844,-0.18425691
1645031790196,-6.2704077,1.2418885,-0.08918754
1645031790206,-4.9695783,0.97088754,-0.077738024
1645031790216,-3.059342,0.4627978,0.03825814
1645031790229,-0.24822411,-0.05988306,0.16854873
1645031790239,3.9343224,-0.34833756,0.413893
1645031790246,9.107566,-0.271926,0.6567763
1645031790256,14.275784,0.27168164,0.80504405
1645031790269,17.500566,0.9459813,0.5487041
1645031790301,18.479553,1.4822061,-0.14774413
1645031790303,17.517008,1.7416703,-1.1186491
1645031790303,15.189441,1.7871019,-2.1502924
1645031790314,11.799948,1.5170957,-2.2464788
1645031790319,7.9801207,1.0496553,-2.230247
1645031790326,4.4009075,0.5493848,-2.2231085
1645031790338,1.6596911,0.1572563,-3.199773
1645031790350,-0.00118684,-0.05789336,-3.7119296
1645031790360,-0.6877912,-0.10308055,-3.8311894
1645031790366,-0.4491317,0.08389912,-3.8728511
1645031790376,0.42492363,0.38123745,-3.9254036
1645031790389,1.4571604,0.6884021,-4.0389037
1645031790396,2.1484423,0.8974954,-3.9900167
1645031790410,1.9755476,0.8335457,-3.6113796
1645031790423,0.8021817,0.33708003,-2.5765076
1645031790426,-0.6549088,-0.3350903,-1.2174361
1645031790438,-1.7957762,-1.1291561,-0.28936207
1645031790446,-2.4600925,-1.7858801,-5.236059E-5
1645031790456,-2.7500656,-2.3232567,-0.1505367
1645031790474,-2.9390173,-2.8737063,-0.5772057
1645031790475,-2.9390173,-2.8737063,-0.5772057
1645031790480,-2.9870145,-3.3150885,-1.2087617
1645031790487,-2.9510777,-3.6423073,-1.8426564
1645031790496,-1.7045641,-2.926381,-1.7581115
1645031790510,0.11487913,-1.4017802,-1.3468016
1645031790520,2.9026442,2.0677545,-1.2707043
1645031790530,5.8015184,6.540309,-1.5990051
1645031790540,8.557431,11.617994,-2.1719697
1645031790546,10.650284,16.62391,-2.6366699
1645031790556,12.485173,21.915228,-3.078925
1645031790571,13.869151,26.625307,-3.4580154
1645031790576,14.410716,29.411415,-3.6070511
1645031790590,14.140012,29.910358,-3.4686272
1645031790604,12.871821,27.685976,-3.062187
1645031790606,10.921739,23.742891,-2.5514443
1645031790621,8.871681,19.551794,-2.0684528
1645031790626,6.8645782,15.558635,-1.8605812
1645031790636,5.0662885,11.9739065,-1.8481892
1645031790654,3.5232046,8.995566,-2.1457021
1645031790658,2.5847456,8.147063,-2.7420368
1645031790671,6.146278,22.855415,-4.207889
1645031790676,12.294511,50.42869,-4.914949
1645031790686,12.648364,53.28828,-4.853181
1645031790696,10.106973,48.197067,-4.793385
1645031790709,7.1392794,39.600315,-4.7836113
1645031790720,3.759508,28.420053,-4.7788463
1645031790726,1.0548215,18.743555,-4.7750764
1645031790736,0.8224976,10.129104,-4.772214
1645031790746,0.8683306,2.9888995,-3.2468104
1645031790756,0.6929924,2.3933678,-1.409006
1645031790769,0.68738985,2.5410943,-1.2328825
1645031790778,0.7029933,2.618466,-1.2575094
1645031790786,0.7137098,2.6793263,-1.2669866
1645031790797,0.7219129,2.7254908,-1.274736
1645031790806,0.7281613,2.7605898,-1.2806004
1645031790818,0.7328912,2.7872763,-1.2850511
1645031790831,0.58123744,2.8075747,-1.288437
1645031790838,0.56586087,2.8230038,-1.2910028
1645031790849,0.5698403,2.8347325,-1.2929575
1645031790856,0.57195216,2.8436513,-1.2944585
1645031790866,-0.2870931,0.07183873,-0.114041366
1645031790876,-0.9314251,-1.4892749,0.5829654
1645031790889,-1.2640893,-1.7961951,0.7867877
1645031790898,-1.4684527,-1.5634348,0.7527707
1645031790906,-1.6213806,-1.1410071,0.6189196
1645031790916,-1.7100445,-0.7968933,0.48239812
1645031790926,-1.8130203,-0.66056377,0.40591675
1645031790936,-1.9296622,-0.67850596,0.39506066
1645031790949,-2.004695,-0.72926086,0.42206126
1645031790962,-2.039253,-0.7965791,0.44778776
1645031790966,-1.9948862,-0.8305611,0.44506502
1645031790976,-1.8355877,-0.7733659,0.37563488
1645031790986,-1.573523,-0.6056898,0.23546557
1645031790999,-1.259534,-0.3698054,0.06721354
1645031791009,-0.91847456,-0.21228729,-0.09751287
1645031791018,-0.57914305,-0.10236495,-0.23555285
1645031791026,-0.07848852,-0.076463915,-0.40029672
1645031791036,0.5381622,-0.114914045,-0.5920761
1645031791046,1.156052,-0.18567066,-0.76774585
1645031791056,1.7256655,-0.2770399,-0.9217384
1645031791069,2.2222183,-0.3250371,-1.0516275
1645031791078,2.6280828,-0.21514967,-1.1922332
1645031791086,2.94558,0.16420281,-1.35209
1645031791096,3.127882,0.65899295,-1.519452
1645031791106,3.2148879,1.2699363,-1.6747884
1645031791116,3.2098262,1.9361376,-1.8022515
1645031791129,3.055799,2.5092068,-1.880164
1645031791139,2.729418,2.8135614,-1.8713325
1645031791146,2.2847369,2.8208394,-1.7724758
1645031791156,1.7527359,2.515874,-1.5856358
1645031791166,1.2477877,1.9412514,-1.3257352
1645031791176,0.84429705,1.2166855,-1.0121477
1645031791188,0.4921721,0.21809931,-0.6679117
1645031791198,0.17118423,-0.9623178,-0.2954359
1645031791206,-0.15531896,-2.3089275,0.10435466
1645031791216,-0.5035867,-3.6423771,0.51100445
1645031791226,-0.8286936,-4.8758354,0.89075834
1645031791238,-1.0895367,-5.8775287,1.2039096
1645031791250,-1.239445,-6.4589233,1.4224976
1645031791260,-1.3507462,-6.9836636,1.6169299
1645031791266,-1.3955668,-7.2876167,1.7662449
1645031791276,-1.3471856,-7.1987257,1.7756174
1645031791286,-1.2196527,-6.9763856,1.7200279
1645031791296,-1.0111529,-6.5567675,1.5378654
1645031791309,-0.77437824,-6.0318527,1.262344
1645031791318,-0.5286325,-5.3920236,0.9330832
1645031791326,-0.31676412,-4.7190332,0.59434503
1645031791336,-0.14816302,-3.986683,0.24965529
1645031791346,-0.06747535,-3.1206214,-0.086045906
1645031791357,-0.076865345,-1.8588184,-0.45707303
1645031791369,-0.21748844,-0.3708177,-0.77455276
1645031791379,-0.53252465,0.9143032,-0.902173
1645031791386,-0.9703814,1.6966403,-0.75219476
1645031791396,-1.4579806,2.1634524,-0.44557115
1645031791406,-1.9203421,2.3842745,-0.1231172
1645031791416,-2.2247143,2.4215724,0.12226198
1645031791428,-2.3273408,2.2605639,0.2282049
1645031791438,-2.22255,2.0652063,0.173523
1645031791446,-1.9225413,2.0441575,-0.13557902
1645031791456,-1.5777991,2.1795096,-0.55182827
1645031791466,-1.2476307,2.4373505,-0.950432
1645031791476,-0.9269221,2.6538093,-1.2654856
1645031791491,-0.6362859,2.7546208,-1.4598656
1645031791499,-0.39788812,2.6585567,-1.509102
1645031791514,-0.20055851,2.3617768,-1.4399337
1645031791516,-0.021398028,1.938197,-1.2847892
1645031791526,0.15069377,1.4186753,-1.1001134
1645031791536,0.31583908,0.87166417,-0.90957326
1645031791551,0.45860896,0.27854088,-0.72042936
1645031791560,0.5689502,-0.29554063,-0.51899815
1645031791567,0.64674056,-0.84873027,-0.3053495
1645031791577,0.6699712,-1.4552753,-0.068941444
1645031791586,0.65009165,-2.0750327,0.18875992
1645031791597,0.5854961,-2.636251,0.46421152
1645031791612,0.4729383,-2.9932978,0.72032464
1645031791619,0.33447945,-3.1913955,0.9432411
1645031791627,0.19191901,-3.2333887,1.1104634
1645031791637,0.06325159,-3.0775285,1.1857928
1645031791647,-0.030299328,-2.7874858,1.1766995
1645031791657,-0.07602758,-2.354394,1.077895
1645031791672,-0.092887685,-1.867231,0.9098002
1645031791683,-0.1023475,-1.386456,0.6958373
1645031791686,-0.106920324,-0.8868662,0.4612968
1645031791696,-0.10362161,-0.43063095,0.23452309
1645031791717,-0.09046165,-0.009075835,0.00884894
1645031791717,-0.09046165,-0.009075835,0.00884894
1645031791718,-0.09046165,-0.009075835,0.00884894
1645031791721,-0.09046165,-0.009075835,0.00884894
1645031791731,-0.10306309,0.40549785,-0.16430753
1645031791739,-0.14865172,0.7824243,-0.28693604
1645031791746,-0.19776595,1.0736539,-0.36762372
1645031791756,-0.23045641,1.2986822,-0.43619862
1645031791766,-0.2442098,1.5457021,-0.5045292
1645031791776,-0.2556942,1.7849376,-0.55202025
1645031791789,-0.2899904,1.9153678,-0.5511476
1645031791800,-0.3444454,1.9383192,-0.50510514
1645031791807,-0.41253164,1.8843703,-0.4191465
1645031791816,-0.48718038,1.7765075,-0.33289117
1645031791827,-0.53531724,1.6711231,-0.25511825
1645031791837,-0.55050176,1.552858,-0.18865521
1645031791851,-0.5394886,1.401693,-0.12060389
1645031791860,-0.52763766,1.1975391,-0.041853566
1645031791866,-0.511179,0.97291213,0.037525088
1645031791877,-0.5026791,0.8054106,0.111824766
1645031791886,-0.51178986,0.68046075,0.15245658
1645031791897,-0.5177764,0.7405184,0.12329174
1645031791911,-0.50589055,0.92945284,0.042935684
1645031791920,-0.46855748,1.1403962,-0.069098525
1645031791927,-0.38214505,1.2711581,-0.17619339
1645031791937,-0.2489048,1.2906013,-0.25361726
1645031791947,-0.096448205,1.2287459,-0.3172528
1645031791957,0.02314338,1.2003665,-0.37390697
1645031791972,0.09108997,1.2228118,-0.41696483
1645031791979,0.11494895,1.2526224,-0.4286587
1645031791989,0.121668555,1.2039096,-0.40706867
1645031791996,0.107059956,1.0775635,-0.34083253
1645031792007,0.09159613,0.8911423,-0.2515228
1645031792020,0.09339384,0.63248104,-0.16003142
1645031792032,0.031363994,0.24553625,0.009756523
1645031792039,-0.21096082,-0.422166,0.4032289
1645031792046,-0.7495593,-1.2725892,1.0327429
1645031792057,-1.2867615,-1.796038,1.560014
1645031792077,-1.6122524,-1.8135439,1.7707828
1645031792080,-1.6122524,-1.8135439,1.7707828
1645031792093,-1.135806,-0.4384676,0.8958199
1645031792101,-0.73067456,0.42340517,0.31301162
1645031792110,-0.24689764,1.1498735,-0.2446985
1645031792116,0.4023213,1.405428,-0.65620035
1645031792126,1.0530412,1.4404224,-0.9596474
1645031792136,1.6652412,0.8790296,-1.0147657
1645031792154,2.187381,0.014713326,-0.94816303
1645031792161,2.5791605,-1.6274195,-0.62145036
1645031792166,2.781377,-3.6231956,-0.16708264
1645031792176,2.6799722,-5.976752,0.5186142
1645031792190,2.3884807,-8.192163,1.3024348
1645031792196,1.89198,-9.668889,2.1145825
1645031792214,1.3601012,-10.262484,2.8248188
1645031792221,0.8891701,-10.02639,2.8849638
1645031792226,0.54247314,-9.211799,2.8705647
1645031792236,0.31119645,-7.7499256,2.863112
1645031792250,0.17141111,-5.902522,2.6380138
1645031792256,0.07770312,-4.002967,2.1759317
1645031792292,0.012723624,-2.1610436,1.5974169
1645031792292,0.012723624,-2.1610436,1.5974169
1645031792293,0.012723624,-2.1610436,1.5974169
1645031792293,-0.08779126,1.1091893,0.4679117
1645031792293,-0.08779126,1.1091893,0.4679117
1645031792303,-0.14571953,2.5129766,0.016842656
1645031792338,-0.22803037,3.7176716,-0.34969893
1645031792338,-0.31208658,4.608657,-0.6221485
1645031792339,-0.4396195,5.309102,-0.8288856
1645031792342,-0.57493675,5.8664107,-0.9847631
1645031792355,-0.7101492,6.2370887,-1.1070949
1645031792357,-0.8324112,6.4354305,-1.2068069
1645031792367,-0.93786544,6.512907,-1.2919452
1645031792376,-1.0273671,6.4273844,-1.3411293
1645031792389,-1.0725368,6.1797886,-1.3441312
1645031792402,-1.056724,5.7436075,-1.2883323
1645031792406,-0.97462255,5.0928526,-1.1784275
1645031792418,-0.8628327,4.396754,-1.0187101
1645031792426,-0.73859847,3.6051662,-0.8203683
1645031792436,-0.6128982,2.8464088,-0.6096169
1645031792452,-0.47637665,2.1916747,-0.40678942
1645031792459,-0.34041366,1.639445,-0.24312767
1645031792467,-0.20963435,1.2333362,-0.1302906
1645031792476,-0.07641155,0.97308666,-0.07269395
1645031792486,0.034540534,0.8326032,-0.06454315
1645031792502,0.11512348,0.8421328,-0.100968674
1645031792509,0.15538877,0.9801379,-0.17669953
1645031792520,0.14481194,1.2234925,-0.28501615
1645031792526,0.09522646,1.5674492,-0.40509644
1645031792536,0.0031067284,1.9447073,-0.55153155
1645031792546,-0.14608605,2.359089,-0.7067458
1645031792556,-0.36125317,2.7928267,-0.85951656
1645031792570,-0.60993105,3.1840475,-0.9940134
1645031792587,-0.82527274,3.436216,-1.0917882
1645031792589,-0.82527274,3.436216,-1.0917882
1645031792596,-0.93980277,3.523571,-1.1471856
1645031792606,-0.629095,3.3566978,-1.1385636
1645031792617,-0.629095,3.3566978,-1.1385636
1645031792629,0.6579283,1.7960031,-0.57317394
1645031792639,0.883009,1.3103063,-0.3753207
1645031792646,1.0465834,0.7803997,-0.1592111
1645031792656,1.2141199,0.19127324,0.09864735
1645031792666,1.3772755,-0.4724845,0.39240772
1645031792676,1.5153154,-1.216703,0.6917532
1645031792689,1.5947115,-1.954551,0.97570467
1645031792699,1.5912209,-2.6440177,1.2177502
1645031792706,1.4998168,-3.1676412,1.3872415
1645031792716,1.3565756,-3.4652412,1.4750327
1645031792727,1.1845187,-3.5697355,1.4676499
1645031792736,0.99802774,-3.5240598,1.4029322
1645031792749,0.80644035,-3.4179072,1.3381447
1645031792762,0.5780609,-3.2583122,1.2917532
1645031792766,0.29910114,-3.0022864,1.2626756
1645031792777,-0.044454142,-2.7110045,1.2605114
1645031792786,-0.43956715,-2.391535,1.2986474
1645031792796,-0.8552404,-2.0748756,1.396038
1645031792820,-1.2498473,-1.7876778,1.5210053
1645031792821,-1.2498473,-1.7876778,1.5210053
1645031792821,-1.2498473,-1.7876778,1.5210053
1645031792824,-1.8662013,-1.4228641,1.8197749
1645031792834,-1.8662013,-1.4228641,1.8197749
1645031792836,-2.031713,-1.1895279,1.8744218
1645031792849,-2.14736,-0.94701105,1.8879658
1645031792862,-2.1513395,-0.64661837,1.7861768
1645031792870,-2.0822237,-0.27716205,1.6109958
1645031792882,-1.964901,0.122436516,1.378602
1645031792886,-1.7889868,0.48852432,1.0861506
1645031792896,-1.5704162,0.8259185,0.7597871
1645031792910,-1.2889781,1.1023301,0.41994938
1645031792917,-0.95987433,1.2586962,0.11313378
1645031792930,-0.62563926,1.251488,-0.11030631
1645031792940,-0.33428746,1.0882974,-0.24757832
1645031792949,-0.07555633,0.8773017,-0.30800244
1645031792957,0.1435902,0.6645082,-0.35949036
1645031792967,0.33447945,0.53947115,-0.4412427
1645031792977,0.4892748,0.53238505,-0.55544114
1645031792992,0.6259185,0.59755653,-0.69868225
1645031793000,0.73751634,0.6987172,-0.83272535
1645031793017,0.78766036,0.7901213,-0.916991
1645031793018,0.5674317,0.86216944,-0.82527274
1645031793029,0.26513657,0.8927655,-0.67875034
1645031793037,-0.26138407,0.9179335,-0.43431363
1645031793051,-0.6634261,0.84253424,-0.19937167
1645031793059,-0.88763416,0.7537307,-0.056881055
1645031793067,-0.8096169,0.6206999,-0.03570992
1645031793077,-0.42241034,0.38350642,-0.13416529
1645031793087,0.026634086,0.13716729,-0.25227332
1645031793097,0.36261454,-0.043337114,-0.33673096
1645031793112,0.53519505,-0.12967972,-0.38296536
1645031793119,0.5501004,-0.1354394,-0.386107
1645031793126,0.5052797,-0.11315124,-0.37469238
1645031793137,0.3308142,-0.011990575,-0.31423336
1645031793147,0.07560869,0.13102365,-0.22042063
1645031793157,-0.20919801,0.23775199,-0.111353524
1645031793176,-0.20919801,0.23775199,-0.111353524
1645031793180,-0.20919801,0.23775199,-0.111353524
1645031793194,-0.4332839,0.26956978,0.018116765
1645031793195,-0.4332839,0.26956978,0.018116765
1645031793196,-0.6614015,0.27967536,0.17889868
1645031793198,-0.6614015,0.27967536,0.17889868
1645031793207,-0.7288245,0.30620474,0.21012305
1645031793216,-0.76725715,0.35936818,0.21012305
1645031793230,-0.78633386,0.41104808,0.19945894
1645031793240,-0.80813336,0.4412427,0.21232219
1645031793246,-0.8400384,0.38485032,0.2526573
1645031793257,-0.88238066,0.27464876,0.3282311
1645031793266,-0.92652065,0.124757834,0.4136312
1645031793276,-0.92802167,-0.011187713,0.48906535
1645031793292,-0.84976,-0.14191465,0.517567
1645031793299,-0.6786107,-0.25436774,0.49552315
1645031793307,-0.44516975,-0.3281438,0.43501177
1645031793317,-0.19301859,-0.32437384,0.32844052
1645031793326,0.038589753,-0.18336679,0.19115107
1645031793336,0.21548128,0.15919365,0.022375425
1645031793352,0.3048608,0.67644644,-0.1972598
1645031793359,0.31243563,1.2912645,-0.4291125
1645031793367,0.28368968,1.8574221,-0.61254907
1645031793377,0.26803386,2.1790733,-0.7232568
1645031793387,0.3144777,2.23475,-0.733886
1645031793397,0.3983943,2.0208046,-0.66461295
1645031793412,0.52564794,1.7191378,-0.5445676
1645031793420,0.67512,1.3913256,-0.42495856
1645031793427,0.82204384,1.1564709,-0.34381709
1645031793436,0.90044504,1.3384589,-0.38429183
1645031793447,0.9351427,1.7250545,-0.45323327
1645031793456,0.9586002,2.4298804,-0.6423946
1645031793472,0.9556855,3.1989527,-0.8365302
1645031793479,0.921878,3.919033,-1.0051837
1645031793496,0.85295403,4.49095,-1.1200802
1645031793502,0.85295403,4.49095,-1.1200802
1645031793506,0.9459813,4.533991,-1.0677023
1645031793516,1.1826687,4.2294617,-0.85593855
1645031793544,1.1826687,4.2294617,-0.85593855
1645031793545,1.1826687,4.2294617,-0.85593855
1645031793545,1.1826687,4.2294617,-0.85593855
1645031793548,2.1059778,2.2004712,0.1814469
1645031793549,2.2962563,1.4897984,0.49965966
1645031793556,2.2962563,1.4897984,0.49965966
1645031793566,2.3728948,0.7641679,0.76626235
1645031793576,2.239096,-0.0064054453,1.000349
1645031793592,1.8878436,-0.73158216,1.173523
1645031793600,1.3987957,-1.3148966,1.2813684
1645031793606,0.8564447,-1.7416528,1.3422114
1645031793616,0.31782877,-2.0269308,1.356593
1645031793626,-0.17045118,-2.1419146,1.3255084
1645031793636,-0.5828432,-2.1332054,1.2576315
1645031793652,-0.90810716,-2.0286937,1.1668906
1645031793660,-1.1597172,-1.8235623,1.0796928
1645031793669,-1.3847282,-1.606615,0.99362946
1645031793676,-1.5794222,-1.4133694,0.9284405
1645031793689,-1.7934724,-1.2589755,0.8929575
1645031793696,-1.9977659,-1.1173052,0.878122
1645031793713,-2.2052186,-1.0381534,0.87435204
1645031793720,-2.3935423,-0.97516364,0.9003229
1645031793727,-2.5431364,-0.97827035,0.94736016
1645031793736,-2.5978358,-1.0362335,1.0005585
1645031793750,-2.592425,-1.1728947,1.0752072
1645031793756,-2.4979668,-1.353242,1.143119
1645031793773,-2.3493674,-1.587992,1.2030369
1645031793780,-2.1393316,-1.836408,1.2407889
1645031793787,-1.8818396,-2.0234401,1.2597085
1645031793796,-1.6085697,-2.1220002,1.2269307
1645031793806,-1.3639061,-2.1444979,1.1580766
1645031793817,-1.1492975,-2.066463,1.0699363
1645031793833,-0.9607994,-1.8928005,0.9525788
1645031793840,-0.8206301,-1.6444541,0.8245571
1645031793846,-0.75762284,-1.3124532,0.70112574
1645031793857,-0.77214414,-0.89915353,0.60726064
1645031793866,-0.83953226,-0.5139541,0.5333275
1645031793877,-0.84703726,-0.23265556,0.45000437
1645031793893,-0.7851994,-0.068225846,0.35945544
1645031793900,-0.62206125,0.032411207,0.24869534
1645031793909,-0.32535124,0.062902525,0.07634174
1645031793916,0.23862466,0.05672397,-0.24290077
1645031793927,0.83953226,0.08164761,-0.5498735
1645031793936,1.5707654,0.08355005,-0.9058731
1645031793952,2.2892573,0.062658176,-1.2414521
1645031793960,2.825203,0.06471769,-1.4725717
1645031793969,3.1447246,0.06363557,-1.5705384
1645031793976,3.2161272,-0.024836373,-1.5522821
1645031793987,3.144777,-0.11540274,-1.4876691
1645031793996,2.9719696,-0.052622393,-1.3965267
1645031794012,2.7343574,0.17816563,-1.3270792
1645031794034,2.443145,0.5324199,-1.2677022
1645031794038,1.652919,1.375024,-1.1149315
1645031794039,1.652919,1.375024,-1.1149315
1645031794047,1.1802077,1.7757047,-1.0202461
1645031794056,0.67276376,2.0437036,-0.9102016
1645031794071,0.18165635,2.2723622,-0.7877651
1645031794080,-0.26747534,2.357396,-0.66728336
1645031794087,-0.61061174,2.2773366,-0.5456672
1645031794097,-0.8167205,2.0232482,-0.4284667
1645031794107,-0.8874247,1.6934637,-0.30896237
1645031794117,-0.85286677,1.3212497,-0.18457107
1645031794131,-0.75219476,0.8799372,-0.06431626
1645031794139,-0.6243477,0.3879047,0.061087355
1645031794150,-0.5186491,-0.12618902,0.19657911
1645031794156,-0.48595864,-0.6490968,0.33358932
1645031794169,-0.5582337,-1.1269919,0.49763504
1645031794176,-0.72646827,-1.5481281,0.670041
1645031794193,-0.9523344,-1.8942142,0.86051136
1645031794200,-1.1884283,-2.1790733,1.0322541
1645031794206,-1.3802949,-2.3462605,1.1595078
1645031794217,-1.4734968,-2.325613,1.2281874
1645031794233,-1.4643512,-2.1699276,1.2260058
1645031794242,-1.3571341,-1.8378043,1.10144
1645031794252,-1.1941531,-1.3305349,0.8979492
1645031794281,-1.0224977,-0.81071645,0.68410856
1645031794282,-1.0224977,-0.81071645,0.68410856
1645031794282,-1.0224977,-0.81071645,0.68410856
1645031794283,-0.70751375,-0.12224452,0.35144427
1645031794283,-0.30295837,0.595497,-0.03846758
1645031794286,-0.30295837,0.595497,-0.03846758
1645031794299,0.07309538,1.2203683,-0.3881316
1645031794320,0.4562702,1.7787067,-0.7026617
1645031794320,0.84974253,2.3020334,-1.0135614
1645031794326,1.2589755,2.8237019,-1.2991186
1645031794336,1.6958025,3.2912645,-1.5425605
1645031794347,2.129418,3.6860633,-1.7227157
1645031794358,2.4731302,3.884353,-1.825936
1645031794370,2.6948774,3.8699188,-1.783105
1645031794383,2.7464874,3.685435,-1.6554499
1645031794386,2.6146085,3.1101143,-1.344428
1645031794397,2.387154,2.3981674,-1.0091107
1645031794406,2.0854526,1.3476219,-0.55793697
1645031794416,1.77375,0.34123397,-0.13158216
1645031794433,1.4779301,-0.547779,0.24040492
1645031794439,1.2170695,-1.252029,0.529767
1645031794448,0.9595776,-1.7198185,0.7206039
1645031794457,0.67217034,-1.9408151,0.8115193
1645031794466,0.36633214,-1.9646217,0.83014226
1645031794478,0.05181953,-1.8435117,0.79472905
1645031794490,-0.2425517,-1.610856,0.72313464
1645031794502,-0.50044507,-1.2944934,0.6419059
1645031794506,-0.72880703,-0.9472031,0.55788463
1645031794519,-0.95004797,-0.61518455,0.45834714
1645031794528,-1.1709573,-0.2467231,0.35039708
1645031794537,-1.3833842,0.14969893,0.22988044
1645031794551,-1.6151845,0.58413476,0.10620473
1645031794565,-1.8808972,1.0494109,-0.01785496
1645031794566,-2.2119558,1.500672,-0.140466
1645031794579,-2.5913255,1.8502836,-0.26662013
1645031794586,-2.9289641,2.1132035,-0.38005063
1645031794597,-3.2347848,2.2773018,-0.48718038
1645031794613,-3.4229515,2.2788725,-0.5719347
1645031794620,-3.51083,2.160747,-0.61097825
1645031794626,-3.4875643,1.8834628,-0.5845536
1645031794636,-3.3679729,1.473235,-0.47831398
1645031794650,-3.1879919,0.959438,-0.30096868
1645031794656,-2.9496117,0.38008553,-0.056427263
1645031794671,-2.5635047,-0.29965967,0.23593682
1645031794684,-2.1601884,-0.91482675,0.51990575
1645031794686,-1.6933938,-1.4412601,0.74172264
1645031794698,-1.1337115,-1.8644907,0.8937778
1645031794708,-0.423283,-2.184571,0.95867
1645031794718,0.30758357,-2.4469326,0.9575879
1645031794732,0.90299326,-2.6292696,0.91536784
1645031794743,1.378375,-2.8026705,0.84838116
1645031794749,1.7028013,-2.968095,0.803386
1645031794758,1.8034209,-3.224784,0.8500742
1645031794766,1.6902348,-3.5644472,0.960206
1645031794778,1.471891,-3.852954,1.063845
1645031794793,1.1673794,-4.033668,1.1652675
1645031794802,0.85728246,-4.1197314,1.2498822
1645031794814,0.6418012,-3.926573,1.1977485
1645031794816,0.56388867,-3.5296447,0.9987957
1645031794830,0.61883235,-3.016546,0.6747011
1645031794836,0.7957937,-2.4462867,0.26593944
1645031794854,1.0949646,-1.9831574,-0.1849027
1645031794858,1.0949646,-1.9831574,-0.1849027
1645031794873,1.4258312,-1.580295,-0.60609126
1645031794874,1.4258312,-1.580295,-0.60609126
1645031794875,2.0419757,-0.99673617,-1.330116
1645031794877,2.0419757,-0.99673617,-1.330116
1645031794886,2.262187,-0.79151756,-1.5697705
1645031794896,2.410193,-0.6347151,-1.7115281
1645031794909,2.4504232,-0.50686795,-1.7532071
1645031794922,2.3716555,-0.34870407,-1.7305874
1645031794926,2.1900516,-0.08452745,-1.6746138
1645031794937,1.9171306,0.31224364,-1.612584
1645031794947,1.5555633,0.8816476,-1.5500829
1645031794957,1.1340257,1.5627018,-1.4949472
1645031794971,0.66716117,2.225325,-1.454106
1645031794980,0.16025831,2.7873986,-1.4109957
1645031794987,-0.35956016,3.1742735,-1.3253512
1645031794996,-0.83412164,3.3295226,-1.1780086
1645031795006,-1.2525177,3.2330744,-0.9839777
1645031795017,-1.5800681,2.9032376,-0.75432414
1645031795038,-1.7726154,2.4532506,-0.49545336
1645031795042,-1.7726154,2.4532506,-0.49545336
1645031795051,-1.8300899,1.8966751,-0.23537831
1645031795054,-1.7304826,0.8722402,0.19232045
1645031795056,-1.7304826,0.8722402,0.19232045
1645031795067,-1.6275766,0.51758444,0.34854698
1645031795077,-1.479815,0.27791256,0.45007417
1645031795092,-1.3293656,0.15484771,0.4934462
1645031795099,-1.1957413,0.12934811,0.48756436
1645031795107,-1.089973,0.19006895,0.44096345
1645031795118,-1.0209616,0.3567676,0.3221747
1645031795126,-0.983838,0.6446461,0.18001571
1645031795137,-0.98296535,0.94249064,0.026564272
1645031795153,-0.99612534,1.2086569,-0.10419758
1645031795160,-1.0122349,1.4305786,-0.20832533
1645031795170,-1.0137883,1.5431713,-0.2891352
1645031795176,-0.83705384,1.4902871,-0.30810717
1645031795187,-0.5960031,1.3785496,-0.295017
1645031795196,-0.08965878,1.184606,-0.2788027
1645031795213,0.57767695,0.9722489,-0.2635134
1645031795220,1.1461558,0.7903133,-0.24024785
1645031795227,1.6332839,0.62649447,-0.21223493
1645031795236,2.1184397,0.45421067,-0.17031154
1645031795247,2.6155686,0.3132036,-0.13882537
1645031795256,3.0673707,0.21150188,-0.1206388
1645031795274,3.4517148,0.09559298,-0.09634349
1645031795280,3.6521685,-0.113413036,-0.0109084565
1645031795290,3.6327777,-0.4821363,0.17628065
1645031795296,3.3468192,-1.0087093,0.46346104
1645031795309,2.885086,-1.661611,0.82661664
1645031795316,2.3365738,-2.3343048,1.1904879
1645031795333,1.8103325,-2.9363296,1.5051575
1645031795340,1.3698927,-3.3973296,1.7278297
1645031795349,1.0447683,-3.6699014,1.8466184
1645031795356,0.8182564,-3.7688456,1.8442447
1645031795370,0.67751116,-3.807313,1.7885505
1645031795376,0.59444976,-3.8020072,1.7033772
1645031795393,0.5535387,-3.8533032,1.6408412
1645031795400,0.54201937,-3.9005673,1.6039969
1645031795407,0.49581987,-3.9827385,1.5895104
1645031795416,0.41321233,-3.972371,1.5579195
1645031795427,0.32316956,-3.8959246,1.5254385
1645031795436,0.2262152,-3.721372,1.4604416
1645031795453,0.13812724,-3.4563575,1.3581638
1645031795460,0.09110743,-3.0725543,1.2072258
1645031795470,0.07557379,-2.5816565,1.0167379
1645031795476,0.08618553,-1.8716118,0.75584257
1645031795487,0.10419758,-1.1567502,0.5007767
1645031795497,0.123623356,-0.3687058,0.2392879
1645031795515,0.117863685,0.4795183,-0.014678419
1645031795539,0.075661056,1.4114496,-0.2686273
1645031795540,0.075661056,1.4114496,-0.2686273
1645031795541,0.075661056,1.4114496,-0.2686273
1645031795542,-0.3458766,3.8600228,-0.9133956
1645031795545,-0.3458766,3.8600228,-0.9133956
1645031795549,-0.3458766,3.8600228,-0.9133956
1645031795557,-0.5582861,4.510254,-1.0999564
1645031795571,-0.79279166,5.00103,-1.270233
1645031795579,-1.0375949,5.3273935,-1.4017104
1645031795587,-1.2976874,5.3890743,-1.4631993
1645031795597,-1.5660529,5.1595078,-1.385723
1645031795607,-1.8022864,4.6955056,-1.2059517
1645031795616,-1.909678,4.0438957,-0.9441836
1645031795633,-1.9061174,3.387102,-0.67787766
1645031795639,-1.7580417,2.6999738,-0.4063182
1645031795647,-1.4978794,1.9645519,-0.12632865
1645031795657,-1.1631905,1.1236408,0.2145737
1645031795667,-0.8447334,0.34029147,0.55167115
1645031795676,-0.5930709,-0.24005584,0.80939
1645031795693,-0.41345668,-0.5875905,0.9627367
1645031795700,-0.27930883,-0.7725107,1.0142944
1645031795711,-0.16048521,-0.83972424,0.9890217
1645031795716,-0.016895017,-0.8115368,0.91091716
1645031795726,0.15901911,-0.8035256,0.82108384
1645031795736,0.3599267,-0.8231608,0.7266777
1645031795752,0.5809931,-0.8697792,0.6417139
1645031795772,0.7909765,-0.95078105,0.5669779
1645031795773,0.7909765,-0.95078105,0.5669779
1645031795773,0.7909765,-0.95078105,0.5669779
1645031795774,0.9888995,-1.0164762,0.4783489
1645031795778,0.9888995,-1.0164762,0.4783489
1645031795786,1.194345,-1.0645431,0.3722489
1645031795796,1.3965267,-1.0574046,0.2432673
1645031795810,1.5935247,-0.9362423,0.07021555
1645031795819,1.7747273,-0.6664805,-0.15769264
1645031795826,1.9258748,-0.28299153,-0.42431277
1645031795836,2.053652,0.19994764,-0.7101143
1645031795846,2.1370976,0.7173401,-0.98717165
1645031795856,2.17094,1.2254996,-1.2278035
1645031795873,2.1409197,1.6778951,-1.4036652
1645031795882,2.015621,1.9993892,-1.5032202
1645031795886,1.8215725,2.2389388,-1.5311981
1645031795897,1.5396283,2.289868,-1.450528
1645031795907,1.1809582,2.1211276,-1.25634
1645031795917,0.80027926,1.8171743,-0.9708177
1645031795931,0.43757746,1.3720394,-0.6212933
1645031795940,0.12463566,0.82759404,-0.23372021
1645031795947,-0.10559385,0.26440352,0.14922768
1645031795958,-0.23441836,-0.28468454,0.50465137
1645031795967,-0.26679465,-0.7565058,0.79284406
1645031795976,-0.136155,-1.1086482,0.97158563
1645031795993,0.044733398,-1.3714635,1.0808448
1645031796001,0.24586788,-1.6059167,1.128266
1645031796007,0.4810193,-1.750624,1.1039009
1645031796016,0.7784274,-1.6871281,0.9575879
1645031796040,1.0647526,-1.5468714,0.77980626
1645031796050,1.3383716,-1.2320621,0.52313465
1645031796057,1.3383716,-1.2320621,0.52313465
1645031796060,1.85257,-0.28827995,-0.12796928
1645031796066,2.0697618,0.25935945,-0.45543242
1645031796076,2.250266,0.89409196,-0.8139803
1645031796087,2.3957064,1.5735928,-1.180452
1645031796097,2.456532,2.2440877,-1.5101492
1645031796111,2.3686535,2.760677,-1.7506065
1645031796119,2.2272274,3.1769264,-1.9269046
1645031796126,1.8298805,3.2619076,-1.9227681
1645031796138,1.2548914,3.0350816,-1.7536609
1645031796147,0.5925822,2.577799,-1.4846497
1645031796156,-0.077109694,2.0361638,-1.1766995
1645031796174,-0.70545423,1.5338686,-0.87154204
1645031796181,-1.315106,1.0160573,-0.57004976
1645031796186,-1.8499346,0.52093554,-0.27960554
1645031796197,-2.2949123,0.11034121,-0.009983419
1645031796207,-2.7594903,-0.22026356,0.23679204
1645031796217,-3.6721704,-0.5284056,0.51105684
1645031796231,-4.8985076,-0.6496204,0.7191902
1645031796241,-5.724932,-0.30829915,0.64527446
1645031796247,-5.625604,-0.26222184,0.27358407
1645031796257,-4.837857,-0.26243126,0.22991535
1645031796278,-3.7027314,0.9465922,-0.41466096
1645031796279,-3.7027314,0.9465922,-0.41466096
1645031796296,-2.3826861,1.8532332,-0.9184396
1645031796302,-1.1347238,2.3188934,-1.1556157
1645031796309,-0.0279431,2.4349768,-1.1893708
1645031796317,0.9373942,2.3719523,-1.0701283
1645031796327,1.7295401,2.1974866,-0.85733485
1645031796336,2.2881055,1.9295226,-0.5865957
1645031796351,2.6087441,1.6311022,-0.29700673
1645031796360,2.683201,1.2734444,-0.02071734
1645031796366,2.5823195,0.91737497,0.24057946
1645031796376,2.353172,0.5612706,0.46052885
1645031796386,2.0805132,0.2321843,0.63082296
1645031796396,1.829671,-0.060389213,0.7596998
1645031796410,1.6711231,-0.25218606,0.84642637
1645031796419,1.6085871,-0.37380224,0.8889432
1645031796426,1.6558512,-0.33995986,0.8704774
1645031796436,1.7696483,-0.21410245,0.79303604
1645031796446,1.9230998,0.016737936,0.66246617
1645031796458,2.0665677,0.3227507,0.48449254
1645031796469,2.0913517,0.6203857,0.26370537
1645031796480,2.0760624,0.92205256,0.03579719
1645031796486,1.9925648,1.1783925,-0.16978794
1645031796496,1.8287809,1.3686011,-0.35071123
1645031796506,1.5686011,1.4352387,-0.4809844
1645031796516,1.2390087,1.3901038,-0.5525613
1645031796532,0.8363382,1.1842569,-0.53732437
1645031796545,0.3553888,0.78108037,-0.40820315
1645031796547,-0.10526224,0.35172352,-0.25387904
1645031796559,-0.51446027,-0.12100533,-0.048381183
1645031796566,-0.79085433,-0.46115717,0.13699275
1645031796576,-0.9459464,-0.6317305,0.2642639
1645031796593,-0.9819705,-0.60188496,0.30522734
1645031796599,-0.9584257,-0.41900688,0.25564185
1645031796607,-0.91725284,-0.11727027,0.111528054
1645031796616,-0.92212236,0.24057946,-0.0979143
1645031796626,-1.05353,0.56940395,-0.3426477
1645031796638,-1.3172877,0.83930534,-0.6066847
1645031796650,-1.6651016,1.0568287,-0.8903569
1645031796661,-2.0843704,1.2459028,-1.176141
1645031796666,-2.4111876,1.4758705,-1.5148966
1645031796678,-2.704756,1.6571603,-1.8294965
1645031796693,-3.1576228,1.6660441,-2.0529366
1645031796696,-3.8515403,1.467999,-2.1793873
1645031796712,-4.7052097,1.1205516,-2.2419758
1645031796726,-5.396963,0.70959073,-2.1159961
1645031796729,-5.8268085,0.18549612,-1.7620037
1645031796738,-5.932961,-0.42511562,-1.1976264
1645031796746,-5.6939874,-0.48272973,-0.57024175
1645031796758,-5.143817,-0.47276378,-0.5103063
1645031796771,-4.2829742,-0.89304477,-5.759665E-4
1645031796784,-3.1608691,-1.0694301,0.42131075
1645031796788,-1.9833319,-0.8961864,0.6270879
1645031796796,-0.882049,-0.48302644,0.6665154
1645031796808,0.20324636,0.10060215,0.666847
1645031796816,1.278698,0.8009076,0.6726067
1645031796830,2.3186142,1.6233877,0.66379267
1645031796842,3.2912645,2.5141985,0.71964395
1645031796846,4.1354394,3.3918667,0.86112225
1645031796856,4.9396806,4.3096604,1.1034297
1645031796866,5.4872503,5.0817523,1.3708003
1645031796876,5.7026615,5.566175,1.6279606
1645031796892,5.399791,5.524391,1.8363208
1645031796900,4.7142158,5.076516,1.8985251
1645031796907,3.9749892,4.5346365,1.8859237
1645031796917,3.185025,3.8502312,1.7071822
1645031796927,2.4708614,3.2750154,1.4102278
1645031796937,1.870041,2.8374028,1.0278559
1645031796951,1.3776594,2.5091894,0.6242604
1645031796960,0.97399426,2.2001395,0.26105246
1645031796967,0.6762719,1.8832883,-0.014259534
1645031796977,0.44530937,1.5012131,-0.16812986
1645031796987,0.31461734,1.1146872,-0.12742822
1645031796996,0.11699101,0.5710097,0.06555546
1645031797013,-0.18863775,-0.28133345,0.3769439
1645031797021,-0.65820754,-1.4084649,0.73605025
1645031797026,-1.1281264,-2.5407977,1.1078978
1645031797041,-1.6224976,-3.740082,1.431207
1645031797046,-2.1246705,-4.8672485,1.6498473
1645031797060,-2.5469239,-5.6216598,1.6511563
1645031797071,-2.8843355,-6.0486603,1.55771
1645031797079,-3.151741,-6.1602235,1.3652849
1645031797087,-3.1702766,-5.8542457,1.1026791
1645031797097,-3.1492627,-5.3029237,0.81399775
1645031797106,-3.076237,-4.622777,0.5414609
1645031797117,-3.0072258,-3.9009163,0.29135177
1645031797131,-3.0050616,-3.1940832,0.039741687
1645031797139,-3.0384326,-2.483742,-0.19303603
1645031797146,-3.066341,-1.8213631,-0.3924426
1645031797157,-3.0413823,-1.20939,-0.5599791
1645031797167,-2.9211974,-0.63375515,-0.68423074
1645031797176,-2.7271316,-0.14132123,-0.7775897
1645031797193,-2.4438956,0.2814207,-0.85080725
1645031797200,-2.0272799,0.7303604,-0.9014923
1645031797206,-1.4428658,1.1986212,-0.9898246
1645031797217,-0.6338075,1.7634,-1.0759054
1645031797227,0.34804085,2.3524914,-1.1353347
1645031797236,1.4223231,2.9568026,-1.1603805
1645031797254,2.2830265,3.3980627,-1.1669081
1645031797261,3.0083427,3.7058034,-1.1936992
1645031797269,3.461995,3.7462082,-1.2436163
1645031797276,3.5560172,2.3657212,-0.550048
1645031797286,3.3225064,0.4054106,0.2602147
1645031797297,3.2175758,-1.1843617,0.9394013
1645031797313,3.0994153,-2.3676062,1.4203159
1645031797320,2.8776333,-3.270966,1.7126974
1645031797327,2.5467842,-3.9588795,1.8586788
1645031797336,2.146854,-4.3160834,1.8485034
1645031797346,1.7695785,-4.407383,1.7338337
1645031797357,1.4670216,-4.178288,1.5180383
1645031797373,1.2298805,-3.7282135,1.2027577
1645031797380,1.0868138,-3.0169125,0.8023388
1645031797387,0.997574,-2.2980015,0.41860548
1645031797396,0.8423073,-1.6024435,0.036652412
1645031797407,0.62368447,-1.011851,-0.3020857
1645031797416,0.35671523,-0.59139544,-0.54746485
1645031797433,0.023789162,-0.31165022,-0.7086482
1645031797440,-0.37767693,-0.20680688,-0.7853216
1645031797450,-0.7904878,-0.19863862,-0.8158478
1645031797456,-1.1486691,-0.1809582,-0.8119033
1645031797467,-1.3860197,-0.1248102,-0.8122524
1645031797476,-1.6184134,-0.02986299,-0.8469849
1645031797493,-1.92111,0.11383192,-0.9416703
1645031797512,-2.263269,0.29646567,-1.0841959
1645031797513,-2.263269,0.29646567,-1.0841959
1645031797520,-2.8045728,0.6623091,-1.3308142
1645031797521,-2.8045728,0.6623091,-1.3308142
1645031797538,-2.9790907,0.7302906,-1.3883235
1645031797540,-2.9697182,0.67552143,-1.3326468
1645031797554,-2.8978271,0.5301161,-1.1832272
1645031797562,-2.72015,0.2509992,-0.9518457
1645031797566,-2.4264944,-0.09004276,-0.6451523
1645031797577,-2.0027401,-0.44647875,-0.31510603
1645031797587,-1.4152719,-0.7286325,0.023893883
1645031797597,-0.7122262,-1.0400559,0.35013527
1645031797611,0.042150274,-1.381604,0.6834628
1645031797619,0.76107866,-1.7647439,0.9925997
1645031797627,1.3945022,-2.060965,1.217279
1645031797638,1.865154,-2.1995986,1.3180732
1645031797649,2.1322453,-2.166559,1.2865695
1645031797656,1.6519068,-2.1534514,1.2690462
1645031797673,0.9367484,-2.0966752,1.2347848
1645031797680,-0.0015882712,-2.0436687,1.2437735
1645031797687,-0.791186,-1.8638973,1.2075399
1645031797696,-0.59347236,-1.5128546,0.9564884
1645031797706,-0.030892748,-1.1307793,0.6528842
1645031797717,0.99338514,-0.86691684,0.36542454
1645031797733,2.0777729,-0.6752945,0.14282224
1645031797740,2.9440615,-0.47602758,-0.023457544
1645031797750,3.5214243,-0.31889343,-0.14372982
1645031797756,3.626093,-0.18430927,-0.21008813
1645031797767,3.387416,-0.033475872,-0.2358321
1645031797776,2.8461123,0.02991535,-0.2294441
1645031797793,2.1453006,0.111912034,-0.223475
1645031797800,1.3893534,0.20240858,-0.23476744
1645031797806,0.7355267,0.33268175,-0.2552055
1645031797817,0.1554935,0.5092067,-0.31060302
1645031797827,-0.32392007,0.6626931,-0.37165546
1645031797836,-0.68393403,0.768828,-0.3945894
1645031797855,-0.9832446,0.7625273,-0.35502225
1645031797856,-0.9832446,0.7625273,-0.35502225
1645031797862,-1.2390784,0.69484246,-0.2771795
1645031797866,-1.4526398,0.6071559,-0.1879047
1645031797877,-1.6355877,0.50349945,-0.10718213
1645031797887,-1.762056,0.4575792,-0.057788637
1645031797896,-1.839794,0.49060127,-0.054821536
1645031797912,-1.8980888,0.57256305,-0.10859586
1645031797920,-1.9169387,0.75065887,-0.21912907
1645031797929,-1.8864996,0.96310323,-0.3767519
1645031797936,-1.7811153,1.1849376,-0.55092067
1645031797946,-1.6647003,1.3646216,-0.70196354
1645031797957,-1.6056724,1.4344183,-0.7912209
1645031797973,-1.5833493,1.3485645,-0.7594031
1645031797980,-1.590767,1.130692,-0.61413735
1645031797987,-1.5908369,0.81211275,-0.40078542
1645031797996,-1.4959246,0.48896065,-0.17167293
1645031798010,-1.2996596,0.19890043,0.03199232
1645031798016,-0.8638974,-0.031678155,0.20225151
1645031798033,-0.37868923,-0.21349157,0.33486342
1645031798052,0.100340344,-0.3344271,0.43096256
1645031798053,0.100340344,-0.3344271,0.43096256
1645031798064,0.91268,-0.31772405,0.4568985
1645031798066,0.91268,-0.31772405,0.4568985
1645031798067,1.2607558,-0.15507461,0.3606074
1645031798076,1.5200977,0.0024958549,0.25154027
1645031798093,1.720569,0.19314076,0.12858015
1645031798100,1.8861332,0.3987608,-0.004276115
1645031798109,2.0415394,0.6336853,-0.13255955
1645031798117,2.1152632,0.83516884,-0.2549437
1645031798126,2.1264334,1.0168078,-0.35407975
1645031798137,1.9418797,1.176141,-0.4775635
1645031798152,1.6836897,1.3030456,-0.5958111
1645031798159,1.340501,1.4368443,-0.7377782
1645031798167,0.9186317,1.6226023,-0.9506414
1645031798177,0.522262,1.9326469,-1.3057859
1645031798187,0.25007418,2.2828345,-1.6753294
1645031798196,0.106920324,2.486971,-1.9365565
1645031798213,0.10550659,2.542997,-2.0362859
1645031798220,0.23080549,2.463496,-1.9512523
1645031798226,0.36418536,2.279588,-1.7687756
1645031798237,0.6506327,2.0466359,-1.4277686
1645031798247,0.99952877,1.5620211,-0.8199319
1645031798261,1.3355615,0.9725107,-0.09234662
1645031798273,1.6049044,0.3836635,0.59561914
1645031798281,1.7278297,-0.18963261,1.1528406
1645031798286,1.6653984,-0.66904616,1.5434506
1645031798305,1.431172,-1.0697443,1.7587748
1645031798310,1.431172,-1.0697443,1.7587748
1645031798311,1.431172,-1.0697443,1.7587748
1645031798316,1.0744568,-1.2849637,1.7300812
1645031798331,0.72135437,-1.3706257,1.580993
1645031798339,0.43183523,-1.3276027,1.3612881
1645031798346,0.20939,-1.2012392,1.1153853
1645031798356,0.043337114,-1.0507897,0.876813
1645031798366,-0.103900865,-0.90616983,0.67559123
1645031798376,-0.25752684,-0.83288246,0.5441138
1645031798390,-0.4164063,-0.8190069,0.4975303
1645031798399,-0.5799459,-0.896902,0.51728773
1645031798406,-0.72280306,-1.0229514,0.590034
1645031798416,-0.84307534,-1.1985165,0.6921372
1645031798427,-0.92763764,-1.3752683,0.8194432
1645031798437,-0.98272103,-1.5383366,0.9539925
1645031798452,-1.0511912,-1.7772231,1.1187538
1645031798459,-1.1153504,-2.0203333,1.3067981
1645031798467,-1.1928964,-2.2724147,1.4953661
1645031798477,-1.2658522,-2.4378045,1.6307182
1645031798487,-1.3702068,-2.4984553,1.7048608
1645031798497,-1.4956105,-2.461227,1.693516
1645031798512,-1.595497,-2.2967274,1.6058644
1645031798520,-1.599808,-2.0280828,1.4416616
1645031798526,-1.4764116,-1.710952,1.2233877
1645031798541,-1.2617506,-1.3359281,0.9610961
1645031798546,-1.0042936,-0.9069378,0.662536
1645031798557,-0.80680686,-0.5014748,0.38685748
1645031798571,-0.66131425,-0.1592111,0.15626146
1645031798579,-0.62633735,0.09410943,-0.028169997
1645031798587,-1.6197399,0.33388603,-0.0058992933
1645031798597,-4.0677547,1.3016319,-0.21637142
1645031798607,-5.8450475,2.1157343,-0.40507898
1645031798617,-5.7534165,2.183105,-0.41967013
1645031798632,-3.9571517,2.0468104,-0.70822936
1645031798639,-1.8074178,1.8327777,-0.9696483
1645031798647,0.54355526,1.6699537,-1.1783053
1645031798658,2.7872066,1.5647962,-1.260651
1645031798667,4.4624834,1.5077581,-1.2255694
1645031798676,5.3718123,1.4385898,-1.0676674
1645031798693,5.5720744,1.2810018,-0.81801206
1645031798700,5.095087,0.97624576,-0.5003753
1645031798710,4.097478,0.5078628,-0.14037874
1645031798716,2.8169823,-0.053582337,0.22731477
1645031798727,1.5373768,-0.57329607,0.5451087
1645031798736,0.43288246,-0.9621433,0.7687407
1645031798754,-0.39532244,-1.170713,0.8848416
1645031798760,-0.877005,-1.1267475,0.83398205
1645031798766,-1.0479797,-0.8856445,0.653338
1645031798776,-1.0122175,-0.56437737,0.43825814
1645031798786,-0.89402217,-0.3192076,0.27000612
1645031798797,-0.784222,-0.16301598,0.17008466
1645031798812,-0.70177156,-0.06627105,0.12535125
1645031798819,-0.6597085,-0.039584607,0.13173924
1645031798827,-0.6495157,-0.078209266,0.17109695
1645031798837,-0.65319836,-0.16558164,0.2356052
1645031798847,-0.66052884,-0.24159177,0.31165022
1645031798856,-0.68368965,-0.31683394,0.3764203
1645031798872,-0.7146173,-0.36031067,0.42886814
1645031798879,-0.7598394,-0.40354306,0.48478925
1645031798887,-0.83569247,-0.4406318,0.5445676
1645031798897,-0.92810893,-0.44012567,0.5943974
1645031798907,-1.0152718,-0.37167293,0.617279
1645031798916,-1.0688367,-0.18699712,0.559246
1645031798933,-1.1185793,0.009756523,0.46819094
1645031798940,-1.1595776,0.28229338,0.32468802
1645031798946,-1.1835413,0.6403177,0.12891178
1645031798956,-1.1815168,1.0690112,-0.13189633
1645031798967,-1.1630683,1.5159613,-0.41722664
1645031798976,-1.1171656,1.9416004,-0.711563
1645031798994,-1.0723623,2.2520115,-0.964517
1645031799001,-0.9399773,2.3795094,-1.0814556
1645031799009,-0.78127235,2.3768218,-1.1113709
1645031799016,-0.6616982,2.1937168,-1.0042237
1645031799030,-0.5669954,1.9242691,-0.83754253
1645031799049,-0.49224192,1.6029322,-0.6074701
1645031799056,-0.39645693,1.2788202,-0.36809495
1645031799060,-0.26890653,1.0083603,-0.16795532
1645031799066,-0.1357012,0.8128807,-0.0076621
1645031799076,-0.033650406,0.6968322,0.09056637
1645031799087,0.08815778,0.7534514,0.04286587
1645031799097,0.25274456,0.95168865,-0.12709661
1645031799112,0.49723363,1.2443669,-0.38717166
1645031799119,0.85106903,1.6261454,-0.6817523
1645031799126,1.2823632,2.021747,-0.9973121
1645031799138,1.6893446,2.351776,-1.2485033
1645031799147,1.9784797,2.5034995,-1.3311807
1645031799156,2.1000786,2.3920412,-1.2136836
1645031799173,2.0750327,2.084824,-0.9391745
1645031799180,1.9472554,1.640946,-0.57725805
1645031799187,1.8089013,1.1437647,-0.15989178
1645031799197,1.639794,0.6197574,0.25518805
1645031799207,1.4353783,0.09957239,0.6604939
1645031799217,1.1943974,-0.37411642,0.99118596
1645031799232,0.94151324,-0.75950783,1.2145911
1645031799239,0.73522997,-1.0133694,1.3553538
1645031799247,0.61583036,-1.1857579,1.4198272
1645031799257,0.5972772,-1.2511563,1.4227594
1645031799267,0.6837071,-1.2501789,1.3885505
1645031799276,0.83691424,-1.203351,1.3288944
1645031799292,1.0334933,-1.1324549,1.2533729
1645031799300,1.2504058,-1.0404398,1.1689851
1645031799310,1.4384676,-0.94681907,1.0776857
1645031799316,1.5282485,-0.886395,0.9876778
1645031799326,1.5311981,-0.85915,0.93090147
1645031799336,1.4009076,-0.9383367,0.9140588
1645031799352,1.1729994,-1.0581028,0.92987174
1645031799360,0.87684786,-1.2150799,0.9818309
1645031799369,0.5215289,-1.3945196,1.0601449
1645031799376,0.07077406,-1.6018326,1.1522995
1645031799387,-0.37910813,-1.8051313,1.2472292
1645031799396,-0.8167205,-1.947203,1.3107426
1645031799413,-1.2175407,-2.0487478,1.3547081
1645031799420,-1.5511476,-2.088402,1.3844664
1645031799429,-1.8114845,-2.0943015,1.404852
1645031799436,-1.944969,-2.0208395,1.3758268
1645031799447,-2.0288856,-1.9439392,1.3294004
1645031799456,-2.008081,-1.7295401,1.1953399
1645031799473,-1.9318265,-1.4726067,1.0031766
1645031799480,-1.8220787,-1.2049568,0.80284494
1645031799487,-1.6423248,-0.91566455,0.59298366
1645031799496,-1.3590366,-0.6867615,0.39776593
1645031799507,-1.0102103,-0.49559298,0.23433109
1645031799516,-0.6551881,-0.34500393,0.08475434
1645031799534,-0.3507287,-0.20417139,-0.07339209
1645031799562,-0.121668555,-0.004084126,-0.25693342
1645031799563,-0.121668555,-0.004084126,-0.25693342
1645031799564,-0.121668555,-0.004084126,-0.25693342
1645031799565,0.039619513,0.46758008,-0.66461295
1645031799573,0.039619513,0.46758008,-0.66461295
1645031799574,0.039619513,0.46758008,-0.66461295
1645031799576,-0.11875382,0.22279431,-0.49208483
1645031799592,-0.17275503,-0.10360415,-0.2652064
1645031799600,0.01270617,-0.31165022,-0.17048608
1645031799606,0.44024783,-0.35887948,-0.23860721
1645031799616,0.93840647,-0.28452745,-0.38523433
1645031799627,1.3110569,-0.17155075,-0.53013355
1645031799638,1.4626582,-0.009459813,-0.6599005
1645031799653,1.4333013,0.24338947,-0.8141025
1645031799660,1.2829915,0.6228641,-1.0274544
1645031799667,1.0440527,1.1443582,-1.3188236
1645031799676,0.74755216,1.7195916,-1.6534777
1645031799687,0.38654333,2.3154027,-2.031242
1645031799696,-0.036320794,2.8958025,-2.3965442
1645031799713,-0.53786546,3.4545598,-2.758094
1645031799721,-1.1059779,3.9053843,-3.1238678
1645031799729,-1.7169037,4.1948686,-3.4493935
1645031799736,-2.1795096,4.2793612,-3.6462169
1645031799747,-2.383873,4.1438518,-3.6605115
1645031799756,-2.3849027,3.8512087,-3.4691858
1645031799773,-2.268348,3.4702156,-3.1505191
1645031799780,-2.0720134,3.0302644,-2.7334845
1645031799787,-1.8455362,2.5444977,-2.2566018
1645031799796,-1.6889257,1.9307444,-1.6505629
1645031799807,-1.5968409,1.3188062,-1.0622916
1645031799816,-1.5955843,0.6697094,-0.45518807
1645031799833,-1.6393752,0.08540012,0.10906711
1645031799840,-1.7806964,-0.46004015,0.6188149
1645031799847,-1.9497339,-0.9500131,1.0367397
1645031799856,-1.4371411,-1.0006108,1.1869273
1645031799867,-0.65263987,-0.84448904,1.2147657
1645031799876,0.5299241,-0.4371062,1.1117201
1645031799893,1.7528405,0.04745615,0.9634523
1645031799900,2.903831,0.44764814,0.9063618
1645031799907,3.8369143,0.76921195,0.88208395
1645031799916,4.2429533,0.85935944,0.97357535
1645031799927,4.1507287,0.6412776,1.1465398
1645031799936,3.5608692,0.20370016,1.3257875
1645031799953,2.6918056,-0.36891526,1.4877214
1645031799960,1.7401519,-0.8998516,1.6215551
1645031799967,0.84429705,-1.3772231,1.7061
1645031799976,0.08571429,-1.7365738,1.7124356
1645031799987,-0.5400995,-1.9823893,1.6699014
1645031799996,-1.0767956,-2.1447945,1.5779911
1645031800013,-1.7319835,-2.294598,1.4942316
1645031800020,-2.4637752,-2.346278,1.3918492
1645031800027,-3.117218,-2.2039795,1.225901
1645031800036,-3.5533817,-1.9678506,1.0326556
1645031800047,-3.750851,-1.6484336,0.81706953
1645031800076,-3.4414697,-1.044105,0.40315908
1645031800081,-2.9273236,-0.42274195,-0.025901038
1645031800086,-2.2220438,0.24941094,-0.5119295
1645031800090,-2.2220438,0.24941094,-0.5119295
1645031800096,-1.4451349,0.82260233,-0.93229777
1645031800109,-0.6854176,1.2176455,-1.2350118
1645031800120,0.010454664,1.4549263,-1.4075224
1645031800131,0.63426125,1.5718125,-1.4667598
1645031800139,1.1822149,1.6197399,-1.4918405
1645031800147,1.6225848,1.634558,-1.4610524
1645031800158,1.9197313,1.5675365,-1.3847805
1645031800167,2.1270792,1.4766908,-1.2848241
1645031800176,2.2916834,1.3765948,-1.1537308
1645031800193,2.4947028,1.2459726,-0.9471682
1645031800200,2.7779038,1.1256828,-0.67972773
1645031800209,3.1175146,1.0130901,-0.38057423
1645031800216,3.3573437,0.888088,-0.0981412
1645031800226,3.5037787,0.793996,0.13292609
1645031800236,3.5103936,0.69166595,0.3174099
1645031800253,3.4411206,0.5971725,0.4575792
1645031800262,3.3007593,0.55099046,0.5161358
1645031800266,3.1298194,0.55050176,0.5227507
1645031800276,2.9628937,0.59603804,0.48297408
1645031800289,2.8202112,0.6602321,0.42995027
1645031800296,2.6323414,0.638869,0.4380487
1645031800313,2.4509819,0.6031242,0.47700498
1645031800320,2.2559385,0.5084737,0.57177764
1645031800329,1.9655991,0.25330308,0.75257874
1645031800336,1.5081421,-0.2945283,1.0656427
1645031800347,1.0239463,-0.933153,1.4282398
1645031800356,0.5343747,-1.5950432,1.7581115
1645031800373,0.116188146,-2.1448643,2.019932
1645031800392,-0.21563837,-2.5710447,2.2027576
1645031800393,-0.21563837,-2.5710447,2.2027576
1645031800399,-0.6413125,-2.960747,2.2966926
1645031800400,-0.6413125,-2.960747,2.2966926
1645031800406,-0.86459553,-3.0314338,2.2183087
1645031800417,-1.1612008,-3.1271315,2.1306746
1645031800431,-1.5775373,-3.2846844,2.0785933
1645031800439,-2.1417227,-3.5447595,2.1069727
1645031800448,-2.802967,-3.9166594,2.2243128
1645031800456,-3.384798,-4.2408237,2.3381448
1645031800466,-3.8373332,-4.510725,2.436949
1645031800476,-4.0087967,-4.586072,2.3936644
1645031800489,-3.8555894,-4.3995986,2.1203072
1645031800500,-3.603386,-4.082625,1.7488612
1645031800506,-3.3911161,-3.9787765,1.3937516
1645031800516,-3.2787852,-3.978602,1.0439829
1645031800526,-3.2491841,-3.8472817,0.63150364
1645031800536,-3.1520376,-3.5435903,0.19853391
1645031800559,-2.95771,-3.24407,-0.21160659
1645031800564,-2.95771,-3.24407,-0.21160659
1645031800564,-2.95771,-3.24407,-0.21160659
1645031800571,-2.5718822,-3.0133345,-0.664037
1645031800573,-2.4550135,-2.985147,-0.703098
1645031800577,-2.4550135,-2.985147,-0.703098
1645031800587,-2.3769789,-2.9328737,-0.61869276
1645031800597,-2.2996597,-2.9384065,-0.47236234
1645031800612,-2.2804782,-2.8926435,-0.29985166
1645031800619,-2.3516188,-2.7062745,-0.10936382
1645031800627,-2.4935334,-2.3087878,0.064647876
1645031800637,-2.5366786,-1.8374203,0.18322715
1645031800647,-2.434785,-1.3995287,0.21560346
1645031800658,-2.0785933,-0.8889955,0.07799982
1645031800673,-1.6483637,-0.49456322,-0.12013265
1645031800680,-1.2443669,-0.14182739,-0.32072607
1645031800689,-0.8892399,0.23298717,-0.5009687
1645031800696,-0.67040753,0.67758095,-0.5749716
1645031800707,-0.56556416,1.0394974,-0.6064927
1645031800716,-0.6138232,1.1404835,-0.4769177
1645031800733,-0.71795094,0.98690987,-0.24735142
1645031800740,-0.82886815,0.71983594,-0.024504757
1645031800747,-0.884318,0.24565843,0.18387294
1645031800756,-0.67588794,-0.51350033,0.3895628
1645031800767,-0.31439042,-1.469116,0.48002443
1645031800776,0.17354044,-2.2746313,0.44054455
1645031800793,0.6562178,-2.9139192,0.31341302
1645031800801,1.0433022,-3.3774674,0.12353609
1645031800806,1.3678157,-3.5435379,-0.116676845
1645031800817,1.5829828,-3.5724235,-0.3566978
1645031800827,1.6117113,-3.6304214,-0.5377956
1645031800836,1.5756524,-3.4874249,-0.6555022
1645031800853,1.4364604,-3.416738,-0.7176019
1645031800861,1.2714896,-3.2637577,-0.7506938
1645031800866,1.1576403,-3.1763155,-0.79668385
1645031800877,1.1030631,-3.298752,-0.82436514
1645031800887,0.9958635,-3.8744218,-0.8
1645031800896,0.86604416,-5.0274367,-0.60523605
1645031800913,0.7065887,-6.737534,-0.29458067
1645031800921,0.5147046,-8.579632,0.11255781
1645031800927,0.24307531,-10.403386,0.7328039
1645031800936,0.025639236,-11.376298,1.3529977
1645031800947,-0.15235186,-11.587905,1.8485034
1645031800956,-0.104459375,-10.1587925,1.8211712
1645031800973,-0.092887685,-7.541583,1.3046165
1645031800980,0.087738894,-4.1481805,0.4200541
1645031800989,0.28224105,-0.45801553,-0.52887684
1645031800996,0.40158826,3.5490706,-1.3358408
1645031801003,0.35730866,6.1149316,-1.5518457
1645031801017,0.13016842,7.8419585,-1.3207784
1645031801033,-0.18690985,8.273165,-0.69854265
1645031801037,-0.50477356,7.8655033,0.043878175
1645031801056,-0.7336242,6.651959,0.78711927
1645031801060,-0.7336242,6.651959,0.78711927
1645031801062,-0.9326992,5.053844,1.4612619
1645031801073,-1.1115106,4.0143294,1.9638886
1645031801076,-1.3380051,3.4788725,2.354394
1645031801092,-1.5025918,3.2611048,2.6002095
1645031801096,-1.6023737,3.084702,2.7021205
1645031801111,-1.629479,2.9335892,2.6669343
1645031801116,-1.6430229,2.7865782,2.51083
1645031801126,-1.5832098,2.743852,2.3143556
1645031801136,-1.518492,2.6174884,2.133886
1645031801150,-1.4204206,2.4313467,2.0184658
1645031801169,-1.3371499,2.1942751,1.9511999
1645031801170,-1.3371499,2.1942751,1.9511999
1645031801175,-1.3371499,2.1942751,1.9511999
1645031801177,-1.3152632,1.9347239,2.0008726
1645031801186,-1.3425779,1.7347064,2.124915
1645031801196,-1.3489833,1.5581115,2.2213283
1645031801210,-1.3100096,1.3624226,2.2538266
1645031801216,-1.2130377,1.0903744,2.2022865
1645031801230,-1.0269657,0.7170434,2.0545597
1645031801239,-0.7317392,0.09147395,1.7656689
1645031801247,-0.37305176,-0.58359367,1.421974
1645031801258,-0.015830351,-1.1505193,1.087128
1645031801271,0.251837,-1.5893883,0.7644646
1645031801277,0.39834192,-1.8823283,0.47292084
1645031801292,0.43298718,-1.9636792,0.2412776
1645031801301,0.43644297,-1.8762544,0.08402129
1645031801307,0.40748757,-1.7261018,-0.006946505
1645031801317,0.3035867,-1.6541758,-0.033406056
1645031801332,0.203002,-1.6294266,0.010995724
1645031801337,0.08370713,-1.6970416,0.1265381
1645031801353,-0.0071559474,-1.8244175,0.3000087
1645031801356,-0.09952003,-2.0564098,0.52325684
1645031801367,-0.31557727,-2.5338511,0.7993368
1645031801376,-0.7465573,-3.3814642,1.1853216
1645031801393,-1.4007854,-4.4593596,1.6600052
1645031801396,-2.3803124,-5.7163277,2.191413
1645031801413,-3.54181,-7.008325,2.7471857
1645031801416,-5.1611485,-8.515403,3.4591327
1645031801429,-7.3097305,-10.2772665,4.477808
1645031801436,-9.517375,-11.938407,5.804625
1645031801453,-11.002182,-13.093743,7.28821
1645031801456,-11.145737,-13.244785,8.470704
1645031801472,-10.095243,-12.328109,8.565337
1645031801476,-8.336294,-10.815551,8.539087
1645031801486,-6.363208,-9.103587,8.349175
1645031801497,-4.6392703,-7.6632514,8.089188
1645031801512,-3.1420543,-6.7836986,7.904756
1645031801516,-1.7187015,-6.5720744,7.884039
1645031801532,-0.31213894,-6.790348,7.9384065
1645031801536,1.1084563,-7.195113,7.9281087
1645031801547,2.5659657,-7.590715,7.7402215
1645031801564,3.8182738,-7.9355617,7.521494
1645031801577,4.7031503,-8.225307,7.27978
1645031801579,5.23667,-8.488716,7.08458
1645031801592,5.2642465,-8.451296,6.764377
1645031801596,4.942421,-8.0389385,6.388655
1645031801607,4.4328823,-7.358862,5.901702
1645031801616,3.6657825,-6.287163,5.0647
1645031801632,2.8628502,-4.9650755,4.0760274
1645031801636,2.1098,-3.5593681,2.953975
1645031801652,1.4004712,-2.175408,1.8478576
1645031801656,0.74969894,-0.96594816,0.8803386
1645031801666,0.15746574,0.019547954,0.12241906
1645031801677,-0.34826773,0.7426652,-0.456148
1645031801705,-0.736155,1.292783,-0.8509643
1645031801713,-0.736155,1.292783,-0.8509643
1645031801715,-0.736155,1.292783,-0.8509643
1645031801716,-0.8954359,1.6023911,-1.2317654
1645031801722,-0.8954359,1.6023911,-1.2317654
1645031801726,-0.5988655,1.7093987,-2.0497077
1645031801730,-0.5988655,1.7093987,-2.0497077
1645031801737,-0.22837944,1.5947465,-2.3621607
1645031801751,0.1834366,1.390226,-2.5529802
1645031801756,0.5694912,1.0828868,-2.700951
1645031801771,0.8366524,0.759246,-2.7450387
1645031801777,0.90915436,0.5603456,-2.684161
1645031801787,0.8061262,0.4781569,-2.5284405
1645031801802,0.6118509,0.43232393,-2.3235185
1645031801813,0.36212584,0.35235187,-2.0789597
1645031801816,0.10763592,0.31514093,-1.7944498
1645031801832,-0.101439916,0.28515577,-1.5186142
1645031801836,-0.21815167,0.22049044,-1.3249323
1645031801851,-0.2694825,0.1899293,-1.1335545
1645031801858,-0.24384327,0.14482939,-1.012584
1645031801873,-0.1680775,0.08686622,-0.94905317
1645031801876,-0.08798324,0.033248976,-0.90950346
1645031801891,-0.041748844,0.0434942,-0.8053059
1645031801904,-0.024312768,0.057841,-0.7284929
1645031801907,-0.024312768,0.057841,-0.7284929
1645031801916,-0.16312069,0.12336155,-0.64028275
1645031801929,-0.39809757,0.23881665,-0.56629723
1645031801936,-0.6350816,0.43125927,-0.44914913
1645031801949,-0.740466,0.66185534,-0.4827821
1645031801956,-0.64906186,0.90463394,-0.71184224
1645031801966,-0.381604,1.1507287,-1.0000873
1645031801976,-0.017383715,1.3161184,-1.2979841
1645031801988,0.3103063,1.418972,-1.4338598
1645031801996,0.57380223,1.4073305,-1.4248015
1645031802009,0.7022428,1.2956454,-1.240754
1645031802016,0.6276464,1.129767,-0.81609213
1645031802026,0.3891788,0.9031329,-0.19492102
1645031802036,0.06908107,0.6459202,0.53983766
1645031802054,-0.22645955,0.38057423,1.2331792
1645031802056,-0.4836373,0.19834192,1.8999913
1645031802070,-0.55195045,0.033231523,2.3075662
1645031802076,-0.52734095,0.008883847,2.5946417
1645031802086,-0.34742996,0.07005847,2.6693254
1645031802096,-0.018797452,0.15659307,2.5459988
1645031802109,0.2567065,0.2761672,2.4268086
1645031802117,0.4420281,0.3183524,2.304669
1645031802130,0.42792565,0.48355004,2.2779999
1645031802136,0.23399948,0.68772143,2.2549262
1645031802146,-0.10030544,0.93891263,2.133956
1645031802156,-0.53447944,1.2688891,1.9666463
1645031802172,-0.93639934,1.5837507,1.7169037
1645031802176,-1.244332,1.8937778,1.4944586
1645031802189,-1.4006807,2.1321757,1.24222
1645031802196,-1.3882014,2.309713,0.989109
1645031802209,-1.2253425,2.4021642,0.7461908
1645031802216,-1.2253425,2.4021642,0.7461908
1645031802230,-0.9380574,2.290287,0.6158478
1645031802237,-0.5454054,2.029828,0.49629113
1645031802255,-0.03427873,1.7264683,0.45248276
1645031802256,-0.03427873,1.7264683,0.45248276
1645031802259,0.60628325,1.3358757,0.37343574
1645031802266,1.1877825,0.989109,0.35062397
1645031802276,1.6365303,0.61462605,0.30390087
1645031802288,1.7936993,0.3006196,0.3638014
1645031802296,1.6899381,0.006265817,0.45721266
1645031802309,1.344393,-0.22335282,0.53739417
1645031802316,0.8022166,-0.27562615,0.6184833
1645031802326,0.2309102,-0.21733135,0.6108561
1645031802336,-0.22017628,-0.09580243,0.52398986
1645031802351,-0.4254647,0.01755825,0.33154726
1645031802357,-0.3730343,0.07117549,0.043110218
1645031802371,-0.15196788,0.10988742,-0.22059517
1645031802377,0.17354044,0.11850947,-0.43309188
1645031802387,0.5518457,0.052465312,-0.6790994
1645031802397,0.75299764,0.007243215,-0.8281002
1645031802411,0.73556155,-0.0099659655,-0.8727987
1645031802417,0.65410596,-0.057474475,-0.9002007
1645031802431,0.60579455,-0.19568898,-0.9736626
1645031802436,0.5565058,-0.31833494,-0.9515315
1645031802447,0.6141024,-0.4603543,-0.92486256
1645031802457,0.68220615,-0.5528929,-0.9206039
1645031802472,0.71215636,-0.61120516,-0.99588096
1645031802476,0.62759405,-0.5764901,-1.0594118
1645031802492,0.43750763,-0.4459377,-1.0902697
1645031802496,0.2909329,-0.37556505,-1.1472205
1645031802507,0.17165546,-0.30465138,-1.0776159
1645031802517,0.16973558,-0.3324374,-0.9511825
1645031802531,0.30030543,-0.453338,-0.78450125
1645031802537,0.49681473,-0.5965093,-0.50917184
1645031802552,0.7453181,-0.7563487,-0.19645694
1645031802563,1.0308927,-0.9236233,0.086691685
1645031802566,1.2784013,-1.1012479,0.2951043
1645031802579,1.3983419,-1.2076621,0.47250196
1645031802592,1.3213195,-1.1689153,0.6047823
1645031802596,1.0849638,-1.0801641,0.7116328
1645031802612,0.76381886,-1.0215203,0.73379874
1645031802616,0.36552927,-0.9356314,0.7162754
1645031802626,-0.08779126,-0.7778689,0.69428396
1645031802637,-0.50747883,-0.6476307,0.60748756
1645031802660,-0.8986997,-0.56718737,0.47826162
1645031802662,-0.8986997,-0.56718737,0.47826162
1645031802662,-0.8986997,-0.56718737,0.47826162
1645031802663,-1.5392617,-0.47011083,0.19820228
1645031802673,-1.5392617,-0.47011083,0.19820228
1645031802676,-1.7162929,-0.5027664,0.09030456
1645031802689,-1.8062483,-0.6029322,0.0024434943
1645031802696,-1.9581289,-0.726189,0.08279955
1645031802713,-2.0736015,-0.90304565,0.13069203
1645031802716,-2.1952527,-1.0298804,0.18710184
1645031802754,-2.2470722,-1.2399511,0.2667074
1645031802755,-2.2470722,-1.2399511,0.2667074
1645031802756,-2.2470722,-1.2399511,0.2667074
1645031802757,-2.2470722,-1.2399511,0.2667074
1645031802757,-1.7275678,-2.0400908,0.839253
1645031802758,-1.7275678,-2.0400908,0.839253
1645031802767,-1.4911772,-2.1837332,1.0023038
1645031802772,-1.4911772,-2.1837332,1.0023038
1645031802776,-1.2017454,-2.2319574,1.0564448
1645031802791,-0.86684704,-2.1896675,0.957745
1645031802796,-0.5366961,-2.0222533,0.7484597
1645031802807,-0.2318527,-1.7761235,0.38394275
1645031802818,0.063705385,-1.4628153,-0.07419495
1645031802831,0.37048608,-1.1472031,-0.5689502
1645031802836,0.6462868,-0.8759578,-1.0149227
1645031802856,0.82721007,-0.6629898,-1.4344358
1645031802857,0.82721007,-0.6629898,-1.4344358
1645031802864,0.8770399,-0.51850945,-1.618972
1645031802871,0.6988568,-0.6851209,-1.412776
1645031802876,0.35018763,-0.8974605,-1.1039183
1645031802912,-0.024208046,-1.0258486,-0.9176019
1645031802912,-0.024208046,-1.0258486,-0.9176019
1645031802914,-0.024208046,-1.0258486,-0.9176019
1645031802914,-0.024208046,-1.0258486,-0.9176019
1645031802915,-0.23934026,-1.0065625,-0.7865608
1645031802921,-0.23934026,-1.0065625,-0.7865608
1645031802921,-0.18401256,-0.9776944,-0.8054455
1645031802926,-0.18401256,-0.9776944,-0.8054455
1645031802940,-0.09856009,-0.90641415,-0.8635483
1645031802982,-0.039462432,-0.79748666,-0.93507284
1645031802983,-0.039462432,-0.79748666,-0.93507284
1645031802984,-0.039462432,-0.79748666,-0.93507284
1645031802984,-0.039462432,-0.79748666,-0.93507284
1645031802985,-0.039462432,-0.79748666,-0.93507284
1645031802986,-0.14498648,-0.69264334,-0.87904704
1645031803000,-0.14498648,-0.69264334,-0.87904704
1645031803000,-0.2637403,-0.70491314,-0.7607121
1645031803005,-0.4143119,-0.7389999,-0.59938914
1645031803006,-0.4143119,-0.7389999,-0.59938914
1645031803010,-0.4143119,-0.7389999,-0.59938914
1645031803016,-0.5878698,-0.7522995,-0.40087268
1645031803029,-0.78743345,-0.76336503,-0.25010908
1645031803036,-1.0024436,-0.7547081,-0.1107601
1645031803046,-1.2128981,-0.7351601,0.0040317653
1645031803058,-1.3747098,-0.74085,0.08150799
1645031803072,-1.46573,-0.7459988,0.20279257
1645031803077,-1.5026965,-0.7907322,0.28665677
1645031803091,-1.4948949,-0.83448815,0.3757396
1645031803096,-1.4703028,-0.8855572,0.4019548
1645031803106,-1.417279,-0.9283184,0.3505716
1645031803116,-1.315839,-0.9233441,0.32945284
1645031803130,-1.1636792,-0.9251593,0.26007506
1645031803136,-0.97071296,-0.92549086,0.221974
1645031803152,-0.75828606,-0.935771,0.1479012
1645031803156,-0.5589318,-0.883585,0.08112401
1645031803179,-0.38968498,-0.8082904,-0.020001745
1645031803184,-0.38968498,-0.8082904,-0.020001745
1645031803187,-0.38968498,-0.8082904,-0.020001745
1645031803194,-0.35364342,-0.6520988,-0.14961165
1645031803196,-0.37598395,-0.436059,-0.23073566
1645031803209,-0.41237456,-0.23754254,-0.30025306
1645031803216,-0.42172965,-0.04612968,-0.4167903
1645031803226,-0.37568724,0.16760625,-0.54256046
1645031803236,-0.27276376,0.3693167,-0.7608692
1645031803249,-0.1127498,0.5458941,-1.0008552
1645031803256,0.09409198,0.68485904,-1.2456759
1645031803270,0.32302994,0.79535735,-1.4517672
1645031803276,0.5574832,0.8563749,-1.6677895
