1645031716807,-1.3962825E-4,-3.6652412E-4,-2.6180295E-4
1645031716812,-5.0615234E-4,-0.0012915612,-5.9342E-4
1645031716827,-0.0010646654,-0.0022689588,4.3633825E-4
1645031716832,-0.0019722488,-0.0039968584,0.0013090147
1645031716842,-0.0030892747,-0.0058992933,0.0034383454
1645031716852,-0.004555371,-0.0077842744,0.0069988654
1645031716864,-0.0067021553,-0.010000872,0.010018326
1645031716872,-0.00949472,-0.011728772,0.013788288
1645031716884,-0.012723624,-0.011973121,0.018622916
1645031716892,-0.016301597,-0.010454664,0.023160834
1645031716902,-0.019774849,-0.0068592373,0.027035518
1645031716912,-0.02274195,-0.0016755388,0.030089885
1645031716924,-0.025133083,0.0031416353,0.030334234
1645031716933,-0.026634086,0.0072955755,0.030002618
1645031716942,-0.027419496,0.010018326,0.031608343
1645031716952,-0.028431801,0.009459813,0.031206911
1645031716962,-0.02907758,0.007382843,0.03469762
1645031716972,-0.030020071,0.001117026,0.03169561
1645031716985,-0.030613491,-0.009529627,0.022375425
1645031716992,-0.030613491,-0.023806615,0.0099659655
1645031717002,-0.030980015,-0.03965442,-0.0024784012
1645031717012,-0.03234139,-0.054838993,-0.011606597
1645031717022,-0.035657562,-0.07161184,-0.032009773
1645031717033,-0.0385723,-0.08597609,-0.043372024
1645031717044,-0.04523955,-0.09793176,-0.06326905
1645031717052,-0.055711668,-0.099153504,-0.08873375
1645031717062,-0.059394363,-0.07866306,-0.10313291
1645031717072,-0.056619253,-0.044087615,-0.14229862
1645031717082,-0.052570034,-0.003298717,-0.19649184
1645031717092,-0.049655292,0.044681035,-0.21804695
1645031717104,-0.049760014,0.077807836,-0.2641068
1645031717113,-0.037804347,0.084719434,-0.3215813
1645031717122,-0.0045902785,0.059656166,-0.3927219
1645031717132,0.042010646,0.007906449,-0.50507027
1645031717143,0.07787765,-0.047630683,-0.64862555
1645031717152,0.08993804,-0.10131774,-0.7311458
1645031717166,0.089013,-0.17388952,-0.74495155
1645031717172,0.07717951,-0.29238153,-0.9104459
1645031717182,0.082241036,-0.36181167,-1.0042586
1645031717192,0.074090235,-0.38286063,-1.0808448
1645031717202,0.039061,-0.35586002,-1.1214068
1645031717212,-0.019094162,-0.29634348,-1.0926608
1645031717225,-0.08100183,-0.22687843,-1.0570207
1645031717234,-0.08100183,-0.22687843,-1.0570207
1645031717242,-0.17800856,-0.101038486,-0.95469064
1645031717252,-0.21699974,-0.063705385,-0.9171132
1645031717264,-0.27096605,-0.07389825,-0.9632952
1645031717272,-0.33170435,-0.10822934,-0.9085784
1645031717284,-0.40410158,-0.14423597,-0.785915
1645031717292,-0.47367135,-0.14818047,-0.6368793
1645031717302,-0.52802163,-0.08520813,-0.5134305
1645031717312,-0.575024,0.08896064,-0.42389387
1645031717322,-0.6179422,0.3565058,-0.34210664
1645031717332,-0.66880184,0.680007,-0.26265818
1645031717350,-0.74725544,1.0100358,-0.22733223
1645031717352,-0.83984643,1.3418972,-0.10039271
1645031717362,-0.9120342,1.6027926,0.06887163
1645031717372,-0.95200276,1.7648835,0.2108561
1645031717382,-0.9634174,1.8463217,0.41034994
1645031717392,-0.9357361,1.8452744,0.44661838
1645031717404,-0.8909503,1.82536,0.50093377
1645031717412,-0.8112401,1.7537831,0.39424035
1645031717422,-0.6813858,1.6018676,0.12100533
1645031717432,-0.5229601,1.3940483,-0.21055938
1645031717442,-0.4015359,1.2086569,-0.36497077
1645031717452,-0.30325508,1.0421153,-0.56537217
1645031717465,-0.254263,0.89616895,-0.5879571
1645031717472,-0.23026443,0.72500217,-0.6318527
1645031717482,-0.22748931,0.57324374,-0.5747622
1645031717492,-0.22933939,0.4590104,-0.46524128
1645031717502,-0.20459028,0.40092504,-0.44094598
1645031717512,-0.17050353,0.41443408,-0.35242167
1645031717526,-0.107217036,0.45604327,-0.4169823
1645031717532,-0.0022165983,0.50386596,-0.61429447
1645031717543,0.13186142,0.5614277,-0.79675364
1645031717552,0.29112488,0.6183611,-1.0187101
1645031717563,0.4643337,0.6857492,-1.2802339
1645031717572,0.6004887,0.7834366,-1.3999127
1645031717586,0.6939698,0.8625709,-1.6240684
1645031717592,0.70507026,0.91585654,-1.574064
1645031717603,0.7538703,0.91133606,-1.6085697
1645031717612,0.86398464,0.83918315,-1.796038
1645031717623,0.98612446,0.7189109,-1.99342
1645031717632,1.0693079,0.5704512,-2.072659
1645031717645,1.1152282,0.37350553,-2.0303867
1645031717652,1.1381971,0.17067806,-1.9233615
1645031717662,1.1957588,-0.013840649,-1.9221573
1645031717672,1.3432237,-0.20338598,-2.0586438
1645031717683,1.560782,-0.41518456,-2.2746487
1645031717692,1.7558252,-0.5868575,-2.3612707
1645031717706,1.9330133,-0.7530151,-2.4481194
1645031717712,1.9921808,-0.9105856,-2.296937
1645031717723,1.9608866,-1.087704,-1.9213195
1645031717732,1.849917,-1.1873636,-1.5813596
1645031717742,1.6636356,-1.0754865,-1.3402566
1645031717752,1.3465049,-0.8202461,-1.0758356
1645031717782,0.8345056,-0.45192426,-0.4826599
1645031717783,0.8345056,-0.45192426,-0.4826599
1645031717784,0.8345056,-0.45192426,-0.4826599
1645031717786,-0.18390785,0.65977836,0.15777992
1645031717791,-0.18390785,0.65977836,0.15777992
1645031717792,-0.57689154,1.2119731,0.48705822
1645031717802,-0.77645516,1.6313117,0.65942925
1645031717813,-0.8212584,1.9328737,0.71648484
1645031717827,-0.7636268,2.1072693,0.7848329
1645031717834,-0.5026791,2.1495943,0.7070076
1645031717843,-0.19240771,2.13989,0.55964744
1645031717852,0.15587747,2.0936382,0.40073305
1645031717863,0.6898159,1.8380661,0.26578236
1645031717872,1.1669081,1.2882451,0.4700061
1645031717886,1.4949472,0.62096167,0.7858801
1645031717893,1.1187364,0.5612357,1.414085
1645031717903,0.48339295,0.8032987,2.102679
1645031717912,-0.18724146,1.263653,2.6560433
1645031717923,-0.6182389,1.8143119,2.693167
1645031717932,-0.9848678,2.3483026,2.654385
1645031717957,-1.3979056,2.8142595,2.6351688
1645031717964,-1.3979056,2.8142595,2.6351688
1645031717965,-1.3979056,2.8142595,2.6351688
1645031717965,-1.9751636,3.2929575,2.6503186
1645031717966,-2.7645693,3.9006894,2.7102714
1645031717975,-3.6600926,4.767746,2.7311108
1645031717983,-4.5923553,5.85353,2.6775634
1645031717992,-5.8777556,7.0588884,2.820473
1645031718006,-7.8308578,8.156733,3.2079587
1645031718012,-9.993071,8.638782,3.512104
1645031718023,-11.035885,8.303796,3.1682694
1645031718032,-10.571062,7.3428397,2.1444979
1645031718043,-9.261157,6.049114,0.7548477
1645031718052,-7.694406,4.8483987,0.6168252
1645031718065,-6.429706,3.9883933,0.63532597
1645031718072,-5.680932,3.511947,0.6422026
1645031718082,-5.2765336,3.3923903,0.64784014
1645031718092,-4.78773,3.3946593,0.65211624
1645031718102,-3.9186141,3.901248,-0.62267214
1645031718112,-2.7660704,4.48355,-1.3695785
1645031718125,-1.386299,5.0406666,-1.5111965
1645031718132,-0.13638188,5.4474564,-1.370102
1645031718142,0.9425779,5.753783,-1.0529366
1645031718152,1.8466707,5.8897986,-0.6762021
1645031718164,2.6492014,5.9065013,-0.36936906
1645031718172,3.3198185,5.8252726,-0.15388778
1645031718185,3.8348897,5.6414523,-0.0038397766
1645031718192,4.168514,5.3660007,0.09164849
1645031718202,4.380295,5.0826597,0.12774238
1645031718212,4.3878875,4.7839255,0.099467665
1645031718222,4.2398114,4.5363646,0.056531984
1645031718232,4.1369057,4.423859,0.068295665
1645031718245,4.203962,4.4754515,0.16919452
1645031718252,4.2085695,4.5409546,0.28691858
1645031718262,4.1995635,4.551095,0.42481893
1645031718272,4.2901125,4.5900865,0.5792652
1645031718282,4.342386,4.572057,0.687512
1645031718292,4.4377346,4.5519156,0.77083516
1645031718306,4.6339645,4.592006,0.9018064
1645031718312,5.1947465,4.949559,1.3807837
1645031718322,6.048102,5.528493,2.063688
1645031718332,7.016005,6.2086744,2.9599442
1645031718342,7.8633914,6.795951,3.961742
1645031718352,8.447858,7.097548,4.839253
1645031718365,8.564011,7.0553975,5.4062133
1645031718372,8.280496,6.748076,5.641993
1645031718382,7.7058206,6.3047385,5.6371937
1645031718392,7.1206913,5.857143,5.568496
1645031718402,6.387381,5.2668295,5.367711
1645031718412,5.5757394,4.546819,5.0537744
1645031718434,4.877511,3.8141897,4.7943277
1645031718435,4.877511,3.8141897,4.7943277
1645031718435,4.877511,3.8141897,4.7943277
1645031718435,4.176752,3.0468104,4.5459814
1645031718442,3.5477617,2.4418886,4.3211975
1645031718452,3.0846846,2.186072,4.1756873
1645031718462,2.7838032,2.0688891,4.0312243
1645031718472,2.467423,1.8702679,3.7576578
1645031718482,2.1156123,1.4763417,3.3301334
1645031718486,2.1156123,1.4763417,3.3301334
1645031718502,1.7249498,0.8297408,2.3714285
1645031718512,1.7632778,0.7570294,1.9599965
1645031718523,1.7632778,0.7570294,1.9599965
1645031718532,1.7857928,0.575757,1.499555
1645031718543,1.762667,0.321494,1.0434942
1645031718553,1.7840475,0.045850422,0.6699014
1645031718562,1.7633301,-0.2675277,0.29751286
1645031718572,1.6708614,-0.60647523,-0.02926957
1645031718583,1.5339558,-0.92117983,-0.24492538
1645031718592,1.3739419,-1.1795968,-0.36039793
1645031718604,1.214661,-1.4308927,-0.51592636
1645031718613,1.1208134,-1.6520988,-0.84407014
1645031718623,1.1825465,-1.9905751,-1.4885942
1645031718632,1.2440003,-2.5986562,-2.4192863
1645031718643,1.0730779,-3.4891353,-3.434785
1645031718652,0.46267563,-4.682311,-4.270617
1645031718664,-0.71866655,-6.2550135,-4.6457458
1645031718674,-2.1989353,-7.9180384,-4.4116416
1645031718683,-3.43475,-9.051942,-3.5723884
1645031718692,-3.5395236,-8.956489,-2.5575356
1645031718711,-3.4205604,-7.8602843,-1.6601623
1645031718722,-2.686744,-5.7141633,-1.0596038
1645031718746,-1.8600925,-3.5143905,-0.6610001
1645031718746,-0.93278646,-1.383646,-0.50046253
1645031718748,-0.07340955,0.42338774,-0.4645606
1645031718774,0.49665764,1.6343136,-0.45328563
1645031718776,0.78149927,2.2688193,-0.42239287
1645031718776,0.7926521,2.3730342,-0.44272625
1645031718792,0.7926521,2.3730342,-0.44272625
1645031718799,-0.005305873,1.2990139,-0.94175756
1645031718802,-1.3673445,-0.490514,-1.3969107
1645031718812,-3.1903133,-2.8742647,-1.8778253
1645031718822,-5.252343,-5.441208,-2.2346103
1645031718832,-6.631661,-7.162876,-2.4011693
1645031718843,-7.11631,-7.6211014,-2.406702
1645031718853,-6.7698402,-6.962248,-2.3195217
1645031718862,-6.302225,-6.2102103,-2.2434418
1645031718872,-6.2055326,-6.060878,-2.2345057
1645031718882,-6.693935,-6.8159175,-2.389371
1645031718892,-7.165058,-7.829444,-2.5110219
1645031718903,-7.3286676,-8.731111,-2.560747
1645031718922,-6.7541842,-8.604014,-2.4893098
1645031718922,-6.7541842,-8.604014,-2.4893098
1645031718924,-5.368898,-6.9244785,-2.2672136
1645031718935,-3.219356,-3.3945546,-1.7286849
1645031718942,-0.67197835,1.1613753,-0.95407975
1645031718953,1.7899119,5.8058643,-0.13962825
1645031718972,4.297199,10.322018,0.8193734
1645031718972,4.297199,10.322018,0.8193734
1645031718975,6.3054194,13.773017,1.873235
1645031718983,6.3054194,13.773017,1.873235
1645031718992,7.495471,15.921598,3.302208
1645031719002,6.9112487,15.1804695,3.5661402
1645031719013,5.8137536,13.492906,3.4643338
1645031719023,4.323414,10.994746,3.0164936
1645031719038,4.323414,10.994746,3.0164936
1645031719042,1.4775984,5.424051,2.10233
1645031719052,0.3772755,3.0950868,1.8396719
1645031719064,-0.45850423,1.2410332,1.7168863
1645031719072,-0.96535474,0.13575356,1.7655467
1645031719084,-0.9751811,0.2852954,1.6194258
1645031719101,-0.8256043,0.8967449,1.3737499
1645031719102,-0.7495942,0.82717514,0.1883585
1645031719117,-0.85620034,0.24839863,-1.3062047
1645031719122,-1.3521425,-1.6515054,-2.9951305
1645031719134,-1.9202025,-4.0538616,-4.2408066
1645031719144,-2.3186142,-6.1143556,-4.9143033
1645031719163,-2.3186142,-6.1143556,-4.9143033
1645031719167,-2.3186142,-6.1143556,-4.9143033
1645031719169,-2.0105593,-7.216127,-3.741775
1645031719172,-1.8164761,-6.9474125,-3.2912295
1645031719183,-1.8164761,-6.9474125,-3.2912295
1645031719196,-1.5424906,-6.788533,-3.3717952
1645031719205,-1.3879571,-6.899171,-3.3689675
1645031719219,-1.3879571,-6.899171,-3.3689675
1645031719222,-0.5599965,-7.2869534,-2.6659045
1645031719232,-0.5599965,-7.2869534,-2.6659045
1645031719249,-0.5161707,-6.0361114,-1.4379091
1645031719252,-0.23469763,-4.4470897,-0.9883061
1645031719266,-0.20191988,-2.5893009,-0.7031329
1645031719282,-0.33882537,-0.96193385,-0.5638712
1645031719284,-0.33882537,-0.96193385,-0.5638712
1645031719296,-0.47653374,0.33676586,-0.67044246
1645031719302,-0.45527533,0.17832272,-0.80497426
1645031719313,-0.45527533,0.17832272,-0.80497426
1645031719331,-0.14845973,0.41031504,-0.6114321
1645031719332,-0.14845973,0.41031504,-0.6114321
1645031719335,0.15175845,1.5327516,-0.013701021
1645031719342,0.36549437,2.7350204,0.53549176
1645031719352,0.45328563,3.5740118,0.8888734
1645031719362,0.4438258,3.778951,0.99574137
1645031719372,0.40591675,3.1681998,0.79731214
1645031719384,0.4002618,3.0846846,0.54531807
1645031719394,0.3992146,3.0831661,0.5179684
1645031719403,0.3534689,3.0784013,0.5185269
1645031719412,0.34751722,3.0749803,0.51770663
1645031719423,0.3474998,3.0723798,0.5171481
1645031719432,0.34722054,3.07039,0.51672924
1645031719450,0.34702852,3.0688891,0.5163976
1645031719454,0.3468889,3.067737,0.5161532
1645031719462,0.24742123,3.0668645,0.5159612
1645031719472,0.3588271,0.4511214,-0.03569247
1645031719483,0.5775373,-1.3133781,-0.34971637
1645031719492,0.7606772,-2.0796754,-0.43104982
1645031719505,0.84543157,-2.2813334,-0.3893708
1645031719514,0.8274195,-2.1832795,-0.28215376
1645031719523,0.69924074,-1.8972859,-0.14158304
1645031719538,0.49173576,-1.5612357,0.02848416
1645031719542,0.49173576,-1.5612357,0.02848416
1645031719552,0.12117986,-1.1950432,0.19539227
1645031719564,-0.3392617,-0.77027667,0.38216248
1645031719575,-0.96865344,-0.29760015,0.60836023
1645031719582,-1.6477354,0.13797015,0.84611225
1645031719592,-2.2389736,0.5535736,1.026704
1645031719603,-2.6419234,0.94407886,1.1751636
1645031719619,-2.869727,1.3322629,1.2697618
1645031719632,-3.0037699,1.5682172,1.2526399
1645031719641,-3.2180994,1.5834366,1.1259795
1645031719660,-3.3224714,1.425901,0.9112139
1645031719661,-3.3224714,1.425901,0.9112139
1645031719663,-2.752823,1.0304914,0.47822672
1645031719672,-2.2479448,0.90220785,0.30571604
1645031719684,-1.7141286,0.71178985,0.1550048
1645031719694,-1.1820927,0.64235973,0.04899206
1645031719703,-0.6981063,0.6654856,-0.016336504
1645031719712,-0.2928528,0.76847893,0.015725631
1645031719723,0.06470024,1.3106554,0.24635658
1645031719732,0.34660965,2.039026,0.5979754
1645031719744,0.57914305,2.8367221,0.9532071
1645031719754,0.7261541,3.3888996,1.1831573
1645031719763,0.7364342,3.3954794,1.1834017
1645031719772,0.609774,3.014504,0.9693865
1645031719783,0.356052,2.1736975,0.5477267
1645031719793,0.03045641,0.93327516,-0.030421503
1645031719805,-0.2949472,-0.596614,-0.72269833
1645031719814,-0.57188237,-2.5822673,-1.5131687
1645031719823,-0.7155424,-4.5266604,-2.295942
1645031719832,-0.6852605,-6.1225934,-2.9709225
1645031719844,-0.47553888,-7.068121,-3.4367223
1645031719853,-0.13039532,-7.44503,-3.7173576
1645031719865,-0.09400471,-7.365442,-3.7333798
1645031719874,-0.097477965,-7.057876,-3.722768
1645031719884,-0.09829828,-6.772633,-3.716031
1645031719892,-0.09903133,-6.415621,-3.71083
1645031719903,-0.09958984,-6.3213544,-3.7068853
1645031719912,0.2876691,-6.3748846,-4.18321
1645031719925,0.33259445,-6.124374,-4.2368617
1645031719934,0.3275853,-5.445414,-4.2292523
1645031719943,0.51863164,-4.5173573,-4.3355265
1645031719962,0.64979494,-3.4843006,-4.2039967
1645031719963,0.6735841,-2.4859936,-3.824243
1645031719974,0.61413735,-1.6428659,-3.356087
1645031719985,0.5052273,-0.9482503,-2.908334
1645031719994,0.4235099,-0.5395061,-2.483934
1645031720003,0.2805306,-0.2314687,-2.0419583
1645031720012,0.08759927,-0.028728511,-1.5947814
1645031720023,-0.121895455,0.020891875,-1.1383193
1645031720032,-0.3609739,0.048067022,-0.7195043
1645031720045,-0.57334846,0.04305786,-0.3259796
1645031720054,-0.78717166,0.07787765,0.090112574
1645031720062,-0.9672921,0.12217471,0.5388254
1645031720072,-1.1364168,0.28039095,0.99013877
1645031720083,-1.2587137,0.48009425,1.4062309
1645031720092,-1.3638886,0.7689851,1.7672572
1645031720105,-1.3974168,0.9947814,2.0305786
1645031720114,-1.41412,1.1268348,2.197504
1645031720123,-1.4919451,1.3011781,2.3432934
1645031720132,-1.571987,1.4188149,2.4912994
1645031720142,-1.644873,1.5515665,2.6359367
1645031720154,-1.6820141,1.6667597,2.753783
1645031720164,-1.6641068,1.6545248,2.8350642
1645031720174,-1.6326555,1.7276552,2.9200978
1645031720186,-1.507409,1.7886378,2.9383192
1645031720192,-1.271001,1.8180645,2.829287
1645031720203,-0.9496466,1.7731565,2.595654
1645031720217,-0.6084824,1.6429706,2.2793787
1645031720225,-0.2867964,1.4967973,1.9928964
1645031720233,0.01097827,1.3439916,1.7442534
1645031720242,0.3045641,1.1599616,1.5465747
1645031720253,0.54641765,1.0067545,1.4237542
1645031720263,0.6957675,0.88538265,1.4087442
1645031720275,0.74285716,0.77083516,1.4880356
1645031720294,0.69142157,0.7211624,1.6847893
1645031720294,0.69142157,0.7211624,1.6847893
1645031720297,0.55671525,0.70349944,1.9624051
1645031720302,0.35828605,0.7924601,2.3456845
1645031720313,0.12425168,0.8726067,2.7028363
1645031720322,-0.1369753,0.8429182,2.9359107
1645031720333,-0.4360939,0.8237892,3.0782268
1645031720344,-0.7898246,0.7300463,3.1119294
1645031720366,-1.4373157,0.60059345,3.199773
1645031720367,-1.4373157,0.60059345,3.199773
1645031720367,-1.4373157,0.60059345,3.199773
1645031720371,-1.4373157,0.60059345,3.199773
1645031720373,-2.2189546,0.36484858,3.1908195
1645031720382,-3.0964134,-0.18158652,2.798307
1645031720392,-3.8019373,-0.872851,2.1828606
1645031720404,-4.2416615,-1.6946156,1.3377782
1645031720415,-4.420054,-2.6117985,0.23576228
1645031720422,-4.1187887,-3.5159962,-1.2769177
1645031720432,-3.5830526,-4.106379,-2.6341217
1645031720442,-2.6008728,-3.9300985,-3.3676238
1645031720452,-1.4668471,-3.2249935,-3.442796
1645031720465,-0.46323413,-2.3594205,-3.1191552
1645031720474,0.262536,-1.6795008,-2.67327
1645031720482,0.7324723,-1.3581464,-2.3471682
1645031720493,1.0361986,-1.1368008,-2.1105855
1645031720502,1.2586613,-0.9596649,-1.9971725
1645031720512,1.4193037,-0.9582337,-2.0903568
1645031720523,1.5501003,-1.002426,-2.2982807
1645031720533,1.6449777,-0.99965096,-2.5580418
1645031720542,1.7406929,-0.9572912,-2.8288157
1645031720552,1.8548913,-0.846217,-3.0456934
1645031720562,1.9981674,-0.6921896,-3.1690724
1645031720572,2.1233616,-0.53777814,-3.1713414
1645031720583,2.251645,-0.33903483,-3.0327952
1645031720593,2.3758967,-0.1735579,-2.7597346
1645031720603,2.476464,-0.019617768,-2.3419147
1645031720613,2.527725,0.082659915,-1.8646305
1645031720622,2.525264,0.15156646,-1.379143
1645031720633,2.525264,0.15156646,-1.379143
1645031720650,2.446985,0.05494371,-0.6722576
1645031720653,2.375635,-0.05166245,-0.43359804
1645031720662,2.2512436,-0.15839079,-0.2581028
1645031720672,2.109643,-0.26461297,-0.08412602
1645031720682,1.9527184,-0.3561742,0.09229427
1645031720692,1.7728074,-0.47702244,0.2753818
1645031720706,1.5548303,-0.5628589,0.47333974
1645031720737,1.2899729,-0.6917183,0.67477095
1645031720738,0.978218,-0.809582,0.8977223
1645031720738,0.978218,-0.809582,0.8977223
1645031720743,0.6133694,-0.9244262,1.0983856
1645031720783,0.25078976,-1.0034558,1.291858
1645031720784,-0.0872851,-1.0516974,1.4387468
1645031720789,-0.0872851,-1.0516974,1.4387468
1645031720790,-0.0872851,-1.0516974,1.4387468
1645031720790,-0.0872851,-1.0516974,1.4387468
1645031720795,-0.53636444,-1.1205516,1.4689415
1645031720796,-0.53636444,-1.1205516,1.4689415
1645031720823,-0.5403962,-1.124112,1.4463565
1645031720824,-0.36868837,-1.029863,1.4329174
1645031720825,-0.14423597,-0.9361201,1.4049917
1645031720834,0.21616197,-0.7759316,1.4291124
1645031720847,0.64534426,-0.592303,1.5205166
1645031720852,1.0374901,-0.41757572,1.6309974
1645031720862,1.3347238,-0.25176716,1.769753
1645031720872,1.5561392,-0.07098351,1.9538878
1645031720885,1.6971812,0.1312331,2.1739244
1645031720899,1.7569072,0.33774325,2.3906972
1645031720906,1.7376037,0.48058295,2.5679379
1645031720912,1.6722751,0.6305088,2.6898158
1645031720922,1.5657387,0.760555,2.7631032
1645031720932,1.4247841,0.89335895,2.7247753
1645031720945,1.2260407,0.91920763,2.5619164
1645031720954,0.969945,0.87611485,2.3117898
1645031720969,0.65984815,0.80328125,2.025325
1645031720972,0.26613143,0.64925385,1.7263811
1645031720983,0.26613143,0.64925385,1.7263811
1645031720992,-0.8124269,0.17509381,1.1558601
1645031721004,-1.3153155,-0.05888821,0.92482764
1645031721013,-1.7169735,-0.28735492,0.75919366
1645031721022,-1.9955319,-0.42303866,0.6534427
1645031721033,-2.1904879,-0.537464,0.59687585
1645031721042,-2.3320534,-0.6306833,0.5588271
1645031721052,-2.4810543,-0.76626235,0.490706
1645031721063,-2.6456933,-0.93852866,0.37755477
1645031721074,-2.8086395,-1.160747,0.23708875
1645031721082,-2.9544811,-1.359979,0.08831486
1645031721093,-3.0793612,-1.573715,-0.062186927
1645031721102,-3.1643949,-1.7702417,-0.20764464
1645031721112,-3.196963,-1.966559,-0.33643425
1645031721126,-3.1589668,-2.0918405,-0.4405271
1645031721143,-3.069622,-2.1589143,-0.5518632
1645031721144,-2.9267824,-2.1983418,-0.75439394
1645031721152,-2.8027577,-2.279815,-0.99607295
1645031721163,-2.6554847,-2.2892573,-1.2493935
1645031721175,-2.4917357,-2.2409284,-1.5228031
1645031721186,-2.3053844,-2.1332753,-1.7914478
1645031721209,-2.0540886,-1.8804433,-2.063077
1645031721210,-2.0540886,-1.8804433,-2.063077
1645031721210,-2.0540886,-1.8804433,-2.063077
1645031721212,-1.5511825,-1.3347588,-2.6291125
1645031721212,-1.5511825,-1.3347588,-2.6291125
1645031721222,-1.3218256,-1.0755563,-2.899782
1645031721233,-1.0748582,-0.799808,-3.1480932
1645031721243,-0.81820405,-0.513605,-3.3954272
1645031721254,-0.57422113,-0.21621433,-3.6470547
1645031721262,-0.35687232,0.08726765,-3.8817174
1645031721272,-0.1725456,0.3470809,-4.1140065
1645031721282,-0.01893708,0.58127236,-4.287512
1645031721293,-0.01893708,0.58127236,-4.287512
1645031721307,0.3268348,0.95626146,-4.3323674
1645031721313,0.46822584,1.0486953,-4.3491406
1645031721322,0.5273235,1.1436949,-4.423213
1645031721332,0.5410245,1.1875731,-4.527411
1645031721342,0.5399948,1.1693865,-4.5524044
1645031721352,0.53610265,1.140274,-4.4444017
1645031721363,0.59464175,1.0658696,-4.1764903
1645031721373,0.7068854,0.97706604,-3.719452
1645031721382,0.8607208,0.87911683,-3.0801117
1645031721392,1.0317829,0.81980973,-2.2560608
1645031721402,1.2254821,0.7766123,-1.3024173
1645031721412,1.4670041,0.75025743,-0.26969194
1645031721424,1.7437472,0.7673968,0.7923379
1645031721434,2.034401,0.8346453,1.8125491
1645031721442,2.3284929,1.0143468,2.7227333
1645031721455,2.5299938,1.2305611,3.4147482
1645031721462,2.5988655,1.3826686,3.8673182
1645031721472,2.5048783,1.4911075,4.1281614
1645031721483,2.3387556,1.613666,4.1986384
1645031721495,2.1588097,1.7031329,4.1373243
1645031721503,1.9917445,1.71645,3.9584084
1645031721512,1.8120779,1.7584257,3.692242
1645031721522,1.6338599,1.7255956,3.385723
1645031721532,1.4256393,1.6233528,3.0604591
1645031721544,1.2104372,1.5224365,2.7961078
1645031721553,0.9650057,1.4635832,2.7196438
1645031721562,0.7300637,1.4148704,2.7211275
1645031721572,0.43574482,1.3040929,2.7898421
1645031721582,0.10147482,1.1239201,2.9037611
1645031721592,-0.24993455,0.95388776,3.023859
1645031721604,-0.6599529,0.65162754,3.1439917
1645031721614,-1.1288245,0.24675801,3.244943
1645031721623,-1.6404223,-0.24007331,3.289397
1645031721632,-2.222358,-0.853722,3.2468104
1645031721643,-2.8458154,-1.6058121,3.097478
1645031721652,-3.4525,-2.417157,2.8526747
1645031721664,-4.0161967,-3.2239463,2.5135527
1645031721674,-4.6193733,-4.15305,2.0556068
1645031721683,-5.197138,-5.048765,1.4828694
1645031721692,-5.675574,-5.726189,0.8117986
1645031721703,-6.0309973,-6.1169734,0.04642639
1645031721712,-6.0550833,-6.13516,-0.023771707
1645031721725,-6.043494,-5.7063093,-0.009634349
1645031721734,-5.813631,-4.8874598,-0.0028274718
1645031721743,-5.277075,-3.8827124,0.0025307618
1645031721752,-4.5725803,-2.8723798,-1.0443494
1645031721763,-3.8049917,-2.0173488,-1.7592286
1645031721778,-3.0191116,-1.3002182,-2.0475085
1645031721784,-3.0191116,-1.3002182,-2.0475085
1645031721794,-2.2366698,-0.76163715,-2.065224
1645031721803,-1.5376036,-0.26653287,-1.9565233
1645031721812,-0.9729296,0.1310062,-1.8292172
1645031721823,-0.5211275,0.5063618,-1.6977049
1645031721832,-0.15629636,0.8398115,-1.6013265
1645031721845,0.13428746,1.1246531,-1.5554062
1645031721854,0.38882974,1.3739942,-1.5237455
1645031721863,0.6334235,1.6296186,-1.5000087
1645031721872,0.87581813,1.8436513,-1.4811938
1645031721883,1.1362423,2.0267038,-1.446531
1645031721892,1.4380138,2.159595,-1.3853565
1645031721905,1.8009773,2.3026268,-1.2899729
1645031721914,2.2252204,2.5359457,-1.1324723
1645031721923,2.6894667,2.7822497,-0.9459813
1645031721932,3.1545684,3.0628502,-0.73252463
1645031721943,3.56717,3.331652,-0.509102
1645031721960,3.56717,3.331652,-0.509102
1645031721974,3.9348285,3.494511,-0.10622218
1645031721980,3.8690984,3.43283,0.06431626
1645031721982,3.7660353,3.2744043,0.19766122
1645031721992,3.5580766,3.062117,0.31596124
1645031722003,3.2360067,2.8253076,0.43851995
1645031722012,2.8188324,2.5387206,0.5813596
1645031722024,2.3362772,2.1110568,0.7590017
1645031722034,1.8252203,1.6291125,0.9500829
1645031722043,1.3057334,1.1883061,1.1455275
1645031722052,0.79326296,0.7333799,1.3609564
1645031722063,0.2845798,0.22106642,1.5782878
1645031722072,-0.2479274,-0.24050964,1.757396
1645031722085,-0.82747185,-0.72264594,1.8847543
1645031722094,-1.4778079,-1.2694651,1.9440963
1645031722102,-2.1387556,-1.8411554,1.9397854
1645031722112,-2.7129767,-2.348774,1.870809
1645031722123,-3.1674666,-2.7602932,1.7302557
1645031722132,-3.4411728,-2.9484422,1.5187887
1645031722145,-3.4976873,-2.974448,1.1636268
1645031722154,-3.3305175,-2.810856,0.73365915
1645031722173,-2.956401,-2.4139454,0.33461908
1645031722177,-2.956401,-2.4139454,0.33461908
1645031722178,-2.956401,-2.4139454,0.33461908
1645031722183,-1.8926084,-1.4710534,-0.06717864
1645031722192,-1.4057771,-1.1066934,-0.11919016
1645031722205,-0.9473252,-0.86684704,-0.06541583
1645031722214,-0.5313727,-0.60499173,0.08695348
1645031722223,-0.25366962,-0.47700498,0.25620037
1645031722232,-0.09028711,-0.46552056,0.45878348
1645031722243,-0.018849812,-0.49922332,0.6820141
1645031722252,-0.027471855,-0.5443058,0.8857841
1645031722265,-0.1245833,-0.67693514,0.9877476
1645031722274,-0.25743955,-0.7177241,0.99221575
1645031722283,-0.41394538,-0.7123833,0.89184046
1645031722292,-0.5982023,-0.7544114,0.6801292
1645031722303,-0.78619426,-0.76158476,0.40033162
1645031722312,-0.94647,-0.71196437,0.09538354
1645031722325,-1.0477005,-0.5667336,-0.19310586
1645031722334,-1.0797975,-0.410699,-0.4759054
1645031722343,-1.0150449,-0.15723886,-0.72257614
1645031722352,-0.87506765,0.11814295,-0.9365913
1645031722363,-0.7167467,0.33062223,-1.096518
1645031722372,-0.7167467,0.33062223,-1.096518
1645031722385,-0.53741163,0.6274544,-1.2207348
1645031722394,-0.5058382,0.75383544,-1.2574221
1645031722403,-0.49922332,0.8647875,-1.3206038
1645031722412,-0.49489483,0.9333624,-1.4456934
1645031722423,-0.45834714,1.0264246,-1.6081856
1645031722432,-0.36891526,1.1662623,-1.7903831
1645031722444,-0.22818746,1.3524566,-1.9706606
1645031722454,-0.04939349,1.5246181,-2.1277075
1645031722470,0.16343485,1.6878611,-2.2316606
1645031722479,0.41644123,1.8438084,-2.2090409
1645031722482,0.6733397,1.973331,-2.080897
1645031722492,0.8821189,2.0767956,-1.9169037
1645031722505,1.05353,2.1018238,-1.6962737
1645031722514,1.1961951,2.0634959,-1.4155686
1645031722523,1.302365,2.0380313,-1.0844402
1645031722532,1.3925997,1.9259272,-0.7416354
1645031722543,1.4628153,1.8315735,-0.39127323
1645031722552,1.5087006,1.748512,-0.04316258
1645031722564,1.5278646,1.7202897,0.3140239
1645031722574,1.5056636,1.6142421,0.6157082
1645031722583,1.435099,1.5056113,0.8400558
1645031722593,1.3043547,1.4296885,0.97504145
1645031722603,1.1139017,1.3015097,1.0209792
1645031722612,0.87927395,1.0881927,1.0087616
1645031722631,0.87927395,1.0881927,1.0087616
1645031722632,0.87927395,1.0881927,1.0087616
1645031722639,0.37594903,0.5723187,0.9110219
1645031722644,0.157745,0.37840998,0.8990662
1645031722659,0.157745,0.37840998,0.8990662
1645031722663,-0.22771621,-0.034941968,0.87178636
1645031722675,-0.40659744,-0.23890392,0.8430055
1645031722685,-0.6086744,-0.46642813,0.77834016
1645031722694,-0.84759575,-0.67644644,0.6873724
1645031722703,-1.1416878,-0.95833844,0.593996
1645031722718,-1.4730082,-1.2864125,0.49466795
1645031722732,-1.7967362,-1.6137882,0.40047124
1645031722733,-2.0442622,-1.8763417,0.3253687
1645031722770,-2.1981673,-2.1308143,0.2763941
1645031722777,-2.22536,-2.253879,0.30288857
1645031722778,-2.1362772,-2.309643,0.38127238
1645031722783,-2.1362772,-2.309643,0.38127238
1645031722783,-1.6253425,-2.110603,0.76919454
1645031722819,-1.6253425,-2.110603,0.76919454
1645031722833,-1.1859848,-2.0294964,0.9446025
1645031722834,-1.1859848,-2.0294964,0.9446025
1645031722835,-1.1859848,-2.0294964,0.9446025
1645031722836,-1.1859848,-2.0294964,0.9446025
1645031722850,-1.1340606,-2.0764813,0.8335457
1645031722852,-1.2156209,-2.1903656,0.6487128
1645031722852,-1.2156209,-2.1903656,0.6487128
1645031722863,-0.8387817,-1.5020857,0.42176455
1645031722865,-0.8387817,-1.5020857,0.42176455
1645031722871,-0.67660356,-1.4107863,0.3403613
1645031722876,-0.30671087,-1.499712,0.5660005
1645031722882,-0.21282834,-1.6389912,0.71489656
1645031722892,-0.05532769,-1.6083428,0.8637054
1645031722902,0.07601012,-1.544044,1.0092155
1645031722912,0.097076535,-1.519068,1.0884371
1645031722926,0.0019722488,-1.4856095,1.0489223
1645031722933,-0.16050266,-1.4037526,0.8662187
1645031722942,-0.32981935,-1.2803386,0.5532769
1645031722952,-0.42972335,-0.9971551,0.19258225
1645031722963,-0.38156906,-0.50405794,-0.2027751
1645031722974,-0.28452745,-0.0032812636,-0.5493848
1645031722983,0.014207173,0.5385985,-0.73238504
1645031722994,0.39225063,0.91084737,-0.78554845
1645031723003,0.80602145,1.271926,-0.6622742
1645031723017,0.80602145,1.271926,-0.6622742
1645031723025,1.1008465,1.4073828,-0.41939086
1645031723032,1.255991,1.3827734,-0.18113273
1645031723043,1.2632865,1.3105856,0.013735928
1645031723061,1.1198709,1.1179161,0.10566367
1645031723062,0.8645083,0.8827123,0.09634349
1645031723074,0.5731041,0.68075746,0.02625011
1645031723082,0.30646652,0.4853303,-0.0976176
1645031723092,0.15261367,0.44612968,-0.22153765
1645031723110,0.13399075,0.54879135,-0.34901825
1645031723115,0.24612968,0.77774674,-0.4244873
1645031723125,0.4774762,1.1164674,-0.5025569
1645031723132,0.7925648,1.5231172,-0.58992934
1645031723142,1.1003927,1.8769002,-0.703482
1645031723156,1.3840824,2.172406,-0.8269308
1645031723163,1.6234401,2.3950431,-0.88482416
1645031723176,1.8669517,2.6094947,-0.8294441
1645031723182,2.117951,2.7836635,-0.6644908
1645031723193,2.117951,2.7836635,-0.6644908
1645031723209,2.6540012,2.9475522,-0.087738894
1645031723212,2.8717864,3.0034733,0.17053844
1645031723226,3.0119207,3.0233877,0.3696483
1645031723234,3.066149,2.9983943,0.4986648
1645031723243,3.0096867,2.9002006,0.5605201
1645031723257,2.863234,2.782948,0.56298107
1645031723262,2.5921984,2.5217733,0.5310935
1645031723275,2.2198796,2.1108475,0.5082119
1645031723293,1.8006632,1.6425517,0.52220964
1645031723301,1.8006632,1.6425517,0.52220964
1645031723303,0.8248189,0.7011083,0.7346191
1645031723313,0.27845362,0.123728074,0.9275853
1645031723322,-0.26836547,-0.3311633,1.1288245
1645031723332,-0.76275414,-0.73297846,1.2992582
1645031723343,-1.253687,-1.2032987,1.4077494
1645031723358,-1.7394537,-1.6557989,1.4378393
1645031723366,-2.2104547,-2.120796,1.4015883
1645031723375,-2.6332664,-2.5118945,1.3083341
1645031723382,-3.0666375,-2.8688717,1.1497164
1645031723392,-3.3617418,-3.0369318,0.9455799
1645031723403,-3.55956,-3.1846757,0.66014487
1645031723413,-3.5195043,-3.0424294,0.32463565
1645031723422,-3.3038833,-2.751322,-0.010786282
1645031723432,-2.976298,-2.3086832,-0.29019985
1645031723443,-2.6266341,-1.9104983,-0.49854264
1645031723452,-2.3239899,-1.5859499,-0.6133694
1645031723465,-2.07224,-1.3578671,-0.63296974
1645031723480,-2.07224,-1.3578671,-0.63296974
1645031723490,-1.6973907,-1.2629898,-0.34936732
1645031723492,-1.5303429,-1.2395498,-0.1129767
1645031723503,-1.3856357,-1.220089,0.10203334
1645031723512,-1.2488524,-1.1727376,0.24215028
1645031723524,-1.0935509,-0.9918492,0.2895017
1645031723534,-0.9816563,-0.75189805,0.22995026
1645031723542,-0.932577,-0.4811938,0.12796928
1645031723552,-0.9150711,-0.22033337,-5.236059E-4
1645031723563,-0.90718216,-0.060755737,-0.14083253
1645031723572,-0.85113883,0.09657038,-0.25031853
1645031723584,-0.6326905,0.3426477,-0.27358407
1645031723594,-0.27236232,0.6199145,-0.24654856
1645031723602,0.19074963,0.93128544,-0.19287896
1645031723612,0.6571603,1.2480844,-0.15240422
1645031723626,1.0676324,1.5529976,-0.15650581
1645031723632,1.3711319,1.8454665,-0.19373418
1645031723645,1.5689502,2.139576,-0.29311457
1645031723671,1.5948861,2.3920238,-0.5368357
1645031723672,1.5948861,2.3920238,-0.5368357
1645031723673,1.5948861,2.3920238,-0.5368357
1645031723674,1.4658697,2.680356,-1.109102
1645031723680,1.4658697,2.680356,-1.109102
1645031723682,1.2982982,2.7059429,-1.4279954
1645031723692,1.0870233,2.773523,-1.7281961
1645031723704,0.9177241,2.8058121,-2.031015
1645031723714,0.8306484,2.7995288,-2.3143206
1645031723723,0.84728163,2.784484,-2.5397503
1645031723732,0.93200105,2.7429793,-2.698438
1645031723743,1.0383629,2.7237105,-2.7389126
1645031723752,1.129191,2.672816,-2.663845
1645031723764,1.166786,2.5006545,-2.500253
1645031723774,1.1038136,2.270268,-2.2697792
1645031723783,0.795113,1.8934811,-2.0236146
1645031723792,0.41614452,1.4557815,-1.775949
1645031723803,-0.03352823,1.0120778,-1.5063443
1645031723812,-0.5221049,0.4998691,-1.250528
1645031723825,-1.0050964,-0.022061262,-1.0047125
1645031723834,-1.4045728,-0.49208483,-0.66248363
1645031723843,-1.6767607,-0.874736,-0.24825901
1645031723853,-1.8035605,-1.1725631,0.22310847
1645031723863,-1.7854787,-1.3610786,0.70112574
1645031723872,-1.6247666,-1.4706519,1.1093987
1645031723885,-1.3558426,-1.4193909,1.4310848
1645031723894,-0.946854,-1.1979405,1.665538
1645031723903,-0.43314424,-0.8284318,1.8351688
1645031723912,0.123483725,-0.36512786,1.929418
1645031723922,0.6448381,0.0813509,1.9247752
1645031723932,1.0790471,0.47007594,1.8899555
1645031723945,1.3641853,0.66852254,1.8167554
1645031723954,1.5203944,0.85906273,1.7442534
1645031723973,1.5295051,0.94730777,1.6423074
1645031723974,1.4085523,0.85843444,1.4878786
1645031723982,1.2010821,0.7013352,1.3444455
1645031723992,0.94194955,0.5040056,1.2381185
1645031724005,0.61371845,0.24756087,1.187992
1645031724014,0.13360678,-0.22799546,1.1463828
1645031724023,-0.52191293,-0.81237453,1.1062745
1645031724032,-1.2936906,-1.5047561,0.9869971
1645031724042,-1.80377,-2.0206301,0.8239637
1645031724053,-2.077162,-2.3765774,0.6177677
1645031724065,-2.150973,-2.558548,0.41462606
1645031724074,-2.121721,-2.5961776,0.18591501
1645031724083,-2.1091194,-2.6571429,-0.11391919
1645031724092,-2.1200628,-2.6664107,-0.38958025
1645031724102,-2.1422288,-2.7055938,-0.60363036
1645031724112,-2.1528754,-2.7573087,-0.6915612
1645031724133,-2.1528754,-2.7573087,-0.6915612
1645031724134,-2.1528754,-2.7573087,-0.6915612
1645031724141,-1.8577538,-2.6559386,-0.51178986
1645031724142,-1.3276203,-2.3540623,-0.2214853
1645031724154,-0.7201501,-1.9421939,0.015743084
1645031724166,-0.14612095,-1.4537917,0.19396108
1645031724172,0.30754864,-1.0044681,0.3566978
1645031724183,0.62206125,-0.7062047,0.46346104
1645031724193,0.7658958,-0.58755565,0.49135178
1645031724202,0.8163016,-0.56617504,0.48997295
1645031724212,0.8635134,-0.5074963,0.49177065
1645031724222,0.9288071,-0.41459116,0.47410768
1645031724232,0.9865259,-0.32011518,0.40411904
1645031724246,1.0206475,-0.21843092,0.2929924
1645031724254,0.9208831,-0.20726067,0.14327602
1645031724263,0.7035169,-0.3219478,-0.03124182
1645031724272,0.42979318,-0.46225673,-0.17870669
1645031724283,0.11219129,-0.67271143,-0.31358758
1645031724292,-0.23375513,-0.97533816,-0.44686273
1645031724305,-0.5538878,-1.1850947,-0.54366
1645031724314,-0.84504753,-1.3576053,-0.6402653
1645031724322,-1.035099,-1.337813,-0.7149315
1645031724332,-1.1206912,-1.2054629,-0.81387556
1645031724343,-1.073043,-1.022515,-0.93936646
1645031724356,-0.865346,-0.70922416,-1.0297582
1645031724364,-0.51355267,-0.24555372,-1.0516624
1645031724374,-0.08077493,0.26581725,-1.0255345
1645031724383,0.37572214,0.728458,-0.96907234
1645031724392,0.84126014,1.1526486,-0.878122
1645031724403,1.2923641,1.4999738,-0.75884455
1645031724412,1.7450563,1.860459,-0.5743084
1645031724425,2.1743083,2.1541495,-0.36415043
1645031724434,2.5766473,2.4415393,-0.11281962
1645031724443,2.9277947,2.6442273,0.14793612
1645031724452,3.18684,2.8350642,0.39931932
1645031724463,3.328301,3.0012043,0.6351514
1645031724481,3.2823632,2.9848328,0.79760885
1645031724486,3.0272624,2.7405357,0.9504494
1645031724501,3.0272624,2.7405357,0.9504494
1645031724503,2.1909242,1.9365913,1.207505
1645031724512,1.7729471,1.5255258,1.3283358
1645031724522,1.3173925,1.0792216,1.4176804
1645031724532,0.81296796,0.5775373,1.4597958
1645031724545,0.23858975,-0.08203159,1.4291998
1645031724554,-0.35050178,-0.7413038,1.3405707
1645031724563,-0.9270966,-1.3518108,1.206964
1645031724572,-1.4972686,-1.9178462,1.0321145
1645031724583,-2.0506675,-2.4802861,0.80790645
1645031724592,-2.546313,-2.9629114,0.54128635
1645031724605,-2.9231172,-3.2219915,0.25925472
1645031724614,-3.1394014,-3.2455363,-0.020385724
1645031724630,-3.1475697,-3.027786,-0.27548653
1645031724633,-2.7523344,-2.4685225,-0.45805043
1645031724642,-2.113413,-1.7534689,-0.55622655
1645031724661,-1.4615761,-1.0656078,-0.589109
1645031724665,-1.4615761,-1.0656078,-0.589109
1645031724680,-1.4615761,-1.0656078,-0.589109
1645031724681,-1.4615761,-1.0656078,-0.589109
1645031724685,-0.3339384,-0.040265292,-0.53238505
1645031724691,-0.3339384,-0.040265292,-0.53238505
1645031724693,-0.012339646,0.22766384,-0.4422899
1645031724702,0.13538703,0.24386072,-0.35629636
1645031724712,0.19577624,0.13191378,-0.22626756
1645031724723,0.23637316,0.06906362,-0.04811938
1645031724733,0.2402653,-0.008936208,0.119993016
1645031724742,0.20214678,-0.149856,0.27250198
1645031724752,0.12512435,-0.37519854,0.43342352
1645031724762,0.0023213194,-0.6195305,0.61029756
1645031724772,-0.1942578,-0.9162056,0.7688106
1645031724783,-0.41296798,-1.0966752,0.8940571
1645031724794,-0.41296798,-1.0966752,0.8940571
1645031724806,-1.0127411,-1.4365302,0.83422637
1645031724812,-1.3814993,-1.5829304,0.61211276
1645031724822,-1.6953312,-1.6231434,0.326573
1645031724832,-1.8972685,-1.563173,0.011641504
1645031724844,-1.8801816,-1.2522384,-0.25459465
1645031724860,-1.6758181,-0.8215202,-0.47702244
1645031724862,-1.3326293,-0.35662797,-0.64155686
1645031724872,-0.91592634,0.06794659,-0.76353955
1645031724882,-0.47908196,0.47457895,-0.8278035
1645031724892,-0.06778951,0.86988395,-0.85452485
1645031724904,0.2543503,1.17464,-0.90318525
1645031724914,0.4709486,1.3989702,-0.992687
1645031724924,0.5883585,1.5933328,-1.1360852
1645031724932,0.62010646,1.8118335,-1.3309189
1645031724942,0.5601536,1.9217209,-1.5893708
1645031724955,0.44293568,2.0111527,-1.8944585
1645031724963,0.2870931,2.0274544,-2.2147307
1645031724982,0.13161707,2.0590801,-2.5122786
1645031724983,0.13161707,2.0590801,-2.5122786
1645031724983,0.018430928,2.0905664,-2.7285452
1645031724994,-0.030491317,2.1066759,-2.8972511
1645031725005,-0.013945371,2.1069028,-2.995113
1645031725012,0.068156034,2.1373417,-2.984449
1645031725026,0.22239287,2.1281264,-2.8068593
1645031725039,0.39450213,2.0964482,-2.6028624
1645031725042,0.5547954,1.9932629,-2.3090847
1645031725056,0.6912645,1.8962213,-2.0042937
1645031725062,0.79502577,1.7665241,-1.6853478
1645031725073,0.82686096,1.5971376,-1.284283
1645031725091,0.81734884,1.4344882,-0.89061874
1645031725095,0.76591325,1.2145388,-0.48332316
1645031725104,0.70878786,1.0114146,-0.065450735
1645031725112,0.65632254,0.8040841,0.31882364
1645031725122,0.6058818,0.6230561,0.632673
1645031725134,0.54257786,0.5465224,0.8758356
1645031725143,0.48248538,0.47672573,1.052186
1645031725155,0.43265554,0.34516102,1.1542543
1645031725162,0.35828605,0.25599092,1.1805394
1645031725172,0.24836373,0.16853128,1.0886813
1645031725183,0.125072,0.09615149,0.8892399
1645031725192,0.022933938,0.05850423,0.6483812
1645031725206,-0.053425256,0.0031416353,0.41822147
1645031725217,-0.12566541,-0.015847806,0.28786108
1645031725223,-0.20122175,-0.12247142,0.28636006
1645031725232,-0.31533292,-0.34306657,0.4075923
1645031725242,-0.46810368,-0.5763156,0.61871016
1645031725253,-0.6361288,-0.81839603,0.8760799
1645031725267,-0.8021991,-1.0679815,1.1383017
1645031725276,-0.9576228,-1.3172528,1.3465573
1645031725284,-1.0933415,-1.5677807,1.532734
1645031725292,-1.2012566,-1.8539139,1.675504
1645031725302,-1.2934462,-2.1506588,1.7756698
1645031725312,-1.3942752,-2.4234052,1.847718
1645031725325,-1.5328562,-2.6175408,1.8630946
1645031725334,-1.6842307,-2.754551,1.7696657
1645031725342,-1.8347675,-2.9250894,1.5303429
1645031725353,-1.9308317,-2.9580243,1.2397417
1645031725362,-1.9896675,-2.9027665,0.9263635
1645031725372,-2.0304563,-2.7997732,0.6161969
1645031725393,-2.060651,-2.6027925,0.33638188
1645031725394,-2.060651,-2.6027925,0.33638188
1645031725401,-2.0549612,-2.4769003,0.10116066
1645031725404,-1.9918841,-2.4066846,-0.051138844
1645031725412,-1.8929226,-2.4377346,-0.11723536
1645031725423,-1.7348809,-2.4815779,-0.06407191
1645031725432,-1.7348809,-2.4815779,-0.06407191
1645031725445,-1.4562004,-2.7927742,0.18148181
1645031725454,-1.393996,-2.919801,0.28471944
1645031725474,-1.4475085,-2.9989703,0.31341302
1645031725475,-1.4475085,-2.9989703,0.31341302
1645031725489,-1.6836548,-3.0560608,0.19741687
1645031725492,-2.1979754,-2.8329349,-0.12610175
1645031725504,-2.3116503,-2.5904877,-0.29287022
1645031725514,-2.2132123,-2.162283,-0.4240859
1645031725523,-1.7970678,-1.5881665,-0.5053146
1645031725532,-1.0498472,-0.79479885,-0.5711144
1645031725543,-0.15935072,0.045257002,-0.6053408
1645031725552,0.67039007,0.80438083,-0.6272101
1645031725564,1.3173226,1.4604416,-0.62577885
1645031725574,1.755476,1.9169037,-0.59884804
1645031725583,1.9751985,2.1054368,-0.568444
1645031725592,2.0384152,2.069308,-0.5343224
1645031725602,2.03283,2.0248713,-0.434366
1645031725612,1.9602059,1.9307444,-0.35893184
1645031725626,1.8168776,1.7812724,-0.367135
1645031725635,1.6423248,1.7473601,-0.439061
1645031725642,1.5064491,1.962091,-0.55404484
1645031725652,1.3741338,2.205393,-0.7591064
1645031725663,1.2510341,2.5137796,-0.9726329
1645031725672,1.1728947,2.8407714,-1.1536609
1645031725685,1.1447072,3.108334,-1.2706693
1645031725694,1.1735928,3.2904441,-1.2823981
1645031725702,1.2536173,3.3798063,-1.1735405
1645031725712,1.3810804,3.3745878,-0.96448207
1645031725723,1.5403962,3.3091195,-0.68629026
1645031725732,1.7156122,3.2970417,-0.33512524
1645031725745,1.9020333,3.2790296,0.047037262
1645031725754,2.0939698,3.3718998,0.46183786
1645031725763,2.2478924,3.4961514,0.8158653
1645031725772,2.3241296,3.6479273,1.075469
1645031725783,2.3069727,3.7244263,1.2029496
1645031725792,2.207889,3.7784624,1.2389214
1645031725804,2.050947,3.728144,1.208849
1645031725814,1.857457,3.4746313,1.1360328
1645031725823,1.6548041,3.2673357,1.0600052
1645031725832,1.4565843,2.988306,0.9742211
1645031725846,1.3013701,2.8592372,0.8879134
1645031725852,1.2666725,2.947168,0.77699625
1645031725864,1.2659918,3.0938652,0.60858715
1645031725874,1.2900078,3.244332,0.40872675
1645031725883,1.3040056,3.22728,0.21220002
1645031725892,1.3585304,3.3443582,0.064246446
1645031725902,1.4141723,3.4632864,-0.030491317
1645031725912,1.4841958,3.5405881,-0.03689676
1645031725925,1.5920411,3.7176716,0.07939611
1645031725934,1.72207,4.0422897,0.39366436
1645031725943,1.7709398,4.365634,0.77999824
1645031725952,1.6961515,4.5522647,1.1456672
1645031725962,1.5505368,4.623824,1.4523257
1645031725972,1.3814993,4.714513,1.6673532
1645031725996,1.1758617,4.6244874,1.8028798
1645031725997,1.1758617,4.6244874,1.8028798
1645031725998,1.1758617,4.6244874,1.8028798
1645031726007,0.97755474,4.52968,1.9039009
1645031726010,0.8647526,4.6498647,1.9364343
1645031726012,0.82911247,4.8762894,1.9151584
1645031726023,0.86100006,5.226023,1.8495506
1645031726032,0.9182651,5.5468364,1.7895802
1645031726044,1.0367397,5.9989877,1.7548128
1645031726054,1.180452,6.5906625,1.7656689
1645031726062,1.4142945,7.433982,1.7996509
1645031726072,1.7513046,8.487215,1.8148006
1645031726083,2.0701108,9.299328,1.7950782
1645031726092,2.456113,10.032952,1.7409023
1645031726104,2.8733573,10.727603,1.6812985
1645031726114,3.312907,11.455711,1.6702679
1645031726123,3.9618814,12.623387,1.7782878
1645031726132,4.8302994,14.243965,2.0232131
1645031726143,5.693778,15.817716,2.3537831
1645031726152,6.411711,17.031696,2.69671
1645031726164,6.803805,17.568026,2.967938
1645031726174,6.8524303,17.45222,3.1370451
1645031726183,6.4902,16.62838,3.15682
1645031726192,6.01412,15.673811,3.1077754
1645031726202,5.449027,14.613038,2.981761
1645031726213,4.9174795,13.623074,2.8337028
1645031726224,4.305489,12.499224,2.6097565
1645031726234,3.7672222,11.513168,2.3987608
1645031726242,3.270582,10.581045,2.1732438
1645031726252,2.8173664,9.732281,1.947814
1645031726262,2.4418886,9.036111,1.7563487
1645031726272,2.1577973,8.547691,1.6186229
1645031726285,1.9070774,8.212619,1.5169212
1645031726294,1.6806353,8.020682,1.445798
1645031726303,1.4260406,7.8445063,1.3485645
1645031726312,1.1627367,7.642447,1.2122
1645031726323,0.9322803,7.403037,1.0294615
1645031726332,0.8319574,7.337115,0.88883847
1645031726345,0.84239465,7.3969283,0.7621084
1645031726354,0.9488088,7.6501265,0.6080635
1645031726363,1.111563,7.9999824,0.45695087
1645031726385,1.3041626,8.443058,0.36689064
1645031726391,1.3041626,8.443058,0.36689064
1645031726392,1.3041626,8.443058,0.36689064
1645031726398,1.3041626,8.443058,0.36689064
1645031726399,1.5007069,8.848678,0.34435815
1645031726410,1.6575269,9.320866,0.38338423
1645031726414,1.7560346,10.102871,0.50075924
1645031726423,1.7378829,10.977607,0.6161096
1645031726432,1.5954447,11.94003,0.72779477
1645031726443,1.3115978,12.800314,0.75633126
1645031726452,0.94153064,13.375896,0.6649795
1645031726465,0.5799808,13.525142,0.43546557
1645031726480,0.25375688,13.364848,0.14868662
1645031726482,-0.018902173,12.951182,-0.11779387
1645031726492,-0.21689501,12.263269,-0.33170435
1645031726502,-0.34448034,11.462851,-0.45792827
1645031726512,-0.42724496,10.61775,-0.4331617
1645031726524,-0.44649622,9.754516,-0.2872153
1645031726534,-0.4462693,8.992216,-0.055746574
1645031726543,-0.4404224,8.338546,0.19094162
1645031726552,-0.44070163,7.7275677,0.39106378
1645031726563,-0.44438434,7.0405445,0.50796753
1645031726572,-0.45244786,6.3144426,0.58104545
1645031726585,-0.46192512,5.645798,0.6446985
1645031726594,-0.51905054,5.166472,0.742159
1645031726603,-0.585147,4.7746572,0.8962039
1645031726612,-0.657457,4.4614716,1.1292957
1645031726625,-0.7405009,4.2705646,1.4397068
1645031726635,-0.7405009,4.2705646,1.4397068
1645031726644,-1.0617505,4.569945,2.31638
1645031726671,-1.1701894,4.9182653,2.792687
1645031726672,-1.1701894,4.9182653,2.792687
1645031726673,-1.1701894,4.9182653,2.792687
1645031726673,-1.2101055,5.4497776,3.2658348
1645031726675,-1.2101055,5.4497776,3.2658348
1645031726683,-1.0515926,6.390662,3.9668033
1645031726692,-0.8652413,6.7103934,4.1507635
1645031726704,-0.6002793,6.823789,4.2279954
1645031726714,-0.3208657,6.8169823,4.208133
1645031726723,-0.09014748,6.6215725,4.116171
1645031726732,0.054420106,6.2777033,3.9503448
1645031726743,0.09044419,5.9729123,3.7607296
1645031726752,-6.981412E-5,5.691823,3.5764203
1645031726765,-0.20556767,5.4164586,3.3663146
1645031726774,-0.55488265,5.265119,3.1668558
1645031726782,-0.93468887,5.282922,3.012619
1645031726792,-1.2041365,5.4922595,2.920726
1645031726803,-1.3966315,5.60939,2.8585565
1645031726812,-1.4753294,5.7022953,2.7887251
1645031726825,-1.5009164,5.709259,2.6629374
1645031726834,-1.4969718,5.7146873,2.4588883
1645031726842,-1.5154551,5.727376,2.1689153
1645031726852,-1.5569421,5.763278,1.8222183
1645031726863,-1.5913256,5.838764,1.4741251
1645031726872,-1.5351077,6.0657125,1.2132472
1645031726885,-1.3964394,6.3045816,1.036443
1645031726894,-1.1426128,6.566873,1.0001047
1645031726903,-0.8348547,6.769736,1.0685226
1645031726912,-0.39937168,7.2593594,1.4014312
1645031726923,0.04696745,7.7461386,1.8222358
1645031726932,0.5006196,8.350658,2.3716207
1645031726945,1.0128633,9.378619,3.188149
1645031726954,1.4752247,10.491003,4.05641
1645031726963,2.281508,13.327724,5.9174275
1645031726972,2.9242692,15.777171,7.5506587
1645031726992,3.7192774,19.20089,9.775757
1645031727001,3.7192774,19.20089,9.775757
1645031727015,4.140187,20.683044,10.869919
1645031727016,4.613998,22.146244,12.017838
1645031727022,5.629322,27.062431,14.854787
1645031727032,7.331617,36.083164,19.748129
1645031727043,8.487896,42.02801,22.646566
1645031727052,8.614696,41.609303,21.946785
1645031727063,8.044908,36.688194,18.884127
1645031727073,7.197696,29.745754,14.911441
1645031727082,6.3938565,22.774988,11.07114
1645031727092,5.828868,16.978794,7.91563
1645031727102,5.474788,12.358984,5.422044
1645031727112,5.2719088,8.773663,3.53427
1645031727124,5.17183,6.1245484,2.1782877
1645031727133,5.158164,4.3114758,1.2496902
1645031727143,5.1586876,2.9456847,0.60500914
1645031727152,5.1442885,1.9459115,0.17689152
1645031727162,5.0673704,1.3403788,-0.07208308
1645031727174,4.9093466,0.92444366,-0.18889956
1645031727184,4.6484337,0.60692906,-0.22436513
1645031727194,4.297984,0.43326643,-0.21511476
1645031727203,3.8400908,0.2944236,-0.17050353
1645031727212,3.2774763,0.14428833,-0.10575094
1645031727223,2.6272275,-0.05058033,-0.022759402
1645031727232,1.8745266,-0.2687669,0.028065275
1645031727245,1.0854001,-0.5027489,0.041713938
1645031727254,0.3051924,-0.7154027,0.011432062
1645031727263,-0.47304302,-0.9988306,-0.04726416
1645031727272,-1.2498298,-1.3808883,-0.13486342
1645031727283,-2.031364,-1.9419844,-0.25012654
1645031727292,-2.7740989,-2.623859,-0.38779998
1645031727305,-3.3972948,-3.4977398,-0.54393923
1645031727314,-3.828484,-4.235256,-0.67300814
1645031727323,-4.0133867,-4.7247577,-0.71428573
1645031727332,-3.993961,-4.9437647,-0.63504666
1645031727343,-3.8168776,-4.8769526,-0.4207348
1645031727352,-3.4884195,-4.5565405,-0.39663148
1645031727365,-3.010158,-3.9454403,0.095488265
1645031727374,-2.419321,-2.924688,0.6787329
1645031727383,-1.8132472,-1.8438258,1.1886377
1645031727392,-1.2393054,-0.81076884,1.5974518
1645031727403,-0.76640195,0.10599529,1.8839864
1645031727412,-0.47452658,0.7442185,2.0075922
1645031727425,-0.44782266,0.75250894,1.907217
1645031727434,-0.6637228,0.13385113,1.6077319
1645031727443,-1.144934,-1.3563662,1.0682259
1645031727452,-1.6884022,-2.8703377,0.49112487
1645031727463,-2.2982285,-4.693935,-0.18598482
1645031727472,-2.9373593,-6.883096,-0.96914214
1645031727487,-3.1601884,-7.974012,-1.4348896
1645031727500,-3.1601884,-7.974012,-1.4348896
1645031727503,-2.573366,-6.953696,-1.3717078
1645031727512,-1.9952526,-5.479134,-1.0345929
1645031727522,-1.3587573,-3.8573349,-0.6470198
1645031727532,-0.62218344,-1.8087442,-0.13776071
1645031727545,-0.029426651,-0.16760625,0.19542718
1645031727554,0.44324985,1.1919714,0.3775373
1645031727563,0.69665766,1.8778951,0.29906625
1645031727572,0.81185097,2.1706955,0.05300637
1645031727583,0.7222445,1.7372894,-0.45719522
1645031727593,0.5699799,1.1114408,-1.0662711
1645031727604,0.4588533,0.6926608,-1.6238939
1645031727614,0.43031678,0.38724148,-2.159019
1645031727623,0.5429095,0.5252814,-2.5217907
1645031727636,0.5429095,0.5252814,-2.5217907
1645031727643,1.0514356,1.839829,-2.5519154
1645031727652,1.3180382,2.4699538,-2.4985251
1645031727674,1.568828,2.8238764,-2.4059691
1645031727676,1.568828,2.8238764,-2.4059691
1645031727677,1.568828,2.8238764,-2.4059691
1645031727682,1.810315,3.1910987,-2.2779999
1645031727684,2.005655,3.4594119,-2.122262
1645031727692,2.1211624,3.6367223,-1.9606771
1645031727703,2.1446898,3.5495768,-1.7945545
1645031727712,2.0752597,3.3635046,-1.5971028
1645031727724,1.9250371,3.1418273,-1.3376211
1645031727733,1.703674,2.9186141,-1.0152194
1645031727742,1.4408064,2.689554,-0.63680947
1645031727752,1.1550572,2.586875,-0.21729645
1645031727762,0.8827472,2.5873811,0.2086744
1645031727772,0.63138145,2.5908544,0.6215551
1645031727784,0.42759404,2.6441574,1.0140675
1645031727794,0.27676064,2.730954,1.3529801
1645031727803,0.13819705,2.8056724,1.628205
1645031727812,0.018727638,2.8575966,1.8245223
1645031727823,-0.11734008,2.8389213,1.9323676
1645031727832,-0.28103673,2.6943364,1.9912208
1645031727845,-0.4813858,2.598272,2.0766385
1645031727854,-0.7223492,2.650406,2.196073
1645031727863,-1.0043983,2.6749804,2.3315997
1645031727872,-1.2860285,2.7416353,2.4505105
1645031727883,-1.5095732,2.7575006,2.5428746
1645031727892,-1.6096169,2.8682783,2.5911684
1645031727905,-1.6526399,2.8579981,2.5490532
1645031727914,-1.6624312,2.7964046,2.44887
1645031727923,-1.6352562,2.691404,2.3482678
1645031727932,-1.5764377,2.5355964,2.2051313
1645031727943,-1.4421154,2.4541757,2.0463915
1645031727952,-1.2687495,2.2720308,1.8461995
1645031727965,-1.0663933,2.0974605,1.6647003
1645031727975,-0.8900951,1.9744829,1.5862815
1645031727983,-0.7142159,1.979911,1.5737848
1645031727999,-0.7142159,1.979911,1.5737848
1645031728006,-0.35189807,2.4421327,1.8057597
1645031728012,-0.19177939,2.780801,1.9886726
1645031728023,-0.007854088,3.1751637,2.1937342
1645031728034,0.19247752,3.636827,2.3979056
1645031728043,0.28899556,3.8371935,2.4573872
1645031728052,0.3636094,3.7158914,2.3300638
1645031728063,0.32254124,3.2188323,1.9865259
1645031728072,0.21499258,2.24414,1.4211886
1645031728084,0.086464785,0.9701719,0.70164937
1645031728094,0.07258923,-0.15879221,0.07326992
1645031728102,0.2513483,-0.8306833,-0.299712
1645031728112,0.54922765,-1.0601798,-0.4252727
1645031728123,0.79061,-1.1113012,-0.41080374
1645031728132,0.9452657,-1.0410856,-0.31194693
1645031728145,1.0218693,-0.8467755,-0.1661227
1645031728154,1.0132996,-0.6449603,-0.021764552
1645031728162,1.0054281,-0.3223318,0.13144253
1645031728172,0.8773017,-0.2813509,0.18135963
1645031728183,0.75273585,-0.30044508,0.17106205
1645031728192,0.638677,-0.45257002,0.0810891
1645031728205,0.5994066,-0.6241033,-0.066463046
1645031728214,0.5648835,-0.9486692,-0.28517324
1645031728223,0.51611835,-1.4737412,-0.5517759
1645031728232,0.5793525,-1.8753469,-0.76334757
1645031728243,0.6934462,-2.1683218,-0.90116066
1645031728252,0.82960117,-2.3890216,-0.9961777
1645031728265,0.960939,-2.5230823,-1.0476656
1645031728274,1.0901475,-2.5023649,-1.0571603
1645031728283,1.1816738,-2.4256742,-1.0423597
1645031728292,1.2745615,-2.2576315,-0.99153507
1645031728303,1.3622131,-2.0208745,-0.912488
1645031728312,1.4523082,-1.745161,-0.7959508
1645031728324,1.57464,-1.4124793,-0.6427786
1645031728334,1.6908282,-1.122419,-0.46901125
1645031728343,1.8269483,-0.7815342,-0.28892574
1645031728352,1.9376385,-0.43359804,-0.09608168
1645031728363,1.9545685,-0.14130378,0.065433286
1645031728372,1.8481368,0.0407889,0.19061
1645031728385,1.6697268,0.28189197,0.3073043
1645031728394,1.4215202,0.5621782,0.46665505
1645031728403,1.1764203,0.96737933,0.65625274
1645031728413,0.90671086,1.3995463,0.8306484
1645031728423,0.60347325,1.7775024,0.9683393
1645031728432,0.25181952,2.0256393,1.0345755
1645031728445,-0.15982197,2.1059952,1.0075923
1645031728454,-0.63705385,1.9293481,0.8925561
1645031728463,-1.0648574,1.6579632,0.7552142
1645031728472,-1.3989004,1.4397242,0.6147133
1645031728491,-1.6630073,1.2651017,0.48058295
1645031728492,-1.936155,1.0072781,0.32222706
1645031728504,-2.1766646,0.5629113,0.15601711
1645031728514,-2.3682172,0.033039533,-0.045606073
1645031728523,-2.491631,-0.53191376,-0.28260756
1645031728532,-2.7183,-1.537499,-0.5893359
1645031728543,-2.7322628,-2.5571167,-0.9361899
1645031728552,-2.54832,-3.3205864,-1.2609303
1645031728565,-2.3220525,-3.9876778,-1.5504843
1645031728574,-2.031521,-4.331774,-1.7446024
1645031728582,-1.7120866,-4.3333273,-1.8200366
1645031728592,-1.4274544,-4.003386,-1.7698228
1645031728603,-1.2490793,-3.582529,-1.6437036
1645031728612,-1.1613928,-3.140117,-1.4467405
1645031728625,-1.0280827,-2.4040318,-1.163976
1645031728644,-0.8675626,-1.5975914,-0.8525002
1645031728650,-0.8675626,-1.5975914,-0.8525002
1645031728651,-0.6626407,-0.79650927,-0.56732696
1645031728671,-0.38682258,0.07595776,-0.35097304
1645031728672,-0.38682258,0.07595776,-0.35097304
1645031728672,0.044209793,1.0417314,-0.25108647
1645031728684,0.33835414,1.8209442,-0.09927568
1645031728695,0.33835414,1.8209442,-0.09927568
1645031728703,2.3285627,7.730064,1.3997905
1645031728712,3.4600053,11.03667,2.1814644
1645031728723,4.495157,14.007104,2.8226721
1645031728732,5.203822,16.085663,3.2173836
1645031728744,5.311109,16.581797,3.2660615
1645031728753,5.014958,16.040493,3.029287
1645031728763,4.43941,14.840457,2.5769963
1645031728772,3.9640632,14.108159,2.1568723
1645031728783,3.7772057,14.311563,1.9423336
1645031728792,3.8543153,15.367118,1.9803648
1645031728805,4.0821714,16.960205,2.2349246
1645031728814,4.3498387,18.664648,2.6150973
1645031728823,4.595881,20.192495,3.024854
1645031728832,4.752701,21.277617,3.3600488
1645031728843,4.7651978,21.618553,3.5081944
1645031728852,4.7458243,21.544008,3.565826
1645031728865,4.883428,21.939384,3.7654595
1645031728880,4.883428,21.939384,3.7654595
1645031728882,5.1985865,25.333607,4.8085346
1645031728892,5.174413,26.396666,5.117584
1645031728903,5.285243,28.14249,5.533188
1645031728913,5.4566717,29.823528,5.8382754
1645031728925,5.6946507,31.116713,5.9778166
1645031728934,5.8432326,30.905994,5.7143207
1645031728943,5.7998953,28.698978,5.0478225
1645031728952,5.504791,25.023893,4.21508
1645031728963,5.0685225,21.129208,3.44318
1645031728972,4.5767345,17.48903,2.8165286
1645031728985,4.096274,14.538581,2.3681648
1645031729003,3.5966141,12.143869,2.0662537
1645031729004,3.5966141,12.143869,2.0662537
1645031729018,3.1263986,10.398988,1.865189
1645031729019,3.1263986,10.398988,1.865189
1645031729022,2.5464525,8.427367,1.8251854
1645031729032,2.3837683,8.068785,1.856724
1645031729043,2.2720482,7.8078194,1.9082294
1645031729054,2.1163104,7.260459,1.8038572
1645031729063,1.5864037,6.1172705,1.4528842
1645031729072,0.7129069,4.729715,0.89306223
1645031729083,-0.26093027,3.3897722,0.18404748
1645031729092,-1.2246095,1.7459987,-0.54940224
1645031729104,-2.0970242,1.0791168,-1.0175059
1645031729114,-2.6429007,2.1689153,-0.94353783
1645031729123,-2.6255345,4.8502836,-0.27330482
1645031729132,-2.0090234,7.042377,0.53112835
1645031729143,-1.0752596,7.5921283,1.1180382
1645031729152,-0.20321146,6.241592,1.27793
1645031729165,0.711755,4.9366612,1.4435989
1645031729174,1.4007854,4.1227856,1.6536696
1645031729183,1.8331966,3.5872066,1.8647177
1645031729192,2.0798674,3.6235447,2.1288245
1645031729202,2.0938475,4.010315,2.369404
1645031729212,1.910062,4.257754,2.4095297
1645031729224,1.6662711,4.5813074,2.2849813
1645031729234,1.3541496,4.9982023,2.095977
1645031729243,1.0091981,5.636722,1.8876517
1645031729252,0.6524304,6.5333447,1.6811764
1645031729263,0.31048083,7.592949,1.5265032
1645031729273,0.13744655,9.013649,1.5979754
1645031729285,0.07890741,10.129802,1.7913082
1645031729294,0.09527882,10.478611,1.9672571
1645031729303,0.2205079,9.743887,1.9721093
1645031729312,0.43743783,7.8535123,1.7640457
1645031729323,0.72343135,5.223283,1.4745091
1645031729332,1.0288507,2.3137445,1.1636792
1645031729345,1.2386072,-0.2740728,0.9186142
1645031729354,1.3963348,-1.5572737,0.7528929
1645031729362,1.4427437,-1.7241819,0.64832884
1645031729373,1.4405446,-0.9686011,0.55940306
1645031729383,1.4185008,0.0773715,0.37448293
1645031729405,1.3788638,0.97631556,0.08093202
1645031729411,1.3788638,0.97631556,0.08093202
1645031729412,1.3788638,0.97631556,0.08093202
1645031729433,1.3788638,0.97631556,0.08093202
1645031729433,1.3788638,0.97631556,0.08093202
1645031729434,1.3788638,0.97631556,0.08093202
1645031729436,1.4620298,1.2246618,-0.84080637
1645031729437,1.4620298,1.2246618,-0.84080637
1645031729450,1.5289466,1.3066934,-0.87487566
1645031729450,1.5289466,1.3066934,-0.87487566
1645031729452,1.5360677,1.3168863,-0.6592198
1645031729464,1.4985251,0.9424208,-0.19003403
1645031729479,1.4489223,-0.15463828,0.3712715
1645031729482,1.449952,-1.7247753,0.8962039
1645031729482,1.449952,-1.7247753,0.8962039
1645031729502,1.595881,-3.3456497,1.4475958
1645031729503,1.595881,-3.3456497,1.4475958
1645031729512,1.6295837,-3.0567589,1.4377345
1645031729523,1.5703465,-2.1982372,1.2681037
1645031729533,1.4630945,-1.0081508,1.0540885
1645031729542,1.3481979,0.31172004,0.8893621
1645031729552,1.2790296,1.5630509,0.8423597
1645031729562,1.2234925,2.6056025,0.9578846
1645031729572,1.1471682,3.4708614,1.2339296
1645031729583,1.0589405,3.85538,1.5913256
1645031729593,0.9142333,3.8784013,1.9798237
1645031729603,0.7964046,3.7887251,2.3317044
1645031729612,0.68074006,3.5498385,2.5632079
1645031729623,0.6250109,3.297862,2.6504233
1645031729632,0.5945196,3.0194955,2.6193733
1645031729643,0.54057074,2.7170956,2.4646478
1645031729661,0.5356663,2.6010122,2.2889955
1645031729663,0.54905313,2.5984118,2.1011956
1645031729673,0.5602758,2.6690986,1.9561393
1645031729683,0.57921284,2.754167,1.8488001
1645031729692,0.5502924,2.768217,1.772406
1645031729704,0.47148967,2.7170434,1.7570817
1645031729713,0.33212322,2.6440003,1.8397068
1645031729723,0.23331879,2.671734,2.0136662
1645031729732,0.090426736,2.6057947,2.1758268
1645031729743,0.010524479,2.3623004,2.3041103
1645031729752,-0.038886465,2.0380661,2.3701196
1645031729764,-0.04899206,1.4696395,2.3346364
1645031729775,-0.05192425,0.7915525,2.2368793
1645031729783,-0.0033161708,0.21471332,2.1578324
1645031729792,-0.009424906,-0.22529016,2.1235187
1645031729803,-0.07230998,-0.41061175,2.1305523
1645031729812,-0.018710185,-0.26888907,2.0475085
1645031729825,0.22794311,-0.16177677,1.672694
1645031729834,0.55599964,-0.74231607,0.96181166
1645031729843,0.8328301,-1.9422114,0.067039005
1645031729852,0.6122873,-3.9250371,-0.8087268
1645031729863,0.5790558,-4.124496,-0.8871804
1645031729872,0.5798412,-4.094755,-0.6371062
1645031729885,0.57891613,-4.082695,-0.6023213
1645031729894,0.57830524,-4.0729036,-0.5993019
1645031729903,0.577834,-4.065503,-0.5956366
1645031729912,0.57748497,-4.0598655,-0.5929488
1645031729923,0.5772057,-4.0555897,-0.5908893
1645031729932,0.57699627,-4.0523257,-0.58931845
1645031729945,0.57683915,-4.049847,-0.5881316
1645031729954,0.576717,-4.047962,-0.587224
1645031729963,0.5766297,-4.046531,-0.58652586
1645031729972,-1.5364866,-5.8339643,1.4696221
1645031729990,-2.1535387,-6.410088,2.9943974
1645031729994,-1.6439306,-5.700672,3.1193995
1645031730005,-1.0414871,-4.6661663,4.153713
1645031730014,-0.6400035,-3.7173576,5.1820054
1645031730022,-0.70716465,-3.1348634,5.9045467
1645031730032,-0.84876513,-2.9580767,6.1004276
1645031730042,-0.7893359,-3.212235,5.8035955
1645031730052,-0.023509905,-3.770678,4.86196
1645031730065,1.494825,-4.5410595,3.359089
1645031730074,3.3986387,-5.553207,1.5790035
1645031730083,5.030055,-6.4597607,0.004503011
1645031730092,5.8668647,-6.846025,-0.9226634
1645031730103,5.770451,-6.4741426,-0.98821884
1645031730112,4.9341655,-5.469186,-0.4838293
1645031730125,3.7772582,-4.227053,0.23939262
1645031730134,2.633371,-3.0767257,0.95863515
1645031730143,1.7255433,-2.152439,1.4746138
1645031730152,0.94875646,-1.3645519,1.950013
1645031730162,0.309678,-0.643756,2.3162928
1645031730178,-0.26820838,0.047822673,2.6886814
1645031730184,-0.82333535,0.78230214,3.1623876
1645031730194,-1.3237107,1.4592198,3.6240335
1645031730203,-1.6315734,1.9756174,3.886744
1645031730212,-1.860267,2.2833407,4.091858
1645031730222,-2.0605464,2.3195915,4.096291
1645031730232,-2.2307706,1.9948512,3.7343397
1645031730244,-2.3443058,1.3533118,3.074771
1645031730254,-2.369247,0.6509818,2.2797627
1645031730262,-2.2979143,0.10480845,1.6087617
1645031730272,-2.1660354,-0.17486691,1.1862291
1645031730283,-2.1133258,-0.11870146,1.2610525
1645031730292,-2.1946068,0.20623091,1.751165
1645031730305,-2.3385637,0.67239726,2.4424644
1645031730314,-2.4821537,1.0913517,3.2411554
1645031730322,-2.2789772,1.3195916,3.5931582
1645031730332,-1.9924775,1.4057074,3.726957
1645031730343,-1.6535997,1.3416529,3.5808883
1645031730352,-1.2561306,1.1795095,3.3230648
1645031730365,-0.62108386,0.8970591,2.7776768
1645031730374,0.23305699,0.48100182,1.8711231
1645031730383,0.9727376,0.01122262,1.0011868
1645031730392,1.3738197,-0.37322628,0.41839603
1645031730403,1.2690113,-0.53680074,0.44471595
1645031730412,0.8779824,-0.4828519,0.85300636
1645031730424,0.17811327,-0.26330397,1.7497338
1645031730434,-0.53983766,0.0,2.7010036
1645031730443,-1.0797801,0.20139629,3.3838031
1645031730458,-1.0797801,0.20139629,3.3838031
1645031730462,-1.3111266,0.23431364,3.61028
1645031730472,-1.2129157,0.08782616,3.3555634
1645031730486,-0.8224452,-0.20436338,2.629671
1645031730505,-0.22387643,-0.6341566,1.5294179
1645031730513,-0.22387643,-0.6341566,1.5294179
1645031730520,0.25031853,-1.0097216,0.61019284
1645031730521,0.25031853,-1.0097216,0.61019284
1645031730522,0.54432327,-1.2516276,0.11360503
1645031730532,0.9099747,-1.4262327,-0.31508857
1645031730545,1.3326992,-1.5739594,-0.7791605
1645031730554,1.6205254,-1.6601274,-1.1075835
1645031730563,1.6126189,-1.6142071,-1.0697268
1645031730572,1.4020596,-1.503447,-0.94481194
1645031730583,1.0695872,-1.4430579,-0.9516014
1645031730592,0.80102974,-1.5223318,-1.2475259
1645031730605,0.7135876,-1.8163191,-1.7704337
1645031730614,1.0621171,-2.4408064,-2.8575268
1645031730622,1.6492714,-3.1964395,-4.2348022
1645031730632,2.2024784,-3.80562,-5.3960032
1645031730643,2.3502574,-3.9169385,-5.613509
1645031730652,2.153975,-3.5648487,-5.0267215
1645031730664,1.77841,-2.9366436,-3.9749715
1645031730674,1.3888123,-2.3117375,-2.9747274
1645031730683,1.0493586,-1.8015534,-2.1114058
1645031730692,0.6943189,-1.3586352,-1.2759926
1645031730703,0.42808273,-1.0438433,-0.70098615
1645031730712,0.2567065,-0.8161794,-0.26323414
1645031730724,0.15510952,-0.67314774,-0.004345929
1645031730734,0.084562354,-0.6150624,0.0939349
1645031730743,0.069325425,-0.6856794,0.054350294
1645031730752,0.08192687,-0.88775635,-0.25635746
1645031730763,-0.012095296,-1.0531286,-0.34908804
1645031730772,-0.24630421,-1.1350554,-0.27089623
1645031730785,-0.6329348,-1.0095645,0.26405445
1645031730794,-1.0565145,-0.75219476,1.0068941
1645031730803,-1.419513,-0.44621694,1.7414783
1645031730812,-1.7015446,-0.13241993,2.4518719
1645031730823,-1.908718,0.11742735,3.0372808
1645031730832,-2.0410159,0.2443145,3.3803473
1645031730845,-2.0677896,0.20848241,3.366437
1645031730854,-1.9607993,0.012915612,2.9888647
1645031730863,-1.7548652,-0.26236147,2.4486954
1645031730872,-1.5135003,-0.5445676,1.711371
1645031730882,-1.3111615,-0.6784536,1.3653897
1645031730892,-1.1777468,-0.6460948,1.3424731
1645031730905,-1.1260494,-0.48293918,1.6156034
1645031730914,-1.139541,-0.24173139,2.034052
1645031730924,-1.1828432,0.014608605,2.512872
1645031730932,-1.2241383,0.19638711,2.8262327
1645031730942,-1.2336679,0.28314862,2.9279866
1645031730952,-1.169945,0.25824243,2.7512348
1645031730965,-1.0132123,0.13255955,2.2338424
1645031730974,-0.795881,-0.069412686,1.7081944
1645031730982,-0.5492975,-0.29740816,1.2520115
1645031730999,-0.5492975,-0.29740816,1.2520115
1645031731006,0.009931059,-0.49519154,0.7773453
1645031731012,0.27058208,-0.4279431,0.8397766
1645031731024,0.4974954,-0.32447857,1.1384588
1645031731034,0.7069901,-0.19387381,1.424976
1645031731043,0.9697007,-0.10672834,1.563365
1645031731052,1.2529714,-0.10644908,1.5227158
1645031731063,1.495785,-0.1802426,1.3515141
1645031731072,1.6813334,-0.3156122,1.170713
1645031731084,1.8253251,-0.54442793,0.8184309
1645031731094,1.9353521,-0.8033685,0.420089
1645031731102,2.0268087,-1.1037961,-0.017785147
1645031731112,2.0916486,-1.3843442,-0.41097826
1645031731122,2.1155598,-1.5927917,-0.7614975
1645031731132,2.1043198,-1.6635484,-0.89173573
1645031731143,2.0466533,-1.5696483,-0.77888125
1645031731154,1.9071124,-1.3860197,-0.6907933
1645031731162,1.7217908,-1.0962038,-0.45380923
1645031731174,1.4948599,-0.8089362,-0.2239986
1645031731182,1.2549611,-0.55214244,0.027908195
1645031731192,1.0309975,-0.3428397,0.27438694
1645031731203,0.816703,-0.19230299,0.39499083
1645031731213,0.6192687,-0.056985777,0.48152545
1645031731222,0.44794485,0.08716293,0.5938738
1645031731232,0.32051662,0.2588184,0.81834364
1645031731242,0.22281176,0.36100882,0.9190505
1645031731252,0.18026006,0.41200802,1.0113448
1645031731273,0.17458767,0.37413386,0.9572039
1645031731274,0.17458767,0.37413386,0.9572039
1645031731274,0.17458767,0.37413386,0.9572039
1645031731280,0.25173226,0.33653897,0.9430142
1645031731282,0.34402654,0.2847718,0.8707217
1645031731292,0.45124355,0.24413998,0.80200714
1645031731303,0.57621086,0.24986474,0.83595425
1645031731312,0.70164937,0.29435378,0.93760365
1645031731324,0.7980452,0.3008465,0.9302557
1645031731334,0.8560258,0.26871455,0.8504756
1645031731343,0.8875818,0.20034908,0.7278995
1645031731364,0.91451263,0.13676587,0.6273322
1645031731365,0.91451263,0.13676587,0.6273322
1645031731366,0.91451263,0.13676587,0.6273322
1645031731373,0.9595776,0.08285191,0.50733924
1645031731383,1.014242,0.12610175,0.5949559
1645031731393,1.0732175,0.1659307,0.6438258
1645031731402,1.1529802,0.28335807,0.79888296
1645031731412,1.2313814,0.45492625,0.96711755
1645031731422,1.293935,0.61902434,1.0937778
1645031731432,1.3307967,0.7755127,1.2690287
1645031731443,1.3041278,0.81233966,1.2964482
1645031731453,1.2183088,0.7957588,1.2393054
