1645117983833,0.254,4.501,9.807
1645117983858,0.304,4.403,9.934
1645117983859,0.382,4.295,10.012
1645117983863,0.451,4.207,10.091
1645117983869,0.549,4.148,10.199
1645117983883,0.568,4.079,10.189
1645117983889,0.539,4.06,10.15
1645117983900,0.657,4.05,10.16
1645117983909,0.745,4.109,10.061
1645117983919,0.745,4.177,9.963
1645117983931,0.676,4.207,9.856
1645117983942,0.617,4.266,9.767
1645117983950,0.617,4.344,9.699
1645117983959,0.608,4.344,9.757
1645117983969,0.617,4.324,9.807
1645117983980,0.617,4.305,9.836
1645117983989,0.627,4.275,9.963
1645117984002,0.578,4.285,10.071
1645117984009,0.608,4.275,10.12
1645117984019,0.608,4.334,10.12
1645117984030,0.509,4.364,10.13
1645117984040,0.402,4.334,10.032
1645117984049,0.353,4.413,10.003
1645117984064,0.254,4.403,9.963
1645117984069,0.235,4.413,9.963
1645117984080,0.225,4.383,10.012
1645117984089,0.264,4.413,10.091
1645117984100,0.274,4.393,10.111
1645117984110,0.333,4.364,10.042
1645117984122,0.441,4.364,9.973
1645117984130,0.48,4.354,9.944
1645117984140,0.509,4.334,9.875
1645117984149,0.47,4.324,9.787
1645117984161,0.441,4.295,9.708
1645117984169,0.431,4.285,9.581
1645117984184,0.431,4.275,9.542
1645117984189,0.362,4.305,9.512
1645117984200,0.254,4.305,9.473
1645117984210,0.264,4.305,9.502
1645117984220,0.313,4.305,9.532
1645117984230,0.323,4.295,9.581
1645117984243,0.392,4.295,9.659
1645117984249,0.451,4.295,9.65
1645117984260,0.529,4.364,9.64
1645117984269,0.568,4.373,9.65
1645117984280,0.49,4.403,9.61
1645117984289,0.254,4.422,9.512
1645117984303,0.049,4.442,9.404
1645117984310,-0.078,4.511,9.355
1645117984320,-0.215,4.521,9.453
1645117984329,-0.333,4.471,9.738
1645117984340,-0.294,4.344,10.209
1645117984349,-0.558,4.079,10.64
1645117984363,-0.676,3.805,10.826
1645117984369,-0.578,3.746,10.915
1645117984380,-0.5,3.746,10.905
1645117984389,-0.578,3.765,10.768
1645117984400,-0.647,3.765,10.493
1645117984409,-0.657,3.854,10.169
1645117984422,-0.627,3.991,9.836
1645117984429,-0.549,4.05,9.63
1645117984440,-0.411,4.079,9.483
1645117984449,-0.156,4.05,9.601
1645117984460,0.0,3.952,9.807
1645117984469,0.019,3.834,10.101
1645117984482,0.019,3.677,10.267
1645117984489,-0.049,3.54,10.464
1645117984500,-0.156,3.226,10.493
1645117984509,-0.196,3.236,10.64
1645117984520,-0.205,3.246,10.768
1645117984529,-0.147,3.226,10.836
1645117984542,0.009,3.069,11.081
1645117984549,0.166,3.069,11.052
1645117984560,0.294,2.922,10.954
1645117984569,0.411,2.814,10.777
1645117984580,0.549,2.716,10.66
1645117984589,0.696,2.696,10.611
1645117984610,0.853,2.667,10.532
1645117984611,0.853,2.667,10.532
1645117984611,0.853,2.667,10.532
1645117984612,0.931,2.628,10.513
1645117984620,0.833,2.53,10.552
1645117984629,0.666,2.49,10.689
1645117984640,0.431,2.5,10.856
1645117984651,0.284,2.559,10.944
1645117984662,0.235,2.647,11.032
1645117984670,0.274,2.755,11.13
1645117984680,0.402,2.853,11.14
1645117984689,0.549,2.853,11.072
1645117984700,0.735,2.814,10.954
1645117984709,0.872,2.794,10.748
1645117984723,0.99,2.775,10.532
1645117984729,1.0,2.824,10.316
1645117984740,0.764,2.863,10.16
1645117984749,0.578,3.02,10.189
1645117984760,0.46,3.216,10.365
1645117984769,0.323,3.246,10.522
1645117984786,0.225,3.265,10.513
1645117984790,0.176,3.226,10.375
1645117984801,0.0,3.442,10.356
1645117984809,0.196,3.226,10.189
1645117984821,0.431,3.128,10.228
1645117984829,0.666,3.226,10.238
1645117984845,0.853,3.314,10.199
1645117984849,0.98,3.226,10.101
1645117984861,1.019,3.187,10.003
1645117984869,1.0,3.226,9.934
1645117984881,1.029,3.246,9.885
1645117984889,0.921,3.236,10.022
1645117984906,0.804,3.167,10.267
1645117984910,0.755,3.216,10.267
1645117984921,0.784,3.295,10.405
1645117984929,0.784,3.295,10.405
1645117984941,0.5,3.383,10.346
1645117984949,0.5,3.383,10.346
1645117984965,0.637,3.334,10.346
1645117984970,0.715,3.363,10.356
1645117984981,0.784,3.461,10.395
1645117984989,0.863,3.403,10.297
1645117985001,0.804,3.255,10.189
1645117985017,0.666,3.177,10.003
1645117985029,0.608,3.148,9.797
1645117985031,0.608,3.206,9.767
1645117985040,0.568,3.255,9.856
1645117985049,0.509,3.295,10.091
1645117985060,0.568,3.324,10.336
1645117985069,0.647,3.334,10.62
1645117985083,0.725,3.373,10.895
1645117985089,0.755,3.383,10.924
1645117985101,0.813,3.363,10.954
1645117985109,0.794,3.295,10.875
1645117985119,0.745,3.285,10.846
1645117985130,0.715,3.275,10.836
1645117985145,0.735,3.295,10.748
1645117985149,0.774,3.324,10.689
1645117985160,0.764,3.295,10.62
1645117985169,0.745,3.344,10.464
1645117985179,0.774,3.412,10.277
1645117985189,0.813,3.491,10.111
1645117985202,0.853,3.52,9.934
1645117985210,0.843,3.569,9.836
1645117985220,0.833,3.608,9.777
1645117985229,0.804,3.658,9.748
1645117985240,0.843,3.716,9.846
1645117985249,0.912,3.785,9.875
1645117985263,1.019,3.795,9.856
1645117985269,1.039,3.814,9.856
1645117985280,1.078,3.814,9.826
1645117985289,1.049,3.775,9.885
1645117985300,1.088,3.775,9.983
1645117985309,1.049,3.707,10.032
1645117985325,1.01,3.687,10.052
1645117985329,1.029,3.628,9.993
1645117985341,1.029,3.638,10.042
1645117985349,1.029,3.638,10.042
1645117985361,0.931,3.658,10.189
1645117985369,0.931,3.658,10.189
1645117985385,0.892,3.677,10.189
1645117985389,0.892,3.677,10.218
1645117985401,0.99,3.677,10.258
1645117985409,1.049,3.697,10.189
1645117985421,1.068,3.658,10.13
1645117985429,1.088,3.608,10.012
1645117985445,1.088,3.55,9.924
1645117985449,1.157,3.53,9.787
1645117985461,1.117,3.559,9.699
1645117985469,1.137,3.579,9.532
1645117985481,1.137,3.569,9.453
1645117985490,1.147,3.628,9.395
1645117985505,1.147,3.667,9.395
1645117985510,1.216,3.677,9.434
1645117985521,1.323,3.716,9.542
1645117985529,1.441,3.775,9.669
1645117985541,1.48,3.795,9.728
1645117985549,1.431,3.795,9.708
1645117985565,1.274,3.805,9.728
1645117985570,1.294,3.775,9.757
1645117985581,1.245,3.736,9.895
1645117985590,1.117,3.667,10.111
1645117985606,1.049,3.53,10.277
1645117985616,1.0,3.373,10.365
1645117985625,1.088,3.295,10.434
1645117985630,1.206,3.187,10.385
1645117985640,1.323,3.089,10.326
1645117985649,1.49,3.069,10.209
1645117985660,1.676,3.03,10.111
1645117985669,1.794,3.049,10.022
1645117985684,1.775,3.089,10.022
1645117985689,1.853,3.187,10.042
1645117985700,1.833,3.236,10.003
1645117985709,1.784,3.265,10.012
1645117985732,1.627,3.285,10.042
1645117985733,1.627,3.285,10.042
1645117985787,1.549,3.314,10.032
1645117985789,1.431,3.324,10.003
1645117985790,1.363,3.373,9.836
1645117985790,1.363,3.373,9.836
1645117985796,1.441,3.373,9.561
1645117985797,1.441,3.373,9.561
1645117985800,1.598,3.373,9.395
1645117985819,1.539,3.295,9.257
1645117985820,1.637,3.295,9.159
1645117985821,1.784,3.304,9.238
1645117985832,1.804,3.304,9.346
1645117985840,1.765,3.255,9.542
1645117985849,1.676,3.236,9.757
1645117985869,1.627,3.197,10.003
1645117985870,1.627,3.197,10.003
1645117985871,1.549,3.197,10.13
1645117985880,1.51,3.197,10.258
1645117985889,1.431,3.246,10.287
1645117985900,1.382,3.275,10.267
1645117985912,1.422,3.295,10.209
1645117985922,1.441,3.275,10.111
1645117985930,1.412,3.236,9.973
1645117985940,1.431,3.187,9.816
1645117985949,1.471,3.187,9.699
1645117985962,1.52,3.148,9.601
1645117985969,1.539,3.128,9.512
1645117985986,1.569,3.118,9.463
1645117985989,1.588,3.108,9.522
1645117985999,1.569,3.099,9.561
1645117986013,1.539,3.079,9.532
1645117986020,1.5,3.04,9.581
1645117986030,1.471,3.03,9.591
1645117986050,1.48,3.02,9.591
1645117986051,1.48,3.02,9.591
1645117986052,1.51,3.0,9.463
1645117986063,1.539,3.03,9.395
1645117986069,1.559,3.069,9.404
1645117986080,1.549,3.099,9.453
1645117986094,1.48,3.108,9.522
1645117986103,1.48,3.108,9.522
1645117986116,1.471,3.118,9.63
1645117986122,1.471,3.118,9.63
1645117986130,1.48,3.138,9.65
1645117986142,1.52,3.187,9.552
1645117986149,1.52,3.187,9.552
1645117986165,1.451,3.167,9.434
1645117986169,1.412,3.206,9.493
1645117986180,1.363,3.236,9.532
1645117986190,1.255,3.187,9.552
1645117986200,1.196,3.148,9.552
1645117986210,1.186,3.148,9.522
1645117986227,1.274,3.187,9.542
1645117986230,1.245,3.069,9.532
1645117986245,1.274,3.049,9.561
1645117986249,1.304,2.971,9.61
1645117986261,1.284,2.912,9.679
1645117986269,1.392,2.893,9.65
1645117986283,1.422,2.873,9.62
1645117986294,1.461,2.893,9.561
1645117986300,1.5,2.922,9.552
1645117986311,1.549,2.902,9.493
1645117986324,1.48,2.893,9.591
1645117986329,1.431,2.971,9.65
1645117986345,1.431,3.02,9.699
1645117986349,1.363,2.991,9.767
1645117986360,1.343,3.01,9.816
1645117986372,1.363,3.04,9.787
1645117986380,1.441,3.02,9.836
1645117986389,1.48,2.981,9.846
1645117986403,1.578,3.0,9.836
1645117986410,1.598,2.951,9.807
1645117986421,1.569,2.951,9.767
1645117986430,1.569,2.951,9.699
1645117986441,1.52,2.981,9.63
1645117986450,1.48,2.991,9.542
1645117986465,1.363,3.02,9.552
1645117986471,1.333,3.089,9.512
1645117986481,1.245,3.108,9.483
1645117986490,1.186,3.128,9.444
1645117986502,1.147,3.138,9.483
1645117986510,1.127,3.128,9.473
1645117986524,1.088,3.108,9.473
1645117986530,1.059,3.049,9.444
1645117986541,0.951,2.971,9.424
1645117986550,0.882,2.971,9.326
1645117986561,0.902,3.03,9.11
1645117986570,0.882,3.01,9.002
1645117986585,0.882,2.863,9.051
1645117986591,0.99,2.814,9.198
1645117986604,1.314,2.736,9.591
1645117986613,1.314,2.736,9.591
1645117986622,1.372,2.52,10.012
1645117986629,1.372,2.52,10.012
1645117986644,1.333,2.392,10.277
1645117986649,1.333,2.392,10.277
1645117986660,1.314,2.353,10.365
1645117986673,1.216,2.353,10.434
1645117986681,1.216,2.432,10.405
1645117986689,1.323,2.5,10.209
1645117986706,1.441,2.638,10.003
1645117986711,1.402,2.706,9.826
1645117986723,1.402,2.804,9.581
1645117986730,1.343,2.873,9.346
1645117986742,1.294,2.912,9.248
1645117986749,1.235,3.0,9.297
1645117986766,1.147,3.049,9.375
1645117986770,1.039,3.089,9.512
1645117986782,0.931,3.089,9.728
1645117986790,0.853,3.089,9.836
1645117986802,0.872,3.099,9.944
1645117986809,0.872,3.128,10.052
1645117986837,0.961,3.118,9.983
1645117986841,0.961,3.118,9.983
1645117986842,0.961,3.118,9.983
1645117986845,1.029,3.059,9.934
1645117986846,1.088,2.981,9.944
1645117986853,1.088,2.981,9.944
1645117986861,1.137,2.912,9.895
1645117986869,1.206,2.814,9.797
1645117986895,1.265,2.657,9.669
1645117986896,1.265,2.657,9.669
1645117986897,1.265,2.657,9.669
1645117986906,1.539,2.49,9.699
1645117986907,1.539,2.49,9.699
1645117986909,1.686,2.451,9.689
1645117986920,1.726,2.422,9.63
1645117986929,1.726,2.432,9.61
1645117986944,1.735,2.451,9.659
1645117986949,1.686,2.54,9.679
1645117986960,1.529,2.618,9.679
1645117986969,1.353,2.726,9.62
1645117986981,1.225,2.824,9.571
1645117986989,1.176,2.932,9.483
1645117987005,1.098,3.04,9.483
1645117987009,1.049,3.059,9.502
1645117987021,1.039,3.157,9.581
1645117987029,1.029,3.197,9.552
1645117987041,0.99,3.206,9.699
1645117987049,0.941,3.265,9.699
1645117987065,0.872,3.393,9.777
1645117987070,0.784,3.393,9.669
1645117987081,0.745,3.461,9.552
1645117987089,0.794,3.461,9.395
1645117987107,0.823,3.569,9.218
1645117987120,0.921,3.608,9.071
1645117987130,1.088,3.677,8.993
1645117987132,1.196,3.677,8.885
1645117987140,1.216,3.579,8.855
1645117987149,1.255,3.432,8.865
1645117987160,1.333,3.353,8.993
1645117987169,1.48,3.255,9.179
1645117987184,1.588,3.148,9.404
1645117987189,1.667,2.991,9.522
1645117987200,1.726,2.853,9.571
1645117987209,1.745,2.775,9.532
1645117987221,1.804,2.706,9.502
1645117987229,1.931,2.687,9.444
1645117987245,1.981,2.687,9.346
1645117987249,1.892,2.667,9.326
1645117987261,1.804,2.716,9.257
1645117987270,1.637,2.824,9.208
1645117987281,1.451,2.961,9.189
1645117987289,1.304,3.03,9.228
1645117987305,1.274,3.197,9.336
1645117987309,1.294,3.285,9.522
1645117987321,1.304,3.353,9.718
1645117987329,1.274,3.442,9.826
1645117987341,1.225,3.491,9.905
1645117987349,1.127,3.55,9.973
1645117987365,1.078,3.638,10.003
1645117987370,1.039,3.687,9.983
1645117987381,1.01,3.726,9.924
1645117987389,0.912,3.746,9.924
1645117987401,0.813,3.746,9.895
1645117987409,0.764,3.687,9.797
1645117987425,0.725,3.628,9.669
1645117987429,0.745,3.54,9.581
1645117987441,0.843,3.442,9.463
1645117987449,1.049,3.295,9.444
1645117987461,1.392,3.03,9.208
1645117987470,1.392,3.03,9.208
1645117987485,1.696,2.873,9.091
1645117987489,1.696,2.873,9.091
1645117987501,1.843,2.853,9.13
1645117987509,1.686,2.853,9.149
1645117987521,1.716,2.814,9.238
1645117987529,1.676,2.844,9.277
1645117987545,1.627,2.893,9.395
1645117987549,1.539,2.951,9.404
1645117987561,1.441,3.02,9.453
1645117987569,1.372,3.059,9.483
1645117987581,1.323,3.108,9.591
1645117987589,1.284,3.128,9.699
1645117987605,1.265,3.167,9.748
1645117987621,1.284,3.236,9.777
1645117987628,1.245,3.275,9.787
1645117987631,1.225,3.324,9.787
1645117987641,1.216,3.383,9.816
1645117987649,1.127,3.442,9.846
1645117987664,1.019,3.501,9.865
1645117987669,0.921,3.52,9.856
1645117987680,0.853,3.559,9.807
1645117987689,0.813,3.599,9.738
1645117987700,0.774,3.599,9.669
1645117987709,0.696,3.579,9.581
1645117987749,0.735,3.579,9.512
1645117987751,0.735,3.579,9.512
1645117987751,0.735,3.579,9.512
1645117987751,0.735,3.579,9.512
1645117987752,1.088,3.265,9.14
1645117987752,1.088,3.265,9.14
1645117987753,1.088,3.265,9.14
1645117987762,1.255,3.167,9.14
1645117987802,1.529,2.981,9.1
1645117987811,1.529,2.981,9.1
1645117987811,1.657,2.893,9.14
1645117987812,1.657,2.893,9.14
1645117987819,1.569,2.922,9.326
1645117987831,1.569,2.922,9.326
1645117987832,1.451,2.942,9.434
1645117987872,1.363,2.991,9.581
1645117987873,1.363,2.991,9.581
1645117987873,1.363,2.991,9.581
1645117987875,1.363,2.991,9.581
1645117987875,1.363,2.991,9.581
1645117987876,1.343,3.0,9.787
1645117987876,1.343,3.0,9.787
1645117987877,1.343,3.0,9.787
1645117987881,1.343,3.0,9.787
1645117987889,1.323,2.981,9.797
1645117987902,1.353,3.0,9.777
1645117987909,1.323,3.03,9.748
1645117987920,1.294,3.079,9.699
1645117987929,1.255,3.079,9.689
1645117987940,1.147,3.265,9.669
1645117987949,1.01,3.295,9.679
1645117987963,0.853,3.344,9.669
1645117987969,0.725,3.412,9.689
1645117987979,0.608,3.481,9.689
1645117987990,0.509,3.461,9.64
1645117987999,0.509,3.393,9.61
1645117988009,0.627,3.344,9.63
1645117988031,0.794,3.255,9.591
1645117988031,0.794,3.255,9.591
1645117988032,0.794,3.255,9.591
1645117988033,0.941,3.177,9.552
1645117988042,1.068,3.059,9.434
1645117988049,1.186,2.991,9.365
1645117988061,1.196,2.922,9.365
1645117988076,1.157,2.873,9.434
1645117988083,1.127,2.873,9.493
1645117988093,1.068,2.873,9.522
1645117988100,1.019,2.912,9.502
1645117988112,1.039,2.893,9.512
1645117988124,1.039,2.902,9.532
1645117988130,1.029,2.942,9.552
1645117988148,1.117,3.0,9.591
1645117988150,1.117,3.03,9.679
1645117988160,1.078,3.049,9.757
1645117988170,1.019,3.079,9.797
1645117988180,0.98,3.099,9.875
1645117988190,0.961,3.108,9.944
1645117988211,0.921,3.157,9.983
1645117988212,0.921,3.157,9.983
1645117988212,0.931,3.167,9.905
1645117988220,0.902,3.177,9.836
1645117988229,0.843,3.197,9.836
1645117988242,0.833,3.216,9.875
1645117988249,0.823,3.197,9.865
1645117988264,0.813,3.157,9.807
1645117988274,0.882,3.099,9.816
1645117988280,1.01,3.049,9.865
1645117988291,1.117,2.981,9.836
1645117988303,1.323,2.883,9.659
1645117988310,1.323,2.883,9.659
1645117988328,1.392,2.883,9.561
1645117988329,1.392,2.883,9.561
1645117988330,1.392,2.883,9.561
1645117988341,1.225,2.834,9.532
1645117988351,1.225,2.834,9.532
1645117988360,1.167,2.883,9.64
1645117988370,1.117,2.942,9.64
1645117988387,1.098,2.922,9.61
1645117988389,1.117,2.981,9.601
1645117988401,1.078,3.02,9.601
1645117988409,1.019,3.049,9.581
1645117988420,0.951,3.079,9.522
1645117988429,0.941,3.099,9.453
1645117988456,0.863,3.099,9.463
1645117988457,0.863,3.099,9.463
1645117988457,0.863,3.099,9.463
1645117988467,0.823,3.246,9.512
1645117988468,0.823,3.246,9.512
1645117988469,0.813,3.265,9.522
1645117988481,0.804,3.285,9.61
1645117988489,0.833,3.304,9.659
1645117988505,0.813,3.275,9.679
1645117988509,0.813,3.265,9.718
1645117988521,0.813,3.246,9.767
1645117988529,0.833,3.187,9.787
1645117988541,0.813,3.128,9.777
1645117988549,0.853,3.059,9.757
1645117988565,0.912,2.971,9.728
1645117988570,0.97,2.922,9.669
1645117988581,1.0,2.873,9.601
1645117988589,1.059,2.844,9.552
1645117988602,1.117,2.834,9.483
1645117988609,1.225,2.873,9.395
1645117988642,1.235,2.961,9.326
1645117988643,1.235,2.961,9.326
1645117988644,1.235,2.961,9.326
1645117988645,1.235,2.961,9.326
1645117988647,1.078,3.128,9.306
1645117988648,1.078,3.128,9.306
1645117988654,1.078,3.128,9.306
1645117988660,1.029,3.167,9.306
1645117988669,1.019,3.226,9.355
1645117988684,0.99,3.265,9.434
1645117988689,1.0,3.285,9.522
1645117988700,1.01,3.295,9.601
1645117988709,0.99,3.334,9.699
1645117988720,1.01,3.334,9.787
1645117988729,0.961,3.344,9.846
1645117988746,0.872,3.363,9.865
1645117988752,0.843,3.324,9.846
1645117988761,0.882,3.324,9.836
1645117988769,0.882,3.324,9.836
1645117988781,0.951,3.304,9.748
1645117988789,0.941,3.285,9.64
1645117988805,0.892,3.275,9.601
1645117988809,0.902,3.216,9.502
1645117988821,0.931,3.167,9.424
1645117988829,0.97,3.108,9.306
1645117988841,0.99,3.089,9.238
1645117988849,1.039,3.069,9.159
1645117988865,1.137,3.04,9.091
1645117988869,1.235,3.04,9.061
1645117988881,1.343,3.04,9.042
1645117988889,1.451,3.03,9.051
1645117988901,1.52,3.02,9.12
1645117988909,1.569,3.049,9.238
1645117988925,1.588,3.069,9.355
1645117988929,1.549,3.079,9.502
1645117988941,1.5,3.099,9.699
1645117988949,1.441,3.079,9.807
1645117988961,1.382,3.099,9.865
1645117988969,1.363,3.118,9.865
1645117988984,1.343,3.128,9.914
1645117988989,1.353,3.187,9.954
1645117989001,1.323,3.236,9.934
1645117989009,1.255,3.275,9.905
1645117989021,1.235,3.304,9.846
1645117989029,1.216,3.344,9.865
1645117989045,1.196,3.393,9.826
1645117989049,1.176,3.442,9.748
1645117989061,1.117,3.501,9.669
1645117989069,1.059,3.569,9.64
1645117989081,1.0,3.618,9.552
1645117989089,0.882,3.599,9.424
1645117989106,0.823,3.589,9.365
1645117989122,0.892,3.481,9.208
1645117989129,1.0,3.344,9.081
1645117989131,1.0,3.344,9.081
1645117989140,1.127,3.216,8.983
1645117989149,1.284,3.118,8.914
1645117989164,1.608,3.069,8.845
1645117989169,1.598,2.991,8.845
1645117989180,1.765,2.932,8.963
1645117989189,1.765,2.932,8.963
1645117989200,1.765,2.951,9.179
1645117989209,1.706,2.971,9.326
1645117989225,1.627,3.0,9.493
1645117989230,1.588,3.0,9.659
1645117989241,1.539,3.069,9.767
1645117989249,1.51,3.128,9.826
1645117989261,1.51,3.226,9.865
1645117989269,1.49,3.285,9.924
1645117989284,1.422,3.334,10.003
1645117989289,1.333,3.353,10.071
1645117989301,1.284,3.383,10.081
1645117989309,1.255,3.432,10.071
1645117989321,1.255,3.491,9.963
1645117989329,1.225,3.53,9.885
1645117989345,1.137,3.559,9.757
1645117989349,1.117,3.638,9.601
1645117989361,1.078,3.677,9.434
1645117989369,1.049,3.677,9.306
1645117989381,1.039,3.599,9.208
1645117989389,1.0,3.53,9.169
1645117989405,1.059,3.452,9.13
1645117989409,1.167,3.412,9.081
1645117989421,1.265,3.324,9.051
1645117989429,1.402,3.236,9.032
1645117989441,1.51,3.206,9.012
1645117989449,1.657,3.108,9.091
1645117989465,1.745,3.049,9.179
1645117989469,1.775,2.981,9.277
1645117989481,1.794,2.922,9.346
1645117989489,1.745,2.932,9.395
1645117989501,1.726,2.932,9.404
1645117989509,1.696,3.01,9.434
1645117989525,1.676,3.059,9.453
1645117989530,1.608,3.059,9.453
1645117989541,1.569,3.118,9.502
1645117989549,1.52,3.148,9.591
1645117989561,1.402,3.187,9.679
1645117989569,1.402,3.187,9.679
1645117989585,1.314,3.265,9.836
1645117989590,1.314,3.265,9.836
1645117989601,1.206,3.412,9.875
1645117989609,1.206,3.412,9.875
1645117989631,1.068,3.559,9.787
1645117989632,1.01,3.599,9.748
1645117989651,0.941,3.638,9.659
1645117989652,0.941,3.638,9.659
1645117989656,0.853,3.608,9.571
1645117989660,0.863,3.618,9.493
1645117989669,0.882,3.51,9.355
1645117989680,0.931,3.432,9.287
1645117989689,1.049,3.363,9.297
1645117989704,1.196,3.275,9.228
1645117989709,1.265,3.197,9.169
1645117989726,1.314,3.118,9.11
1645117989740,1.382,3.059,9.13
1645117989742,1.382,3.069,9.169
1645117989749,1.422,3.079,9.189
1645117989773,1.402,3.069,9.336
1645117989774,1.422,3.04,9.463
1645117989779,1.412,3.059,9.581
1645117989792,1.402,3.059,9.679
1645117989799,1.363,3.069,9.718
1645117989809,1.274,3.128,9.767
1645117989824,1.245,3.236,9.787
1645117989829,1.216,3.285,9.807
1645117989840,1.157,3.324,9.846
1645117989849,1.088,3.373,9.826
1645117989859,1.078,3.452,9.836
1645117989871,0.99,3.491,9.777
1645117989882,0.961,3.55,9.708
1645117989889,0.941,3.608,9.659
1645117989900,0.882,3.648,9.552
1645117989909,0.823,3.589,9.493
1645117989921,0.794,3.54,9.453
1645117989929,0.902,3.54,9.404
1645117989945,0.863,3.422,9.306
1645117989950,0.921,3.353,9.198
1645117989960,1.049,3.334,9.159
1645117989973,1.176,3.255,9.179
1645117989980,1.245,3.157,9.208
1645117989990,1.323,3.108,9.257
1645117990010,1.471,2.922,9.267
1645117990011,1.471,2.922,9.267
1645117990011,1.471,2.922,9.267
1645117990021,1.627,2.912,9.287
1645117990029,1.627,2.912,9.287
1645117990039,1.647,2.902,9.375
1645117990052,1.578,2.942,9.483
1645117990063,1.461,2.942,9.522
1645117990072,1.323,2.971,9.522
1645117990080,1.216,3.03,9.561
1645117990090,1.127,3.089,9.659
1645117990102,1.078,3.148,9.679
1645117990109,1.049,3.236,9.689
1645117990132,0.98,3.314,9.718
1645117990133,0.98,3.314,9.718
1645117990135,0.98,3.314,9.718
1645117990136,1.019,3.403,9.757
1645117990144,1.049,3.471,9.797
1645117990150,1.088,3.461,9.826
1645117990160,1.157,3.501,9.807
1645117990171,1.216,3.579,9.807
1645117990184,1.225,3.608,9.787
1645117990190,1.225,3.589,9.748
1645117990204,1.176,3.618,9.679
1645117990209,1.117,3.579,9.552
1645117990223,1.108,3.471,9.375
1645117990229,1.117,3.403,9.208
1645117990243,1.216,3.275,9.071
1645117990254,1.422,3.206,9.042
1645117990260,1.608,3.069,9.022
1645117990272,1.794,2.971,9.022
1645117990287,1.971,2.853,9.208
1645117990291,1.971,2.853,9.208
1645117990306,1.981,2.794,9.346
1645117990309,1.941,2.736,9.473
1645117990320,1.873,2.696,9.601
1645117990333,1.814,2.677,9.669
1645117990340,1.775,2.677,9.689
1645117990349,1.686,2.726,9.708
1645117990363,1.627,2.726,9.708
1645117990369,1.588,2.765,9.659
1645117990380,1.588,2.853,9.591
1645117990390,1.549,2.893,9.552
1645117990402,1.471,3.128,9.561
1645117990410,1.471,3.128,9.561
1645117990432,1.353,3.285,9.659
1645117990434,1.353,3.285,9.659
1645117990436,1.353,3.285,9.659
1645117990436,1.304,3.383,9.679
1645117990444,1.245,3.461,9.65
1645117990449,1.245,3.461,9.65
1645117990461,1.108,3.52,9.816
1645117990469,1.108,3.52,9.816
1645117990485,0.951,3.52,9.856
1645117990490,0.853,3.491,9.807
1645117990501,0.823,3.412,9.748
1645117990509,0.863,3.285,9.689
1645117990521,0.961,3.187,9.591
1645117990529,1.167,3.108,9.473
1645117990545,1.343,3.01,9.395
1645117990549,1.52,2.883,9.326
1645117990561,1.618,2.794,9.238
1645117990569,1.726,2.687,9.218
1645117990581,1.775,2.647,9.218
1645117990589,1.833,2.647,9.306
1645117990605,1.833,2.706,9.336
1645117990621,1.765,2.765,9.355
1645117990623,1.618,2.814,9.404
1645117990634,1.49,2.873,9.483
1645117990640,1.363,2.981,9.591
1645117990649,1.235,3.04,9.689
1645117990664,1.137,3.108,9.757
1645117990669,1.059,3.216,9.846
1645117990680,1.01,3.246,9.944
1645117990689,0.97,3.295,9.973
1645117990700,0.97,3.314,9.944
1645117990709,1.0,3.324,9.944
1645117990725,1.019,3.344,9.954
1645117990730,1.029,3.373,9.885
1645117990741,1.019,3.373,9.807
1645117990749,1.019,3.373,9.738
1645117990761,1.049,3.363,9.659
1645117990769,1.108,3.324,9.63
1645117990785,1.157,3.255,9.561
1645117990790,1.225,3.148,9.444
1645117990801,1.333,3.049,9.336
1645117990809,1.402,2.981,9.297
1645117990821,1.441,2.912,9.306
1645117990829,1.529,2.863,9.326
1645117990845,1.549,2.804,9.355
1645117990850,1.549,2.804,9.355
1645117990861,1.549,2.844,9.385
1645117990869,1.549,2.844,9.385
1645117990881,1.412,2.942,9.502
1645117990889,1.412,2.942,9.502
1645117990905,1.225,3.02,9.571
1645117990910,1.225,3.099,9.591
1645117990921,1.176,3.138,9.669
1645117990929,1.068,3.148,9.63
1645117990941,1.068,3.177,9.591
1645117990949,1.127,3.187,9.561
1645117990965,1.176,3.187,9.542
1645117990970,1.216,3.236,9.483
1645117990981,1.196,3.246,9.473
1645117990989,1.176,3.265,9.493
1645117991001,1.167,3.285,9.561
1645117991009,1.088,3.295,9.708
1645117991025,1.059,3.236,9.807
1645117991030,1.088,3.206,9.816
1645117991041,1.147,3.157,9.807
1645117991049,1.196,3.099,9.757
1645117991061,1.265,3.03,9.659
1645117991069,1.363,2.981,9.502
1645117991085,1.402,2.902,9.336
1645117991090,1.412,2.853,9.179
1645117991101,1.372,2.814,9.12
1645117991111,1.294,2.834,9.13
1645117991130,1.196,2.863,9.169
1645117991133,1.147,2.883,9.208
1645117991151,1.167,2.971,9.336
1645117991152,1.167,2.971,9.336
1645117991154,1.167,2.971,9.336
1645117991156,1.206,3.02,9.414
1645117991162,1.206,3.02,9.414
1645117991169,1.235,3.079,9.532
1645117991180,1.284,3.099,9.591
1645117991189,1.323,3.138,9.728
1645117991204,1.333,3.177,9.846
1645117991209,1.255,3.236,9.934
1645117991220,1.196,3.265,10.042
1645117991229,1.147,3.304,10.101
1645117991242,1.0,3.393,10.13
1645117991249,1.0,3.393,10.13
1645117991265,0.98,3.412,9.914
1645117991270,0.98,3.412,9.914
1645117991281,1.088,3.363,9.61
1645117991289,1.088,3.363,9.61
1645117991301,1.176,3.177,9.316
1645117991309,1.176,3.177,9.316
1645117991325,1.304,3.01,9.159
1645117991330,1.372,2.932,9.1
1645117991341,1.441,2.853,9.12
1645117991353,1.471,2.794,9.1
1645117991362,1.48,2.745,9.081
1645117991371,1.51,2.726,9.14
1645117991392,1.539,2.726,9.14
1645117991393,1.539,2.726,9.14
1645117991393,1.539,2.726,9.14
1645117991394,1.529,2.775,9.218
1645117991401,1.51,2.834,9.297
1645117991409,1.471,2.893,9.287
1645117991420,1.392,2.971,9.346
1645117991429,1.284,3.069,9.404
1645117991444,1.225,3.128,9.542
1645117991449,1.157,3.187,9.65
1645117991460,1.059,3.246,9.787
1645117991469,0.99,3.314,9.856
1645117991482,1.019,3.344,9.875
1645117991489,0.99,3.373,9.826
1645117991505,1.029,3.373,9.797
1645117991509,1.068,3.373,9.699
1645117991521,1.127,3.383,9.61
1645117991530,1.157,3.344,9.542
1645117991541,1.137,3.265,9.532
1645117991549,1.127,3.187,9.552
1645117991565,1.167,3.118,9.512
1645117991569,1.225,3.049,9.483
1645117991581,1.294,3.02,9.453
1645117991589,1.382,2.951,9.463
1645117991601,1.363,2.922,9.444
1645117991609,1.412,2.902,9.395
1645117991642,1.402,2.893,9.404
1645117991642,1.402,2.893,9.404
1645117991643,1.402,2.893,9.404
1645117991644,1.402,2.893,9.404
1645117991644,1.235,2.863,9.542
1645117991645,1.235,2.863,9.542
1645117991659,1.235,2.863,9.542
1645117991660,1.186,2.873,9.601
1645117991669,1.127,2.883,9.718
1645117991684,1.167,2.912,9.797
1645117991689,1.196,2.932,9.816
1645117991700,1.186,2.961,9.807
1645117991709,1.186,3.049,9.807
1645117991728,1.0,3.255,9.826
1645117991736,0.892,3.314,9.865
1645117991743,0.813,3.442,9.875
1645117991749,0.715,3.461,9.885
1645117991760,0.657,3.461,9.924
1645117991769,0.715,3.491,9.944
1645117991783,0.755,3.491,9.944
1645117991789,0.843,3.422,9.885
1645117991820,0.902,3.285,9.787
1645117991823,0.902,3.285,9.787
1645117991824,0.902,3.285,9.787
1645117991825,1.068,3.069,9.591
1645117991826,1.068,3.069,9.591
1645117991843,1.108,2.971,9.473
1645117991844,1.176,2.912,9.346
1645117991851,1.235,2.853,9.297
1645117991863,1.333,2.814,9.257
1645117991874,1.392,2.775,9.238
1645117991889,1.382,2.765,9.248
1645117991891,1.422,2.726,9.326
1645117991903,1.471,2.716,9.453
1645117991910,1.49,2.687,9.601
1645117991926,1.49,2.667,9.718
1645117991937,1.451,2.647,9.826
1645117991956,1.304,2.696,9.954
1645117991957,1.088,2.785,9.924
1645117991960,1.088,2.785,9.924
1645117991970,0.961,2.932,9.905
1645117991992,0.804,3.285,9.728
1645117991992,0.804,3.285,9.728
1645117991993,0.804,3.285,9.728
1645117991993,0.794,3.373,9.63
1645117992007,0.833,3.432,9.434
1645117992009,0.833,3.432,9.434
1645117992022,0.931,3.461,9.316
1645117992034,0.99,3.422,9.444
1645117992060,0.97,3.334,9.659
1645117992060,0.97,3.334,9.659
1645117992068,0.97,3.334,9.659
1645117992069,0.931,3.226,9.748
1645117992070,0.872,3.128,9.777
1645117992070,0.872,3.128,9.777
1645117992083,1.059,3.03,9.708
1645117992089,1.059,3.03,9.708
1645117992108,1.343,2.922,9.355
1645117992109,1.343,2.922,9.355
1645117992121,1.52,2.844,9.316
1645117992141,1.49,2.794,9.444
1645117992142,1.402,2.755,9.561
1645117992152,1.314,2.726,9.659
1645117992170,1.235,2.696,9.767
1645117992171,1.196,2.775,9.816
1645117992185,1.117,2.863,9.807
1645117992189,1.019,2.961,9.699
1645117992201,1.01,3.049,9.532
1645117992214,1.019,3.167,9.395
1645117992223,1.019,3.295,9.277
1645117992234,1.01,3.324,9.336
1645117992240,1.0,3.363,9.493
1645117992252,1.0,3.334,9.591
1645117992266,0.921,3.275,9.718
1645117992269,0.882,3.265,9.807
1645117992292,0.921,3.236,9.836
1645117992297,0.921,3.236,9.836
1645117992299,0.921,3.236,9.836
1645117992300,1.108,3.197,9.699
1645117992303,1.108,3.197,9.699
1645117992309,1.225,3.099,9.581
1645117992320,1.235,2.961,9.355
1645117992329,1.333,2.873,9.091
1645117992344,1.422,2.785,8.934
1645117992349,1.382,2.765,9.081
1645117992360,1.127,2.824,9.385
1645117992369,0.912,2.785,9.591
1645117992381,0.755,2.726,9.777
1645117992389,0.813,2.696,10.032
1645117992404,1.059,2.765,10.111
1645117992409,1.245,2.785,10.101
1645117992420,1.372,2.736,10.003
1645117992429,1.431,2.736,9.865
1645117992440,1.51,2.726,9.669
1645117992449,1.52,2.726,9.512
1645117992463,1.569,2.775,9.424
1645117992469,1.539,2.765,9.444
1645117992481,1.5,2.755,9.532
1645117992489,1.333,2.775,9.718
1645117992500,1.147,2.804,9.895
1645117992509,1.039,2.834,10.003
1645117992524,1.029,2.853,10.101
1645117992529,1.078,2.863,10.169
1645117992540,1.333,2.765,9.954
1645117992549,1.333,2.765,9.954
1645117992560,1.627,2.54,9.728
1645117992569,1.627,2.54,9.728
1645117992583,1.931,2.177,9.306
1645117992589,2.079,2.147,9.277
1645117992606,2.196,2.147,9.179
1645117992610,2.167,2.285,9.189
1645117992633,1.833,2.451,9.267
1645117992634,1.206,2.765,9.365
1645117992654,0.353,3.108,9.306
1645117992656,0.353,3.108,9.306
1645117992657,-0.46,3.432,9.159
1645117992664,-0.941,3.569,9.081
1645117992670,-0.931,3.677,9.11
1645117992680,-0.578,3.658,9.159
1645117992689,-0.186,3.608,9.257
1645117992704,0.254,3.412,9.385
1645117992709,0.735,3.206,9.62
1645117992721,1.206,2.981,9.973
1645117992729,1.578,2.765,10.326
1645117992741,1.794,2.549,10.601
1645117992749,2.03,2.392,10.709
1645117992765,2.147,2.275,10.63
1645117992770,2.216,2.196,10.434
1645117992781,2.255,2.108,10.199
1645117992789,2.275,2.049,9.924
1645117992801,2.314,2.049,9.757
1645117992809,2.186,2.039,9.64
1645117992825,2.098,2.098,9.581
1645117992829,1.981,2.147,9.65
1645117992842,1.902,2.186,9.748
1645117992849,1.863,2.226,9.856
1645117992861,1.824,2.196,9.934
1645117992869,1.873,2.186,9.973
1645117992885,1.951,2.196,9.963
1645117992890,2.0,2.177,9.914
1645117992901,1.951,2.206,9.807
1645117992909,1.784,2.275,9.728
1645117992921,1.637,2.314,9.61
1645117992929,1.51,2.383,9.463
1645117992946,1.353,2.549,9.189
1645117992950,1.353,2.549,9.189
1645117992961,1.265,2.677,8.943
1645117992969,1.265,2.677,8.943
1645117992981,1.412,2.814,9.002
1645117992989,1.412,2.814,9.002
1645117993005,1.48,2.824,9.395
1645117993009,1.471,2.794,9.61
1645117993021,1.5,2.794,9.865
1645117993029,1.451,2.794,10.071
1645117993042,1.323,2.824,10.209
1645117993049,1.157,2.844,10.238
1645117993065,1.059,2.863,10.12
1645117993069,1.068,2.853,10.012
1645117993081,1.127,2.804,9.865
1645117993089,1.265,2.765,9.748
1645117993101,1.48,2.736,9.62
1645117993109,1.637,2.608,9.463
1645117993127,1.755,2.5,9.395
1645117993131,1.824,2.451,9.375
1645117993146,1.814,2.422,9.404
1645117993162,1.794,2.383,9.493
1645117993162,1.716,2.402,9.552
1645117993170,1.618,2.432,9.552
1645117993184,1.569,2.461,9.522
1645117993189,1.471,2.49,9.444
1645117993200,1.392,2.52,9.375
1645117993209,1.284,2.608,9.326
1645117993220,1.167,2.696,9.346
1645117993229,1.068,2.736,9.395
1645117993244,1.01,2.765,9.512
1645117993249,1.0,2.824,9.669
1645117993260,1.049,2.844,9.836
1645117993269,1.049,2.853,10.012
1645117993282,1.117,2.824,10.091
1645117993289,1.147,2.853,10.16
1645117993305,1.186,2.873,10.091
1645117993309,1.225,2.844,9.993
1645117993321,1.304,2.785,9.905
1645117993329,1.363,2.745,9.856
1645117993341,1.372,2.726,9.807
1645117993349,1.382,2.667,9.777
1645117993365,1.49,2.471,9.748
1645117993370,1.49,2.54,9.748
1645117993381,1.627,2.451,9.689
1645117993389,1.627,2.451,9.689
1645117993401,1.667,2.412,9.483
1645117993409,1.667,2.412,9.483
1645117993426,1.549,2.402,9.336
1645117993431,1.5,2.373,9.306
1645117993441,1.451,2.392,9.336
1645117993449,1.412,2.451,9.306
1645117993460,1.363,2.49,9.267
1645117993469,1.323,2.54,9.316
1645117993483,1.255,2.579,9.463
1645117993489,1.245,2.657,9.591
1645117993500,1.216,2.755,9.777
1645117993509,1.225,2.824,9.905
1645117993520,1.108,2.863,10.042
1645117993529,1.059,2.961,10.15
1645117993543,1.059,3.01,10.209
1645117993549,1.049,3.049,10.189
1645117993559,1.157,3.099,10.16
1645117993569,1.108,3.02,10.071
1645117993579,1.127,2.981,9.973
1645117993590,1.225,2.883,9.993
1645117993603,1.402,2.834,10.052
1645117993609,1.52,2.667,10.042
1645117993620,1.647,2.559,9.983
1645117993635,1.755,2.5,9.944
1645117993640,1.814,2.461,9.875
1645117993650,1.755,2.451,9.826
1645117993664,1.686,2.451,9.757
1645117993669,1.667,2.53,9.757
1645117993680,1.51,2.49,9.728
1645117993689,1.363,2.49,9.659
1645117993701,1.392,2.559,9.532
1645117993709,1.441,2.628,9.453
1645117993725,1.52,2.647,9.326
1645117993731,1.559,2.687,9.228
1645117993741,1.618,2.726,9.218
1645117993749,1.627,2.726,9.287
1645117993761,1.716,2.755,9.395
1645117993769,1.706,2.775,9.601
1645117993785,1.637,2.853,9.797
1645117993790,1.578,2.902,9.826
1645117993801,1.245,3.059,9.797
1645117993809,1.245,3.059,9.797
1645117993821,0.931,3.099,9.659
1645117993829,0.931,3.099,9.659
1645117993845,0.882,3.059,9.728
1645117993849,1.019,3.04,9.767
1645117993861,1.196,3.04,9.787
1645117993869,1.304,3.069,9.807
1645117993881,1.363,3.069,9.689
1645117993889,1.314,3.089,9.502
1645117993905,1.216,3.148,9.395
1645117993909,1.117,3.216,9.316
1645117993921,0.902,3.255,9.306
1645117993929,0.833,3.275,9.248
1645117993941,0.892,3.344,9.081
1645117993949,0.892,3.383,8.914
1645117993965,1.01,3.393,8.826
1645117993969,1.049,3.393,8.875
1645117993981,1.059,3.403,9.022
1645117993989,0.99,3.452,9.248
1645117994001,0.951,3.442,9.395
1645117994009,0.833,3.432,9.512
1645117994025,0.784,3.51,9.601
1645117994029,0.696,3.599,9.659
1645117994043,0.627,3.638,9.659
1645117994049,0.558,3.687,9.61
1645117994061,0.558,3.736,9.659
1645117994069,0.49,3.707,9.777
1645117994085,0.49,3.697,9.826
1645117994090,0.49,3.716,9.865
1645117994101,0.529,3.756,9.826
1645117994109,0.47,3.756,9.738
1645117994122,0.323,3.726,9.63
1645117994129,0.313,3.765,9.552
1645117994155,0.196,3.707,9.297
1645117994163,0.196,3.707,9.297
1645117994163,0.196,3.707,9.297
1645117994166,0.333,3.697,9.002
1645117994173,0.333,3.697,9.002
1645117994174,0.333,3.697,9.002
1645117994180,0.46,3.638,9.11
1645117994190,0.647,3.569,9.287
1645117994204,0.863,3.452,9.424
1645117994209,1.029,3.422,9.601
1645117994220,1.039,3.334,9.552
1645117994229,1.019,3.334,9.552
1645117994241,1.0,3.393,9.346
1645117994249,1.0,3.393,9.346
1645117994264,0.99,3.491,9.316
1645117994269,0.961,3.501,9.346
1645117994280,0.921,3.55,9.336
1645117994289,0.863,3.599,9.316
1645117994301,0.794,3.638,9.198
1645117994309,0.755,3.687,9.159
1645117994325,0.706,3.746,9.13
1645117994329,0.686,3.824,9.208
1645117994341,0.666,3.922,9.248
1645117994349,0.676,3.932,9.277
1645117994361,0.676,3.981,9.316
1645117994369,0.647,3.991,9.336
1645117994385,0.676,3.991,9.355
1645117994390,0.617,3.962,9.326
1645117994401,0.47,3.883,9.385
1645117994409,0.47,3.893,9.404
1645117994421,0.47,3.893,9.424
1645117994429,0.5,3.814,9.473
1645117994445,0.578,3.716,9.561
1645117994450,0.735,3.677,9.63
1645117994461,0.872,3.608,9.63
1645117994469,1.019,3.53,9.64
1645117994481,1.147,3.501,9.552
1645117994490,1.196,3.491,9.444
1645117994505,1.157,3.51,9.336
1645117994509,1.098,3.599,9.248
1645117994521,1.039,3.658,9.11
1645117994529,0.951,3.736,9.012
1645117994541,0.863,3.814,8.885
1645117994549,0.823,3.922,8.983
1645117994565,0.764,3.962,9.071
1645117994569,0.755,3.971,9.277
1645117994581,0.745,3.932,9.444
1645117994590,0.706,3.952,9.601
1645117994601,0.647,4.011,9.689
1645117994609,0.549,4.05,9.689
1645117994625,0.5,4.099,9.689
1645117994630,0.509,4.148,9.679
1645117994647,0.441,4.089,9.65
1645117994656,0.441,4.089,9.65
1645117994661,0.588,4.099,9.306
1645117994670,0.657,4.099,9.179
1645117994685,0.696,4.011,9.13
1645117994690,0.735,3.952,9.149
1645117994700,0.715,3.903,9.14
1645117994709,0.715,3.814,9.208
1645117994721,0.755,3.746,9.248
1645117994729,0.774,3.677,9.277
1645117994744,0.804,3.648,9.218
1645117994749,0.833,3.638,9.208
1645117994760,0.902,3.677,9.051
1645117994769,0.813,3.756,8.983
1645117994781,0.715,3.854,8.993
1645117994790,0.637,3.942,9.012
1645117994805,0.598,4.001,9.11
1645117994810,0.509,4.079,9.238
1645117994821,0.509,4.118,9.414
1645117994829,0.539,4.177,9.502
1645117994841,0.598,4.177,9.532
1645117994849,0.647,4.148,9.63
1645117994865,0.647,4.118,9.689
1645117994869,0.568,4.079,9.699
1645117994881,0.539,4.069,9.659
1645117994889,0.509,4.02,9.591
1645117994901,0.529,3.981,9.483
1645117994909,0.637,3.922,9.395
1645117994925,0.706,3.873,9.306
1645117994929,0.696,3.824,9.228
1645117994941,0.676,3.775,9.179
1645117994949,0.706,3.795,9.208
1645117994961,0.686,3.795,9.198
1645117994969,0.676,3.814,9.179
1645117994985,0.608,3.844,9.14
1645117994989,0.558,3.922,9.081
1645117995001,0.46,3.981,9.032
1645117995009,0.411,4.04,8.983
1645117995021,0.431,4.089,9.022
1645117995029,0.441,4.109,9.071
1645117995045,0.421,4.06,9.483
1645117995051,0.578,4.06,9.591
1645117995061,0.431,3.922,9.62
1645117995069,0.431,3.922,9.62
1645117995080,0.47,3.952,9.463
1645117995089,0.47,3.952,9.463
1645117995103,0.608,4.001,9.189
1645117995109,0.715,4.03,9.061
1645117995120,0.813,4.06,9.012
1645117995129,0.882,4.079,9.051
1645117995140,0.892,4.05,9.169
1645117995151,0.902,4.04,9.218
1645117995170,0.921,4.069,9.218
1645117995170,0.921,4.069,9.218
1645117995171,0.813,4.079,9.248
1645117995180,0.657,4.06,9.228
1645117995189,0.49,4.069,9.189
1645117995200,0.431,4.079,9.081
1645117995211,0.402,4.05,9.012
1645117995224,0.402,4.011,8.993
1645117995229,0.441,3.942,8.953
1645117995240,0.598,3.883,8.963
1645117995249,0.715,3.834,8.943
1645117995260,0.833,3.765,9.032
1645117995269,0.912,3.707,9.198
1645117995284,0.863,3.628,9.385
1645117995289,0.784,3.589,9.502
1645117995300,0.774,3.53,9.561
1645117995309,0.696,3.52,9.571
1645117995321,0.696,3.51,9.61
1645117995329,0.745,3.55,9.571
1645117995345,0.774,3.599,9.493
1645117995350,0.764,3.579,9.385
1645117995361,0.666,3.608,9.346
1645117995369,0.627,3.667,9.277
1645117995381,0.627,3.697,9.336
1645117995389,0.588,3.765,9.336
1645117995405,0.539,3.795,9.248
1645117995409,0.509,3.814,9.1
1645117995421,0.598,3.863,8.983
1645117995429,0.608,3.903,8.943
1645117995441,0.647,3.883,8.855
1645117995449,0.696,3.952,8.777
1645117995465,0.696,4.001,8.698
1645117995469,0.735,4.04,8.728
1645117995481,0.764,4.109,8.757
1645117995489,0.764,4.109,8.757
1645117995501,0.813,4.05,9.091
1645117995509,0.813,4.05,9.091
1645117995525,0.764,3.932,9.257
1645117995529,0.715,3.834,9.287
1645117995541,0.666,3.765,9.316
1645117995549,0.706,3.726,9.375
1645117995561,0.813,3.726,9.306
1645117995569,0.863,3.677,9.11
1645117995584,0.882,3.628,8.885
1645117995589,0.931,3.579,8.738
1645117995601,0.97,3.569,8.679
1645117995609,1.059,3.53,8.649
1645117995621,1.068,3.481,8.689
1645117995631,1.137,3.491,8.855
1645117995654,1.206,3.53,9.032
1645117995655,1.206,3.53,9.032
1645117995656,1.206,3.53,9.032
1645117995663,1.255,3.559,9.159
1645117995666,1.206,3.569,9.159
1645117995674,1.176,3.599,9.14
1645117995680,1.157,3.608,9.081
1645117995690,1.117,3.648,8.993
1645117995704,1.098,3.687,8.865
1645117995709,1.108,3.716,8.718
1645117995720,1.117,3.746,8.581
1645117995729,1.117,3.765,8.483
1645117995743,1.147,3.805,8.384
1645117995750,1.157,3.795,8.355
1645117995764,1.176,3.805,8.394
1645117995769,1.206,3.765,8.581
1645117995788,1.206,3.716,8.738
1645117995790,1.206,3.716,8.738
1645117995791,1.206,3.716,8.738
1645117995801,1.167,3.697,8.826
1645117995809,1.186,3.677,8.934
1645117995824,1.167,3.677,9.042
1645117995839,0.99,3.707,9.042
1645117995852,0.863,3.765,9.061
1645117995853,0.745,3.785,9.061
1645117995860,0.745,3.785,9.061
1645117995869,0.588,3.873,9.071
1645117995883,0.49,3.952,9.012
1645117995889,0.402,3.971,8.924
1645117995900,0.441,4.03,8.855
1645117995909,0.578,4.05,8.747
1645117995920,0.745,4.001,8.59
1645117995929,0.902,4.02,8.404
1645117995943,1.029,4.02,8.208
1645117995949,1.01,4.03,8.208
1645117995960,0.961,4.011,8.257
1645117995969,0.951,4.001,8.296
1645117995980,0.99,3.971,8.267
1645117995990,0.99,3.942,8.188
1645117996003,1.078,3.844,8.12
1645117996009,1.196,3.805,8.051
1645117996020,1.274,3.824,7.963
1645117996029,1.333,3.844,7.933
1645117996040,1.274,3.844,7.933
1645117996050,1.294,3.883,7.953
1645117996063,1.265,3.952,8.012
1645117996069,1.245,3.991,8.12
1645117996080,1.167,4.03,8.218
1645117996089,1.068,4.03,8.453
1645117996101,1.039,3.991,8.581
1645117996109,0.941,3.971,8.62
1645117996126,0.97,3.932,8.659
1645117996131,1.0,3.932,8.62
1645117996147,1.108,3.971,8.443
1645117996150,1.108,3.971,8.443
1645117996162,1.117,4.05,8.375
1645117996170,1.088,4.069,8.394
1645117996184,1.019,4.099,8.414
1645117996189,0.98,4.148,8.424
1645117996200,0.921,4.167,8.414
1645117996209,0.902,4.177,8.483
1645117996220,0.902,4.197,8.62
1645117996229,0.872,4.099,8.885
1645117996244,0.921,4.05,9.081
1645117996249,0.99,4.001,9.169
1645117996260,1.029,3.942,9.091
1645117996269,1.049,3.922,8.953
1645117996281,1.108,3.922,8.728
1645117996289,1.098,3.942,8.532
1645117996304,1.068,4.001,8.424
1645117996309,0.97,4.05,8.463
1645117996321,0.843,3.962,8.512
1645117996329,0.843,3.962,8.512
1645117996341,0.931,3.971,8.492
1645117996350,0.98,3.952,8.335
1645117996365,1.049,3.971,8.188
1645117996370,1.098,3.991,8.08
1645117996381,1.059,3.991,8.002
1645117996389,0.99,4.04,7.904
1645117996401,0.853,4.06,7.914
1645117996409,0.813,4.089,8.022
1645117996425,0.813,4.118,8.326
1645117996430,0.863,4.089,8.512
1645117996441,0.912,4.06,8.669
1645117996449,1.0,4.03,8.767
1645117996461,0.99,4.05,8.845
1645117996469,0.941,3.991,8.914
1645117996485,0.843,3.971,8.943
1645117996489,0.745,4.001,8.836
1645117996501,0.617,4.069,8.777
1645117996509,0.539,4.138,8.738
1645117996521,0.451,4.207,8.649
1645117996529,0.402,4.217,8.581
1645117996545,0.382,4.275,8.59
1645117996549,0.411,4.275,8.551
1645117996561,0.451,4.275,8.492
1645117996569,0.48,4.285,8.443
1645117996581,0.451,4.266,8.453
1645117996589,0.48,4.226,8.483
1645117996605,0.529,4.177,8.424
1645117996609,0.568,4.138,8.326
1645117996621,0.588,4.079,8.188
1645117996629,0.647,4.079,8.022
1645117996641,0.666,4.03,7.924
1645117996655,0.715,3.942,8.031
1645117996673,0.764,3.883,8.188
1645117996674,0.764,3.883,8.188
1645117996677,0.833,3.805,8.424
1645117996682,0.833,3.805,8.424
1645117996689,0.833,3.805,8.571
1645117996700,0.823,3.824,8.669
1645117996709,0.823,3.903,8.738
1645117996724,0.774,3.962,8.777
1645117996729,0.715,3.962,8.796
1645117996740,0.647,3.952,8.806
1645117996749,0.627,3.971,8.777
1645117996760,0.5,4.02,8.796
1645117996769,0.5,4.02,8.796
1645117996785,0.5,4.138,8.689
1645117996790,0.48,4.128,8.581
1645117996801,0.48,4.148,8.473
1645117996809,0.509,4.128,8.355
1645117996821,0.549,4.099,8.296
1645117996829,0.608,4.079,8.404
1645117996845,0.647,4.089,8.512
1645117996850,0.617,4.069,8.659
1645117996861,0.588,4.079,8.767
1645117996869,0.509,4.05,8.855
1645117996881,0.509,4.04,8.894
1645117996889,0.519,4.03,8.885
1645117996905,0.539,4.04,8.914
1645117996910,0.578,4.04,8.855
1645117996921,0.617,4.02,8.767
1645117996929,0.647,4.05,8.728
1645117996941,0.647,4.079,8.689
1645117996949,0.578,4.079,8.659
1645117996965,0.529,4.06,8.6
1645117996969,0.451,4.02,8.581
1645117996981,0.431,4.001,8.492
1645117996989,0.411,3.962,8.375
1645117997001,0.46,3.912,8.198
1645117997009,0.529,3.922,8.08
1645117997025,0.568,3.873,7.914
1645117997029,0.608,3.863,7.894
1645117997041,0.598,3.854,7.963
1645117997049,0.588,3.834,8.12
1645117997067,0.588,3.834,8.483
1645117997069,0.588,3.834,8.483
1645117997084,0.617,3.834,8.639
1645117997089,0.617,3.824,8.826
1645117997100,0.657,3.844,8.914
1645117997109,0.696,3.805,8.963
1645117997120,0.735,3.824,8.973
1645117997129,0.706,3.903,9.071
1645117997151,0.637,3.952,9.228
1645117997152,0.637,3.952,9.228
1645117997153,0.637,3.952,9.228
1645117997153,0.539,4.079,9.248
1645117997163,0.49,4.109,9.169
1645117997169,0.49,4.109,9.169
1645117997180,0.421,4.079,8.865
1645117997189,0.421,4.069,8.865
1645117997203,0.46,4.011,8.59
1645117997209,0.539,3.971,8.473
1645117997220,0.637,3.883,8.473
1645117997229,0.715,3.805,8.463
1645117997240,0.813,3.775,8.365
1645117997249,0.863,3.707,8.286
1645117997265,0.892,3.687,8.316
1645117997270,0.882,3.687,8.335
1645117997281,0.833,3.707,8.355
1645117997289,0.774,3.716,8.335
1645117997300,0.696,3.746,8.286
1645117997309,0.617,3.756,8.237
1645117997324,0.588,3.795,8.169
1645117997329,0.608,3.756,8.1
1645117997340,0.676,3.834,8.08
1645117997349,0.735,3.863,8.198
1645117997360,0.804,3.834,8.335
1645117997369,0.794,3.814,8.492
1645117997385,0.784,3.785,8.689
1645117997389,0.755,3.805,8.963
1645117997401,0.755,3.805,9.179
1645117997409,0.725,3.814,9.287
1645117997421,0.696,3.854,9.257
1645117997429,0.657,3.883,9.238
1645117997445,0.558,3.883,9.179
1645117997449,0.392,3.903,9.12
1645117997461,0.323,3.912,9.022
1645117997469,0.333,3.922,8.826
1645117997481,0.402,3.922,8.59
1645117997489,0.519,3.912,8.394
1645117997505,0.578,3.903,8.198
1645117997510,0.637,3.873,8.08
1645117997521,0.637,3.834,8.022
1645117997529,0.617,3.814,7.963
1645117997542,0.549,3.805,7.924
1645117997549,0.549,3.805,7.924
1645117997565,0.509,3.805,8.169
1645117997569,0.509,3.805,8.179
1645117997581,0.608,3.756,8.463
1645117997589,0.608,3.756,8.463
1645117997601,0.745,3.746,8.659
1645117997609,0.745,3.746,8.659
1645117997625,0.764,3.687,8.993
1645117997629,0.715,3.677,9.1
1645117997648,0.735,3.707,9.11
1645117997650,0.745,3.687,9.051
1645117997663,0.823,3.677,8.924
1645117997669,0.853,3.736,8.777
1645117997684,0.823,3.726,8.659
1645117997689,0.774,3.746,8.63
1645117997700,0.715,3.785,8.639
1645117997709,0.686,3.854,8.659
1645117997720,0.617,3.844,8.61
1645117997729,0.588,3.834,8.571
1645117997744,0.588,3.795,8.551
1645117997749,0.637,3.756,8.522
1645117997760,0.676,3.756,8.532
1645117997769,0.706,3.697,8.649
1645117997781,0.657,3.697,8.787
1645117997789,0.578,3.677,8.973
1645117997805,0.578,3.716,9.071
1645117997810,0.647,3.697,9.091
1645117997821,0.676,3.716,9.051
1645117997829,0.706,3.726,8.983
1645117997841,0.696,3.707,8.865
1645117997849,0.608,3.707,8.689
1645117997865,0.509,3.716,8.502
1645117997870,0.49,3.716,8.306
1645117997881,0.5,3.746,8.228
1645117997889,0.49,3.687,8.218
1645117997901,0.529,3.658,8.237
1645117997909,0.617,3.658,8.316
1645117997925,0.686,3.677,8.404
1645117997933,0.813,3.618,8.62
1645117997940,0.813,3.618,8.62
1645117997949,0.823,3.618,8.757
1645117997961,0.774,3.638,8.953
1645117997969,0.774,3.638,8.953
1645117997985,0.706,3.697,8.924
1645117997989,0.706,3.697,8.924
1645117998001,0.529,3.697,8.924
1645117998009,0.529,3.697,8.924
1645117998021,0.568,3.775,9.061
1645117998029,0.568,3.775,9.061
1645117998045,0.735,3.805,9.238
1645117998049,0.794,3.746,9.238
1645117998061,0.813,3.736,9.228
1645117998069,0.794,3.707,9.179
1645117998081,0.715,3.746,9.14
1645117998089,0.588,3.726,9.002
1645117998105,0.539,3.716,8.855
1645117998110,0.539,3.736,8.698
1645117998121,0.509,3.756,8.59
1645117998129,0.529,3.775,8.581
1645117998141,0.617,3.785,8.581
1645117998154,0.637,3.785,8.639
1645117998174,0.686,3.746,8.698
1645117998174,0.686,3.746,8.698
1645117998181,0.813,3.677,8.718
1645117998183,0.833,3.687,8.993
1645117998189,0.823,3.677,9.159
1645117998201,0.764,3.677,9.277
1645117998209,0.755,3.687,9.385
1645117998224,0.715,3.707,9.414
1645117998229,0.657,3.707,9.414
1645117998240,0.588,3.697,9.375
1645117998249,0.588,3.707,9.316
1645117998260,0.598,3.677,9.306
1645117998269,0.647,3.707,9.316
1645117998285,0.725,3.716,9.316
1645117998289,0.745,3.716,9.385
1645117998301,0.725,3.765,9.444
1645117998309,0.725,3.746,9.473
1645117998321,0.706,3.687,9.522
1645117998329,0.657,3.687,9.512
1645117998345,0.588,3.697,9.473
1645117998349,0.568,3.736,9.444
1645117998361,0.588,3.765,9.336
1645117998369,0.558,3.756,9.218
1645117998381,0.578,3.795,9.12
1645117998389,0.549,3.824,9.002
1645117998405,0.441,3.844,8.993
1645117998410,0.441,3.854,8.993
1645117998421,0.382,3.824,8.983
1645117998429,0.382,3.824,8.983
1645117998441,0.519,3.873,8.934
1645117998449,0.519,3.873,8.934
1645117998465,0.608,3.814,9.091
1645117998470,0.647,3.765,9.042
1645117998481,0.686,3.736,8.993
1645117998489,0.666,3.697,8.963
1645117998501,0.627,3.658,8.943
1645117998509,0.608,3.648,8.953
1645117998525,0.617,3.667,8.953
1645117998529,0.686,3.697,8.953
1645117998541,0.725,3.697,8.993
1645117998549,0.725,3.736,9.042
1645117998561,0.715,3.716,9.198
1645117998569,0.715,3.687,9.297
1645117998585,0.696,3.707,9.297
1645117998589,0.696,3.746,9.257
1645117998601,0.745,3.814,9.159
1645117998609,0.755,3.883,9.1
1645117998621,0.686,3.903,9.12
1645117998629,0.608,3.981,9.159
1645117998655,0.568,4.03,9.198
1645117998656,0.568,4.03,9.198
1645117998664,0.568,4.03,9.198
1645117998666,0.47,4.099,9.375
1645117998668,0.47,4.079,9.522
1645117998674,0.47,4.079,9.522
1645117998680,0.48,4.069,9.64
1645117998689,0.47,4.05,9.699
1645117998704,0.519,4.04,9.699
1645117998709,0.519,4.03,9.601
1645117998720,0.46,4.06,9.493
1645117998729,0.392,4.079,9.375
1645117998740,0.392,4.099,9.287
1645117998749,0.382,4.109,9.14
1645117998764,0.411,4.079,9.051
1645117998769,0.558,4.05,9.1
1645117998780,0.617,4.001,9.169
1645117998789,0.715,3.883,9.316
1645117998801,0.794,3.824,9.414
1645117998809,0.823,3.765,9.444
1645117998825,0.961,3.667,9.395
1645117998830,0.961,3.667,9.395
1645117998841,0.98,3.638,9.189
1645117998849,0.98,3.638,9.189
1645117998861,0.843,3.658,8.845
1645117998869,0.843,3.658,8.845
1645117998885,0.725,3.648,8.679
1645117998890,0.666,3.677,8.787
1645117998901,0.676,3.687,8.855
1645117998909,0.706,3.677,8.836
1645117998921,0.715,3.707,8.855
1645117998929,0.735,3.726,8.924
1645117998945,0.813,3.775,9.149
1645117998949,0.823,3.863,9.483
1645117998961,0.843,3.893,9.787
1645117998969,0.843,3.922,10.071
1645117998981,0.823,3.991,10.248
1645117998989,0.804,4.06,10.493
1645117999005,0.725,4.099,10.758
1645117999010,0.686,4.177,10.807
1645117999021,0.48,4.128,10.562
1645117999029,0.245,4.079,10.169
1645117999041,0.127,4.02,9.797
1645117999049,0.078,4.02,9.326
1645117999066,0.058,3.981,8.777
1645117999070,0.107,3.912,8.394
1645117999081,0.176,3.805,8.1
1645117999089,0.343,3.746,7.875
1645117999101,0.578,3.726,7.855
1645117999109,0.804,3.658,8.09
1645117999126,1.019,3.579,8.541
1645117999130,1.225,3.55,8.993
1645117999142,1.323,3.501,9.444
1645117999149,1.461,3.461,9.885
1645117999164,1.343,3.579,10.464
1645117999173,1.343,3.579,10.464
1645117999186,1.098,3.648,10.611
1645117999189,0.804,3.697,10.63
1645117999201,0.48,3.775,10.464
1645117999209,0.205,3.814,10.189
1645117999220,0.088,3.854,9.807
1645117999229,0.107,3.863,9.306
1645117999244,0.205,3.863,8.836
1645117999249,0.333,3.805,8.414
1645117999260,0.637,3.707,8.149
1645117999269,0.637,3.707,8.149
1645117999280,1.0,3.687,8.463
1645117999289,1.0,3.687,8.463
1645117999305,1.157,3.618,9.267
1645117999310,1.108,3.628,9.708
1645117999321,1.098,3.677,10.042
1645117999329,1.019,3.687,10.228
1645117999341,0.912,3.736,10.316
1645117999349,0.774,3.746,10.258
1645117999365,0.627,3.736,10.111
1645117999370,0.519,3.707,9.865
1645117999381,0.48,3.697,9.679
1645117999389,0.519,3.677,9.404
1645117999401,0.578,3.638,9.179
1645117999409,0.735,3.589,8.983
1645117999425,0.853,3.569,8.836
1645117999429,0.961,3.559,8.796
1645117999441,1.098,3.589,8.796
1645117999449,1.167,3.569,8.894
1645117999461,1.206,3.559,9.1
1645117999469,1.196,3.579,9.375
1645117999485,1.137,3.638,9.64
1645117999489,0.98,3.667,9.777
1645117999501,0.813,3.687,9.865
1645117999509,0.686,3.746,9.875
1645117999521,0.617,3.765,9.836
1645117999529,0.578,3.765,9.856
1645117999545,0.519,3.765,9.826
1645117999549,0.451,3.726,9.787
1645117999561,0.402,3.697,9.718
1645117999576,0.402,3.628,9.444
1645117999581,0.402,3.628,9.444
1645117999589,0.431,3.638,9.306
1645117999604,0.47,3.658,9.189
1645117999609,0.5,3.628,9.051
1645117999621,0.588,3.638,9.051
1645117999629,0.696,3.648,9.13
1645117999640,0.755,3.658,9.1
1645117999653,0.784,3.648,9.228
1645117999664,0.823,3.667,9.395
1645117999670,0.863,3.608,9.424
1645117999680,0.764,3.589,9.512
1645117999689,0.764,3.579,9.512
1645117999700,0.519,3.559,9.699
1645117999709,0.519,3.559,9.699
1645117999723,0.254,3.51,9.62
1645117999729,0.294,3.608,9.512
1645117999741,0.392,3.648,9.385
1645117999749,0.451,3.608,9.149
1645117999761,0.539,3.599,8.983
1645117999769,0.657,3.579,8.914
1645117999785,0.735,3.599,8.943
1645117999789,0.764,3.589,9.13
1645117999801,0.764,3.589,9.424
1645117999809,0.696,3.579,9.63
1645117999821,0.666,3.559,9.738
1645117999829,0.676,3.54,9.807
1645117999845,0.715,3.54,9.856
1645117999850,0.745,3.579,9.816
1645117999861,0.755,3.559,9.797
1645117999869,0.745,3.54,9.728
1645117999881,0.784,3.53,9.61
1645117999889,0.696,3.54,9.542
1645117999905,0.666,3.54,9.542
1645117999910,0.647,3.53,9.453
1645117999921,0.598,3.579,9.355
1645117999929,0.676,3.648,9.346
1645117999941,0.666,3.638,9.022
1645117999949,0.627,3.53,8.983
1645117999969,0.931,3.55,8.894
1645117999970,0.931,3.55,8.894
1645117999970,0.931,3.55,8.894
1645117999980,1.019,3.599,9.12
1645117999989,1.068,3.599,9.493
1645118000000,1.01,3.569,9.699
1645118000009,0.99,3.638,9.963
1645118000022,0.961,3.726,10.15
1645118000029,0.813,3.726,10.209
1645118000040,0.735,3.697,10.101
1645118000049,0.666,3.707,9.846
1645118000060,0.676,3.638,9.395
1645118000069,0.941,3.638,8.934
