1645031716813,1.127,4.295,13.18
1645031716823,1.49,4.02,12.955
1645031716833,1.882,3.697,12.7
1645031716842,2.226,3.432,12.405
1645031716852,2.451,3.079,12.219
1645031716865,2.373,2.667,12.248
1645031716872,2.03,2.196,12.376
1645031716884,1.48,2.059,12.415
1645031716892,0.902,2.039,12.258
1645031716902,0.549,2.02,11.807
1645031716912,0.431,1.951,10.954
1645031716925,0.509,1.882,10.12
1645031716934,0.715,1.765,9.326
1645031716942,0.931,1.588,8.581
1645031716952,1.117,1.51,8.061
1645031716962,1.284,1.52,7.825
1645031716972,1.48,1.618,7.59
1645031716986,1.588,1.618,7.355
1645031716992,1.588,1.539,7.188
1645031717003,1.569,1.51,7.257
1645031717012,1.52,1.578,7.492
1645031717022,1.598,1.627,7.953
1645031717034,1.49,1.667,8.492
1645031717045,1.206,1.647,8.875
1645031717052,0.833,1.902,8.983
1645031717062,0.402,1.853,8.728
1645031717072,0.333,1.99,8.247
1645031717083,0.304,1.696,7.531
1645031717092,0.235,1.422,6.874
1645031717105,0.333,1.372,6.364
1645031717113,0.549,1.549,6.207
1645031717122,0.804,1.804,6.492
1645031717133,0.931,2.03,7.002
1645031717143,0.912,2.03,7.58
1645031717152,1.117,1.981,8.12
1645031717167,1.412,2.069,8.63
1645031717172,1.52,2.314,9.1
1645031717182,1.372,2.451,9.532
1645031717192,1.255,2.422,9.865
1645031717202,1.127,2.226,9.777
1645031717213,1.029,2.039,9.424
1645031717226,0.931,1.912,9.042
1645031717234,0.872,1.892,9.012
1645031717242,0.872,1.892,9.012
1645031717252,0.951,1.902,9.326
1645031717265,1.333,1.784,9.924
1645031717272,1.333,1.784,9.924
1645031717285,1.451,1.735,11.425
1645031717292,1.117,1.931,12.327
1645031717302,0.49,1.951,13.17
1645031717312,-0.098,1.902,13.827
1645031717322,-0.686,1.745,14.475
1645031717332,-1.323,1.451,15.024
1645031717350,-1.824,1.157,15.259
1645031717353,-2.02,1.01,14.955
1645031717362,-2.098,0.843,14.229
1645031717372,-2.167,0.715,13.396
1645031717382,-2.206,0.784,12.719
1645031717392,-2.383,0.686,12.18
1645031717404,-2.275,0.882,11.925
1645031717412,-1.863,1.225,11.935
1645031717422,-1.627,1.412,12.141
1645031717432,-1.716,1.353,12.199
1645031717442,-1.745,1.206,12.15
1645031717452,-1.52,0.99,12.062
1645031717466,-1.323,0.853,11.915
1645031717472,-1.186,0.813,11.621
1645031717483,-1.167,0.764,11.072
1645031717492,-1.235,0.764,10.444
1645031717503,-1.471,0.833,10.052
1645031717512,-1.804,0.951,9.905
1645031717526,-2.039,1.088,9.924
1645031717532,-2.206,1.353,9.924
1645031717543,-2.373,1.588,9.816
1645031717552,-2.481,1.765,9.395
1645031717563,-2.706,1.863,8.924
1645031717572,-2.942,1.843,8.581
1645031717587,-3.03,1.471,8.355
1645031717592,-2.814,1.5,8.502
1645031717603,-2.745,1.794,8.747
1645031717612,-2.647,2.088,8.885
1645031717623,-2.422,2.098,8.767
1645031717632,-2.079,2.02,8.326
1645031717646,-1.461,2.03,7.904
1645031717652,-1.235,1.981,7.247
1645031717663,-1.206,2.039,6.462
1645031717672,-0.951,2.392,5.815
1645031717683,-0.558,2.54,4.579
1645031717693,-0.558,2.54,4.579
1645031717707,0.284,1.99,2.981
1645031717713,0.441,2.118,4.148
1645031717723,-0.274,2.147,5.295
1645031717732,-1.422,2.255,6.531
1645031717743,-1.706,1.922,7.306
1645031717752,-1.765,1.461,8.08
1645031717793,-2.647,1.265,8.394
1645031717794,-2.647,1.265,8.394
1645031717794,-2.647,1.265,8.394
1645031717796,-3.746,1.137,7.629
1645031717797,-3.746,1.137,7.629
1645031717798,-3.628,1.274,6.698
1645031717803,-3.628,1.392,5.992
1645031717814,-3.403,1.716,6.05
1645031717830,-3.412,2.069,6.256
1645031717835,-3.697,2.579,6.266
1645031717844,-3.756,2.981,6.09
1645031717853,-1.971,3.648,4.138
1645031717864,-0.676,4.324,5.795
1645031717873,-0.715,4.599,7.149
1645031717887,-1.912,3.658,8.159
1645031717894,-3.334,2.638,8.159
1645031717904,-4.275,2.196,7.521
1645031717913,-4.736,1.931,6.364
1645031717924,-4.874,1.637,5.285
1645031717933,-4.422,1.127,4.471
1645031717966,-4.324,0.451,3.962
1645031717967,-4.324,0.451,3.962
1645031717972,-4.324,0.451,3.962
1645031717973,-6.011,-1.314,3.432
1645031717973,-6.011,-1.314,3.432
1645031717974,-7.757,-1.549,3.03
1645031717984,-10.022,-1.804,2.824
1645031717992,-12.513,-2.638,3.049
1645031718007,-14.945,-4.53,2.912
1645031718012,-15.485,-6.129,2.481
1645031718023,-12.523,-5.335,2.471
1645031718033,-9.287,-5.109,2.255
1645031718043,-6.08,-5.756,2.294
1645031718053,-4.717,-5.501,1.529
1645031718066,-4.501,-6.109,0.304
1645031718072,-5.021,-7.551,-0.804
1645031718082,-7.776,-8.492,-0.97
1645031718092,-12.003,-9.012,-0.931
1645031718102,-15.769,-9.218,-1.068
1645031718112,-17.652,-9.404,-1.225
1645031718126,-18.594,-8.816,-2.687
1645031718133,-19.3,-8.659,-3.912
1645031718142,-18.299,-8.002,-3.942
1645031718152,-17.642,-8.443,-4.089
1645031718165,-16.868,-8.541,-4.05
1645031718172,-15.553,-8.179,-3.765
1645031718186,-14.494,-8.031,-3.471
1645031718192,-13.415,-8.1,-3.55
1645031718202,-12.003,-7.933,-3.677
1645031718212,-10.974,-7.492,-4.364
1645031718222,-10.758,-7.07,-4.844
1645031718233,-11.052,-6.923,-5.285
1645031718246,-10.719,-6.874,-5.707
1645031718252,-9.728,-6.011,-4.903
1645031718262,-8.316,-5.452,-4.668
1645031718272,-6.727,-4.874,-4.05
1645031718282,-5.57,-4.481,-3.481
1645031718292,-5.423,-3.981,-3.353
1645031718309,-6.374,-3.726,-4.275
1645031718313,-7.531,-2.912,-4.864
1645031718322,-8.532,-1.912,-5.805
1645031718332,-9.532,-1.892,-6.678
1645031718342,-9.561,-1.392,-6.433
1645031718352,-8.777,-1.078,-5.766
1645031718366,-8.12,-1.088,-5.668
1645031718372,-6.707,-0.99,-5.119
1645031718382,-5.776,-0.706,-4.972
1645031718392,-5.786,-0.676,-4.932
1645031718402,-6.639,-0.892,-4.697
1645031718412,-7.58,-1.216,-4.511
1645031718436,-8.286,-0.941,-4.442
1645031718436,-8.286,-0.941,-4.442
1645031718436,-8.286,-0.941,-4.442
1645031718436,-9.944,-0.823,-5.648
1645031718442,-9.944,-0.823,-5.648
1645031718453,-9.297,-0.519,-7.1
1645031718462,-9.738,-0.863,-7.198
1645031718472,-9.757,-1.059,-6.492
1645031718483,-9.865,-1.402,-5.07
1645031718486,-9.865,-1.402,-5.07
1645031718502,-8.512,-2.206,-5.511
1645031718512,-7.914,-2.598,-5.442
1645031718523,-8.728,-3.295,-4.364
1645031718532,-8.728,-3.295,-4.364
1645031718544,-9.14,-3.491,-3.265
1645031718554,-8.022,-3.765,-2.402
1645031718562,-6.619,-3.148,-1.157
1645031718572,-5.874,-2.451,-0.637
1645031718583,-5.903,-2.186,-0.725
1645031718592,-5.952,-2.824,-0.441
1645031718605,-5.776,-4.226,-0.353
1645031718614,-7.727,-7.296,0.137
1645031718623,-7.257,-8.796,2.0
1645031718632,-7.825,-9.846,3.128
1645031718643,-8.885,-10.022,4.217
1645031718652,-9.385,-8.669,5.894
1645031718665,-9.071,-6.776,6.707
1645031718674,-9.973,-5.285,5.894
1645031718683,-11.13,-5.952,3.069
1645031718692,-11.336,-6.07,1.049
1645031718713,-11.748,-6.021,-0.902
1645031718723,-10.316,-5.776,-2.834
1645031718734,-9.002,-5.442,-3.903
1645031718736,-7.6,-5.187,-4.256
1645031718749,-6.923,-5.021,-4.02
1645031718776,-6.933,-4.923,-3.236
1645031718777,-6.943,-5.04,-2.53
1645031718783,-8.375,-6.462,-1.706
1645031718793,-7.227,-7.002,-1.304
1645031718800,-7.07,-7.914,0.343
1645031718802,-6.668,-8.541,2.628
1645031718812,-6.266,-9.257,3.569
1645031718822,-5.648,-9.091,3.432
1645031718832,-5.639,-8.924,2.02
1645031718843,-5.531,-8.247,-0.098
1645031718853,-4.726,-7.051,-1.294
1645031718862,-3.589,-6.521,-0.784
1645031718872,-1.716,-6.237,-0.225
1645031718882,-1.235,-6.09,0.313
1645031718892,-1.931,-6.531,0.843
1645031718903,-2.186,-6.913,1.412
1645031718923,-4.717,-7.463,-0.46
1645031718923,-4.717,-7.463,-0.46
1645031718923,-8.13,-8.277,-2.657
1645031718936,-9.365,-8.63,-3.991
1645031718951,-8.286,-7.914,-5.776
1645031718952,-8.286,-7.914,-6.237
1645031718973,-7.335,-5.786,-6.56
1645031718973,-7.335,-5.786,-6.56
1645031718984,-6.001,-4.677,-6.188
1645031718984,-4.197,-3.746,-5.727
1645031718992,-3.422,-3.756,-5.119
1645031719002,-3.334,-3.824,-4.001
1645031719018,-3.51,-3.589,-2.804
1645031719024,-3.785,-3.02,-1.784
1645031719039,-4.04,-2.177,-1.108
1645031719050,-3.765,-2.128,-0.902
1645031719052,-5.335,-2.167,-0.872
1645031719066,-5.521,-2.206,-1.794
1645031719072,-4.609,-2.912,-3.167
1645031719085,-3.658,-4.383,-4.393
1645031719101,-2.765,-6.413,-3.922
1645031719103,-3.648,-9.797,-3.187
1645031719117,-5.815,-13.219,-2.628
1645031719122,-7.365,-14.298,-1.598
1645031719134,-7.316,-13.062,0.205
1645031719145,-8.384,-11.091,0.647
1645031719169,-8.914,-10.415,0.284
1645031719170,-8.914,-10.415,0.284
1645031719170,-8.061,-11.317,-0.735
1645031719172,-6.766,-12.896,-1.088
1645031719184,-5.423,-14.288,0.48
1645031719200,-5.099,-14.259,1.343
1645031719206,-4.55,-12.66,2.343
1645031719220,-4.756,-11.248,4.776
1645031719222,-5.06,-9.424,5.688
1645031719232,-5.531,-8.894,5.482
1645031719250,-5.717,-9.169,-2.392
1645031719252,-5.717,-9.169,-2.392
1645031719267,-4.57,-7.924,-3.912
1645031719286,-3.324,-6.727,-3.854
1645031719294,-1.99,-5.688,-2.049
1645031719295,-0.961,-4.521,0.382
1645031719303,-0.961,-4.521,0.382
1645031719313,-1.068,-4.638,0.215
1645031719332,-3.746,-3.206,-0.843
1645031719332,-3.746,-3.206,-0.843
1645031719336,-4.246,-2.53,-2.353
1645031719342,-3.187,-2.314,-2.373
1645031719352,-2.363,-2.167,-2.0
1645031719363,-0.931,-2.726,0.568
1645031719372,-0.931,-2.726,0.568
1645031719384,-1.784,-8.875,14.004
1645031719394,2.794,-13.651,1.618
1645031719403,5.776,-16.593,-0.088
1645031719412,5.57,-18.054,1.333
1645031719423,2.069,-18.79,0.794
1645031719432,0.804,-15.995,2.167
1645031719451,0.666,-11.866,2.079
1645031719459,0.715,-8.561,2.52
1645031719463,0.529,-5.992,2.598
1645031719473,0.264,-4.207,2.314
1645031719484,0.088,-3.334,1.784
1645031719492,-0.147,-3.099,1.353
1645031719505,-0.353,-3.461,1.059
1645031719514,-0.539,-4.187,0.813
1645031719523,-0.715,-4.864,0.657
1645031719539,-0.715,-5.913,0.382
1645031719543,-0.872,-6.982,0.039
1645031719553,-1.245,-7.747,-0.284
1645031719566,-1.49,-8.924,-0.931
1645031719576,-1.833,-10.101,-1.451
1645031719583,-2.079,-11.111,-1.922
1645031719593,-2.314,-12.003,-2.314
1645031719604,-2.51,-12.347,-2.441
1645031719620,-2.118,-12.317,-3.638
1645031719633,-2.118,-12.317,-3.638
1645031719646,-1.569,-12.121,-4.726
1645031719658,-1.245,-13.121,-3.54
1645031719659,-1.245,-13.631,-2.579
1645031719664,-1.245,-13.631,-2.579
1645031719672,-1.137,-14.171,-2.157
1645031719684,-1.117,-14.131,-1.627
1645031719694,-0.99,-13.553,-1.068
1645031719703,-0.98,-13.111,-0.774
1645031719712,-1.637,-13.229,-0.706
1645031719723,-2.834,-14.298,-0.843
1645031719732,-3.765,-15.289,-1.206
1645031719745,-3.971,-15.249,-1.176
1645031719755,-3.471,-14.043,-1.196
1645031719764,-2.304,-12.651,-1.333
1645031719773,-1.088,-11.562,-1.804
1645031719784,1.245,-10.709,-2.255
1645031719794,1.245,-10.709,-2.255
1645031719806,3.206,-10.061,-1.853
1645031719815,3.854,-9.905,-1.598
1645031719824,4.118,-9.807,-1.176
1645031719833,4.04,-9.963,-0.617
1645031719844,4.03,-9.944,-0.323
1645031719854,4.373,-9.522,0.0
1645031719866,4.991,-9.032,0.039
1645031719875,5.236,-8.983,-0.441
1645031719884,6.001,-8.983,-1.019
1645031719893,7.08,-8.649,-1.912
1645031719903,7.6,-8.13,-2.343
1645031719913,7.639,-7.463,-2.167
1645031719926,7.394,-7.061,-1.402
1645031719935,6.933,-7.159,-0.715
1645031719943,6.374,-7.727,-0.392
1645031719963,6.06,-8.08,-0.343
1645031719964,5.825,-8.002,-0.402
1645031719975,5.423,-7.747,-0.5
1645031719985,4.952,-7.482,-0.715
1645031719995,4.334,-7.345,-0.97
1645031720004,3.795,-7.051,-1.304
1645031720013,3.353,-6.864,-1.52
1645031720024,3.089,-6.639,-1.765
1645031720033,2.932,-6.668,-1.892
1645031720046,2.745,-7.031,-2.03
1645031720055,2.441,-7.61,-2.196
1645031720063,2.167,-8.169,-2.255
1645031720073,2.0,-8.532,-2.167
1645031720084,1.824,-8.767,-2.128
1645031720093,1.618,-8.62,-2.0
1645031720106,1.441,-8.198,-1.912
1645031720115,1.167,-7.541,-2.069
1645031720124,0.676,-6.855,-2.196
1645031720133,0.402,-7.021,-2.373
1645031720144,0.392,-7.257,-2.451
1645031720155,0.078,-7.394,-2.608
1645031720165,0.078,-7.394,-2.608
1645031720175,0.0,-7.423,-2.49
1645031720187,0.392,-6.845,-1.471
1645031720193,0.392,-6.845,-1.471
1645031720204,0.921,-6.619,-0.951
1645031720218,0.657,-6.757,-0.813
1645031720226,0.784,-7.031,-0.755
1645031720234,0.549,-7.031,-0.451
1645031720242,0.353,-7.355,-0.519
1645031720254,-0.058,-7.492,-0.745
1645031720264,-0.5,-7.62,-0.961
1645031720275,-1.157,-7.865,-1.274
1645031720295,-1.745,-8.1,-1.608
1645031720296,-1.745,-8.1,-1.608
1645031720296,-2.402,-8.63,-2.059
1645031720304,-2.726,-8.904,-2.412
1645031720314,-2.794,-9.061,-2.873
1645031720324,-3.02,-9.11,-3.452
1645031720334,-3.157,-9.277,-4.187
1645031720345,-3.304,-9.571,-5.364
1645031720373,-4.677,-9.944,-7.188
1645031720374,-4.677,-9.944,-7.188
1645031720375,-4.677,-9.944,-7.188
1645031720376,-4.815,-10.248,-8.787
1645031720377,-4.364,-10.415,-9.895
1645031720383,-3.765,-10.964,-10.758
1645031720392,-3.206,-11.944,-10.924
1645031720404,-2.079,-12.807,-10.807
1645031720416,0.117,-12.876,-9.659
1645031720422,2.01,-13.023,-7.355
1645031720432,2.961,-13.543,-5.109
1645031720443,2.54,-14.073,-3.844
1645031720453,1.48,-14.357,-3.373
1645031720466,0.647,-13.945,-3.216
1645031720474,0.156,-13.347,-3.324
1645031720482,0.431,-13.043,-3.197
1645031720494,0.833,-12.876,-3.148
1645031720502,1.706,-12.562,-2.549
1645031720512,2.745,-12.219,-2.216
1645031720523,3.589,-12.229,-2.01
1645031720534,4.491,-12.052,-1.912
1645031720542,5.158,-11.709,-1.382
1645031720552,5.433,-11.258,-0.784
1645031720562,5.364,-10.532,0.0
1645031720572,4.893,-9.807,0.245
1645031720583,4.167,-9.149,0.99
1645031720594,3.265,-9.14,1.225
1645031720604,1.843,-9.797,1.196
1645031720616,1.843,-9.797,1.196
1645031720622,1.451,-9.865,1.235
1645031720634,1.569,-9.385,1.284
1645031720651,1.48,-9.091,1.049
1645031720654,1.52,-8.747,0.882
1645031720662,1.029,-8.188,0.882
1645031720672,0.686,-7.472,0.735
1645031720683,0.402,-7.11,0.49
1645031720692,0.127,-7.09,0.186
1645031720707,-0.078,-7.257,-0.254
1645031720739,-0.362,-7.433,-0.676
1645031720739,-0.529,-7.453,-1.019
1645031720739,-0.696,-7.404,-1.225
1645031720744,-0.853,-7.404,-1.382
1645031720784,-0.764,-7.61,-1.549
1645031720785,-0.46,-7.865,-1.775
1645031720791,-0.382,-8.159,-1.569
1645031720793,-0.382,-8.159,-1.569
1645031720793,-0.382,-8.159,-1.569
1645031720794,-0.608,-8.885,-0.706
1645031720825,-0.608,-8.885,-0.706
1645031720826,-0.764,-9.198,-0.186
1645031720827,-0.784,-9.198,0.313
1645031720832,-1.039,-9.13,0.931
1645031720835,-1.412,-9.1,1.627
1645031720847,-1.755,-8.934,2.02
1645031720852,-2.0,-8.787,2.235
1645031720862,-2.53,-8.551,2.245
1645031720872,-2.971,-8.286,2.245
1645031720885,-3.559,-8.041,2.235
1645031720899,-3.883,-8.051,2.039
1645031720907,-4.266,-7.973,1.833
1645031720915,-4.266,-7.973,1.833
1645031720923,-4.491,-7.943,1.676
1645031720933,-4.197,-8.11,1.461
1645031720947,-3.805,-8.404,1.225
1645031720955,-3.756,-9.022,0.98
1645031720969,-4.04,-10.934,0.078
1645031720973,-4.04,-10.934,0.078
1645031720983,-4.177,-12.248,-0.745
1645031720993,-4.481,-13.376,-1.314
1645031721004,-4.883,-14.112,-1.608
1645031721014,-5.335,-14.71,-1.843
1645031721022,-5.795,-15.161,-2.226
1645031721034,-6.109,-15.318,-3.059
1645031721042,-6.109,-15.024,-3.059
1645031721052,-5.766,-14.73,-3.677
1645031721063,-5.374,-14.347,-4.266
1645031721074,-5.089,-13.886,-4.57
1645031721082,-4.677,-13.023,-5.227
1645031721093,-4.628,-13.062,-5.374
1645031721102,-4.677,-12.807,-5.413
1645031721112,-4.422,-12.18,-5.119
1645031721127,-3.942,-11.827,-5.021
1645031721144,-3.265,-11.611,-4.923
1645031721144,-2.51,-11.395,-4.805
1645031721152,-1.726,-11.258,-4.658
1645031721164,-0.97,-10.846,-4.491
1645031721175,-0.313,-10.434,-4.295
1645031721187,0.304,-10.16,-3.962
1645031721212,1.0,-9.963,-3.873
1645031721212,1.0,-9.963,-3.873
1645031721213,1.0,-9.963,-3.873
1645031721213,2.471,-9.993,-3.599
1645031721213,2.471,-9.993,-3.599
1645031721222,3.089,-9.983,-3.275
1645031721233,3.834,-9.836,-3.02
1645031721244,4.56,-9.64,-2.853
1645031721254,5.129,-9.395,-2.726
1645031721263,5.717,-9.032,-2.53
1645031721273,5.815,-8.581,-2.353
1645031721282,5.756,-8.267,-2.079
1645031721293,5.629,-8.149,-1.627
1645031721307,5.854,-8.394,-1.627
1645031721313,6.698,-8.875,-1.873
1645031721322,7.443,-8.679,-2.157
1645031721332,7.884,-7.973,-2.039
1645031721342,7.492,-7.365,-1.863
1645031721354,6.747,-6.943,-1.598
1645031721363,5.815,-6.737,-1.029
1645031721373,4.579,-6.796,-0.598
1645031721382,3.383,-7.208,-0.323
1645031721392,2.128,-7.757,0.078
1645031721403,0.941,-8.277,0.441
1645031721412,-0.196,-8.718,1.019
1645031721424,-1.245,-8.934,1.569
1645031721434,-1.971,-8.983,2.049
1645031721442,-2.51,-8.718,2.755
1645031721456,-2.265,-8.267,2.02
1645031721462,-2.265,-8.267,2.02
1645031721472,-2.314,-7.904,1.5
1645031721483,-2.049,-7.678,1.529
1645031721495,-1.706,-7.345,1.431
1645031721503,-1.48,-7.335,1.284
1645031721512,-1.422,-7.335,1.216
1645031721523,-1.294,-7.561,0.98
1645031721532,-1.657,-7.845,0.961
1645031721544,-2.255,-8.237,0.941
1645031721554,-2.902,-8.757,0.686
1645031721563,-3.658,-9.708,0.117
1645031721572,-4.344,-10.571,-0.107
1645031721583,-5.04,-11.336,-0.49
1645031721592,-5.737,-11.954,-1.117
1645031721605,-6.462,-12.494,-1.843
1645031721615,-6.972,-12.886,-2.549
1645031721623,-7.335,-13.092,-3.501
1645031721632,-7.404,-13.043,-4.187
1645031721643,-7.463,-12.749,-4.707
1645031721652,-7.198,-12.258,-5.099
1645031721665,-6.688,-11.572,-5.609
1645031721674,-5.884,-11.013,-6.041
1645031721683,-4.952,-10.846,-6.551
1645031721692,-3.912,-11.278,-7.296
1645031721703,-2.765,-11.915,-8.316
1645031721712,-1.559,-12.592,-9.169
1645031721725,-0.813,-13.043,-9.453
1645031721735,-0.558,-13.523,-9.248
1645031721743,-0.657,-13.729,-8.571
1645031721752,-0.608,-13.484,-8.031
1645031721763,-0.598,-12.866,-6.913
1645031721779,-0.529,-12.18,-5.786
1645031721786,-0.274,-11.327,-4.844
1645031721795,0.0,-10.64,-4.118
1645031721804,0.176,-10.218,-3.707
1645031721813,0.392,-9.914,-3.481
1645031721824,0.804,-9.571,-3.255
1645031721833,1.176,-9.395,-2.961
1645031721847,1.559,-9.385,-2.804
1645031721855,1.775,-9.483,-2.422
1645031721864,1.922,-9.561,-2.098
1645031721873,1.99,-9.62,-1.618
1645031721884,1.814,-9.757,-0.205
1645031721893,1.814,-9.757,-0.205
1645031721905,1.451,-9.807,1.824
1645031721915,1.451,-9.807,1.824
1645031721924,0.833,-9.581,3.491
1645031721933,0.46,-9.297,3.893
1645031721944,0.107,-8.894,4.001
1645031721961,-0.127,-8.463,3.824
1645031721975,-0.333,-7.963,3.403
1645031721981,-0.48,-7.512,2.883
1645031721983,-0.696,-7.041,2.265
1645031721992,-0.912,-6.629,1.608
1645031722003,-1.137,-6.247,0.98
1645031722013,-1.333,-5.884,0.421
1645031722025,-1.451,-5.55,0.0
1645031722034,-1.598,-5.236,-0.372
1645031722043,-1.755,-5.089,-0.647
1645031722052,-1.863,-5.011,-0.98
1645031722063,-1.833,-5.011,-1.392
1645031722073,-1.765,-4.972,-1.902
1645031722086,-1.706,-4.972,-2.324
1645031722095,-1.696,-5.109,-2.559
1645031722103,-1.726,-5.433,-2.716
1645031722113,-1.765,-6.178,-2.794
1645031722124,-1.784,-7.139,-2.824
1645031722133,-1.706,-8.188,-2.804
1645031722146,-1.52,-9.149,-2.804
1645031722155,-1.333,-10.101,-2.716
1645031722179,-1.627,-12.425,-2.53
1645031722180,-1.627,-12.425,-2.53
1645031722181,-2.128,-13.867,-2.598
1645031722182,-2.128,-13.867,-2.598
1645031722192,-2.647,-15.298,-2.628
1645031722205,-3.412,-16.485,-2.422
1645031722215,-4.04,-17.378,-2.422
1645031722223,-4.511,-17.78,-2.794
1645031722232,-5.344,-17.799,-2.775
1645031722243,-5.943,-17.172,-2.951
1645031722252,-6.041,-15.936,-3.069
1645031722265,-5.54,-14.583,-3.255
1645031722274,-4.736,-13.16,-3.432
1645031722283,-3.716,-11.797,-3.569
1645031722293,-2.775,-10.885,-3.687
1645031722304,-1.902,-10.277,-3.952
1645031722313,-1.176,-9.483,-3.932
1645031722326,-0.019,-8.228,-3.295
1645031722335,-0.019,-8.228,-3.295
1645031722344,0.686,-7.727,-2.353
1645031722353,0.539,-7.59,-2.177
1645031722364,0.382,-7.521,-2.294
1645031722373,0.343,-7.482,-2.549
1645031722386,0.529,-7.482,-2.706
1645031722395,0.853,-7.629,-2.794
1645031722404,1.304,-7.924,-2.804
1645031722413,1.735,-8.286,-2.706
1645031722424,2.186,-8.63,-2.461
1645031722433,2.569,-8.924,-2.196
1645031722445,2.814,-9.081,-1.902
1645031722456,2.902,-9.14,-1.49
1645031722472,2.794,-9.12,-1.147
1645031722477,2.608,-9.11,-0.872
1645031722483,2.245,-9.159,-0.627
1645031722493,1.843,-9.306,-0.411
1645031722506,1.441,-9.473,-0.274
1645031722514,1.117,-9.64,-0.147
1645031722523,0.745,-9.748,-0.009
1645031722532,0.392,-9.797,0.166
1645031722543,0.068,-9.787,0.274
1645031722552,-0.205,-9.532,0.402
1645031722566,-0.47,-9.149,0.46
1645031722575,-0.617,-8.639,0.323
1645031722584,-0.608,-8.071,0.186
1645031722593,-0.47,-7.571,-0.068
1645031722604,-0.333,-7.11,-0.411
1645031722613,-0.254,-6.698,-0.735
1645031722633,-0.245,-6.462,-0.951
1645031722633,-0.245,-6.462,-0.951
1645031722642,-0.333,-6.335,-1.029
1645031722659,-0.46,-6.315,-1.088
1645031722661,-0.5,-6.374,-1.206
1645031722662,-0.5,-6.482,-1.304
1645031722677,-0.402,-6.551,-1.529
1645031722685,-0.323,-6.766,-1.892
1645031722694,-0.264,-7.051,-2.285
1645031722703,-0.372,-7.306,-2.853
1645031722719,-0.549,-7.678,-3.707
1645031722733,-0.549,-7.678,-3.707
1645031722733,-0.696,-8.041,-3.844
1645031722778,-1.314,-8.983,-3.814
1645031722779,-1.314,-8.983,-3.814
1645031722780,-2.039,-9.414,-3.51
1645031722781,-2.343,-9.532,-3.197
1645031722784,-2.54,-9.699,-3.216
1645031722819,-2.54,-9.728,-3.491
1645031722866,-2.392,-9.414,-3.628
1645031722866,-2.392,-9.414,-3.628
1645031722867,-2.392,-9.414,-3.628
1645031722867,-2.392,-9.414,-3.628
1645031722868,-2.039,-9.198,-4.462
1645031722868,-2.608,-9.61,-4.364
1645031722869,-2.608,-9.61,-4.364
1645031722870,-2.608,-9.61,-4.364
1645031722870,-3.304,-10.209,-4.069
1645031722871,-3.971,-10.826,-3.707
1645031722876,-4.462,-11.376,-3.442
1645031722882,-4.923,-11.866,-3.363
1645031722892,-5.423,-11.974,-3.51
1645031722902,-5.423,-11.748,-3.893
1645031722913,-4.991,-11.837,-4.521
1645031722927,-4.246,-12.052,-4.942
1645031722934,-3.432,-12.337,-5.138
1645031722943,-2.638,-12.827,-5.393
1645031722953,-1.853,-13.2,-5.511
1645031722964,-1.274,-13.425,-5.158
1645031722975,-1.117,-13.445,-4.315
1645031722983,-1.245,-13.239,-3.334
1645031722994,-1.637,-12.739,-2.451
1645031723003,-2.128,-11.974,-1.745
1645031723018,-2.824,-10.336,-1.147
1645031723026,-2.824,-10.336,-1.147
1645031723032,-2.883,-9.728,-1.372
1645031723044,-2.745,-9.326,-1.912
1645031723061,-2.49,-8.953,-2.53
1645031723062,-2.049,-8.757,-3.069
1645031723074,-1.745,-8.561,-3.314
1645031723082,-1.392,-8.522,-3.236
1645031723093,-0.98,-8.541,-2.873
1645031723111,-0.588,-8.532,-2.324
1645031723116,-0.588,-8.6,-1.794
1645031723125,0.019,-8.345,-1.088
1645031723133,0.402,-8.277,-0.441
1645031723143,0.745,-8.188,-0.147
1645031723159,0.725,-8.13,0.019
1645031723164,0.402,-8.149,0.254
1645031723177,-0.176,-8.139,0.676
1645031723182,-0.755,-8.208,1.127
1645031723193,-1.608,-8.159,1.804
1645031723209,-1.765,-7.914,1.981
1645031723212,-1.784,-7.649,1.99
1645031723227,-1.716,-7.404,1.873
1645031723235,-1.598,-7.149,1.667
1645031723244,-1.431,-6.835,1.333
1645031723258,-1.314,-6.551,0.863
1645031723262,-1.343,-6.276,0.46
1645031723275,-1.49,-6.07,0.196
1645031723293,-1.676,-5.992,-0.117
1645031723302,-1.941,-6.041,-0.421
1645031723303,-2.245,-6.168,-0.745
1645031723313,-2.5,-6.443,-1.059
1645031723322,-2.726,-6.727,-1.382
1645031723333,-2.834,-7.021,-1.784
1645031723344,-2.853,-7.335,-2.147
1645031723359,-2.971,-7.6,-2.441
1645031723366,-3.049,-7.924,-2.775
1645031723375,-3.128,-8.286,-3.099
1645031723383,-3.089,-8.689,-3.442
1645031723392,-2.893,-9.071,-3.658
1645031723404,-2.745,-9.414,-3.638
1645031723414,-2.54,-9.865,-3.51
1645031723422,-2.461,-10.483,-3.51
1645031723432,-2.5,-11.248,-3.687
1645031723443,-2.696,-11.837,-3.834
1645031723453,-3.04,-12.376,-4.226
1645031723465,-3.412,-12.513,-4.403
1645031723486,-4.874,-12.445,-4.481
1645031723487,-5.305,-12.69,-4.628
1645031723492,-5.305,-12.69,-4.628
1645031723503,-5.521,-13.004,-4.766
1645031723512,-5.384,-13.239,-4.844
1645031723525,-4.697,-13.17,-4.913
1645031723534,-3.932,-12.778,-5.187
1645031723542,-3.55,-12.435,-5.648
1645031723553,-3.148,-12.288,-5.766
1645031723563,-3.03,-12.17,-5.629
1645031723572,-2.844,-12.082,-5.335
1645031723585,-2.481,-11.542,-2.912
1645031723594,-2.481,-11.542,-2.912
1645031723603,-2.206,-11.425,-1.912
1645031723613,-1.137,-11.003,-1.049
1645031723627,-0.686,-9.787,-0.961
1645031723633,0.078,-9.149,-1.068
1645031723650,0.961,-8.669,-1.265
1645031723674,1.569,-8.404,-1.569
1645031723677,1.569,-8.404,-1.569
1645031723679,1.569,-8.404,-1.569
1645031723679,2.265,-9.11,-2.285
1645031723680,2.265,-9.11,-2.285
1645031723683,2.618,-9.61,-2.638
1645031723692,3.157,-9.954,-2.275
1645031723704,3.54,-9.875,-1.755
1645031723714,3.726,-9.385,-0.99
1645031723723,3.765,-8.983,-0.509
1645031723732,3.412,-8.581,-0.156
1645031723743,2.961,-8.11,-0.039
1645031723753,2.481,-7.698,-0.156
1645031723765,2.039,-7.129,-0.647
1645031723774,1.814,-6.619,-1.569
1645031723784,1.48,-6.207,-2.314
1645031723793,1.117,-5.992,-3.138
1645031723804,0.912,-5.815,-3.756
1645031723813,0.666,-5.737,-4.128
1645031723826,0.156,-5.56,-4.118
1645031723835,-0.343,-5.384,-3.981
1645031723844,-0.823,-5.315,-3.618
1645031723853,-1.333,-5.423,-3.285
1645031723864,-1.569,-5.58,-2.853
1645031723873,-1.549,-5.688,-2.373
1645031723886,-1.333,-5.923,-1.951
1645031723896,-1.167,-6.178,-1.206
1645031723904,-0.97,-6.521,-0.715
1645031723913,-0.774,-6.786,-0.343
1645031723923,-0.647,-7.012,-0.176
1645031723933,-0.706,-7.149,-0.245
1645031723946,-0.833,-7.257,-0.48
1645031723956,-0.863,-7.423,-0.608
1645031723974,-0.921,-7.992,-1.304
1645031723979,-0.921,-7.992,-1.304
1645031723983,-1.049,-8.394,-1.696
1645031723993,-1.274,-8.777,-2.039
1645031724005,-2.03,-9.159,-3.667
1645031724015,-2.128,-9.473,-3.667
1645031724023,-2.579,-9.807,-6.09
1645031724033,-2.579,-9.807,-6.09
1645031724042,-2.294,-9.797,-5.03
1645031724053,-2.186,-9.316,-4.619
1645031724065,-1.667,-8.738,-4.491
1645031724075,-1.274,-8.188,-4.707
1645031724084,-1.284,-8.188,-4.952
1645031724093,-1.667,-8.59,-5.305
1645031724103,-2.392,-9.169,-5.629
1645031724113,-3.304,-9.708,-5.295
1645031724134,-3.775,-10.336,-4.207
1645031724136,-3.775,-10.336,-4.207
1645031724141,-3.599,-11.091,-3.353
1645031724143,-3.236,-11.876,-3.04
1645031724155,-3.148,-12.503,-3.069
1645031724167,-3.638,-13.288,-3.02
1645031724173,-4.011,-14.161,-3.697
1645031724183,-4.295,-14.769,-4.236
1645031724194,-4.609,-15.181,-4.197
1645031724202,-4.589,-15.436,-3.903
1645031724212,-4.334,-15.298,-3.452
1645031724222,-3.795,-14.896,-3.138
1645031724232,-3.246,-14.21,-2.932
1645031724247,-2.902,-13.366,-3.0
1645031724255,-2.608,-12.376,-3.295
1645031724263,-2.392,-11.297,-3.579
1645031724273,-2.196,-10.316,-3.805
1645031724283,-2.088,-9.532,-3.971
1645031724292,-2.059,-8.924,-4.207
1645031724305,-1.922,-8.463,-4.452
1645031724314,-1.667,-8.13,-4.521
1645031724322,-1.206,-7.924,-4.413
1645031724332,-0.686,-7.875,-3.991
1645031724343,-0.264,-7.904,-3.314
1645031724357,0.147,-8.169,-1.804
1645031724365,0.147,-8.169,-1.804
1645031724375,0.176,-8.218,-1.216
1645031724384,0.137,-8.188,-0.706
1645031724393,0.0,-8.208,-0.205
1645031724404,-0.254,-8.286,0.274
1645031724413,-0.598,-8.306,0.774
1645031724426,-1.343,-8.218,1.618
1645031724435,-1.294,-8.031,1.618
1645031724444,-1.843,-7.571,1.814
1645031724453,-1.843,-7.571,1.814
1645031724463,-1.971,-6.904,1.059
1645031724482,-2.157,-6.551,0.813
1645031724493,-2.324,-6.256,0.362
1645031724501,-2.461,-6.011,-0.068
1645031724504,-2.54,-5.776,-0.392
1645031724512,-2.5,-5.609,-0.706
1645031724522,-2.373,-5.501,-1.098
1645031724532,-2.186,-5.403,-1.422
1645031724545,-2.039,-5.305,-1.676
1645031724555,-1.922,-5.256,-1.931
1645031724563,-1.833,-5.266,-2.206
1645031724572,-1.735,-5.374,-2.441
1645031724583,-1.637,-5.58,-2.638
1645031724592,-1.608,-5.903,-2.844
1645031724606,-1.549,-6.384,-2.893
1645031724615,-1.569,-7.07,-2.794
1645031724631,-1.559,-7.747,-2.471
1645031724634,-1.657,-8.492,-2.03
1645031724643,-1.824,-9.198,-1.637
1645031724675,-1.912,-9.787,-1.441
1645031724676,-1.912,-9.787,-1.441
1645031724681,-1.951,-10.238,-1.431
1645031724682,-1.951,-10.238,-1.431
1645031724686,-2.343,-11.032,-1.598
1645031724691,-2.618,-11.434,-1.961
1645031724692,-2.618,-11.434,-1.961
1645031724702,-2.961,-11.905,-2.186
1645031724712,-3.608,-12.513,-2.226
1645031724724,-4.06,-13.131,-2.343
1645031724734,-4.373,-13.661,-2.52
1645031724742,-4.913,-14.21,-2.657
1645031724752,-5.688,-14.71,-2.883
1645031724763,-6.413,-14.887,-3.206
1645031724773,-6.796,-14.514,-3.618
1645031724784,-6.766,-13.857,-4.03
1645031724795,-6.502,-13.484,-4.628
1645031724806,-4.962,-13.033,-6.129
1645031724812,-4.962,-13.033,-6.129
1645031724823,-4.079,-12.435,-6.247
1645031724832,-3.295,-12.111,-6.109
1645031724844,-2.589,-11.984,-5.482
1645031724861,-1.569,-11.454,-3.716
1645031724862,-1.569,-11.454,-3.716
1645031724873,-1.274,-11.248,-2.912
1645031724885,-1.147,-11.072,-2.216
1645031724893,-0.529,-10.895,-2.235
1645031724905,-0.019,-10.846,-2.383
1645031724914,0.666,-10.846,-2.618
1645031724924,1.471,-10.797,-2.971
1645031724935,2.206,-10.699,-3.206
1645031724943,2.961,-10.365,-3.412
1645031724956,3.559,-9.875,-3.51
1645031724964,3.971,-9.228,-3.344
1645031724984,4.148,-8.502,-2.902
1645031724985,4.148,-8.502,-2.902
1645031724985,4.167,-7.825,-2.363
1645031724994,4.03,-7.286,-1.794
1645031725006,3.667,-6.874,-1.265
1645031725013,3.148,-6.668,-0.863
1645031725026,2.677,-6.482,-0.529
1645031725040,2.255,-6.325,-0.382
1645031725042,1.804,-6.296,-0.353
1645031725056,1.392,-6.335,-0.392
1645031725062,0.97,-6.315,-0.558
1645031725074,0.598,-6.296,-0.725
1645031725092,0.274,-6.227,-0.833
1645031725095,0.0,-6.139,-0.921
1645031725104,-0.294,-6.109,-0.902
1645031725113,-0.392,-6.07,-0.902
1645031725123,-0.343,-6.099,-0.931
1645031725135,-0.254,-6.178,-0.98
1645031725144,-0.235,-6.296,-1.01
1645031725156,-0.186,-6.423,-1.078
1645031725162,0.029,-6.59,-1.225
1645031725174,0.48,-6.717,-1.471
1645031725186,0.843,-6.855,-1.569
1645031725193,1.039,-7.09,-1.549
1645031725207,1.068,-7.414,-1.618
1645031725220,0.804,-7.845,-1.784
1645031725223,0.294,-8.228,-2.039
1645031725233,-0.245,-8.522,-2.422
1645031725242,-0.706,-8.836,-2.804
1645031725253,-1.186,-9.012,-3.04
1645031725267,-1.588,-9.169,-3.304
1645031725277,-2.294,-9.375,-3.707
1645031725284,-2.696,-9.355,-3.834
1645031725293,-2.696,-9.355,-3.834
1645031725302,-3.118,-9.277,-3.981
1645031725313,-3.481,-8.59,-4.491
1645031725326,-3.177,-8.169,-4.579
1645031725334,-2.755,-7.737,-4.521
1645031725343,-2.363,-7.355,-4.383
1645031725353,-2.098,-6.972,-4.354
1645031725363,-1.873,-6.668,-4.334
1645031725373,-1.52,-6.217,-4.393
1645031725394,-1.765,-6.188,-4.109
1645031725395,-1.765,-6.188,-4.109
1645031725402,-2.118,-6.335,-3.991
1645031725404,-2.647,-6.521,-3.854
1645031725413,-3.206,-6.688,-3.628
1645031725424,-3.707,-6.953,-3.589
1645031725433,-4.128,-7.266,-3.873
1645031725446,-4.452,-7.698,-4.413
1645031725455,-4.521,-8.012,-5.227
1645031725477,-4.579,-8.306,-6.031
1645031725485,-4.599,-8.581,-6.717
1645031725486,-4.501,-8.845,-7.355
1645031725492,-4.187,-9.297,-7.629
1645031725504,-3.746,-9.954,-7.6
1645031725514,-3.236,-10.826,-7.247
1645031725523,-2.589,-11.68,-6.384
1645031725532,-2.088,-12.601,-5.668
1645031725543,-1.892,-13.612,-5.011
1645031725552,-1.618,-14.249,-4.903
1645031725564,-1.422,-14.651,-5.07
1645031725574,-1.657,-14.7,-4.913
1645031725583,-1.863,-14.21,-4.766
1645031725593,-1.961,-13.337,-4.226
1645031725603,-1.931,-12.347,-3.716
1645031725613,-1.578,-11.405,-3.491
1645031725627,-0.931,-10.611,-3.393
1645031725636,0.078,-10.228,-3.452
1645031725643,1.098,-10.267,-3.53
1645031725653,1.833,-10.336,-3.638
1645031725664,2.383,-10.434,-3.628
1645031725673,2.696,-10.405,-3.236
1645031725686,2.549,-10.316,-2.765
1645031725695,2.059,-10.552,-2.314
1645031725703,1.422,-10.974,-1.922
1645031725713,0.784,-11.327,-1.431
1645031725724,-0.382,-11.542,-0.519
1645031725733,-0.99,-11.542,0.098
1645031725746,-1.5,-10.699,0.686
1645031725755,-1.52,-10.12,0.784
1645031725764,-1.382,-9.561,0.647
1645031725773,-1.098,-9.091,0.402
1645031725784,-0.98,-8.845,0.127
1645031725793,-0.902,-8.679,-0.098
1645031725805,-0.951,-8.541,-0.274
1645031725815,-0.931,-8.355,-0.392
1645031725824,-0.863,-8.169,-0.402
1645031725833,-0.725,-7.963,-0.274
1645031725847,-0.549,-7.796,0.117
1645031725853,-0.362,-7.59,0.519
1645031725866,0.068,-6.943,0.362
1645031725875,0.245,-7.139,0.588
1645031725884,0.098,-7.551,0.941
1645031725893,-0.039,-7.678,0.99
1645031725903,-0.509,-7.531,1.265
1645031725913,-1.167,-7.325,1.549
1645031725926,-1.843,-7.159,1.765
1645031725935,-2.422,-7.217,1.676
1645031725944,-2.794,-7.512,1.186
1645031725953,-2.991,-7.58,0.715
1645031725963,-3.138,-7.374,0.49
1645031725973,-3.099,-7.139,0.225
1645031725998,-3.148,-7.002,0.0
1645031725999,-3.148,-7.002,0.0
1645031726001,-3.148,-7.002,0.0
1645031726003,-3.177,-6.737,-0.156
1645031726004,-3.177,-6.737,-0.156
1645031726012,-3.108,-6.747,-0.166
1645031726024,-3.148,-6.864,-0.274
1645031726033,-3.373,-7.041,-0.294
1645031726045,-3.677,-7.227,-0.451
1645031726054,-4.128,-7.629,-0.794
1645031726062,-4.609,-8.414,-1.049
1645031726072,-4.932,-9.395,-1.245
1645031726083,-5.393,-10.709,-1.353
1645031726093,-5.874,-12.101,-1.284
1645031726105,-6.6,-13.602,-1.647
1645031726115,-7.453,-14.818,-2.098
1645031726124,-9.444,-16.22,-3.148
1645031726133,-9.444,-16.22,-3.148
1645031726144,-10.238,-16.073,-4.393
1645031726153,-10.238,-16.073,-4.393
1645031726165,-9.346,-14.955,-5.619
1645031726175,-8.492,-14.2,-6.207
1645031726184,-7.443,-13.327,-6.57
1645031726193,-6.384,-12.503,-6.766
1645031726206,-5.521,-11.807,-6.737
1645031726214,-4.736,-11.307,-6.629
1645031726225,-4.109,-10.817,-6.521
1645031726235,-3.569,-10.532,-6.374
1645031726243,-3.157,-10.316,-6.345
1645031726253,-2.775,-10.061,-6.266
1645031726263,-2.334,-9.787,-6.335
1645031726273,-1.882,-9.522,-6.59
1645031726286,-1.255,-9.228,-6.855
1645031726295,-0.696,-8.914,-6.913
1645031726304,-0.156,-8.728,-6.776
1645031726313,0.353,-8.738,-6.403
1645031726324,1.019,-9.11,-6.021
1645031726333,1.667,-9.561,-5.599
1645031726346,2.402,-9.895,-5.305
1645031726355,3.099,-10.16,-5.246
1645031726364,3.697,-10.346,-4.56
1645031726399,4.609,-10.895,-3.432
1645031726401,4.609,-10.895,-3.432
1645031726402,4.609,-10.895,-3.432
1645031726404,4.991,-11.562,-3.246
1645031726406,4.991,-11.562,-3.246
1645031726409,5.442,-12.297,-2.991
1645031726414,6.207,-12.798,-2.51
1645031726423,7.07,-12.935,-2.0
1645031726432,7.835,-13.141,-1.274
1645031726443,8.551,-13.053,-0.863
1645031726452,8.865,-12.494,-0.117
1645031726466,8.904,-11.788,0.676
1645031726481,7.953,-10.375,1.981
1645031726487,7.953,-10.375,1.981
1645031726492,7.061,-9.885,2.196
1645031726503,5.952,-9.61,2.137
1645031726512,4.619,-9.463,2.118
1645031726525,3.442,-9.169,2.196
1645031726534,2.481,-8.738,2.275
1645031726543,1.961,-8.228,2.177
1645031726552,1.794,-7.688,1.755
1645031726564,1.755,-7.09,0.813
1645031726573,1.755,-7.09,0.813
1645031726586,1.176,-6.796,0.627
1645031726595,0.725,-6.864,0.47
1645031726604,0.147,-7.031,0.353
1645031726613,-0.402,-7.286,0.343
1645031726633,-1.127,-7.698,0.304
1645031726636,-1.667,-8.061,0.147
1645031726646,-2.304,-8.237,0.304
1645031726675,-2.863,-8.404,0.392
1645031726676,-2.863,-8.404,0.392
1645031726676,-2.863,-8.404,0.392
1645031726677,-3.461,-8.904,0.451
1645031726678,-3.461,-8.904,0.451
1645031726683,-3.677,-9.081,0.519
1645031726692,-3.883,-9.179,0.745
1645031726704,-4.04,-9.306,0.676
1645031726714,-4.207,-9.473,0.402
1645031726723,-4.197,-9.601,0.107
1645031726732,-4.521,-9.767,-0.519
1645031726743,-4.805,-9.914,-1.284
1645031726752,-4.687,-9.895,-2.069
1645031726766,-4.776,-9.954,-2.785
1645031726775,-5.021,-10.16,-3.638
1645031726783,-5.315,-10.356,-4.413
1645031726793,-5.629,-10.405,-4.864
1645031726804,-5.874,-10.562,-5.246
1645031726813,-5.815,-10.748,-5.58
1645031726825,-5.413,-10.836,-6.021
1645031726835,-4.785,-10.964,-6.56
1645031726843,-4.001,-11.278,-7.423
1645031726853,-3.314,-11.729,-8.277
1645031726864,-2.745,-12.16,-8.983
1645031726873,-2.216,-12.562,-9.385
1645031726886,-1.804,-12.758,-9.355
1645031726895,-1.676,-12.758,-9.002
1645031726904,-1.657,-12.66,-8.59
1645031726913,-1.618,-12.445,-8.188
1645031726924,-1.588,-12.092,-7.639
1645031726933,-1.549,-11.65,-7.266
1645031726946,-1.412,-11.199,-7.002
1645031726955,-1.157,-10.719,-6.707
1645031726964,-0.931,-10.297,-6.443
1645031726973,-0.813,-10.003,-6.041
1645031727001,-0.98,-9.679,-4.942
1645031727006,-1.216,-9.738,-4.344
1645031727009,-1.382,-9.787,-3.648
1645031727018,-1.51,-9.944,-2.971
1645031727022,-1.647,-10.111,-2.285
1645031727033,-1.804,-10.307,-1.657
1645031727044,-1.814,-10.375,-0.98
1645031727052,-1.716,-10.65,-0.578
1645031727063,-1.529,-10.513,0.186
1645031727074,-1.196,-10.297,1.068
1645031727082,-0.921,-10.022,2.059
1645031727092,-0.588,-9.885,2.589
1645031727102,-0.441,-9.807,3.089
1645031727112,-0.421,-9.61,3.677
1645031727125,-0.382,-9.228,4.138
1645031727134,-0.264,-8.649,4.462
1645031727143,-0.313,-8.179,4.57
1645031727152,-0.5,-7.776,4.315
1645031727162,-0.617,-7.355,4.03
1645031727175,-0.686,-6.913,3.579
1645031727185,-0.715,-6.541,3.01
1645031727194,-0.784,-6.266,2.285
1645031727203,-0.764,-6.021,1.48
1645031727212,-0.755,-5.815,0.755
1645031727223,-0.666,-5.668,0.196
1645031727232,-0.47,-5.599,-0.254
1645031727245,-0.304,-5.629,-0.764
1645031727254,-0.137,-5.815,-1.206
1645031727263,0.039,-6.08,-1.726
1645031727272,0.225,-6.433,-2.265
1645031727283,0.392,-6.874,-2.844
1645031727293,0.48,-7.286,-3.285
1645031727306,0.47,-7.767,-3.55
1645031727315,0.225,-8.375,-3.628
1645031727324,-0.313,-9.189,-3.363
1645031727333,-0.931,-10.356,-3.481
1645031727344,-1.667,-11.346,-3.53
1645031727353,-2.451,-12.141,-3.314
1645031727366,-3.108,-12.945,-2.922
1645031727375,-3.658,-13.69,-2.638
1645031727384,-4.06,-14.21,-2.51
1645031727393,-4.383,-14.475,-2.402
1645031727404,-4.344,-14.2,-3.206
1645031727413,-4.344,-14.2,-3.206
1645031727426,-3.697,-12.906,-4.491
1645031727435,-3.393,-12.906,-5.04
1645031727444,-3.265,-11.954,-5.531
1645031727453,-3.255,-11.611,-5.678
1645031727464,-3.373,-11.258,-5.393
1645031727473,-3.432,-11.013,-4.903
1645031727493,-3.295,-10.836,-4.187
1645031727501,-3.148,-10.679,-3.452
1645031727503,-2.951,-10.493,-2.873
1645031727513,-2.765,-10.326,-2.481
1645031727523,-2.441,-10.297,-2.353
1645031727533,-1.941,-10.405,-2.392
1645031727545,-1.333,-10.493,-2.412
1645031727555,-0.735,-10.62,-2.432
1645031727563,-0.058,-10.719,-2.461
1645031727573,0.755,-10.768,-2.54
1645031727583,1.588,-10.738,-2.598
1645031727593,2.314,-10.601,-2.52
1645031727604,2.883,-10.258,-2.245
1645031727615,3.265,-9.944,-1.804
1645031727624,3.412,-9.65,-1.225
1645031727637,3.373,-9.355,-0.608
1645031727643,3.265,-9.159,0.0
1645031727653,3.108,-8.953,0.657
1645031727677,2.902,-8.639,1.274
1645031727678,2.902,-8.639,1.274
1645031727679,2.902,-8.639,1.274
1645031727683,2.412,-7.875,1.922
1645031727684,2.412,-7.875,1.922
1645031727692,2.147,-7.472,1.775
1645031727703,1.804,-7.012,1.471
1645031727712,1.372,-6.58,1.196
1645031727725,0.813,-6.207,0.853
1645031727734,0.284,-5.864,0.47
1645031727742,-0.254,-5.531,0.196
1645031727752,-0.676,-5.305,0.039
1645031727762,-0.951,-5.187,-0.029
1645031727772,-1.157,-5.236,-0.166
1645031727785,-1.372,-5.374,-0.117
1645031727795,-1.392,-5.482,-0.088
1645031727804,-1.412,-5.737,-0.264
1645031727813,-1.353,-6.109,-0.294
1645031727824,-1.353,-6.953,-0.823
1645031727833,-1.353,-6.953,-0.823
1645031727846,-2.137,-7.776,-1.608
1645031727855,-2.137,-7.776,-1.608
1645031727864,-2.657,-8.649,-2.5
1645031727873,-2.961,-9.169,-2.726
1645031727884,-3.118,-9.757,-2.814
1645031727893,-3.148,-10.228,-3.138
1645031727906,-3.353,-10.611,-3.491
1645031727915,-3.658,-10.915,-3.648
1645031727924,-3.54,-10.807,-3.765
1645031727933,-3.422,-10.581,-3.569
1645031727944,-3.314,-10.571,-3.314
1645031727953,-3.481,-10.65,-3.265
1645031727966,-3.765,-10.738,-3.471
1645031727976,-4.226,-10.875,-3.677
1645031727984,-4.648,-11.042,-3.854
1645031728007,-4.962,-11.199,-4.128
1645031728010,-5.433,-11.356,-4.579
1645031728013,-5.913,-11.601,-4.844
1645031728024,-5.952,-11.591,-5.178
1645031728035,-5.668,-11.562,-5.374
1645031728043,-5.187,-11.64,-5.099
1645031728053,-4.668,-11.837,-4.589
1645031728064,-4.256,-12.17,-3.991
1645031728072,-3.893,-12.396,-3.295
1645031728085,-3.658,-12.533,-2.5
1645031728094,-3.658,-12.543,-1.647
1645031728102,-3.873,-12.268,-0.931
1645031728113,-4.001,-11.64,-0.627
1645031728124,-4.158,-10.905,-0.706
1645031728133,-4.167,-10.238,-0.921
1645031728146,-4.079,-9.601,-1.206
1645031728155,-4.05,-9.14,-1.392
1645031728163,-3.863,-8.708,-1.51
1645031728173,-3.628,-8.443,-1.5
1645031728184,-3.304,-8.375,-1.333
1645031728193,-2.951,-8.375,-0.961
1645031728206,-2.54,-8.443,-0.46
1645031728216,-2.167,-8.473,-0.098
1645031728224,-1.922,-8.512,0.343
1645031728233,-1.843,-8.277,0.931
1645031728244,-1.765,-8.188,1.265
1645031728252,-1.765,-8.169,1.265
1645031728266,-1.686,-8.031,1.343
1645031728274,-1.686,-8.031,1.343
1645031728283,-1.765,-7.894,1.461
1645031728292,-1.843,-7.835,1.5
1645031728303,-2.03,-7.62,1.647
1645031728312,-2.226,-7.482,1.922
1645031728324,-2.412,-7.394,2.069
1645031728334,-2.647,-7.335,2.275
1645031728343,-2.912,-7.325,2.245
1645031728353,-2.902,-7.414,1.951
1645031728364,-2.893,-7.414,1.608
1645031728373,-3.177,-7.404,1.245
1645031728386,-3.677,-7.355,0.774
1645031728395,-4.079,-7.198,0.431
1645031728404,-4.138,-7.198,-0.068
1645031728413,-4.226,-7.345,-0.46
1645031728424,-4.03,-7.521,-0.941
1645031728433,-3.716,-7.806,-1.353
1645031728446,-3.51,-8.08,-1.559
1645031728455,-3.471,-8.237,-1.676
1645031728464,-3.403,-8.208,-1.922
1645031728473,-3.304,-8.031,-2.186
1645031728493,-2.883,-7.806,-2.657
1645031728493,-2.922,-7.914,-2.5
1645031728505,-2.902,-7.992,-2.196
1645031728516,-2.657,-8.169,-2.098
1645031728524,-2.451,-8.414,-2.03
1645031728533,-2.461,-9.091,-1.873
1645031728543,-2.098,-9.581,-0.715
1645031728553,-1.951,-10.061,-0.549
1645031728566,-1.931,-10.611,-0.431
1645031728575,-1.941,-11.072,-0.451
1645031728583,-2.196,-11.464,-0.608
1645031728593,-2.49,-11.846,-1.157
1645031728603,-2.745,-12.19,-1.627
1645031728613,-3.187,-12.513,-2.039
1645031728626,-3.608,-12.866,-2.196
1645031728652,-3.756,-12.984,-2.079
1645031728654,-3.756,-12.984,-2.079
1645031728664,-3.304,-12.7,-1.784
1645031728666,-3.304,-12.7,-1.784
1645031728670,-2.726,-12.464,-1.49
1645031728673,-2.696,-12.768,-1.52
1645031728684,-3.667,-13.278,-1.471
1645031728696,-5.325,-13.543,-1.323
1645031728704,-7.041,-12.925,-1.049
1645031728712,-7.031,-12.621,-1.431
1645031728723,-6.354,-12.18,-2.285
1645031728732,-5.099,-11.405,-2.912
1645031728745,-3.491,-10.385,-3.118
1645031728754,-1.931,-9.346,-3.285
1645031728763,-1.059,-8.541,-3.716
1645031728772,-0.755,-7.992,-3.883
1645031728783,-0.568,-7.727,-4.011
1645031728793,-0.402,-7.659,-4.06
1645031728806,-0.186,-7.845,-3.854
1645031728815,0.166,-7.786,-3.295
1645031728824,0.421,-7.737,-2.647
1645031728833,0.608,-7.708,-1.863
1645031728844,0.382,-7.698,-1.019
1645031728853,0.107,-7.629,-0.323
1645031728871,0.078,-7.335,-1.127
1645031728880,0.147,-7.198,-1.039
1645031728883,-0.186,-7.59,-0.617
1645031728893,-0.392,-7.825,-0.049
1645031728904,-0.539,-7.924,0.647
1645031728913,-1.627,-7.786,0.686
1645031728926,-1.186,-7.472,1.441
1645031728935,-1.333,-7.355,1.951
1645031728944,-1.5,-7.051,2.049
1645031728953,-1.716,-6.6,1.549
1645031728964,-1.775,-6.256,1.167
1645031728973,-1.941,-6.129,0.99
1645031728986,-2.128,-6.266,0.686
1645031729005,-2.275,-6.433,0.254
1645031729013,-2.275,-6.433,0.254
1645031729014,-2.765,-6.874,0.245
1645031729016,-2.765,-6.874,0.245
1645031729023,-3.138,-7.051,0.235
1645031729032,-3.265,-7.031,-0.117
1645031729044,-3.559,-7.149,-0.019
1645031729054,-2.736,-7.325,0.088
1645031729063,-1.51,-7.443,-1.245
1645031729072,-0.608,-7.816,-2.52
1645031729083,0.107,-8.551,-3.069
1645031729092,0.323,-9.179,-3.177
1645031729105,-0.519,-10.003,-5.276
1645031729115,-1.647,-10.287,-6.521
1645031729124,-2.863,-10.807,-3.226
1645031729133,-2.863,-10.807,-0.774
1645031729144,-3.883,-11.591,0.735
1645031729153,-4.697,-11.807,1.49
1645031729166,-5.168,-12.199,0.402
1645031729175,-5.727,-12.082,0.294
1645031729184,-6.541,-12.847,-0.912
1645031729193,-7.041,-13.543,-2.432
1645031729203,-6.345,-13.935,-2.942
1645031729213,-5.482,-13.67,-3.775
1645031729225,-5.021,-13.2,-5.07
1645031729235,-3.922,-12.474,-6.521
1645031729244,-2.441,-11.631,-8.041
1645031729253,-1.333,-11.003,-9.032
1645031729264,-1.078,-11.091,-9.689
1645031729274,-1.343,-11.64,-9.12
1645031729286,-1.961,-11.944,-7.767
1645031729295,-3.197,-12.572,-5.021
1645031729304,-5.178,-13.19,-2.255
1645031729313,-7.227,-13.759,0.0
1645031729324,-8.169,-13.739,2.039
1645031729333,-7.884,-12.464,2.373
1645031729346,-6.551,-11.562,2.265
1645031729355,-4.746,-10.434,0.784
1645031729363,-3.628,-9.297,-0.941
1645031729374,-1.981,-8.894,-2.432
1645031729384,-0.637,-8.394,-2.334
1645031729420,0.519,-8.816,-1.284
1645031729429,0.519,-8.816,-1.284
1645031729430,0.519,-8.816,-1.284
1645031729438,0.304,-9.012,-0.333
1645031729439,0.304,-9.012,-0.333
1645031729439,0.304,-9.012,-0.333
1645031729441,-0.588,-8.953,0.049
1645031729442,-1.382,-8.796,-0.353
1645031729446,-1.382,-8.796,-0.353
1645031729446,-1.382,-8.796,-0.353
1645031729452,-3.412,-9.346,-0.568
1645031729464,-6.011,-10.454,0.0
1645031729479,-7.59,-11.032,1.716
1645031729482,-8.12,-11.258,3.618
1645031729483,-8.12,-11.258,3.618
1645031729503,-5.678,-10.169,2.893
1645031729503,-5.678,-10.169,2.893
1645031729512,-4.726,-9.306,1.578
1645031729523,-3.481,-8.257,-0.058
1645031729534,-3.344,-7.688,-0.931
1645031729542,-3.55,-7.443,-1.618
1645031729552,-4.148,-7.129,-1.627
1645031729562,-6.276,-7.463,-2.441
1645031729573,-7.1,-7.62,-1.676
1645031729583,-7.875,-7.698,-1.99
1645031729594,-8.159,-7.659,-2.03
1645031729604,-8.051,-7.669,-1.873
1645031729612,-7.688,-7.629,-1.775
1645031729623,-7.492,-7.639,-1.647
1645031729637,-7.345,-7.963,-1.833
1645031729644,-7.453,-8.218,-2.343
1645031729661,-7.541,-8.404,-2.667
1645031729663,-7.806,-8.561,-2.942
1645031729674,-7.982,-8.414,-3.167
1645031729684,-8.1,-8.11,-3.412
1645031729692,-8.492,-7.649,-3.667
1645031729705,-9.179,-7.227,-4.236
1645031729714,-9.679,-6.913,-4.844
1645031729723,-9.807,-6.541,-4.795
1645031729732,-9.826,-6.168,-4.413
1645031729743,-9.807,-5.982,-3.559
1645031729752,-9.856,-5.933,-2.451
1645031729765,-9.973,-5.933,-1.578
1645031729776,-10.15,-6.021,-1.108
1645031729784,-10.797,-6.08,-1.117
1645031729793,-11.788,-6.148,-1.696
1645031729804,-12.68,-6.325,-3.099
1645031729813,-12.719,-7.845,-4.089
1645031729826,-11.268,-9.797,-1.922
1645031729835,-8.708,-10.287,4.315
1645031729844,-6.776,-10.444,7.855
1645031729853,-5.04,-9.248,11.16
1645031729864,-4.785,-7.649,12.484
1645031729874,-6.256,-6.364,12.582
1645031729886,-8.757,-5.236,11.788
1645031729895,-11.072,-4.393,10.395
1645031729904,-12.297,-4.462,8.522
1645031729913,-12.248,-5.403,7.08
1645031729924,-10.473,-6.207,6.031
1645031729933,-7.051,-6.335,5.599
1645031729946,-0.5,-5.55,5.168
1645031729955,-0.5,-3.53,5.168
1645031729964,-1.137,1.225,5.658
1645031729974,-4.207,1.833,5.746
1645031730000,-7.178,2.54,5.825
1645031730001,-8.816,2.785,5.639
1645031730007,-8.61,2.216,5.285
1645031730016,-6.286,1.294,4.932
1645031730022,-2.451,0.912,4.442
1645031730032,1.657,1.127,3.805
1645031730042,4.315,1.745,3.648
1645031730052,4.746,2.285,4.354
1645031730066,4.148,2.726,6.237
1645031730075,2.039,2.765,7.747
1645031730083,-0.372,2.451,8.836
1645031730092,-2.716,1.804,9.552
1645031730103,-4.354,0.951,9.973
1645031730112,-4.776,0.617,10.228
1645031730126,-4.57,0.578,10.169
1645031730135,-4.266,0.764,9.787
1645031730144,-4.226,0.441,8.659
1645031730153,-4.432,0.274,7.463
1645031730163,-4.54,0.0,6.237
1645031730179,-5.001,-0.098,4.609
1645031730184,-5.001,-0.098,4.609
1645031730195,-5.207,0.039,4.452
1645031730203,-5.187,0.392,4.991
1645031730213,-5.109,0.47,5.766
1645031730222,-4.923,0.0,6.943
1645031730232,-4.05,-0.882,8.139
1645031730245,-3.187,-1.5,9.277
1645031730254,-3.442,-1.716,10.258
1645031730262,-3.903,-1.5,10.542
1645031730272,-4.56,-1.088,10.081
1645031730283,-5.482,-0.706,8.845
1645031730292,-6.099,-0.549,7.443
1645031730306,-6.619,-0.205,6.678
1645031730315,-6.325,0.441,6.256
1645031730323,-5.109,1.245,5.717
1645031730333,-4.697,1.176,5.364
1645031730344,-3.677,0.97,4.844
1645031730353,-3.383,1.422,4.972
1645031730366,-2.412,1.912,6.099
1645031730376,-2.441,1.99,6.099
1645031730384,-2.883,1.422,7.051
1645031730393,-2.883,1.422,7.051
1645031730404,-4.177,1.186,7.159
1645031730413,-4.481,1.157,7.227
1645031730425,-4.56,1.216,7.276
1645031730435,-4.491,1.225,7.414
1645031730455,-4.373,1.372,7.708
1645031730456,-4.069,1.451,7.933
1645031730463,-3.501,1.529,7.992
1645031730473,-3.069,1.52,8.1
1645031730487,-2.549,1.422,7.992
1645031730514,-2.079,1.382,7.58
1645031730515,-2.079,1.382,7.58
1645031730516,-2.01,1.902,7.531
1645031730519,-2.01,1.902,7.531
1645031730523,-2.118,2.638,7.58
1645031730533,-2.216,2.981,7.855
1645031730546,-2.392,2.853,8.247
1645031730555,-2.736,2.481,8.62
1645031730563,-3.01,1.941,9.238
1645031730573,-2.893,1.176,10.061
1645031730583,-2.363,1.019,10.415
1645031730593,-0.931,1.353,10.111
1645031730606,0.274,1.882,9.659
1645031730615,0.608,2.696,10.091
1645031730623,0.912,3.677,10.787
1645031730633,0.804,4.158,10.248
1645031730644,-0.137,3.177,9.13
1645031730653,-1.088,2.628,8.6
1645031730665,-1.608,2.451,8.659
1645031730675,-1.627,2.471,9.228
1645031730684,-1.422,2.647,9.846
1645031730693,-1.48,2.167,10.022
1645031730704,-1.294,2.343,9.787
1645031730713,-1.147,2.451,9.424
1645031730725,-0.97,2.324,9.051
1645031730735,-0.745,2.118,8.777
1645031730744,-0.137,2.402,9.022
1645031730753,0.127,2.324,9.591
1645031730764,0.313,1.863,10.326
1645031730773,0.176,1.186,11.238
1645031730786,-0.313,0.617,12.592
1645031730795,-0.696,0.313,13.425
1645031730804,-1.176,-0.235,12.651
1645031730813,-1.176,-0.235,12.651
1645031730824,-0.823,-0.745,12.337
1645031730833,-0.274,-0.529,13.19
1645031730846,0.47,-0.098,13.886
1645031730855,0.98,0.323,14.298
1645031730864,1.176,0.313,14.553
1645031730873,0.529,0.137,14.347
1645031730883,-0.088,-0.254,13.543
1645031730893,-0.686,-0.745,12.631
1645031730906,-1.294,-1.167,11.954
1645031730915,-1.559,-1.294,11.689
1645031730924,-1.225,-1.392,11.474
1645031730933,-0.961,-1.323,11.611
1645031730943,-0.372,-0.892,12.052
1645031730953,0.294,-0.362,12.199
1645031730966,0.912,0.049,12.023
1645031730975,1.216,0.402,11.856
1645031730983,1.196,0.696,11.572
1645031731000,0.853,1.019,11.052
1645031731007,0.304,1.304,10.209
1645031731013,-0.235,1.608,9.002
1645031731024,-0.48,1.912,7.992
1645031731035,-0.362,2.285,7.355
1645031731043,-0.068,2.696,7.502
1645031731052,0.402,2.971,7.845
1645031731063,0.774,2.971,8.228
1645031731073,1.147,3.059,8.649
1645031731084,1.755,3.246,8.757
1645031731094,1.922,3.363,8.355
1645031731102,2.412,3.628,8.237
1645031731112,2.451,3.687,7.914
1645031731122,2.265,3.707,7.718
1645031731132,1.951,3.628,7.727
1645031731144,1.539,3.452,7.894
1645031731154,1.216,3.275,8.443
1645031731162,1.0,3.187,9.179
1645031731175,1.098,3.167,9.895
1645031731182,1.265,3.226,10.483
1645031731192,1.333,3.206,10.719
1645031731203,1.274,3.187,10.846
1645031731214,1.176,3.089,10.915
1645031731222,1.019,2.991,10.895
1645031731232,0.951,2.942,10.836
1645031731242,1.059,3.049,10.464
1645031731252,1.353,3.295,10.101
1645031731275,1.333,3.471,9.669
1645031731275,1.333,3.471,9.669
1645031731275,1.333,3.471,9.669
1645031731280,1.265,3.628,9.287
1645031731282,1.196,3.785,8.904
1645031731292,1.157,3.903,8.669
1645031731303,1.117,4.06,8.767
1645031731312,1.167,4.177,8.845
1645031731325,1.265,4.197,8.836
1645031731334,1.392,4.246,8.757
1645031731344,1.353,4.226,8.375
1645031731366,1.225,4.138,8.09
1645031731367,1.225,4.138,8.09
1645031731368,1.255,4.226,8.11
1645031731373,1.245,4.462,8.1
1645031731384,1.147,4.658,7.973
1645031731394,0.98,4.785,7.845
1645031731402,0.676,4.854,7.747
1645031731412,0.647,4.903,7.649
1645031731422,0.813,4.972,7.953
1645031731432,1.059,5.07,8.375
1645031731443,0.99,4.981,8.59
1645031731454,0.784,4.726,8.796
