1645031542881,0.0,4.188847E-4,8.9013E-4
1645031542885,-2.2689589E-4,4.5379178E-4,0.0011693866
1645031542893,-0.0016406318,-8.726765E-4,-4.014312E-4
1645031542908,-0.0042063007,-0.0026878435,-0.0018326206
1645031542920,-0.0076795532,-0.005532769,-0.005305873
1645031542926,-0.011798587,-0.008482415,-0.008272973
1645031542932,-0.01567327,-0.011833494,-0.012566541
1645031542943,-0.019705035,-0.015376559,-0.015481281
1645031542953,-0.023003753,-0.018954534,-0.015952526
1645031542963,-0.024923641,-0.022375425,-0.013509032
1645031542973,-0.024836373,-0.025098177,-0.007382843
1645031542986,-0.022427786,-0.026424645,0.0042412076
1645031542993,-0.01794223,-0.02764639,0.015725631
1645031543003,-0.011432062,-0.027559124,0.029461559
1645031543012,-0.0029147395,-0.024993455,0.04731652
1645031543023,0.0065276204,-0.022689588,0.05839951
1645031543032,0.018500742,-0.014643512,0.0800768
1645031543045,0.031870145,-0.003752509,0.10213806
1645031543053,0.046356577,0.008988568,0.12440876
1645031543062,0.058975477,0.019862117,0.14034383
1645031543073,0.06759752,0.026913343,0.14928004
1645031543082,0.07030282,0.025290165,0.14353783
1645031543092,0.06801641,0.020682434,0.14121652
1645031543106,0.057858452,0.0074875643,0.12774238
1645031543112,0.037699625,-0.018483289,0.080041885
1645031543123,0.016476132,-0.03480234,0.04864299
1645031543132,-0.0028449253,-0.05082468,0.005829479
1645031543142,-0.008953661,-0.04593769,0.0030194607
1645031543153,-9.773977E-4,-0.03698403,-0.008360241
1645031543165,0.033144254,-0.016423771,0.0051662447
1645031543172,0.10346453,0.014468976,0.037786894
1645031543183,0.21497513,0.07224016,0.1379527
1645031543192,0.3707479,0.170329,0.3646566
1645031543207,0.57278997,0.29133433,0.68855923
1645031543213,0.7996684,0.4183262,1.0463392
1645031543226,1.021974,0.53837156,1.3684615
1645031543236,1.2195654,0.66808623,1.6995026
1645031543242,1.3533816,0.7407104,1.8885766
1645031543255,1.4383628,0.7741513,2.014504
1645031543262,1.4648573,0.7968584,2.1406405
1645031543272,1.4261802,0.7455799,2.127533
1645031543296,1.316066,0.614469,1.9691596
1645031543296,1.316066,0.614469,1.9691596
1645031543297,1.316066,0.614469,1.9691596
1645031543297,1.0990663,0.38211012,1.5620561
1645031543306,0.88726765,0.23776944,1.2973907
1645031543313,0.60595167,0.023946242,0.7898595
1645031543323,0.18624662,-0.32126713,-0.11278471
1645031543338,-0.17533816,-0.5111441,-0.7409198
1645031543346,-0.54226375,-0.80321145,-1.4545597
1645031543356,-0.8372458,-1.0658522,-2.046339
1645031543363,-1.109835,-1.3225412,-2.6283445
1645031543373,-1.3694738,-1.5225413,-3.2205951
1645031543388,-1.5688106,-1.612776,-3.6750503
1645031543393,-1.6605289,-1.6071385,-3.9309537
1645031543409,-1.6288332,-1.5245135,-3.9385111
1645031543413,-1.4879832,-1.346086,-3.623859
1645031543423,-1.3062222,-1.1587398,-3.2623615
1645031543434,-1.1557204,-0.9998778,-3.0767083
1645031543443,-1.0504582,-0.80699885,-3.0212584
1645031543453,-0.97608864,-0.54481196,-3.0293045
1645031543476,-0.94139105,-0.18500742,-3.0017278
1645031543476,-0.94139105,-0.18500742,-3.0017278
1645031543477,-0.94139105,-0.18500742,-3.0017278
1645031543478,-0.9507985,0.22921722,-2.9452832
1645031543483,-0.99490356,0.6090584,-2.9334497
1645031543493,-1.0527097,0.8821363,-2.9533992
1645031543503,-1.105332,1.031905,-2.8487825
1645031543513,-1.1246008,1.0055851,-2.670931
1645031543526,-1.0804608,0.7947639,-2.4519942
1645031543533,-0.9689327,0.504215,-2.042447
1645031543546,-0.7845362,0.15694214,-1.598499
1645031543554,-0.7845362,0.15694214,-1.598499
1645031543563,-0.25736976,-0.29763505,-0.38450128
1645031543576,-0.25736976,-0.29763505,-0.38450128
1645031543587,0.18546121,-0.38984203,0.5755825
1645031543593,0.18546121,-0.38984203,0.5755825
1645031543610,0.34893098,-0.32844052,0.96699536
1645031543614,0.46508422,-0.20904092,1.3080548
1645031543622,0.54697615,-0.08260756,1.5270094
1645031543632,0.60748756,0.028344532,1.6084476
1645031543646,0.6496378,0.15072869,1.6685749
1645031543652,0.68478924,0.29262587,1.7838206
1645031543664,0.71093464,0.40556768,1.8778602
1645031543672,0.71390176,0.43424383,1.8289205
1645031543683,0.68866396,0.4105245,1.685243
1645031543692,0.62981063,0.3595078,1.449952
1645031543706,0.5255258,0.38874248,1.267231
1645031543716,0.41197312,0.41478315,1.0406842
1645031543723,0.3013352,0.43450564,0.74769175
1645031543732,0.1777293,0.45485646,0.40628326
1645031543743,0.048416093,0.4769875,0.055711668
1645031543752,-0.07611484,0.47930884,-0.32039446
1645031543767,-0.19286151,0.46552056,-0.6235448
1645031543772,-0.2519417,0.40511388,-0.7058906
1645031543783,-0.26115716,0.3052797,-0.68026876
1645031543792,-0.24775286,0.26494458,-0.45721266
1645031543802,-0.27016318,0.23984641,-0.4569683
1645031543812,-0.31365737,0.26583472,-0.5641679
1645031543830,-0.33158216,0.28370714,-0.6872851
1645031543834,-0.3053146,0.32297757,-0.5276726
1645031543844,-0.27180383,0.30969542,-0.32894668
1645031543853,-0.27854088,0.23164324,-0.2021817
1645031543864,-0.31735754,0.03598918,-0.2106292
1645031543873,-0.37598395,-0.23417401,-0.16868837
1645031543890,-0.4469151,-0.529191,0.016842656
1645031543894,-0.4469151,-0.529191,0.016842656
1645031543904,-0.6268959,-1.1901039,0.30627453
1645031543913,-0.6919975,-1.3669605,0.47667336
1645031543924,-0.7047561,-1.3679379,0.7151235
1645031543933,-0.6569683,-1.1416878,1.1277249
1645031543950,-0.56779826,-0.738389,1.5797714
1645031543953,-0.56779826,-0.738389,1.5797714
1645031543964,-0.3706257,0.2916834,2.0653808
1645031543973,-0.3706257,0.2916834,2.0653808
1645031543984,-0.09995636,1.0460249,2.4480321
1645031543994,0.020630073,1.2397068,2.5026617
1645031544010,0.1401344,1.3323326,2.508561
1645031544013,0.1401344,1.3323326,2.508561
1645031544024,0.4101754,1.3187189,2.581726
1645031544033,0.53612006,1.2553277,2.5577276
1645031544044,0.65831226,1.139698,2.453879
1645031544053,0.7765599,1.0470896,2.5303779
1645031544070,0.8742648,0.89995635,2.554289
1645031544073,0.8742648,0.89995635,2.554289
1645031544084,0.9283009,0.48827997,2.640527
1645031544093,0.91919017,0.29487738,2.6781394
1645031544104,0.85080725,0.08697094,2.5439742
1645031544113,0.74915785,-0.091142334,2.309835
1645031544130,0.6345056,-0.21214765,2.0446985
1645031544133,0.6345056,-0.21214765,2.0446985
1645031544144,0.34025657,-0.40415394,1.2413299
1645031544153,0.18961515,-0.5505192,0.72196525
1645031544164,0.060598657,-0.6859586,0.31983593
1645031544173,-0.07356663,-0.85880095,-0.08770399
1645031544193,-0.19527009,-0.98296535,-0.33056986
1645031544217,-0.36107862,-1.1748146,-0.7527009
1645031544218,-0.36107862,-1.1748146,-0.7527009
1645031544219,-0.40186754,-1.2697966,-0.9137621
1645031544223,-0.271542,-1.3340431,-0.8989266
1645031544233,-0.17004974,-1.3119121,-0.88189197
1645031544247,-0.06496204,-1.2143118,-0.91081244
1645031544252,-0.03776944,-1.0786631,-1.1577973
1645031544263,-0.22801292,-1.0293568,-1.9384763
1645031544273,-0.66545075,-1.0921197,-3.253722
1645031544283,-1.203962,-1.1047038,-4.517968
1645031544293,-1.78122,-1.0872327,-5.7334847
1645031544307,-2.2699885,-0.9211973,-6.526503
1645031544312,-2.5835063,-0.65606076,-6.9154377
1645031544323,-2.7225413,-0.3250371,-6.964133
1645031544332,-2.644262,-0.29311457,-6.4391484
1645031544344,-2.3880792,-0.29819357,-5.6684704
1645031544353,-2.017087,-0.3003578,-4.789685
1645031544370,-1.6044158,0.24857317,-3.786456
1645031544374,-1.2018676,0.6754167,-2.8397765
1645031544384,-0.85110396,0.89349854,-1.9411467
1645031544393,-0.5524217,0.8837071,-1.3181953
1645031544404,-0.32147658,0.7205341,-0.8113099
1645031544413,-0.14804085,0.4808971,-0.36216074
1645031544430,-0.009878698,0.22443494,0.009163103
1645031544433,-0.009878698,0.22443494,0.009163103
1645031544444,0.24719435,-0.12447858,0.6223754
1645031544453,0.36746663,-0.17186491,1.0096693
1645031544464,0.4945807,-0.13783053,1.4132298
1645031544473,0.6272275,-0.038729385,1.8305612
1645031544490,0.75730866,0.10304564,2.23194
1645031544494,0.86246616,0.2383105,2.5616198
1645031544511,0.9632429,0.37113187,2.883812
1645031544519,0.9632429,0.37113187,2.883812
1645031544540,0.99954623,0.4132996,3.156593
1645031544543,0.6803386,0.28257266,2.167362
1645031544546,0.7206563,0.22443494,2.4131775
1645031544553,0.7405358,0.15968235,2.7726853
1645031544563,0.6798673,0.16305088,2.7300289
1645031544573,0.57621086,0.1557553,2.4758008
1645031544583,0.43438345,0.1601536,2.093132
1645031544593,0.2697443,0.1314949,1.5207784
1645031544607,0.10501789,0.11953922,0.9630858
1645031544612,-0.06258836,0.13851121,0.39694563
1645031544623,-0.21277599,0.15186316,-0.14676674
1645031544632,-0.34208918,0.135963,-0.69751287
1645031544644,-0.44948077,0.09634349,-1.1749716
1645031544658,-0.4986648,0.041713938,-1.5393316
1645031544684,-0.49124706,0.03080548,-1.6941094
1645031544685,-0.49124706,0.03080548,-1.6941094
1645031544685,-0.49124706,0.03080548,-1.6941094
1645031544686,-0.5028711,0.12355354,-1.9127498
1645031544687,-0.5028711,0.12355354,-1.9127498
1645031544692,-0.5254734,0.2635832,-2.1786718
1645031544713,-0.49252117,0.36385375,-2.2856445
1645031544726,-0.3584955,0.3416354,-2.1627367
1645031544741,-0.3584955,0.3416354,-2.1627367
1645031544741,-0.3584955,0.3416354,-2.1627367
1645031544742,-0.3584955,0.3416354,-2.1627367
1645031544743,0.106920324,0.0660267,-1.0984379
1645031544743,0.106920324,0.0660267,-1.0984379
1645031544752,0.20111702,0.0015359106,-0.8003665
1645031544779,0.2959246,-0.07232743,-0.4798848
1645031544779,0.3747622,-0.11660703,-0.05058033
1645031544827,0.41741863,-0.16148005,0.19853391
1645031544829,0.41741863,-0.16148005,0.19853391
1645031544830,0.39780086,-0.15901911,0.35603455
1645031544830,0.32720134,-0.11576927,0.5070076
1645031544831,0.24644384,-0.03333624,0.7638014
1645031544836,0.24644384,-0.03333624,0.7638014
1645031544837,0.16849639,0.21958286,1.2120779
1645031544889,0.15839079,0.34891352,1.2771795
1645031544889,0.15839079,0.34891352,1.2771795
1645031544890,0.15839079,0.34891352,1.2771795
1645031544890,0.15839079,0.34891352,1.2771795
1645031544890,0.15839079,0.34891352,1.2771795
1645031544891,0.64192337,1.1601536,1.9722838
1645031544891,0.64192337,1.1601536,1.9722838
1645031544891,0.64192337,1.1601536,1.9722838
1645031544892,0.64192337,1.1601536,1.9722838
1645031544892,0.8041365,1.2978445,2.0755913
1645031544906,0.97771186,1.4404572,2.2398114
1645031544912,1.1600139,1.5179161,2.307374
1645031544923,1.3362771,1.5715857,2.4321146
1645031544933,1.4949472,1.5625447,2.55675
1645031544942,1.6209093,1.4891875,2.6896589
1645031544953,1.7073218,1.3394886,2.8191814
1645031544966,1.7388602,1.1559823,3.022899
1645031544974,1.648835,0.8616284,3.0989265
1645031544986,1.5375513,0.54428834,3.1268175
1645031544992,1.3722663,0.28185704,3.1653895
1645031545003,1.1480932,-0.08196177,2.9383018
1645031545012,0.87066936,-0.43454054,2.6348023
1645031545025,0.49000785,-0.83532596,2.1281962
1645031545035,0.10370888,-1.2135963,1.5979929
1645031545042,-0.32554325,-1.5941356,0.89482504
1645031545053,-0.74585915,-2.0009775,0.0083776945
1645031545062,-1.154586,-2.3626842,-0.91671175
1645031545073,-1.5498385,-2.6812637,-1.9199232
1645031545093,-1.9001658,-2.9895978,-2.984379
1645031545094,-1.9001658,-2.9895978,-2.984379
1645031545094,-2.1783228,-3.285243,-4.083201
1645031545104,-2.3835063,-3.4829915,-5.042011
1645031545114,-2.5337813,-3.5219305,-5.744463
1645031545123,-2.697897,-3.5361202,-6.481002
1645031545137,-2.7908545,-3.4113274,-6.8871455
1645031545149,-2.8015184,-3.2235274,-7.05449
1645031545156,-2.8015184,-3.2235274,-7.05449
1645031545166,-2.4846497,-2.3715334,-6.3688803
1645031545174,-2.4846497,-2.3715334,-6.3688803
1645031545187,-1.9351078,-1.099136,-4.8855047
1645031545194,-1.611851,-0.27393314,-3.8775635
1645031545224,-1.3139715,0.53727204,-2.9840126
1645031545225,-1.3139715,0.53727204,-2.9840126
1645031545226,-1.3139715,0.53727204,-2.9840126
1645031545226,-0.83258575,1.8093202,-1.5598918
1645031545227,-0.83258575,1.8093202,-1.5598918
1645031545233,-0.6821363,2.164796,-1.1240423
1645031545243,-0.5729994,2.300166,-0.80722576
1645031545254,-0.47292084,2.1977835,-0.62281173
1645031545272,-0.37203944,1.9708003,-0.321494
1645031545274,-0.24974257,1.6488,0.015149664
1645031545284,-0.10671088,1.2512261,0.22808273
1645031545293,0.039828956,0.90267915,0.5888646
1645031545303,0.18746836,0.60877913,0.99783576
1645031545317,0.33845887,0.35266602,1.3669953
1645031545326,0.49278298,0.12812637,1.621625
1645031545342,0.49278298,0.12812637,1.621625
1645031545343,0.7813771,0.035168864,2.410734
1645031545356,0.9163976,0.096675105,2.730151
1645031545364,1.0374378,0.17919539,3.0056374
1645031545373,1.1341827,0.26932544,3.2380662
1645031545386,1.213317,0.34837246,3.4397068
1645031545393,1.253914,0.35100794,3.432708
1645031545403,1.2508945,0.31175494,3.3319836
1645031545413,1.2142246,0.25087705,3.1924775
1645031545423,1.1510952,0.17823544,2.9950607
1645031545433,1.0685924,0.13390349,2.7472553
1645031545446,0.96778077,0.12906885,2.3743434
1645031545454,0.8819792,0.23577973,2.0271926
1645031545464,0.8102976,0.39900514,1.6111877
1645031545473,0.72170347,0.55097306,1.0961864
1645031545484,0.5945545,0.6750676,0.5819181
1645031545493,0.5945545,0.6750676,0.5819181
1645031545510,0.012339646,0.17760712,-0.5839253
1645031545513,0.012339646,0.17760712,-0.5839253
1645031545523,-0.64661837,-1.0277686,-1.6190069
1645031545533,-0.9558077,-1.639026,-2.0903046
1645031545544,-1.2473689,-2.109224,-2.4879658
1645031545553,-1.5088228,-2.477703,-2.9141285
1645031545570,-1.6755563,-2.7485294,-3.2092679
1645031545573,-1.6755563,-2.7485294,-3.2092679
1645031545584,-1.6659569,-3.1652849,-3.495942
1645031545593,-1.5930011,-3.236059,-3.5029235
1645031545604,-1.492591,-3.1368356,-3.3257875
1645031545613,-1.3572214,-2.9561567,-3.0197399
1645031545627,-1.2348373,-2.7851295,-2.7490532
1645031545634,-1.1832097,-2.6038048,-2.5614276
1645031545644,-1.2806877,-2.4187102,-2.539122
1645031545653,-1.4592547,-2.1678157,-2.5619164
1645031545664,-1.616127,-1.8506676,-2.5005846
1645031545680,-1.6791168,-1.4703028,-2.275539
1645031545721,-1.6168077,-1.0066323,-1.8483288
1645031545722,-1.6168077,-1.0066323,-1.8483288
1645031545724,-1.6168077,-1.0066323,-1.8483288
1645031545726,-1.4597783,-0.44918406,-1.1942927
1645031545727,-1.2014138,0.13140763,-0.50887513
1645031545730,-1.2014138,0.13140763,-0.50887513
1645031545730,-0.83239377,0.6495331,0.2810891
1645031545746,-0.4343311,1.0525002,1.0442622
1645031545755,-0.06136661,1.3219652,1.6594467
1645031545755,-0.06136661,1.3219652,1.6594467
1645031545756,-0.06136661,1.3219652,1.6594467
1645031545756,0.21897198,1.4298106,1.9133083
1645031545762,0.47705734,1.4521337,2.15963
1645031545773,0.6806004,1.3595078,2.2174885
1645031545782,0.8623615,1.2144516,2.2428484
1645031545792,1.0160573,1.0509818,2.2648048
1645031545809,1.102522,0.8450301,2.1185617
1645031545813,1.1173575,0.6118509,1.8879309
1645031545823,1.0891701,0.3595078,1.5395235
1645031545832,1.0360241,0.112941794,1.1921284
1645031545842,0.9538005,-0.12550834,0.8730954
1645031545852,0.79731214,-0.40129155,0.45098177
1645031545867,0.5864037,-0.6931495,-0.018186579
1645031545873,0.23633824,-1.0758356,-0.7565582
1645031545883,-0.16851383,-1.5005672,-1.6235448
1645031545892,-0.604887,-1.9091369,-2.5024347
1645031545904,-1.1322978,-2.2920673,-3.4965355
1645031545913,-1.6329871,-2.582494,-4.3604155
1645031545933,-2.2167728,-2.8448555,-5.328999
1645031545933,-2.2167728,-2.8448555,-5.328999
1645031545936,-2.8019025,-2.9656863,-6.1421065
1645031545944,-3.282276,-2.8542979,-6.5738025
1645031545953,-3.319993,-2.5018065,-6.545126
1645031545964,-3.3081944,-1.9778863,-6.0375776
1645031545973,-3.3015795,-1.4680687,-5.5013876
1645031545990,-3.2964132,-1.0327429,-4.8258486
1645031545993,-3.2964132,-1.0327429,-4.8258486
1645031546004,-3.1073742,-0.638677,-3.9222095
1645031546013,-2.9203944,-0.6392879,-3.643145
1645031546025,-2.6306136,-0.73943627,-3.4138582
1645031546033,-2.2171044,-0.8650493,-3.1648138
1645031546050,-1.7290863,-0.88824505,-2.8048697
1645031546054,-1.2238415,-0.64187104,-2.3343573
1645031546064,-0.735963,-0.15025744,-1.7268348
1645031546073,-0.31526312,0.47663844,-0.9950781
1645031546084,-0.0919801,1.099136,-0.4355354
1645031546093,-0.036373157,1.5927044,-0.076551184
1645031546110,-0.093760364,1.8579109,-6.457806E-4
1645031546113,-0.093760364,1.8579109,-6.457806E-4
1645031546125,-0.29503447,1.700096,-0.35039708
1645031546133,-0.3596998,1.5258574,-0.5149315
1645031546146,-0.36711755,1.3331007,-0.6515752
1645031546153,-0.3066236,1.1372895,-0.8253251
1645031546170,-0.15303256,0.9677633,-0.87171656
1645031546173,-0.15303256,0.9677633,-0.87171656
1645031546184,0.3883585,0.6574396,-0.73343223
1645031546193,0.6547168,0.52521163,-0.6674579
1645031546216,0.8847892,0.40499172,-0.5435204
1645031546222,0.8847892,0.40499172,-0.5435204
1645031546239,1.0212759,0.23377258,-0.4773017
1645031546240,1.0212759,0.23377258,-0.4773017
1645031546241,1.1567327,-0.19120342,-0.46953487
1645031546242,1.1130815,-0.41464353,-0.53927916
1645031546253,1.0167379,-0.6320447,-0.68733746
1645031546264,0.87119293,-0.81260145,-0.81844836
1645031546273,0.673427,-0.94701105,-0.9684964
1645031546289,0.45763156,-0.986648,-1.0632865
1645031546293,0.24101579,-0.87543416,-1.0709486
1645031546304,0.061436426,-0.69805396,-0.9728772
1645031546313,-0.057858452,-0.4770748,-0.7638014
1645031546323,-0.13259447,-0.23689677,-0.52062136
1645031546333,-0.18533903,-0.009983419,-0.30889258
1645031546350,-0.26883674,0.23815341,-0.07323501
1645031546353,-0.26883674,0.23815341,-0.07323501
1645031546364,-0.5021904,0.65649706,0.23900864
1645031546373,-0.5783925,0.8099485,0.30079412
1645031546384,-0.6088489,0.93650407,0.3320534
1645031546393,-0.5978358,1.0417489,0.37587923
1645031546410,-0.57470983,1.1034994,0.26260582
1645031546413,-0.57470983,1.1034994,0.26260582
1645031546424,-0.4590104,1.1869447,0.09330657
1645031546433,-0.38624662,1.2090235,0.04464613
1645031546443,-0.32231435,1.1549873,-0.09721616
1645031546453,-0.26852256,1.003927,-0.33114582
1645031546467,-0.22911249,0.73861593,-0.61815166
1645031546473,-0.21045466,0.38247666,-0.95521426
1645031546483,-0.24047473,-0.012549088,-1.3491055
1645031546492,-0.3151584,-0.3773977,-1.6671263
1645031546504,-0.4209966,-0.6597434,-1.8825028
1645031546512,-0.54648745,-0.8403002,-2.04791
1645031546525,-0.670425,-0.88396895,-2.0485382
1645031546532,-0.7753382,-0.7919016,-1.8756087
1645031546542,-0.8481543,-0.61869276,-1.6183785
1645031546557,-0.8882101,-0.43415657,-1.4320272
1645031546563,-0.8808448,-0.27250198,-1.2983681
1645031546572,-0.8258661,-0.13084911,-1.1850249
1645031546587,-0.7311982,-0.011484423,-1.1390697
1645031546592,-0.6059342,0.09053146,-1.1751287
1645031546603,-0.44654855,0.17771184,-1.185182
1645031546612,-0.26272798,0.26094773,-1.1713936
1645031546623,-0.08505105,0.3349856,-1.204887
1645031546632,0.079169214,0.3941007,-1.1923728
1645031546650,0.22056025,0.41518456,-1.1888646
1645031546653,0.22056025,0.41518456,-1.1888646
1645031546664,0.42698315,0.28218868,-1.1906449
1645031546673,0.4833406,0.16010123,-1.2581377
1645031546685,0.48016405,-0.08655205,-1.4533554
1645031546693,0.4509992,-0.36497077,-1.7092416
1645031546743,0.3445676,-0.58902174,-1.8972685
1645031546744,0.3445676,-0.58902174,-1.8972685
1645031546744,0.3445676,-0.58902174,-1.8972685
1645031546744,0.3445676,-0.58902174,-1.8972685
1645031546745,0.3445676,-0.58902174,-1.8972685
1645031546747,-0.08192687,-0.83967185,-1.8909853
1645031546752,-0.08192687,-0.83967185,-1.8909853
1645031546752,-0.08192687,-0.83967185,-1.8909853
1645031546753,-0.08192687,-0.83967185,-1.8909853
1645031546754,-0.13505541,-0.92475784,-1.8441924
1645031546771,-0.14762196,-1.0251156,-1.8220961
1645031546772,-0.07618466,-1.0786456,-1.7646565
1645031546808,0.029304476,-1.0790819,-1.6783838
1645031546809,0.11418099,-1.0311196,-1.5801029
1645031546809,0.1611659,-0.909486,-1.343311
1645031546815,0.15599965,-0.7667336,-1.0841435
1645031546827,0.124530934,-0.6492015,-0.83888644
1645031546836,0.07911685,-0.6189371,-0.740466
1645031546842,0.039619513,-0.73852867,-0.85503095
1645031546852,0.030788027,-1.0296361,-1.099712
1645031546862,0.037891615,-1.4773191,-1.5074439
1645031546872,0.036373157,-1.9564011,-1.9058731
1645031546888,0.011135352,-2.3533816,-2.2654681
1645031546892,0.0028798324,-2.553975,-2.400611
1645031546902,0.0016929924,-2.4989614,-2.3052099
1645031546913,0.0012566542,-2.2849288,-2.1738372
1645031546923,0.025813771,-1.8233005,-1.7704163
1645031546935,0.028257266,-1.1973646,-1.2438956
1645031546950,0.0015359106,-0.64522207,-0.8076272
1645031546955,-0.026494458,-0.24455886,-0.48489398
1645031546964,-0.07110568,0.034837246,-0.26101753
1645031546973,-0.15130465,0.22385898,-0.12842308
1645031546984,-0.25126103,0.3515141,0.14402653
1645031546993,-0.340274,0.41977486,0.40073305
1645031547006,-0.33337986,0.5047037,0.70079416
1645031547020,-0.362824,0.3658958,0.7613055
1645031547026,-0.4024435,0.15399249,0.7418099
1645031547039,-0.44138232,-0.13727202,0.5535213
1645031547043,-0.4816127,-0.42330047,0.32124966
1645031547055,-0.5210402,-0.65972596,0.080670215
1645031547070,-0.54781395,-0.81638885,-0.107950084
1645031547072,-0.57050353,-0.8299503,-0.2037525
1645031547083,-0.552474,-0.6651889,-0.13522995
1645031547094,-0.51203424,-0.34741253,0.026738808
1645031547102,-0.45747447,0.12521163,0.39099398
1645031547115,-0.43101493,0.65668905,0.8560782
1645031547125,-0.44616458,1.1909765,1.413736
1645031547134,-0.5076708,1.7057859,2.0201938
1645031547144,-0.60696393,2.1343572,2.5332577
1645031547152,-0.7248451,2.470425,2.9321756
1645031547163,-0.8395497,2.6663933,3.2428832
1645031547173,-0.9185618,2.6970766,3.3481107
1645031547188,-0.9530849,2.5931232,3.2717688
1645031547193,-0.9536783,2.429741,2.9964745
1645031547203,-0.76694304,1.6963086,1.8776333
1645031547221,-0.35821626,-0.105733484,-1.0147657
1645031547224,-0.35821626,-0.105733484,-1.0147657
1645031547235,-0.5216336,-2.7226808,-4.4724145
1645031547254,-0.6547517,-2.9522123,-4.6142597
1645031547255,-0.6547517,-2.9522123,-4.6142597
1645031547255,-0.6786631,-2.5634174,-3.9561567
1645031547265,-0.61499256,-1.8459901,-2.9718475
1645031547273,-0.49287024,-0.94292694,-1.838136
1645031547283,-0.33020332,-0.056881055,-0.75462085
1645031547297,-0.13022079,0.45147046,-0.357553
1645031547306,0.14683655,0.37647265,-0.84637403
1645031547317,0.39144778,0.2787678,-1.3945545
1645031547323,0.5890741,0.5421066,-1.3958112
1645031547333,0.77546036,0.9547779,-1.2121651
1645031547346,0.9566978,1.4905664,-0.7246182
1645031547353,1.0677023,2.1197312,-0.10519242
1645031547366,1.131303,2.741775,0.609966
1645031547373,1.1609913,3.2162144,1.2394973
1645031547383,1.1822672,3.423126,1.5875033
1645031547393,1.2202287,3.3491929,1.4885592
1645031547407,1.3816215,3.0427785,1.0653809
1645031547413,1.6098263,2.624138,0.49304476
1645031547430,1.8282747,2.1697357,-0.1752858
1645031547433,1.8282747,2.1697357,-0.1752858
1645031547444,1.3393838,1.4136312,-0.55798936
1645031547453,1.0796405,0.99303603,-0.8012741
1645031547464,0.8676673,0.47929138,-1.0745615
1645031547473,0.5734008,-0.11187713,-1.3925124
1645031547490,0.27895978,-0.8953312,-1.8550484
1645031547494,0.12964483,-2.193647,-2.7391047
1645031547504,0.0066323415,-3.4896762,-3.5056288
1645031547513,-0.10669343,-4.7192426,-4.0813856
1645031547524,-0.26738808,-5.74448,-4.365721
1645031547533,-0.45136574,-6.2015357,-4.241522
1645031547550,-0.46712628,-5.795968,-3.7330656
1645031547553,-0.46712628,-5.795968,-3.7330656
1645031547564,-0.6462868,-1.7580767,-1.2813684
1645031547573,-0.7469936,0.19296622,-0.17933503
1645031547584,-0.8522559,1.7269396,0.5683742
1645031547594,-0.88494635,2.700131,0.9074788
1645031547611,-0.8063531,3.135736,0.90484333
1645031547616,-0.5572389,3.1641154,0.526381
1645031547624,-0.21075137,2.9260144,-0.07775547
1645031547634,0.16031067,2.5547953,-0.82157254
1645031547644,0.49910113,2.1357186,-1.5211799
1645031547658,0.765634,1.7227856,-2.1276376
1645031547717,0.945353,1.313064,-2.6395671
1645031547718,0.945353,1.313064,-2.6395671
1645031547719,0.945353,1.313064,-2.6395671
1645031547720,0.945353,1.313064,-2.6395671
1645031547721,0.945353,1.313064,-2.6395671
1645031547721,0.7725107,-0.0013962823,-3.3608866
1645031547722,0.7725107,-0.0013962823,-3.3608866
1645031547722,0.61047214,-0.32594466,-3.391186
1645031547723,0.61047214,-0.32594466,-3.391186
1645031547723,0.61047214,-0.32594466,-3.391186
1645031547734,0.44038746,-0.5605376,-3.3125927
1645031547735,0.2883672,-0.7195392,-3.2105594
1645031547742,0.17668208,-0.7831923,-3.043599
1645031547752,0.112854525,-0.7419845,-2.8563051
1645031547762,0.096832186,-0.62656426,-2.6160922
1645031547772,0.2032638,-0.5747273,-2.5966315
1645031547785,0.3553015,-0.6609128,-2.6744568
1645031547792,0.47103587,-0.8640196,-2.693097
1645031547802,0.5601885,-1.1110219,-2.7093987
1645031547812,0.63986385,-1.1518283,-2.6575618
1645031547825,0.6157082,-0.75109524,-2.4178898
1645031547833,0.3868924,0.14739506,-1.8518894
1645031547847,-0.021991448,1.3631905,-0.918492
1645031547852,-0.495401,2.5721266,0.27761585
1645031547863,-1.0463216,3.657841,1.7513745
1645031547872,-1.6994327,4.4439654,3.50514
1645031547883,-2.338005,4.6870756,4.9810805
1645031547892,-2.8813684,4.381517,5.8683653
1645031547929,-2.8813684,4.381517,5.8683653
1645031547929,-2.8813684,4.381517,5.8683653
1645031547931,-2.8813684,4.381517,5.8683653
1645031547932,-2.8813684,4.381517,5.8683653
1645031547935,-3.1775897,1.6863077,4.6754518
1645031547938,-3.1775897,1.6863077,4.6754518
1645031547939,-2.7562265,0.9338686,3.5708876
1645031547943,-2.2859762,0.37128896,2.511528
1645031547953,-1.7888297,0.019705035,1.648451
1645031547974,-1.1942054,-0.17057335,0.6761497
1645031547977,-0.55573785,-0.1903831,-0.17655991
1645031547982,0.021240946,-0.12255869,-0.8784536
1645031547992,0.51330835,-0.03941007,-1.4814905
1645031548002,0.9155773,0.02012392,-2.0343835
1645031548012,1.2509992,0.02136312,-2.6426914
1645031548036,1.5106205,-0.037804347,-3.2530937
1645031548037,1.5106205,-0.037804347,-3.2530937
1645031548037,1.5106205,-0.037804347,-3.2530937
1645031548038,1.6623963,-0.17738022,-3.7600315
1645031548043,1.7825116,-0.3801379,-4.2029495
1645031548052,1.8851383,-0.6336679,-4.586072
1645031548063,2.0057247,-0.92302996,-4.9733834
1645031548072,2.1177065,-1.2596736,-5.185758
1645031548087,2.2124794,-1.7267824,-5.3806963
1645031548092,2.2184658,-1.7713064,-5.3737674
1645031548103,2.1832447,-1.7628239,-4.9379354
1645031548112,2.0232482,-2.610856,-4.127638
1645031548123,1.7654594,-3.2779648,-3.2513657
1645031548134,1.4722402,-3.5083864,-2.2259185
1645031548150,1.1810803,-3.4511912,-1.3609914
1645031548153,1.1810803,-3.4511912,-1.3609914
1645031548164,0.6217471,-2.783262,0.036320794
1645031548173,0.3681473,-2.3354568,0.5908718
1645031548184,0.15078105,-1.878698,1.0650668
1645031548193,-0.049847282,-1.4527097,1.4559909
1645031548211,-0.29688454,-1.0520988,1.7809232
1645031548215,-0.57650757,-0.7082817,2.0964656
1645031548239,-0.8639672,-0.44204554,2.3268523
1645031548240,-1.1199582,-0.25351253,2.3847456
1645031548243,-1.2902348,-0.09428397,2.2888384
1645031548252,-1.3494371,0.068225846,2.094895
1645031548269,-1.3082469,0.22115368,1.7363819
1645031548272,-1.1632428,0.34374726,1.3408151
1645031548283,-0.9575181,0.40656254,0.88690114
1645031548292,-0.70184135,0.40609127,0.47108823
1645031548304,-0.4378567,0.3392966,0.10316782
1645031548312,-0.20628327,0.21930361,-0.2769177
1645031548327,-0.010227769,0.068732,-0.5568723
1645031548333,0.1283358,-0.095418446,-0.7255781
1645031548343,0.22092678,-0.2534427,-0.8936905
1645031548353,0.2640719,-0.34180993,-0.9400122
1645031548364,0.2494633,-0.37004974,-0.959246
1645031548373,0.19490357,-0.32097042,-0.85508335
1645031548390,0.11159787,-0.22490619,-0.7528929
1645031548393,0.11159787,-0.22490619,-0.7528929
1645031548404,0.005270966,-0.15812898,-0.40335107
1645031548413,-0.01864037,-0.17736277,-0.22356227
1645031548424,-0.02225325,-0.13105856,-0.07960555
1645031548433,-0.009093289,0.09498211,0.01864037
1645031548450,0.046478752,0.54247314,0.08279955
1645031548453,0.046478752,0.54247314,0.08279955
1645031548464,0.2239637,2.3696659,0.26867965
1645031548473,0.24194083,3.2459726,0.5140239
1645031548484,0.068452746,3.9194171,1.1329958
1645031548493,-0.34706345,4.222515,2.144236
1645031548511,-0.8926084,4.0303345,3.098211
1645031548515,-1.3688279,3.3970678,3.60466
1645031548524,-1.6769177,2.5405707,3.7422113
1645031548534,-1.6769177,2.5405707,3.7422113
1645031548544,-1.6561829,0.9722838,2.9929314
1645031548553,-1.3817611,0.43195742,2.2461996
1645031548570,-1.0081508,0.050004363,1.535579
1645031548573,-1.0081508,0.050004363,1.535579
1645031548584,-0.13224539,-0.37113187,0.11004451
1645031548593,0.30402303,-0.45792827,-0.522262
1645031548604,0.71281964,-0.47625446,-1.1180034
1645031548613,1.103255,-0.45574656,-1.7607994
1645031548630,1.4570032,-0.4139628,-2.2467232
1645031548633,1.4570032,-0.4139628,-2.2467232
1645031548644,2.1874683,-0.5346016,-3.6033685
1645031548653,2.5443583,-0.7053146,-4.3066936
1645031548664,2.904983,-0.99923205,-5.067615
1645031548673,3.271036,-1.3923204,-5.840527
1645031548697,3.6068418,-1.8017453,-6.483794
1645031548702,3.6068418,-1.8017453,-6.483794
1645031548703,3.6333363,-1.8384676,-6.3244085
1645031548719,3.5643947,-1.8308753,-5.790994
1645031548722,3.2806702,-2.0913343,-4.790453
1645031548733,3.2806702,-2.0913343,-4.790453
1645031548747,1.9287721,-2.1365564,-0.7266079
1645031548753,1.1191204,-1.8284318,1.09671
1645031548773,0.40535823,-1.4536172,2.4837945
1645031548775,0.40535823,-1.4536172,2.4837945
1645031548789,-0.8498647,-0.051959157,4.339646
1645031548795,-1.2530063,0.5505716,4.764953
1645031548818,-1.4884545,0.9283009,4.805882
1645031548818,-1.4884545,0.9283009,4.805882
1645031548818,-1.4884545,0.9283009,4.805882
1645031548819,-1.5380399,1.0140675,4.477546
1645031548822,-1.4078367,0.85620034,3.977066
1645031548834,-1.1633999,0.49901387,3.1653547
1645031548843,-0.8576839,0.110725194,2.3437474
1645031548852,-0.5507287,-0.21878,1.6050615
1645031548867,-0.2867964,-0.47138494,0.95329434
1645031548872,-0.078610696,-0.631172,0.46637577
1645031548882,0.06641068,-0.73624223,0.08822759
1645031548895,0.13927917,-0.83441836,-0.27742386
1645031548902,0.15460336,-0.8767606,-0.4575792
1645031548914,0.12322192,-0.85503095,-0.5260319
1645031548928,0.06684702,-0.77259797,-0.45621783
1645031548933,-0.0021467842,-0.6841435,-0.3159438
1645031548946,-0.055606946,-0.6251331,-0.16397591
1645031548952,-0.07403787,-0.5520552,-0.01883236
1645031548964,-0.07484074,-0.4479274,0.023579719
1645031548972,-0.03509905,-0.3060651,0.004852081
1645031548986,0.073531725,-0.17121913,-0.09400471
1645031548998,0.24674055,-0.07927393,-0.25995287
1645031549003,0.4196003,0.0028449253,-0.36844403
1645031549015,0.4196003,0.0028449253,-0.36844403
1645031549025,0.4903744,0.4504058,-0.34474212
1645031549033,0.4903744,0.4504058,-0.34474212
1645031549053,0.0904791,1.2374029,0.20935509
1645031549054,0.0904791,1.2374029,0.20935509
1645031549054,-0.24808447,1.5761236,0.7750763
1645031549065,-0.6285016,1.7191901,1.4279954
1645031549075,-0.9854438,1.6079065,1.8757135
1645031549083,-1.2299154,1.311563,2.130116
1645031549095,-1.316607,0.8971114,2.1343923
1645031549112,-1.2558513,0.41659832,1.8127236
1645031549115,-1.0554149,-0.05632254,1.3454229
1645031549123,-0.7644297,-0.51398903,0.79554933
1645031549133,-0.42481893,-0.94608605,0.18132472
1645031549146,-0.07550397,-1.3343748,-0.42841434
1645031549153,0.24932368,-1.6548041,-0.9625796
1645031549170,0.5228205,-1.9063095,-1.4171394
1645031549177,0.7365564,-2.084283,-1.7723012
1645031549183,0.8770573,-2.1812027,-2.0912645
1645031549193,0.97183,-2.168828,-2.2498996
1645031549203,1.0032988,-2.0911772,-2.3535388
1645031549223,1.0032988,-2.0911772,-2.3535388
1645031549234,0.93072695,-1.6781918,-2.2717514
1645031549234,0.868348,-1.454839,-2.1580942
1645031549243,0.7892835,-1.2423422,-1.99438
1645031549252,0.6811938,-1.0726241,-1.8659046
1645031549263,0.56231785,-0.883585,-1.6146086
1645031549276,0.45342526,-0.70164937,-1.3401693
1645031549285,0.33400822,-0.5285976,-1.0840038
1645031549295,0.22605813,-0.35305,-0.80680686
1645031549302,0.11526311,-0.19994764,-0.5766821
1645031549313,0.0060738283,-5.759665E-4,-0.37568724
1645031549326,-0.08341042,0.18991186,-0.21199058
1645031549333,-0.23040405,0.43616372,-0.08793088
1645031549349,-0.44695,0.82450473,0.179719
1645031549353,-0.73999476,1.29575,0.5950956
1645031549363,-1.0564272,1.6992408,1.0508945
1645031549375,-1.3368881,1.9671874,1.4514356
1645031549383,-1.5051401,2.0743172,1.7183524
1645031549393,-1.5463129,2.0607557,1.7265381
1645031549407,-1.4523082,2.0059865,1.5324025
1645031549414,-1.2423422,1.94743,1.1224889
1645031549424,-0.93865085,1.9065713,0.643372
1645031549434,-0.5971027,1.8383803,-0.032969717
1645031549443,-0.24579807,1.735963,-0.7836635
1645031549454,0.0904791,1.60658,-1.4022341
1645031549467,0.3751636,1.40096,-2.0198448
1645031549474,0.60078543,1.1134479,-2.5716903
1645031549483,0.77439564,0.76254475,-3.0409286
1645031549494,0.9032202,0.37203944,-3.3615673
1645031549503,0.99460685,-0.019460686,-3.4759753
1645031549514,1.057457,-0.45267475,-3.5899467
1645031549528,1.0979143,-0.8925561,-3.6491666
1645031549534,1.1151584,-1.2588358,-3.4434245
1645031549543,1.1061175,-1.6109259,-3.205498
1645031549554,1.066463,-1.9344096,-2.9357536
1645031549563,1.0191814,-2.1373942,-2.4152894
1645031549574,0.9460686,-2.332455,-2.0025656
1645031549588,0.86630595,-2.4496028,-1.5578498
1645031549594,0.76200366,-2.4695,-1.1388952
1645031549603,0.6233703,-2.4329174,-0.8521337
1645031549614,0.48292172,-2.2946854,-0.562824
1645031549623,0.33933154,-2.090898,-0.29643077
1645031549634,0.17896849,-1.8050267,-0.085190676
1645031549648,-0.037245832,-1.47608,0.021502748
1645031549654,-0.2571254,-1.0830789,0.22834453
1645031549663,-0.4637752,-0.6973733,0.50027055
1645031549674,-0.68075746,-0.34435815,0.65913254
1645031549685,-0.8609477,0.0615586,0.76851386
1645031549694,-1.0178549,0.4887163,0.67405534
1645031549709,-1.1325246,0.91871893,0.45613056
1645031549714,-1.1932106,1.336731,0.21544637
1645031549730,-1.2147307,1.6145039,-0.11030631
1645031549734,-1.1767868,1.6736888,-0.44951567
1645031549743,-1.0790819,1.55305,-0.78230214
1645031549753,-0.93737674,1.3013177,-1.150432
1645031549767,-0.7555633,0.9827559,-1.4925386
1645031549773,-0.5797888,0.648835,-1.8988568
1645031549783,-0.44471595,0.36575618,-2.2614014
1645031549793,-0.37933502,0.1648486,-2.4677546
1645031549803,-0.39317566,0.0041015795,-2.5654244
1645031549813,-0.44944584,-0.11163278,-2.397923
1645031549830,-0.52013266,-0.23066585,-2.0873897
1645031549834,-0.5590715,-0.35254386,-1.6381534
1645031549844,-0.56360936,-0.5310935,-1.2846496
1645031549853,-0.5124182,-0.73751634,-0.98364604
1645031549864,-0.42284667,-0.96401083,-0.8734619
1645031549873,-0.31569946,-1.1550921,-0.926381
1645031549891,-0.21040231,-1.2608081,-1.0162144
1645031549896,-0.15715158,-1.2022516,-1.1914477
1645031549903,-0.12501964,-1.0553801,-1.273235
1645031549913,-0.18286063,-0.92175585,-1.5884109
1645031549924,-0.26169822,-0.7349681,-1.681508
1645031549933,-0.3584606,-0.5255432,-1.5478488
1645031549951,-0.4845449,-0.36092153,-1.403037
1645031549954,-0.4845449,-0.36092153,-1.403037
1645031549964,-0.67271143,-0.1529802,-0.46703902
1645031549973,-0.74273497,-0.13510777,-0.14205427
1645031549984,-0.7634872,-0.13605027,0.18132472
1645031549993,-0.76242256,-0.1666114,0.32419932
1645031550011,-0.73297846,-0.18645605,0.3484423
1645031550014,-0.73297846,-0.18645605,0.3484423
1645031550023,-0.63825816,-0.17556506,-0.3412165
1645031550033,-0.64534426,-0.18697967,-1.08924
1645031550043,-0.63132906,-0.15990925,-1.7452657
1645031550053,-0.6357274,-0.12912121,-2.582302
1645031550066,-0.6356925,-0.08904791,-3.441679
1645031550072,-0.631172,-0.06066847,-4.3265204
1645031550084,-0.59980804,-0.035186317,-5.107514
1645031550092,-0.575408,-0.045414086,-6.054839
1645031550102,-0.55048436,-0.09187538,-7.068121
1645031550112,-0.4939698,-0.11107426,-7.7298717
1645031550125,-0.4224627,-0.1318265,-8.199319
1645031550132,-0.3552317,-0.19186665,-8.654996
1645031550142,-0.27503273,-0.19834192,-8.644524
1645031550152,-0.19146523,-0.1975216,-8.425971
1645031550162,-0.08960642,-0.19724235,-7.7746053
1645031550172,-0.080268785,-0.196998,-6.983978
1645031550187,-0.08227594,-0.19682346,-5.9584956
1645031550192,-0.08327079,-0.19668382,-4.996806
1645031550204,0.18912645,-0.30203333,-4.02728
1645031550220,0.39479885,-0.401693,-3.3531024
1645031550222,0.46909854,-0.4504407,-3.0545423
1645031550235,0.4261803,-0.4133345,-2.931844
1645031550247,0.29000786,-0.40059343,-3.265538
1645031550252,0.12013265,-0.3653722,-3.6019897
1645031550263,-0.03269046,-0.3374989,-3.99527
1645031550273,-0.12842308,-0.28377694,-4.239131
1645031550284,-0.135963,-0.18928353,-4.229776
1645031550293,-0.041818656,-0.079954624,-4.036164
1645031550310,0.14366001,0.032201763,-3.706257
1645031550313,0.14366001,0.032201763,-3.706257
1645031550324,0.6639672,0.28065276,-2.7191203
1645031550333,0.84782267,0.38755563,-2.1755302
1645031550343,0.90864825,0.41965267,-1.7419322
1645031550353,0.82356226,0.34840736,-1.4834802
1645031550370,0.5946592,0.21729645,-1.2746837
1645031550373,0.5946592,0.21729645,-1.2746837
1645031550384,-0.21520202,-0.14966401,-0.97797364
1645031550393,-0.5741164,-0.32152894,-1.0103151
1645031550404,-0.83010733,-0.4729034,-1.3284755
1645031550413,-0.95325947,-0.54451525,-1.7685663
1645031550430,-0.93327516,-0.50758356,-2.209547
1645031550433,-0.93327516,-0.50758356,-2.209547
1645031550443,-0.4753469,-0.08538267,-2.715804
1645031550453,-0.18940571,0.15757047,-2.8466706
1645031550464,0.1055415,0.39912733,-2.8756611
1645031550473,0.3722838,0.61541146,-2.794502
1645031550490,0.5828955,0.77087003,-2.6250632
1645031550493,0.5828955,0.77087003,-2.6250632
1645031550504,0.7531373,0.7967711,-2.121145
1645031550513,0.7572214,0.73109347,-1.8352212
1645031550524,0.71873635,0.6019199,-1.5604503
1645031550533,0.63401693,0.4558513,-1.203962
1645031550547,0.55264854,0.28370714,-0.90712976
1645031550553,0.47250196,0.13034296,-0.52250636
1645031550564,0.40767956,0.0024434943,-0.14315385
1645031550573,0.4089013,-0.13859849,0.101684265
1645031550584,0.4310324,-0.20308928,0.50782794
1645031550593,0.4921721,-0.25316346,0.79033077
1645031550610,0.55362594,-0.3070425,0.98900425
1645031550614,0.55362594,-0.3070425,0.98900425
1645031550624,0.55982196,-0.4150275,1.2711581
1645031550633,0.50233006,-0.48573175,1.3555808
1645031550643,0.42352736,-0.51264507,1.6741077
1645031550656,0.34303167,-0.5281089,2.0033686
1645031550673,0.2551008,-0.53118074,2.1450737
1645031550675,0.1653722,-0.45290166,2.2546995
1645031550684,0.11037613,-0.36308578,2.1571517
1645031550693,0.092870235,-0.2145737,2.0237367
1645031550704,0.11985339,-0.06778951,1.7559124
1645031550713,0.15626146,0.051540274,1.321686
1645031550755,0.17313902,0.10592547,0.66808623
1645031550756,0.17313902,0.10592547,0.66808623
1645031550758,0.17313902,0.10592547,0.66808623
1645031550758,0.17313902,0.10592547,0.66808623
1645031550759,0.20685923,0.14983855,-0.1985688
1645031550759,0.22019373,0.15147918,-0.35291037
1645031550760,0.22019373,0.15147918,-0.35291037
1645031550763,0.26274544,0.07438695,-0.57860196
1645031550777,0.30988744,0.042935684,-0.582337
1645031550787,0.36620995,0.07405533,-0.4014661
1645031550793,0.36620995,0.07405533,-0.4014661
1645031550803,0.4706868,0.05789336,0.24208046
1645031550812,0.5193123,0.07525962,0.77432585
1645031550830,0.60083777,0.057736278,1.4150275
1645031550833,0.6971987,0.08245048,2.3479362
1645031550881,0.6971987,0.08245048,2.3479362
1645031550882,0.6971987,0.08245048,2.3479362
1645031550883,0.6971987,0.08245048,2.3479362
1645031550883,0.7780609,0.03317916,3.5338686
1645031550883,0.5859499,-0.11074265,3.2873375
1645031550884,0.5859499,-0.11074265,3.2873375
1645031550884,-0.18202287,-0.6302993,0.9137446
1645031550898,-0.58176106,-0.90705997,-0.6497775
1645031550915,-0.94894844,-1.2268784,-2.5619688
1645031550916,-0.94894844,-1.2268784,-2.5619688
1645031550916,-1.2611572,-1.4064229,-4.41597
1645031550925,-1.4477005,-1.4830439,-5.9007416
1645031550932,-1.4897809,-1.4851558,-6.998621
1645031550943,-1.3638014,-1.3730692,-7.336277
1645031550952,-1.0758007,-1.1467842,-6.7534513
1645031550966,-0.7011083,-0.8876167,-5.944969
1645031550975,-0.34573698,-0.57816565,-5.308177
1645031550982,-0.31255782,-0.21886727,-4.9764376
1645031550993,-0.3174099,-0.18479797,-4.7471156
1645031551003,-0.3193647,-0.19052273,-4.6172614
1645031551012,-0.047386333,0.31919014,-4.7716556
1645031551029,0.057526834,0.7830701,-5.007243
1645031551032,0.014015185,1.082084,-5.1924424
1645031551043,0.0058818394,1.1044419,-5.19527
1645031551053,0.0048695346,1.0195655,-4.9337115
1645031551063,-0.09979928,0.8161794,-4.453041
1645031551075,-0.20439829,0.5761236,-3.7940657
1645031551091,-0.2883323,0.37886378,-2.9927742
1645031551094,-0.2958897,0.21394537,-2.2987869
1645031551103,-0.24712454,0.08957151,-1.7045118
1645031551112,-0.2061611,0.008587137,-1.1123483
1645031551123,-0.14027402,-0.10950345,-0.6615935
1645031551133,-0.104145214,-0.24984728,-0.12938301
1645031551147,-0.081944324,-0.42707044,0.4060389
1645031551156,-0.050213806,-0.6520639,0.7733136
1645031551165,-0.06398464,-0.85014397,1.1541845
1645031551174,-0.078942314,-1.019129,1.3787241
1645031551182,-0.08855921,-1.1258574,1.530884
1645031551192,-0.088663936,-1.1193472,1.7324897
1645031551210,-0.042604066,-1.0131774,1.777642
1645031551213,0.03307444,-0.7833319,1.8286064
1645031551224,0.13784797,-0.4878087,1.8157954
1645031551233,0.2509643,-0.17093988,1.7662623
1645031551243,0.3503098,0.12760276,1.7227856
1645031551256,0.43871194,0.36617506,1.6070163
1645031551265,0.48794833,0.5584606,1.5259621
1645031551273,0.5189458,0.63199234,1.2657474
1645031551282,0.49180555,0.68063533,1.1199406
1645031551292,0.45714286,0.647142,0.8708439
1645031551303,0.40486953,0.6035082,0.6178724
1645031551312,0.3342002,0.5887599,0.33140764
1645031551331,0.267039,0.5922681,-0.012008029
1645031551333,0.267039,0.5922681,-0.012008029
1645031551333,0.2106292,0.62183434,-0.3213544
1645031551343,0.17553015,0.67222273,-0.5515141
1645031551352,0.16966577,0.7298717,-0.6778951
1645031551363,0.20188498,0.78120255,-0.73575354
1645031551373,0.2392879,0.8268959,-0.67960554
1645031551385,0.2917183,0.81052446,-0.547779
1645031551393,0.31446025,0.6526922,-0.22094424
1645031551403,0.342351,0.42567414,0.06976176
1645031551413,0.31962648,0.13783053,0.37889868
1645031551423,0.2432673,-0.35814643,0.6172615
1645031551433,0.11409373,-0.91126627,0.98841083
1645031551452,-0.011798587,-1.4368095,1.404154
1645031551453,-0.095662795,-1.875312,1.8230038
1645031551463,-0.15554586,-2.1397853,2.3355615
1645031551473,-0.16107863,-2.2871454,2.843023
1645031551483,-0.104215026,-2.3307269,3.3702593
1645031551493,-0.008831486,-2.1849551,4.0180817
1645031551510,0.10383105,-1.9454577,4.502941
1645031551512,0.21462606,-1.5992146,5.0388165
1645031551523,0.2754167,-1.2642289,5.3604326
1645031551533,0.1994415,-0.9241295,5.358932
1645031551542,-0.08766908,-0.6594642,4.650284
1645031551553,-0.5561916,-0.5166245,3.0922594
1645031551566,-1.0527446,-0.4069814,1.0889432
1645031551573,-1.4019198,-0.18600227,-0.64230734
1645031551582,-1.5514268,0.14629549,-1.9007592
1645031551592,-1.4979666,0.57980627,-2.5391395
1645031551602,-1.2762893,1.0382057,-2.7177765
1645031551613,-0.94870406,1.4810716,-2.5141985
1645031551633,-0.5852343,1.861611,-2.0822935
1645031551633,-0.23363295,2.1189806,-1.592844
1645031551642,0.06285016,2.2632866,-0.9639236
1645031551653,0.27904704,2.27889,-0.2949821
1645031551663,0.42516798,2.1405358,0.18816651
1645031551673,0.4944585,1.9109521,0.5764901
1645031551686,0.5106554,1.617663,0.8443843
1645031551693,0.5106554,1.617663,0.8443843
1645031551704,0.39848155,0.9292434,1.0360241
1645031551713,0.33756873,0.6197923,1.0401431
1645031551723,0.2971987,0.31414607,0.93427
1645031551732,0.26468277,0.0306484,0.7517235
1645031551747,0.23546557,-0.24330221,0.48108912
1645031551752,0.22192164,-0.5227507,0.10719958
1645031551762,0.21850075,-0.7741164,-0.18954533
1645031551773,0.22094424,-0.98460597,-0.42227072
1645031551783,0.23092766,-1.1334323,-0.5470809
1645031551792,0.26583472,-1.2655903,-0.6357972
1645031551805,0.31964394,-1.3628938,-0.6415394
1645031551812,0.38514704,-1.4020246,-0.5465224
1645031551822,0.4422899,-1.4190593,-0.60921544
1645031551832,0.48955405,-1.4159526,-0.95041454
1645031551843,0.4805306,-1.2499346,-1.7680076
1645031551852,0.45531023,-1.0153766,-2.6528318
1645031551867,0.35364342,-0.7663147,-4.06751
1645031551872,0.26583472,-0.3538354,-5.159351
1645031551883,0.26286763,0.17840998,-5.683707
1645031551892,0.2645606,0.22963609,-5.665119
1645031551902,0.26492712,0.22127585,-5.368479
1645031551912,0.26525876,0.21768042,-4.775705
1645031551927,0.35851297,0.47929138,-4.089205
1645031551932,0.37540796,0.45035344,-3.5435903
1645031551943,0.29777467,0.12992407,-3.2187102
1645031551953,0.16006632,-0.30868313,-2.9816563
1645031551964,0.016458679,-0.7159438,-2.815394
1645031551973,-0.111667685,-0.939157,-2.5981848
1645031551990,-0.17912558,-0.9266079,-2.2982633
1645031551993,-0.17912558,-0.9266079,-2.2982633
1645031552003,-0.15114757,-0.33845887,-1.4725717
1645031552013,-0.09559298,0.044454142,-1.0821712
1645031552024,-0.049323674,0.36509293,-0.78289557
1645031552033,-0.011292434,0.59378654,-0.5633476
1645031552050,0.021345668,0.7198185,-0.37210926
1645031552054,0.021345668,0.7198185,-0.37210926
1645031552064,0.12945282,0.686395,0.0024784012
1645031552073,0.17713587,0.6390261,0.12997644
1645031552083,0.1794921,0.62656426,0.2765861
1645031552093,0.17193472,0.58165634,0.3054717
1645031552107,0.12163365,0.5174099,0.38361114
1645031552113,0.0462344,0.3603805,0.49222445
1645031552124,-0.033144254,0.1947465,0.62406844
1645031552133,-0.10463391,0.030665852,0.7986561
1645031552144,-0.13639934,-0.14713326,0.9632952
1645031552153,-0.12397242,-0.3145126,1.1084213
1645031552170,-0.08180469,-0.42649445,1.2482939
1645031552174,-0.018012043,-0.43440092,1.3902783
1645031552184,0.04347674,-0.38279083,1.5498211
1645031552193,0.094231606,-0.29225937,1.6917707
1645031552203,0.13329262,-0.18251157,1.7936819
1645031552213,0.16448207,-0.08136836,1.8313291
1645031552253,0.1653373,0.011048084,1.8699014
1645031552257,0.1653373,0.011048084,1.8699014
1645031552259,0.1653373,0.011048084,1.8699014
1645031552259,0.07808709,-0.027279867,1.6826075
1645031552260,0.07808709,-0.027279867,1.6826075
1645031552261,0.009773977,-0.11679902,1.5045117
1645031552263,-0.07997207,-0.22740205,1.3592111
1645031552273,-0.15945545,-0.34435815,1.1945894
1645031552290,-0.24705471,-0.46335632,1.0780172
1645031552294,-0.3594031,-0.61822146,0.8752247
1645031552303,-0.51655465,-0.7597871,0.6224976
1645031552313,-0.6910376,-0.8929051,0.1836984
1645031552324,-0.87555635,-0.95329434,-0.29861245
1645031552333,-1.0233878,-0.98984206,-0.8492015
1645031552350,-1.144777,-0.9546383,-1.2698141
1645031552353,-1.144777,-0.9546383,-1.2698141
1645031552363,-1.2380137,-0.8544201,-1.814818
1645031552373,-1.2327603,-0.8790121,-1.9543241
1645031552384,-1.2156558,-0.9851994,-2.0560434
1645031552393,-1.2057247,-1.1970503,-2.1568723
1645031552411,-1.2139628,-1.4420106,-2.2051313
1645031552415,-1.1940484,-1.6862553,-2.2869534
1645031552424,-1.098246,-1.8904092,-2.118178
1645031552433,-0.8894319,-2.0572476,-1.7021555
1645031552444,-0.6595165,-2.1883585,-1.2243128
1645031552453,-0.48787853,-2.250144,-0.7667336
1645031552470,-0.34722054,-2.2766733,-0.31685138
1645031552474,-0.14990836,-2.27985,0.26986647
1645031552484,0.15556331,-2.2099135,1.283934
1645031552493,0.39792302,-2.0623963,2.0879135
1645031552504,0.5702766,-1.7865084,2.7908719
1645031552513,0.6945807,-1.3880967,3.5268698
1645031552530,0.7375862,-0.89671004,3.969055
1645031552534,0.76816475,-0.18348897,4.2243304
1645031552544,0.79746926,0.50728685,4.4497776
1645031552553,0.7980801,1.0798324,4.3336415
1645031552564,0.817087,1.5887076,4.2062135
1645031552573,0.8194432,1.9978707,3.981028
1645031552590,0.828554,2.3142684,3.7424731
1645031552594,0.828554,2.3142684,3.7424731
1645031552604,0.9236408,2.6211362,2.9533815
1645031552613,0.9843442,2.6829915,2.5504844
1645031552624,1.0512261,2.7163975,2.2028973
1645031552633,1.1209356,2.6721704,1.8400558
1645031552650,1.1705035,2.5401518,1.5431539
1645031552654,1.1705035,2.5401518,1.5431539
1645031552664,1.0727812,1.9228903,1.4251156
1645031552673,1.002426,1.530692,1.2216773
1645031552684,0.89634347,1.1206213,0.96369666
1645031552698,0.7559473,0.767903,0.8077668
1645031552712,0.57158566,0.38308752,0.41871017
1645031552716,0.39066237,0.051557727,0.07058208
1645031552747,0.22825727,-0.20008726,-0.33311808
1645031552749,0.10498298,-0.39090672,-0.84122527
1645031552751,0.10498298,-0.39090672,-0.84122527
1645031552753,0.10498298,-0.39090672,-0.84122527
1645031552755,0.009739069,-0.51807314,-1.3694738
1645031552766,-0.15434156,-0.69033945,-2.1152282
1645031552772,-0.23080549,-0.8130378,-2.3341303
1645031552783,-0.3103063,-0.9804346,-2.5062048
1645031552793,-0.37099224,-1.1600139,-2.7060475
1645031552805,-0.3933153,-1.2441574,-2.7967536
1645031552812,-0.36158478,-1.2314687,-2.7887425
1645031552826,-0.26447335,-1.1163278,-2.7302732
1645031552832,-0.072816126,-0.8581726,-2.3721964
1645031552844,0.15802427,-0.6281176,-2.1345494
1645031552853,0.36031067,-0.4375251,-1.882852
1645031552863,0.50308055,-0.28854176,-1.6912122
1645031552873,0.5914827,-0.1820054,-1.6992408
1645031552890,0.61869276,-0.04701981,-1.8564273
1645031552894,0.52655554,0.13001135,-2.216511
1645031552903,0.3103063,0.36978793,-2.6886115
1645031552913,0.041836113,0.5509556,-3.2077494
1645031552924,-0.21420717,0.55373067,-3.456759
1645031552933,-0.38717166,0.26918578,-3.431172
1645031552949,-0.4771446,-0.23223667,-3.1853216
1645031552954,-0.49581987,-0.9844664,-2.881892
1645031552964,-0.4910376,-1.6796579,-2.551008
1645031552973,-0.49065363,-2.1680775,-2.2776332
1645031552984,-0.4974605,-2.409966,-2.0059516
1645031552993,-0.5069727,-2.4394972,-1.840213
1645031553013,-0.53732437,-2.2752247,-1.6836373
1645031553014,-0.53732437,-2.2752247,-1.6836373
1645031553016,-0.58006805,-2.0281525,-1.634558
1645031553023,-0.59883064,-1.7643075,-1.5264333
1645031553033,-0.59041804,-1.561131,-1.385339
1645031553044,-0.55469066,-1.4372458,-1.179335
1645031553053,-0.5023475,-1.3967886,-0.9418972
1645031553070,-0.45768392,-1.4286064,-0.7782878
1645031553073,-0.45768392,-1.4286064,-0.7782878
1645031553084,-0.3361899,-1.4043285,-0.47077405
1645031553093,-0.25497863,-1.3225063,-0.26597434
1645031553104,-0.15385287,-1.200541,-0.07745877
1645031553113,-0.040370014,-1.04791,0.11700846
1645031553130,0.08663932,-0.8708962,0.36238766
1645031553133,0.08663932,-0.8708962,0.36238766
1645031553144,0.39366436,-0.7421765,0.6158478
1645031553153,0.5341304,-0.68857664,0.72573525
1645031553164,0.6612095,-0.59542716,0.8492364
1645031553173,0.7738197,-0.48485905,0.9090671
1645031553190,0.89013004,-0.34175757,1.0540012
1645031553193,0.89013004,-0.34175757,1.0540012
1645031553204,1.0051138,-0.06419408,1.2263025
1645031553213,0.96058995,0.03129418,1.1646916
1645031553224,0.85202897,0.09843791,1.0716467
1645031553253,0.68484163,0.13214068,0.8816127
1645031553267,0.48283446,0.1715682,0.6345231
1645031553270,0.48283446,0.1715682,0.6345231
1645031553270,0.48283446,0.1715682,0.6345231
1645031553271,0.0144166155,0.51227856,0.08993804
1645031553272,0.0144166155,0.51227856,0.08993804
1645031553272,-0.19937167,0.7132385,-0.18551357
1645031553284,-0.38811415,0.91006196,-0.43024698
1645031553292,-0.5352474,1.017663,-0.6866917
1645031553311,-0.63686186,0.99783576,-0.8926957
1645031553318,-0.63686186,0.99783576,-0.8926957
1645031553322,-0.76072955,0.64571077,-1.2284842
1645031553332,-0.79205865,0.47304302,-1.359054
1645031553342,-0.77999824,0.38029498,-1.3906972
1645031553352,-0.73203593,0.372022,-1.3108474
1645031553366,-0.6413649,0.35701194,-1.2698141
1645031553372,-0.4847369,0.2692207,-1.2014661
1645031553383,-0.27580068,0.10899729,-1.0590278
1645031553392,-0.050789773,-0.057841,-0.8425517
1645031553403,0.14460249,-0.19493848,-0.66234404
1645031553412,0.28426564,-0.32084826,-0.5508334
1645031553427,0.37109697,-0.46262327,-0.39588097
1645031553432,0.38680512,-0.64235973,-0.41420716
1645031553444,0.3785147,-0.77308667,-0.39212847
1645031553454,0.35701194,-0.75945544,-0.3725456
1645031553464,0.37095731,-0.5892312,-0.31575182
1645031553473,0.45977834,-0.3369404,-0.08377694
1645031553490,0.5557029,-0.10664107,0.11318614
1645031553494,0.5294877,0.070826426,0.27649882
1645031553504,0.44464612,0.17917794,0.32339644
1645031553515,0.3359979,0.22586612,0.3538005
1645031553524,0.24686272,0.21445152,0.38713676
1645031553533,0.22659919,0.2071385,0.5692992
1645031553547,0.25791082,0.2158478,0.7244786
1645031553554,0.35887948,0.33767346,0.9779213
1645031553564,0.47904703,0.5137097,1.1746924
1645031553573,0.5749716,0.6919975,1.3049481
1645031553584,0.6348896,0.8477005,1.4324985
1645031553593,0.6462693,0.93304825,1.4574221
1645031553611,0.6117113,0.9537656,1.415237
1645031553614,0.6117113,0.9537656,1.415237
1645031553624,0.4625709,0.86435115,1.2721878
1645031553633,0.40921545,0.78841084,1.1688979
1645031553644,0.39942405,0.7244262,1.0771097
1645031553657,0.43872938,0.67510253,0.9793525
1645031553676,0.523571,0.6496378,0.9258748
1645031553678,0.62450475,0.639829,0.9123309
1645031553683,0.7247753,0.64569336,0.93790036
1645031553693,0.7947639,0.6406144,0.9206039
1645031553703,0.79589844,0.629287,0.88152546
1645031553717,0.720185,0.5783402,0.73353696
1645031553739,0.5631556,0.49793175,0.5203421
1645031553740,0.5631556,0.49793175,0.5203421
1645031553744,0.32140675,0.3476394,0.15010035
1645031553751,0.06908107,0.20382233,-0.18532158
1645031553752,-0.15022254,0.09346365,-0.41691247
1645031553762,-0.31404138,-0.0043284753,-0.6536696
1645031553772,-0.41755825,-0.022776857,-0.77031153
1645031553787,-0.45250022,0.030927654,-0.83721095
1645031553792,-0.4063182,0.13856357,-0.8271402
1645031553803,-0.28648224,0.29369056,-0.67412513
1645031553815,-0.28648224,0.29369056,-0.67412513
1645031553822,0.18242429,0.39848155,-0.3462431
1645031553832,0.40970415,0.37277249,-0.15453355
1645031553850,0.59682345,0.265538,0.037891615
1645031553854,0.70124793,0.03248102,0.15805916
1645031553864,0.75961256,-0.21544637,0.24445415
1645031553873,0.7405184,-0.44363382,0.20027925
1645031553884,0.64656603,-0.5506414,0.12004538
1645031553893,0.49321932,-0.55404484,-0.053529978
1645031553912,0.28553975,-0.47602758,-0.24660093
1645031553915,0.28553975,-0.47602758,-0.24660093
1645031553923,-0.30089885,-0.48562703,-0.7862815
1645031553937,-0.5663147,-0.6301423,-0.9116851
1645031553944,-0.7655293,-0.8988568,-1.0023038
1645031553954,-0.8648224,-1.1922681,-0.9582337
1645031553969,-0.8476307,-1.4884894,-0.8834104
1645031553972,-0.67649883,-1.7276202,-0.72323936
1645031553983,-0.3482852,-1.9358758,-0.46412426
1645031553993,0.092241906,-2.047491,-0.17446549
1645031554003,0.5032376,-1.9686884,0.06862728
1645031554012,0.76598305,-1.6605812,0.25693342
1645031554026,0.7676237,-1.2200541,0.22747186
1645031554032,0.5342525,-0.75329435,0.039078455
1645031554043,0.18474561,-0.34406143,-0.18293045
1645031554052,-0.17282486,-0.046513658,-0.35957763
1645031554063,-0.4662885,0.077650756,-0.571062
1645031554073,-0.5906973,0.12287285,-0.56437737
1645031554090,-0.5049306,0.13845885,-0.36580855
1645031554093,-0.5049306,0.13845885,-0.36580855
1645031554104,0.1989877,0.31158042,0.3194345
1645031554113,0.68192685,0.55793697,0.7466096
1645031554123,1.1168863,0.8429706,1.0932716
1645031554133,1.3989877,1.0724322,1.2851208
1645031554150,1.4574745,1.1934724,1.3673445
1645031554153,1.4574745,1.1934724,1.3673445
1645031554164,0.75987434,0.91227853,1.2482591
1645031554173,0.29472032,0.63480234,1.0484335
1645031554184,-0.17135876,0.32596213,0.8180644
1645031554193,-0.5563836,0.07201327,0.68452746
1645031554210,-0.81169385,-0.098752074,0.63761234
1645031554214,-0.81169385,-0.098752074,0.63761234
1645031554223,-0.7878698,-0.09260843,0.85297143
1645031554233,-0.661227,-0.020542804,1.0030195
1645031554249,-0.4744393,0.06962213,1.1265206
1645031554258,-0.29049656,0.14753468,1.2368618
1645031554266,-0.115245655,0.21905926,1.3657562
1645031554273,0.0143991625,0.21309015,1.4466708
1645031554284,0.114914045,0.17598394,1.5340431
1645031554292,0.18458854,0.13121563,1.6605114
1645031554303,0.19931932,0.04148704,1.6427437
1645031554312,0.20553277,-0.0067719696,1.6561306
1645031554326,0.21602234,-0.015830351,1.6686448
1645031554332,0.24283096,-0.014468976,1.595846
1645031554344,0.28335807,0.002565669,1.5302557
1645031554353,0.32400733,0.039375164,1.5161183
1645031554364,0.32782966,0.09374291,1.4768479
1645031554373,0.27705735,0.21464351,1.4421328
1645031554390,0.17230125,0.38060912,1.28828
1645031554394,0.13259447,0.61820406,1.1815168
1645031554404,0.21343921,0.8440876,1.0759752
1645031554413,0.4437909,1.0904267,1.1128371
1645031554424,0.730884,1.372179,1.1490531
1645031554433,0.9761236,1.7238852,1.1680077
1645031554450,1.0913168,2.03283,1.0595165
1645031554453,1.0913168,2.03283,1.0595165
1645031554463,0.5802077,2.3870146,0.62206125
1645031554473,-0.07824417,2.4045205,0.24091108
1645031554484,-0.82703555,2.3106904,-0.0077493675
1645031554493,-1.4793438,2.0703027,-0.0887512
1645031554510,-1.922227,1.7357711,2.6180295E-4
1645031554514,-2.1033423,1.3809408,0.1883585
1645031554524,-2.1123834,1.0879483,0.44579807
1645031554533,-1.9711667,0.8716991,0.73427
1645031554544,-1.7422113,0.7210053,1.0260057
1645031554553,-1.4864299,0.61902434,1.3176193
1645031554570,-1.2494807,0.5206737,1.530884
1645031554573,-1.2494807,0.5206737,1.530884
1645031554584,-0.86860985,0.3659656,1.9332228
1645031554593,-0.73561394,0.31929487,2.054577
1645031554604,-0.62717515,0.31302905,2.1586003
1645031554613,-0.5360852,0.3481281,2.2550135
1645031554631,-0.45408848,0.4149053,2.3612008
1645031554635,-0.38130727,0.47653374,2.3819182
1645031554644,-0.3208308,0.53447944,2.411275
1645031554653,-0.27295575,0.5693691,2.4049916
1645031554664,-0.24342439,0.58036476,2.4294267
1645031554673,-0.21722664,0.5422986,2.460459
1645031554690,-0.18944061,0.45621783,2.5558949
1645031554694,-0.12707916,0.29927567,2.6829567
1645031554704,-0.053320535,0.13292609,2.8461995
1645031554713,0.030822935,-0.0052535124,3.0231433
1645031554725,0.1302906,-0.099537484,3.148233
1645031554742,0.23956715,-0.13500306,3.2171743
1645031554756,0.3535038,-0.09477267,3.2936556
1645031554759,0.47276378,-0.004311022,3.341583
1645031554772,0.6004014,0.121668555,3.288821
1645031554774,0.6004014,0.121668555,3.288821
1645031554782,0.8115891,0.38544375,3.1205864
1645031554792,0.88051313,0.50185883,3.0136487
1645031554805,0.90639675,0.6246095,2.9216337
1645031554813,0.8708264,0.7449167,2.7964745
1645031554822,0.74219394,0.8517497,2.6463218
1645031554832,0.54507375,0.9445327,2.518876
1645031554842,0.34643513,1.0042586,2.4413824
1645031554852,0.18553102,1.005812,2.3781831
1645031554865,0.07499782,0.96538967,2.3906972
1645031554872,0.013072694,0.91273236,2.4665153
1645031554882,-0.03010734,0.8587835,2.52303
1645031554892,-0.07801728,0.7850074,2.5965617
