1645031670901,0.3428048,1.0342438,1.1043372
1645031670906,0.3428048,1.0342438,1.1043372
1645031670906,0.3428048,1.0342438,1.1043372
1645031670907,0.3428048,1.0342438,1.1043372
1645031670909,0.3428048,1.0342438,1.1043372
1645031670909,0.3428048,1.0342438,1.1043372
1645031670910,0.3428048,1.0342438,1.1043372
1645031670918,0.0,0.0,0.0
1645031670931,-8.726765E-5,1.745353E-4,5.58513E-4
1645031670938,-3.3161708E-4,8.726765E-5,0.0015184571
1645031670951,-5.9342E-4,-9.0758357E-4,0.0015184571
1645031670964,-0.0012915612,-0.0033510777,0.004904442
1645031670971,-0.0012915612,-0.0033510777,0.004904442
1645031670979,-0.0012566542,-0.008133345,0.008238066
1645031670989,-0.0012566542,-0.008133345,0.008238066
1645031671000,6.8068766E-4,-0.010315036,0.02061262
1645031671008,0.0021293308,-0.010821189,0.026581727
1645031671019,0.0032638102,-0.0102801295,0.0313989
1645031671028,0.0036128806,-0.00944236,0.033510778
1645031671038,0.0031241819,-0.0048346277,0.03935771
1645031671048,5.410594E-4,-8.726765E-4,0.038746838
1645031671072,-0.0048171743,0.00356052,0.03337115
1645031671073,-0.0048171743,0.00356052,0.03337115
1645031671073,-0.0048171743,0.00356052,0.03337115
1645031671073,-0.013125055,0.009686709,0.025359979
1645031671085,-0.013125055,0.009686709,0.025359979
1645031671088,-0.041155424,0.020403177,-2.792565E-4
1645031671098,-0.057963174,0.02516799,-0.008272973
1645031671108,-0.07620211,0.026162842,-0.010716467
1645031671121,-0.094545774,0.020944236,-0.006841784
1645031671136,-0.112697445,0.015254385,0.010245222
1645031671139,-0.1312331,0.014015185,0.039828956
1645031671148,-0.1312331,0.014015185,0.039828956
1645031671158,-0.15046689,0.02244524,0.07937866
1645031671168,-0.16795532,0.038432673,0.115873985
1645031671181,-0.18334933,0.06799895,0.16346976
1645031671188,-0.1957937,0.11409373,0.22562177
1645031671198,-0.20963435,0.18291299,0.31688628
1645031671208,-0.22855398,0.2573523,0.37783402
1645031671218,-0.25698578,0.35465574,0.46620125
1645031671228,-0.2942316,0.4536347,0.51636267
1645031671240,-0.3433982,0.54781395,0.5176193
1645031671249,-0.3433982,0.54781395,0.5176193
1645031671258,-0.4600227,0.7277773,0.49952003
1645031671269,-0.5250545,0.7724583,0.407889
1645031671278,-0.6031416,0.8025657,0.35606948
1645031671288,-0.68241554,0.8075574,0.28552228
1645031671300,-0.7620909,0.7837508,0.1906449
1645031671308,-0.8490095,0.7605725,0.16971813
1645031671318,-0.9230823,0.71433806,0.09583733
1645031671328,-0.9793874,0.6585915,-0.016196875
1645031671338,-1.0167729,0.58731127,-0.19591588
1645031671349,-1.0167729,0.58731127,-0.19591588
1645031671360,-1.0462344,0.5386334,-0.3922332
1645031671369,-1.0258138,0.5357186,-0.47957066
1645031671379,-0.99612534,0.5715507,-0.5113884
1645031671388,-0.9494546,0.6509294,-0.5202199
1645031671399,-0.90030545,0.7746051,-0.5291387
1645031671408,-0.8444367,0.9494197,-0.6864473
1645031671421,-0.78505975,1.1256828,-0.8573872
1645031671429,-0.6978096,1.2525002,-1.0779126
1645031671439,-0.62785584,1.3254734,-1.1272187
1645031671451,-0.5456148,1.3067284,-1.1623527
1645031671460,-0.5456148,1.3067284,-1.1623527
1645031671469,-0.45702067,1.1783053,-1.1174623
1645031671484,-0.31631032,0.7900166,-0.9481979
1645031671488,-0.26646304,0.5944323,-0.8584693
1645031671498,-0.26646304,0.5944323,-0.8584693
1645031671509,-0.18601972,0.3056462,-0.63630337
1645031671518,-0.1403962,0.20439829,-0.5008116
1645031671528,-0.089711145,0.11091718,-0.30342963
1645031671540,-0.02630247,0.015289293,-0.016196875
1645031671548,0.052570034,-0.076306835,0.33128545
1645031671558,0.16209093,-0.17629811,0.62169474
1645031671568,0.22525525,-0.26920325,1.0954534
1645031671579,0.2837595,-0.26920325,1.0954534
1645031671590,0.3057684,-0.45869622,1.867999
1645031671600,0.292207,-0.5219827,2.1876428
1645031671608,0.25372195,-0.56441224,2.4006631
1645031671618,0.17575705,-0.5948861,2.6361463
1645031671628,0.05740466,-0.60047126,2.9638188
1645031671638,-0.04431451,-0.62115365,3.2164588
1645031671649,-0.14187975,-0.6373855,3.533537
1645031671663,-0.20588183,-0.6590977,3.7805219
1645031671668,-0.24318004,-0.6508596,4.192495
1645031671678,-0.21296798,-0.6532333,4.4273148
1645031671688,-0.13788289,-0.63904357,4.595759
1645031671698,-0.040125664,-0.57008463,4.857108
1645031671710,0.06506676,-0.45056286,5.194537
1645031671720,0.17783402,-0.32749805,5.362929
1645031671728,0.29407454,-0.24857317,5.184641
1645031671738,0.39848155,-0.19048783,4.864072
1645031671748,0.48339295,-0.119277425,4.6450477
1645031671758,0.56437737,-0.069011256,4.4211364
1645031671768,0.6485906,-0.070843875,4.012043
1645031671780,0.72964483,-0.056113098,3.7229426
1645031671788,0.79401344,-0.033109345,3.4963784
1645031671798,0.83979404,-0.03253338,3.1922507
1645031671808,0.86716115,-0.017226635,2.9461908
1645031671818,0.8684702,-0.041521948,2.5086133
1645031671828,0.84918404,-0.029880444,2.1478837
1645031671840,0.8246269,-0.020525351,1.7722664
1645031671848,0.80396193,-0.042708788,1.3449515
1645031671858,0.79061,-0.0729383,0.93803996
1645031671868,0.7902435,-0.09952003,0.57718825
1645031671878,0.8148355,-0.097477965,0.3600838
1645031671888,0.85375684,-0.1142159,0.14826773
1645031671900,0.9183698,-0.07967536,0.11437298
1645031671908,0.9786194,-0.08473689,-0.051732264
1645031671918,1.0203334,-0.05909765,-0.15989178
1645031671928,1.0271227,-0.05839951,-0.36186403
1645031671938,0.9811851,-0.10861332,-0.7096256
1645031671948,0.8938651,-0.15387031,-0.9686186
1645031671960,0.75877476,-0.22384152,-1.170137
1645031671968,0.5843616,-0.3056811,-1.3009163
1645031671978,0.38446635,-0.41658086,-1.4196876
1645031671988,0.17062572,-0.543852,-1.5203944
1645031671998,-0.039898768,-0.684126,-1.6339645
1645031672008,-0.22698316,-0.7766646,-1.6763941
1645031672020,-0.38060912,-0.81991446,-1.7241296
1645031672028,-0.5108299,-0.8719958,-1.973907
1645031672038,-0.6227245,-0.88416094,-2.333118
1645031672048,-0.73622483,-0.897286,-2.993106
1645031672058,-0.85707307,-0.8704599,-3.8046427
1645031672068,-0.9655467,-0.75975215,-4.551741
1645031672080,-1.0495156,-0.60560256,-5.2259536
1645031672088,-1.0983332,-0.41982722,-5.7333975
1645031672098,-1.1085784,-0.22268958,-5.99534
1645031672109,-1.0866219,-0.2044332,-5.947465
1645031672118,-1.0377694,-0.20767955,-5.7245483
1645031672128,-0.97113186,-0.20914565,-5.2891526
1645031672141,-0.87780786,-0.21033248,-4.778026
1645031672148,-0.7708875,0.043232393,-4.2251854
1645031672158,-0.6857841,0.23399948,-3.482503
1645031672168,-0.59975564,0.27197835,-2.793734
1645031672178,-0.5115281,0.1844489,-2.1815517
1645031672192,-0.5115281,0.1844489,-2.1815517
1645031672201,-0.42755914,0.013474125,-1.4902523
1645031672209,-0.34383455,-0.16055502,-0.81560344
1645031672219,-0.23960206,-0.25361726,-0.1026093
1645031672230,-0.11163278,-0.27988482,0.4900602
1645031672239,0.008814032,-0.24422725,1.0200715
1645031672249,0.008814032,-0.24422725,1.0200715
1645031672260,0.2202112,-0.086447336,1.7380226
1645031672270,0.3023824,-0.0068592373,1.8972859
1645031672279,0.3659307,0.062326554,1.9470285
1645031672290,0.3659307,0.062326554,1.9470285
1645031672299,0.39006895,0.16306832,1.8754168
1645031672310,0.3607121,0.20132647,1.7269396
1645031672322,0.3035169,0.252954,1.5160136
1645031672329,0.23010734,0.31107426,1.2675626
1645031672339,0.15270093,0.35524914,1.0269133
1645031672350,0.15270093,0.35524914,1.0269133
1645031672359,0.009773977,0.41113535,0.57060826
1645031672370,-0.080670215,0.4483463,0.39017367
1645031672382,-0.19757396,0.45974344,0.20670216
1645031672389,-0.33189633,0.43771708,0.08077493
1645031672399,-0.465346,0.37162057,0.06368793
1645031672410,-0.5944672,0.23181778,0.044070162
1645031672418,-0.73812723,0.040370014,0.029671
1645031672430,-0.89213717,-0.1829828,0.1095209
1645031672441,-1.0465137,-0.44592023,0.38558337
1645031672450,-1.1846409,-0.7410594,0.7122262
1645031672459,-1.298787,-1.0245222,0.9711144
1645031672470,-1.409006,-1.2499695,1.2522733
1645031672479,-1.4766908,-1.3794397,1.4533728
1645031672490,-1.4909678,-1.3664019,1.4807225
1645031672519,-1.4909678,-1.3664019,1.4807225
1645031672521,-1.4909678,-1.3664019,1.4807225
1645031672522,-1.4909678,-1.3664019,1.4807225
1645031672523,-1.6782616,-0.61302036,0.42803037
1645031672534,-1.6782616,-0.61302036,0.42803037
1645031672536,-1.7140064,-0.43717602,0.19732961
1645031672539,-1.6690112,-0.45361724,0.5127323
1645031672550,-1.6690112,-0.45361724,0.5127323
1645031672561,-1.4327253,-0.7125927,1.7618291
1645031672570,-1.2451348,-0.8195305,2.2254996
1645031672579,-1.0204207,-0.9129592,2.6869884
1645031672590,-1.0204207,-0.9129592,2.6869884
1645031672599,-0.587608,-1.0962213,3.375059
1645031672611,-0.41155425,-1.1182652,3.2880182
1645031672621,-0.21675539,-1.0721878,3.2949297
1645031672631,-0.056095645,-0.9579021,2.9774501
1645031672638,0.08567938,-0.8542805,2.6880007
1645031672660,0.08567938,-0.8542805,2.6880007
1645031672662,0.23443581,-0.82801294,2.6250808
1645031672674,0.3636792,-0.807889,2.605585
1645031672682,0.5552841,-0.6183088,2.512453
1645031672689,0.63747275,-0.49302733,2.3969805
1645031672698,0.63747275,-0.49302733,2.3969805
1645031672710,0.75209004,-0.28182214,2.0858364
1645031672719,0.79205865,-0.23799634,1.8831311
1645031672730,0.8588882,-0.29552317,1.7874335
1645031672742,0.9582686,-0.42583123,1.8693603
1645031672750,0.9592111,-0.49068853,1.677162
1645031672759,0.9592111,-0.49068853,1.677162
1645031672771,0.72884196,-0.44846845,0.67716205
1645031672778,0.6739157,-0.47937864,0.51898074
1645031672791,0.6939,-0.5911336,0.6846322
1645031672801,0.781604,-0.7753207,1.1129243
1645031672821,0.781604,-0.7753207,1.1129243
1645031672839,0.88061786,-0.98333186,1.6576315
1645031672841,1.1868225,-1.3320359,3.022742
1645031672841,1.1868225,-1.3320359,3.022742
1645031672851,1.5883934,-1.4205952,4.1939263
1645031672878,1.5883934,-1.4205952,4.1939263
1645031672879,1.5883934,-1.4205952,4.1939263
1645031672880,1.5883934,-1.4205952,4.1939263
1645031672881,0.8515752,-0.44143468,2.6165285
1645031672881,0.8515752,-0.44143468,2.6165285
1645031672894,0.22216599,0.009512174,1.1873636
1645031672898,0.22216599,0.009512174,1.1873636
1645031672909,-1.2366176,0.837752,-2.6551707
1645031672922,-1.2366176,0.837752,-2.6551707
1645031672929,-2.058574,1.3132559,-5.6031766
1645031672938,-2.0949297,1.3684964,-6.5032725
1645031672950,-1.9835937,1.411275,-7.279431
1645031672959,-1.7845361,1.5441313,-8.090985
1645031672970,-1.7845361,1.5441313,-8.090985
1645031672987,-1.4616634,3.1374989,-11.890078
1645031672994,-1.1288245,4.23845,-12.804311
1645031673003,-1.1288245,4.23845,-12.804311
1645031673009,-0.6590278,4.3242865,-11.989109
1645031673018,-0.6590278,4.3242865,-11.989109
1645031673031,-0.4378218,4.3089275,-8.768427
1645031673041,-0.36404574,3.8667946,-7.126154
1645031673051,-0.36404574,3.8667946,-7.126154
1645031673058,-0.11065538,1.8777903,-4.3204293
1645031673069,-0.11065538,1.8777903,-4.3204293
1645031673079,0.20488699,0.3103063,-2.0857491
1645031673089,0.33056986,-0.05468191,-1.2221136
1645031673103,0.45218605,-0.0665154,-0.38216248
1645031673108,0.57263285,0.079326294,0.36144516
1645031673119,0.6543154,0.23946244,1.009774
1645031673131,0.6955581,0.3319487,1.4757134
1645031673138,0.72372806,0.3285278,1.6562352
1645031673151,0.72372806,0.3285278,1.6562352
1645031673178,0.60506153,0.14517847,1.7382668
1645031673179,0.60506153,0.14517847,1.7382668
1645031673180,0.60506153,0.14517847,1.7382668
1645031673180,0.5208308,0.041905925,1.5755476
1645031673187,0.5208308,0.041905925,1.5755476
1645031673191,0.3354743,-0.09222445,1.2498298
1645031673200,0.3354743,-0.09222445,1.2498298
1645031673210,0.22382407,-0.1347238,1.0562178
1645031673221,0.2289205,-0.080757484,0.99326295
1645031673231,0.2289205,-0.080757484,0.99326295
1645031673238,0.38394275,0.13582337,0.93458414
1645031673250,0.5322803,0.19291386,1.0804608
1645031673260,0.7397853,0.11194694,1.420822
1645031673268,1.0029671,-0.13688804,2.117724
1645031673284,1.0029671,-0.13688804,2.117724
1645031673288,1.8053408,-0.93212324,4.566437
1645031673299,1.8053408,-0.93212324,4.566437
1645031673309,2.8453443,-1.5206388,8.468069
1645031673320,3.2579107,-1.6933764,10.623283
1645031673333,3.2579107,-1.6933764,10.623283
1645031673341,2.91268,-1.8892922,13.509766
1645031673351,2.91268,-1.8892922,13.509766
1645031673363,-0.26630595,-2.3266602,11.9616375
1645031673370,-1.8165983,-2.3437648,10.4145565
1645031673380,-1.8165983,-2.3437648,10.4145565
1645031673388,-4.0428486,-1.9425604,5.9136925
1645031673402,-4.1185966,-1.7310586,1.8996247
1645031673414,-4.094773,-1.4656602,1.4962562
1645031673420,-4.0814033,-1.0434767,1.5559822
1645031673429,-4.0814033,-1.0434767,1.5559822
1645031673438,-3.5416877,-0.29842046,1.599616
1645031673450,-2.566175,0.45635745,-0.5614277
1645031673461,-1.4636006,1.1514268,-1.272851
1645031673469,-0.5109172,1.5720918,-1.0538965
1645031673478,0.2242255,1.7491579,-0.39347237
1645031673491,0.71196437,1.6839166,0.22682607
1645031673498,1.0161271,1.4697967,0.9135701
1645031673510,1.0161271,1.4697967,0.9135701
1645031673521,1.0138057,0.7723536,1.5947465
1645031673530,0.77657735,0.45820752,1.3587399
1645031673539,0.41001832,0.18451872,0.5768741
1645031673551,-0.04701981,-0.074718565,-0.7657387
1645031673558,-0.4991535,-0.27306047,-2.2023911
1645031673571,-0.92390263,-0.43780434,-3.801152
1645031673582,-1.2086221,-0.5334846,-5.0403523
1645031673591,-1.2896065,-0.608622,-5.794764
1645031673599,-1.1301858,-0.62780344,-5.845833
1645031673610,-1.1301858,-0.62780344,-5.845833
1645031673618,-0.5616895,-0.12027228,-5.6771097
1645031673631,-0.25579894,0.69917095,-5.68081
1645031673641,0.046915088,1.8479449,-5.7248974
1645031673651,0.07468365,1.9616895,-5.645938
1645031673667,0.07468365,1.9616895,-5.645938
1645031673683,-0.1965442,3.4348023,-6.155616
1645031673684,-0.1965442,3.4348023,-6.155616
1645031673686,-0.1965442,3.4348023,-6.155616
1645031673694,-0.21384065,2.9741688,-6.129418
1645031673705,-0.39225063,1.2746662,-6.0291824
1645031673711,-0.39225063,1.2746662,-6.0291824
1645031673718,-0.38992932,0.38352388,-5.9858627
1645031673729,-0.3895279,0.39518282,-5.6888733
1645031673738,-0.3892137,0.4000349,-5.270006
1645031673749,-0.3488437,0.22712278,-4.461105
1645031673761,-0.24227245,0.28971115,-3.4176106
1645031673769,-0.067108825,0.557745,-2.3070774
1645031673778,0.13081421,0.9336417,-1.1152282
1645031673789,0.3407627,1.3263286,-0.025796317
1645031673800,0.51161534,1.6861331,0.9835413
1645031673809,0.51161534,1.6861331,0.9835413
1645031673821,0.74322367,2.1199057,2.177677
1645031673829,0.81364864,2.1793525,2.3935423
1645031673839,0.81364864,2.1793525,2.3935423
1645031673850,0.8712104,1.9650406,2.5084562
1645031673859,0.90409285,1.808849,2.4930098
1645031673869,0.9438869,1.6428659,2.5440788
1645031673881,1.005236,1.4770747,2.7127497
1645031673889,1.1061524,1.3063444,2.9855485
1645031673899,1.1061524,1.3063444,2.9855485
1645031673911,1.3224366,0.8932542,3.9919364
1645031673919,1.4026005,0.7437996,4.6385374
1645031673931,1.4727812,0.54409635,5.1605725
1645031673941,1.5083516,0.3987259,5.5974865
1645031673950,1.4875993,0.46236145,6.1263986
1645031673959,1.4893272,0.6576839,6.6762195
1645031673971,1.4671438,1.0942142,7.4392877
1645031673979,1.4330919,1.6273322,8.221451
1645031673990,1.4330919,1.6273322,8.221451
1645031674002,1.0528842,2.310865,8.989057
1645031674011,0.5037263,2.1605027,8.393978
1645031674019,-0.3142508,1.0683131,5.8620124
1645031674031,-0.39558426,0.94249064,5.576246
1645031674038,-0.38350642,0.9533642,5.6027575
1645031674051,-0.37863687,0.9554411,5.608744
1645031674061,-0.37467492,0.9573785,5.61412
1645031674071,-0.37167293,0.4807051,5.6181517
1645031674078,-0.3693865,0.42602322,5.6212234
1645031674090,-0.3693865,0.42602322,5.6212234
1645031674099,-0.36633214,0.43499434,5.625325
1645031674110,-0.36533728,0.43689677,2.6544724
1645031674121,-0.20872676,0.89267826,0.6025133
1645031674130,0.021275854,1.2652413,-0.20715594
1645031674138,0.24866045,1.5165198,-0.20041889
1645031674161,0.24866045,1.5165198,-0.20041889
1645031674163,0.44276115,1.6179248,0.45417577
1645031674176,0.6346627,1.6446811,1.3079501
1645031674184,0.6222707,1.7351427,2.378916
1645031674191,-0.6971638,2.7637665,6.2385373
1645031674199,-2.268697,3.7830875,9.124671
1645031674210,-4.6945806,5.3300114,13.003509
1645031674219,-4.9376388,5.4830265,13.377956
1645031674230,-4.9019637,5.458609,13.313936
1645031674242,-4.887669,5.4482417,13.285575
1645031674250,-4.8760624,5.4398813,13.262815
1645031674259,-4.8672657,5.4335456,13.245588
1645031674271,-6.4807224,5.023894,14.083498
1645031674278,-6.4807224,5.023894,14.083498
1645031674291,-6.7846584,4.2140675,10.884091
1645031674302,-6.583245,4.186369,8.98883
1645031674310,-6.76902,5.0444365,7.6700234
1645031674318,-6.76902,5.0444365,7.6700234
1645031674332,-9.172441,7.3255606,6.8504405
1645031674338,-11.001518,8.092783,6.6619773
1645031674351,-11.001518,8.092783,6.6619773
1645031674361,-16.902487,8.661629,4.3351426
1645031674370,-17.16539,8.518248,4.156628
1645031674378,-17.1124,8.492172,4.1850076
1645031674392,-17.086813,8.487337,4.197033
1645031674399,-15.889554,8.482782,4.206737
1645031674411,-13.827175,8.479379,4.214085
1645031674421,-11.506013,8.476778,4.2196703
1645031674431,-9.259098,8.351043,2.1291037
1645031674439,-7.2482414,7.7784624,0.92158127
1645031674452,-5.4726067,6.957972,0.53653896
1645031674472,-3.9794397,6.0101404,0.4487477
1645031674473,-3.9794397,6.0101404,0.4487477
1645031674477,-3.9794397,6.0101404,0.4487477
1645031674483,-2.6845973,5.0557814,0.52117985
1645031674490,-0.9163278,3.5176892,0.7866655
1645031674498,-0.28524303,2.9033074,1.007505
1645031674509,0.28494632,2.438747,1.3006196
1645031674518,0.7780784,2.1320708,1.6663408
1645031674529,1.1446549,1.9618292,2.0874074
1645031674542,1.1446549,1.9618292,2.0874074
1645031674549,1.3802077,1.8511738,2.9442534
1645031674558,1.2836373,1.8584169,3.3587573
1645031674568,1.1457894,1.9673793,3.7997208
1645031674580,0.95987433,2.083236,4.2064753
1645031674591,0.8691858,2.3414085,4.697094
1645031674602,0.846566,2.6130552,5.1858974
1645031674610,1.0980365,3.0571604,5.824784
1645031674619,1.8896588,3.8857143,6.817349
1645031674631,3.6640544,5.425761,8.52556
1645031674639,6.369858,7.5265555,10.832516
1645031674651,9.773558,9.924514,13.509119
1645031674672,12.319417,11.395759,15.15401
1645031674675,12.319417,11.395759,15.15401
1645031674686,12.125596,10.577939,13.967205
1645031674689,7.548704,5.7931933,7.688175
1645031674698,4.5249324,2.9464526,4.073706
1645031674711,4.5249324,2.9464526,4.073706
1645031674721,1.0361637,2.7103937,3.7789161
1645031674730,1.0836198,2.7257876,3.7997732
1645031674739,1.103639,2.7383366,3.8166857
1645031674750,1.1197835,2.7478313,3.829479
1645031674759,1.1320184,2.7550397,3.8392181
1645031674770,1.1413212,2.7605376,3.846601
1645031674783,1.1413212,2.7605376,3.846601
1645031674791,1.1537656,2.767868,3.856497
1645031674799,-0.624051,0.30959073,1.1002182
1645031674811,-2.0934112,-1.6759927,-1.0682782
1645031674824,-2.0934112,-1.6759927,-1.0682782
1645031674840,-3.092905,-3.0653634,-2.6829915
1645031674851,-3.092905,-3.0653634,-2.6829915
1645031674852,-2.9193122,-2.9449866,-2.692172
1645031674897,-2.5566454,-2.6332839,-2.5136225
1645031674899,-1.4722402,-1.6911249,-1.8658696
1645031674902,-1.4722402,-1.6911249,-1.8658696
1645031674904,-0.98003316,-1.30891,-1.5998255
1645031674931,-0.3361899,-0.8264595,-1.2391133
1645031674932,-0.3361899,-0.8264595,-1.2391133
1645031674932,-0.3361899,-0.8264595,-1.2391133
1645031674933,1.7492276,0.68642986,0.0018675277
1645031674933,1.7492276,0.68642986,0.0018675277
1645031674933,1.7492276,0.68642986,0.0018675277
1645031674938,2.747238,1.263653,0.515682
1645031674948,2.747238,1.263653,0.515682
1645031674963,3.510638,1.6748059,0.7890392
1645031674969,3.767676,1.7518631,0.76182914
1645031674980,3.767676,1.7518631,0.76182914
1645031674988,3.8383453,1.5831399,0.44880006
1645031675000,3.8383453,1.5831399,0.44880006
1645031675008,3.4175756,1.4504756,0.121494025
1645031675022,3.4175756,1.4504756,0.121494025
1645031675030,3.054106,1.3805393,-0.019966839
1645031675038,2.185496,1.2679989,-0.15856531
1645031675048,1.7898945,1.2979841,-0.108578406
1645031675062,1.5101666,1.3893185,0.006318178
1645031675069,1.3426303,1.4845624,0.15694214
1645031675083,1.2923815,1.6384326,0.35414958
1645031675094,1.2889781,1.7809408,0.56519765
1645031675099,1.2889781,1.7809408,0.56519765
1645031675113,1.3352823,1.9482329,0.7971551
1645031675119,1.5303605,2.2041714,1.1925299
1645031675130,1.5303605,2.2041714,1.1925299
1645031675146,1.8140676,2.2693079,1.3760712
1645031675149,1.8140676,2.2693079,1.3760712
1645031675166,2.012741,2.2605114,1.4316782
1645031675172,2.164482,2.258347,1.4826076
1645031675182,2.2727115,2.3038485,1.5495942
1645031675190,2.223056,2.2883847,1.6221485
1645031675202,2.1114757,2.3422987,1.6621171
1645031675213,2.1114757,2.3422987,1.6621171
1645031675218,1.6744742,2.4896414,1.6555545
1645031675230,1.6744742,2.4896414,1.6555545
1645031675240,1.1698577,2.4427612,1.4631993
1645031675249,1.0416267,2.4522908,1.3623527
1645031675263,1.0416267,2.4522908,1.3623527
1645031675268,0.76156735,2.2920325,1.0782965
1645031675278,0.76156735,2.2920325,1.0782965
1645031675292,0.46044156,2.1942403,0.7471158
1645031675299,0.25658435,2.092015,0.5502225
1645031675313,0.25658435,2.092015,0.5502225
1645031675323,-0.019565407,1.8550833,0.22193909
1645031675331,-0.15015271,1.6132996,0.04958548
1645031675338,-0.21160659,1.400576,-0.08936207
1645031675349,-0.21879745,1.1961602,-0.196806
1645031675359,-0.21879745,1.1961602,-0.196806
1645031675369,-0.17814818,1.0080286,-0.27103588
1645031675383,-0.14425342,0.75657564,-0.3575181
1645031675416,-0.14058818,0.13713239,-0.5865433
1645031675417,-0.14058818,0.13713239,-0.5865433
1645031675418,-0.14058818,0.13713239,-0.5865433
1645031675418,-0.14058818,0.13713239,-0.5865433
1645031675419,-0.14058818,0.13713239,-0.5865433
1645031675419,-0.14058818,0.13713239,-0.5865433
1645031675440,-0.14058818,0.13713239,-0.5865433
1645031675441,-0.1283358,-0.12365826,-0.70758355
1645031675442,-0.10093376,-0.30227768,-0.49294004
1645031675449,-0.26806876,-0.9252116,-0.9513221
1645031675459,-0.26806876,-0.9252116,-0.9513221
1645031675470,-0.39153504,-1.2086395,-1.109102
1645031675478,-0.62003666,-1.4130552,-1.2368793
1645031675488,-0.7849725,-1.5147395,-1.287355
1645031675500,-0.9880967,-1.6250633,-1.3528581
1645031675508,-1.1764727,-1.7089624,-1.432673
1645031675518,-1.3174448,-1.7570643,-1.5411816
1645031675532,-1.4490968,-1.8412253,-1.7100271
1645031675538,-1.5873985,-1.9584256,-1.9133607
1645031675550,-1.7468016,-2.0802164,-2.1088402
1645031675561,-1.8750676,-2.1081421,-2.22817
1645031675569,-1.9932978,-2.065189,-2.247561
1645031675579,-2.1123135,-2.045571,-2.18026
1645031675590,-2.1464875,-1.8566716,-1.9330482
1645031675598,-2.120691,-1.5965267,-1.5427873
1645031675610,-2.025971,-1.2888559,-0.9898944
1645031675621,-1.9196614,-1.0581901,-0.47365388
1645031675631,-1.72488,-0.80455536,0.038310498
1645031675638,-1.4868139,-0.59855133,0.45078978
1645031675650,-1.4868139,-0.59855133,0.45078978
1645031675658,-0.96704775,-0.34149578,0.8572301
1645031675681,-0.7468191,-0.30259186,0.84612966
1645031675702,-0.7468191,-0.30259186,0.84612966
1645031675703,-0.7468191,-0.30259186,0.84612966
1645031675703,-0.7468191,-0.30259186,0.84612966
1645031675704,-0.33245483,-0.50555897,0.2449952
1645031675712,-0.33245483,-0.50555897,0.2449952
1645031675714,-0.33245483,-0.50555897,0.2449952
1645031675718,-0.27052972,-0.7797714,-0.3856881
1645031675731,-0.24630421,-0.92163366,-0.68386424
1645031675742,-0.19762632,-0.9859848,-0.88025135
1645031675750,-0.19335021,-0.98619425,-0.9681124
1645031675759,-0.33514267,-0.9610088,-0.97814816
1645031675771,-0.68061787,-0.9618989,-0.9665416
1645031675778,-1.161131,-0.9270268,-0.9521948
1645031675791,-1.161131,-0.9270268,-0.9521948
1645031675802,-2.156052,-1.1389999,-1.3921459
1645031675810,-2.427751,-1.2833755,-1.8577887
1645031675818,-2.4938128,-1.419705,-2.4391832
1645031675831,-2.3735754,-1.5230823,-3.1109347
1645031675838,-2.0884197,-1.5894232,-3.9043024
1645031675851,-1.5721092,-1.5308142,-4.743119
1645031675861,-0.75952524,-1.2928354,-5.5225935
1645031675870,0.31487915,-0.8505454,-6.1493325
1645031675878,1.5007942,-0.23845012,-6.491509
1645031675890,1.5007942,-0.23845012,-6.491509
1645031675898,1.5913954,-0.18638624,-5.323623
1645031675911,2.1816564,0.12617157,-4.005236
1645031675921,2.2868662,0.2765163,-2.1115804
1645031675930,1.9199232,0.38162142,0.13903482
1645031675939,1.3437648,0.59170955,2.3777642
1645031675950,1.3437648,0.59170955,2.3777642
1645031675958,0.34242082,1.55867,5.6643686
1645031675971,0.21015796,2.2647002,6.4366174
1645031675982,0.28805307,3.0918405,6.7907495
1645031675990,0.54228115,4.041906,6.9220524
1645031676006,0.54228115,4.041906,6.9220524
1645031676012,0.9493324,5.0398464,6.9551444
1645031676026,1.6703377,6.386805,7.3026967
1645031676035,2.8104024,8.120202,8.073131
1645031676041,5.8263025,11.560381,10.308718
1645031676050,7.026913,12.2917185,11.065764
1645031676058,7.8412952,12.255852,11.501999
1645031676070,7.9788814,11.362457,11.383349
1645031676078,7.630788,10.038625,10.874544
1645031676090,6.8966055,8.521756,10.086988
1645031676102,5.9840474,7.074614,9.199564
1645031676110,5.0821013,5.8569684,8.348442
1645031676119,4.2204556,4.848591,7.5572214
1645031676130,3.3914652,3.9994938,6.806353
1645031676139,2.7146523,3.3823545,6.131076
1645031676151,2.7146523,3.3823545,6.131076
1645031676163,1.6465834,2.6827471,4.560433
1645031676184,1.6465834,2.6827471,4.560433
1645031676186,1.3690374,2.435291,3.4750502
1645031676193,1.2237368,2.0961516,2.2972336
1645031676198,1.0886813,1.3754429,0.27585304
1645031676210,1.0674404,0.87056464,-0.57102716
1645031676221,1.1029583,0.3056113,-1.252221
1645031676231,1.1977136,-0.2467231,-1.7503622
1645031676239,1.2375076,-0.81886727,-2.133345
1645031676251,1.2600402,-1.3583035,-2.3930361
1645031676259,1.238712,-1.8742473,-2.5901039
1645031676271,1.238712,-1.8742473,-2.5901039
1645031676282,1.223667,-2.640946,-2.7455974
1645031676291,1.1750065,-2.8787503,-2.7105505
1645031676299,1.0388515,-3.0508246,-2.6270878
1645031676311,0.9225936,-3.1099398,-2.4947727
1645031676319,0.7732612,-3.1209006,-2.3516014
1645031676331,0.5944672,-3.08067,-2.1899292
1645031676341,0.4056724,-2.954202,-1.9841348
1645031676351,0.1668732,-2.7910113,-1.7299067
1645031676358,-0.028361985,-2.501405,-1.3976263
1645031676370,-0.028361985,-2.501405,-1.3976263
1645031676379,-0.5067807,-1.6842482,-0.58713675
1645031676391,-0.7270966,-1.2278558,-0.23792653
1645031676401,-0.97706604,-0.7514268,0.0065276204
1645031676411,-1.2430928,-0.2824854,0.086621866
1645031676419,-1.4737586,0.16579108,-0.04028275
1645031676430,-1.4737586,0.16579108,-0.04028275
1645031676438,-2.1276028,0.70953834,-1.3125927
1645031676451,-2.5849726,0.53777814,-2.452378
1645031676461,-3.235989,-0.16917707,-3.7779388
1645031676470,-4.0919104,-1.7940483,-5.4146786
1645031676479,-4.172598,-1.968793,-5.5703464
1645031676492,-4.1571865,-1.9497339,-5.5428047
1645031676498,-4.1499257,-1.9440789,-5.530343
1645031676510,-4.1499257,-1.9440789,-5.530343
1645031676522,-3.4754167,-1.9356314,-5.512837
1645031676530,-2.3249497,-1.9328737,-5.507095
1645031676539,-1.1202374,-4.334392,-6.1574483
1645031676550,-1.1202374,-4.334392,-6.1574483
1645031676558,-1.0245222,-4.582634,-5.534654
1645031676570,-1.0318004,-4.133764,-4.720988
1645031676582,-1.0318004,-4.133764,-4.720988
1645031676590,0.9488612,-2.7921286,-3.1978881
1645031676599,1.4496727,-2.1805394,-2.7182825
1645031676611,1.5310062,-1.7755826,-2.4742649
1645031676619,1.1457021,-1.6362336,-2.4237716
1645031676631,0.26538092,-1.7349507,-2.5320535
1645031676641,-0.88606334,-2.150973,-2.8014138
1645031676652,-2.2490444,-2.7627017,-2.9089973
1645031676660,-3.845798,-3.6549263,-2.653146
1645031676687,-3.845798,-3.6549263,-2.653146
1645031676696,-5.4347153,-4.6560783,-1.8149925
1645031676699,-5.4347153,-4.6560783,-1.8149925
1645031676713,-6.1406755,-5.188603,-0.7904878
1645031676716,-4.6192164,-4.477232,0.064578064
1645031676719,-3.5923204,-3.4392705,1.0568112
1645031676730,-2.2531285,-1.7175146,2.2256567
1645031676738,-0.89353347,0.13584082,3.29486
1645031676750,-0.89353347,0.13584082,3.29486
1645031676761,1.1895802,3.966018,5.5188584
1645031676769,1.8152369,5.7146,6.6120954
1645031676778,2.484126,7.8857493,7.988638
1645031676789,3.3669953,10.458103,9.619758
1645031676798,4.467423,13.011519,11.265608
1645031676808,5.5023127,14.6667595,12.416424
1645031676831,5.5023127,14.6667595,12.416424
1645031676832,5.5023127,14.6667595,12.416424
1645031676832,5.5023127,14.6667595,12.416424
1645031676833,6.871053,15.41227,13.634052
1645031676838,6.8589754,14.1670475,13.323693
1645031676863,6.468121,12.463252,12.707339
1645031676864,6.468121,12.463252,12.707339
1645031676869,4.758164,8.963313,11.188201
1645031676885,3.7854612,7.3842397,10.383332
1645031676890,2.819897,5.9495068,9.471595
1645031676899,1.918108,4.717323,8.462449
1645031676912,1.1747447,3.7723012,7.3110394
1645031676918,0.5347238,2.9749541,5.8453093
1645031676929,0.08721529,2.2983506,4.0787153
1645031676945,-0.26489222,1.546889,1.9394362
1645031676948,-0.53313553,0.64527446,-0.37738022
1645031676961,-0.53313553,0.64527446,-0.37738022
1645031676969,-1.2862378,-2.377328,-5.1493497
1645031676978,-1.6519417,-4.5698576,-7.1761236
1645031676993,-1.6519417,-4.5698576,-7.1761236
1645031677004,-1.7388079,-6.654385,-8.243878
1645031677011,-1.5220525,-6.832446,-8.278
1645031677019,-0.5976263,-6.7666464,-5.751008
1645031677029,-0.2941269,-6.148861,-3.873811
1645031677044,-0.19567153,-5.0786805,-2.0669343
1645031677048,-0.26024958,-3.8925037,-0.6509818
1645031677063,-0.41530675,-2.7773454,0.35348633
1645031677068,-0.41530675,-2.7773454,0.35348633
1645031677079,-0.55130464,-1.7308142,1.103831
1645031677093,-0.7019984,-0.800925,1.6718212
1645031677098,-0.8572476,0.026738808,2.078733
1645031677112,-0.9545161,0.81413734,2.3624575
1645031677126,-1.0369142,1.5440964,2.5491054
1645031677131,-1.2177502,2.2378917,2.6447682
1645031677142,-1.3271664,2.9336765,2.7716205
1645031677148,-1.261227,3.6656427,3.1586351
1645031677161,-1.1510952,3.7732089,3.4338772
1645031677176,-1.0006284,3.485016,3.636251
1645031677194,-0.79652673,2.789266,3.6598482
1645031677195,-0.79652673,2.789266,3.6598482
1645031677197,-0.79652673,2.789266,3.6598482
1645031677198,-0.64302295,1.8537394,3.3727376
1645031677202,-0.64302295,1.8537394,3.3727376
1645031677213,-0.5532769,0.35610437,1.5481805
1645031677218,-0.64101577,-0.0872851,0.44016057
1645031677229,-0.74690634,-0.27431715,-0.58732873
1645031677245,-0.74690634,-0.27431715,-0.58732873
1645031677248,-0.9237979,-0.18443145,-1.4008901
1645031677258,-1.1234313,-0.03762981,-2.016389
1645031677268,-1.2776682,-0.36385375,-2.4411902
1645031677278,-1.1201327,-0.65319836,-2.098787
1645031677292,-1.1201327,-0.65319836,-2.098787
1645031677301,-0.4862728,-0.9495942,-0.15493499
1645031677311,-0.19333275,-0.77181256,0.86792916
1645031677319,0.03762981,-0.507601,1.6734793
1645031677330,0.19561917,-0.081857055,2.271734
1645031677341,0.19561917,-0.081857055,2.271734
1645031677348,0.55228204,0.9590191,3.0493412
1645031677363,0.55228204,0.9590191,3.0493412
1645031677374,0.9223493,1.5898944,3.3121912
1645031677380,0.9223493,1.5898944,3.3121912
1645031677390,1.2913692,1.2887686,2.9922507
1645031677398,1.4122524,0.87354916,2.6434767
1645031677408,1.463112,0.4008552,2.2508771
1645031677424,1.5942752,0.053617243,2.0351515
1645031677429,1.7435553,-0.15360852,2.0031242
1645031677438,1.9175321,-0.2528842,2.163627
1645031677450,2.1148965,-0.35137448,2.389371
1645031677458,2.2862206,-0.5026966,2.4869187
1645031677473,2.2862206,-0.5026966,2.4869187
1645031677487,2.2631643,-1.309294,1.8498996
1645031677491,2.2631643,-1.309294,1.8498996
1645031677501,1.9160485,-2.2423773,0.82801294
1645031677509,1.7552142,-2.768217,0.2639672
1645031677518,1.5467492,-3.2835674,-0.32718387
1645031677529,1.4569509,-3.6302295,-0.82026356
1645031677541,1.3470285,-3.7660005,-1.2740378
1645031677549,1.2180295,-3.6709836,-1.6662711
1645031677561,1.2230561,-3.26292,-1.9007592
1645031677571,1.2230561,-3.26292,-1.9007592
1645031677579,1.4800069,-1.6855397,-1.9428571
1645031677590,1.4800069,-1.6855397,-1.9428571
1645031677601,1.9810106,0.2889781,-1.5696832
1645031677611,2.3444104,1.1491753,-1.2869185
1645031677619,2.7044942,1.8535824,-0.9371498
1645031677630,3.1347587,2.4268436,-0.5165721
1645031677639,3.5095558,2.7103064,-0.13266428
1645031677658,3.8122873,2.7388778,0.1411816
1645031677659,3.8122873,2.7388778,0.1411816
1645031677692,3.8122873,2.7388778,0.1411816
1645031677692,3.8122873,2.7388778,0.1411816
1645031677693,3.8122873,2.7388778,0.1411816
1645031677712,3.7845187,1.4555371,0.7298368
1645031677713,3.7845187,1.4555371,0.7298368
1645031677717,3.7845187,1.4555371,0.7298368
1645031677718,3.88266,1.5153679,0.99040055
1645031677718,4.155633,2.001501,1.3118597
1645031677735,4.564779,2.6836722,1.7084737
1645031677735,4.564779,2.6836722,1.7084737
1645031677736,4.564779,2.6836722,1.7084737
1645031677737,5.1624227,3.6547692,2.493167
1645031677741,5.1624227,3.6547692,2.493167
1645031677750,4.9701023,3.4139104,2.5148966
1645031677758,5.1144605,3.5390522,2.1145475
1645031677768,5.544498,4.069273,1.3894581
1645031677784,6.1476393,4.7776594,0.5082468
1645031677789,6.8566365,5.583,-0.25084212
1645031677798,7.320813,6.340431,-0.6334759
1645031677809,7.229217,6.816057,-0.589109
1645031677820,6.438764,6.7215815,-0.2412776
1645031677828,5.085994,5.930727,0.29238153
1645031677841,5.085994,5.930727,0.29238153
1645031677849,3.3426478,4.579335,0.91915524
1645031677858,1.8186579,3.3833144,1.4806528
1645031677868,0.52081335,2.1748145,1.8977224
1645031677878,-0.67721444,0.5381447,2.2397242
1645031677888,-1.7353522,-1.1587747,2.593228
1645031677904,-1.7353522,-1.1587747,2.593228
1645031677908,-2.527027,-4.795619,1.7630858
1645031677918,-2.7040055,-6.499206,0.93933153
1645031677928,-2.8754866,-7.727114,0.22984554
1645031677941,-2.8754866,-7.727114,0.22984554
1645031677952,-2.8467405,-8.034436,-0.21171132
1645031677960,-1.8695349,-6.29308,-0.2360939
1645031677972,-1.0004014,-4.72488,-0.46998864
1645031677981,-0.25733486,-3.2581725,-0.6496204
1645031677988,-0.25733486,-3.2581725,-0.6496204
1645031677998,0.7948861,-1.366594,-0.6967624
1645031678018,0.7948861,-1.366594,-0.6967624
1645031678019,0.7948861,-1.366594,-0.6967624
1645031678022,0.7948861,-1.366594,-0.6967624
1645031678025,0.7948861,-1.366594,-0.6967624
1645031678038,1.2826425,-0.47644645,-0.74409634
1645031678048,1.2253425,-0.44096345,-0.5255956
1645031678058,1.1912383,-0.31435552,-0.18938826
1645031678087,1.1912383,-0.31435552,-0.18938826
1645031678088,1.1912383,-0.31435552,-0.18938826
1645031678088,1.1912383,-0.31435552,-0.18938826
1645031678092,1.3004276,0.0788725,0.19329785
1645031678094,1.2829043,0.4299328,0.61792475
1645031678098,1.249952,0.7227158,1.0126538
1645031678101,1.249952,0.7227158,1.0126538
1645031678118,1.3853216,1.444716,1.3134654
1645031678128,1.5414958,1.9206388,1.1731914
1645031678139,1.6264247,2.2505977,0.9164325
1645031678149,1.4702156,2.1426303,0.6729383
1645031678159,0.514565,0.7374116,0.61335194
1645031678169,-0.5117026,-0.9224191,0.6501789
1645031678178,-0.5117026,-0.9224191,0.6501789
1645031678188,-1.9225936,-3.0834105,0.77888125
1645031678201,-1.9225936,-3.0834105,0.77888125
1645031678214,-1.747622,-3.0697966,0.5853565
1645031678218,-1.2642988,-2.5436077,0.30383104
1645031678228,-0.7805044,-1.9861943,-0.116659395
1645031678243,-0.6109259,-1.7646042,-0.54683656
1645031678248,-0.85763156,-2.0756786,-0.8764988
1645031678258,-1.4094772,-2.8802862,-1.1091893
1645031678268,-2.4699187,-4.2049217,-1.1110742
1645031678278,-3.837211,-5.7626843,-0.82832706
1645031678288,-5.19438,-7.164063,-0.2845449
1645031678300,-5.988725,-7.9319663,0.32065624
1645031678308,-6.0425515,-7.981377,0.37933502
1645031678318,-5.4427786,-7.376281,0.37165546
1645031678328,-4.498071,-6.368549,0.36884546
1645031678347,-4.498071,-6.368549,0.36884546
1645031678347,-4.498071,-6.368549,0.36884546
1645031678349,-3.4902349,-5.1554413,0.3665416
1645031678360,-2.6853826,-4.006894,0.39041802
1645031678368,-2.201309,-3.0433896,0.26187277
1645031678378,-2.0738459,-2.3685837,0.036250982
1645031678388,-2.1109521,-1.7858975,-0.36006632
1645031678392,-2.1109521,-1.7858975,-0.36006632
1645031678408,-2.1674666,0.04405271,-1.803962
1645031678419,-0.18855049,3.8476133,-4.2413125
1645031678430,0.035186317,4.252343,-4.499677
1645031678438,0.009180557,4.1964917,-4.465433
1645031678448,5.2208047,13.667685,-6.7141113
1645031678458,5.822986,14.758077,-6.9262238
1645031678467,4.680967,14.628519,-5.8810368
1645031678479,2.9545336,13.161393,-4.6520114
1645031678489,1.5247229,11.203788,-3.6376648
1645031678498,0.6278384,9.250161,-2.9412515
1645031678508,0.36868837,7.3671002,-2.5050004
1645031678518,0.72580504,5.8280826,-2.2145214
1645031678528,1.318649,4.6619773,-1.9963522
1645031678539,1.756244,3.7469761,-1.8182214
1645031678550,1.973523,3.1284056,-1.6374029
1645031678558,1.5343573,1.9564534,-1.2667947
1645031678568,-0.7274108,-0.33947116,-0.39584607
1645031678578,-2.6258836,0.11608343,-0.25928965
1645031678588,-3.1053321,1.86758,-0.6673706
1645031678599,-1.9471681,3.9241993,-1.234209
1645031678621,-0.060685925,5.5911336,-1.6682433
1645031678622,-0.060685925,5.5911336,-1.6682433
1645031678622,-0.060685925,5.5911336,-1.6682433
1645031678622,1.7446898,6.858888,-1.7793176
1645031678628,3.1089973,7.702016,-1.6847718
1645031678638,3.969404,8.167466,-1.4710708
1645031678648,4.464351,8.3545685,-1.1993018
1645031678659,4.803805,8.482852,-0.8822236
1645031678669,5.0973034,8.591465,-0.5696134
1645031678678,5.4035954,8.924234,-0.34947202
1645031678688,5.7138844,9.48842,-0.2538616
1645031678697,6.0186753,10.2885065,-0.2933415
1645031678708,6.193403,10.916886,-0.4504407
1645031678719,6.133973,11.188114,-0.6693429
1645031678729,5.7240424,10.619827,-0.8027402
1645031678738,5.0315385,9.459552,-0.8092155
1645031678748,4.208657,8.100637,-0.71446025
1645031678758,3.2276638,6.3246007,-0.4884196
1645031678768,2.2537744,4.592844,-0.25717777
1645031678779,1.2425866,2.7172878,0.006597434
1645031678789,0.22171219,0.71524566,0.26763242
1645031678798,-0.70751375,-1.0567415,0.4532507
1645031678808,-1.890165,-3.185339,0.5841696
1645031678821,-3.4800594,-5.879047,0.6235623
1645031678828,-3.4800594,-5.879047,0.6235623
1645031678840,-6.3629985,-9.62735,-0.13728946
1645031678855,-7.257998,-9.915385,-0.74285716
1645031678858,-7.3187366,-9.45552,-0.80132645
1645031678869,-7.291683,-8.644437,-0.7932978
1645031678878,-7.0757136,-7.6788726,-0.7902435
1645031678889,-6.873898,-6.9636445,-0.6660267
1645031678899,-6.8473864,-6.594607,-0.60109955
1645031678912,-6.8473864,-6.594607,-0.60109955
1645031678924,-6.8473864,-6.594607,-0.60109955
1645031678931,-6.508596,-5.791256,-0.37024173
1645031678940,-5.71453,-5.330064,-0.34989092
1645031678948,-3.4441226,-4.5430665,-0.3525613
1645031678960,-3.4441226,-4.5430665,-0.3525613
1645031678974,-2.2321844,-3.8566542,0.07014573
1645031678978,-0.018779999,-1.8978096,0.5873811
1645031678990,1.1409372,-0.40741774,0.74542284
1645031678998,2.24126,1.1159961,0.86278033
1645031679011,3.1921983,2.5900166,0.96699536
1645031679026,3.1921983,2.5900166,0.96699536
1645031679040,4.5677285,5.1185794,1.108177
1645031679042,4.9655466,5.9865084,1.0891875
1645031679048,5.19623,6.6353083,1.018396
1645031679058,5.19623,6.6353083,1.018396
1645031679070,5.1382318,7.259534,0.80118686
1645031679078,4.828205,7.088559,0.5935771
1645031679080,4.828205,7.088559,0.5935771
1645031679099,3.971324,6.206772,0.12456584
1645031679103,3.971324,6.206772,0.12456584
1645031679109,3.971324,6.206772,0.12456584
1645031679129,3.489746,5.567449,-0.049707655
1645031679130,3.489746,5.567449,-0.049707655
1645031679138,3.0653634,4.9242167,-0.0016580854
1645031679142,3.0653634,4.9242167,-0.0016580854
1645031679148,2.5555284,3.967065,0.50699013
1645031679159,2.5742211,3.910603,0.791919
1645031679174,2.5742211,3.910603,0.791919
1645031679178,2.8465486,4.1694565,0.9771359
1645031679189,3.0165634,4.473165,0.8652937
1645031679200,3.0403175,4.4323764,0.64993453
1645031679210,2.8717864,4.029706,0.36680338
1645031679223,2.8717864,4.029706,0.36680338
1645031679233,1.829828,2.3212671,-0.25466445
1645031679239,1.0100533,1.0737412,-0.52809143
1645031679249,0.047997206,-0.36256218,-0.77242345
1645031679259,-0.9891614,-1.8898507,-1.010734
1645031679271,-0.9891614,-1.8898507,-1.010734
1645031679279,-2.745126,-4.1503797,-1.4433371
1645031679289,-3.337429,-4.7545686,-1.6338948
1645031679301,-3.7600837,-5.1485295,-1.7442534
1645031679309,-4.1627192,-5.468854,-1.7951654
1645031679339,-4.572947,-5.799808,-1.6590104
1645031679341,-4.572947,-5.799808,-1.6590104
1645031679343,-4.9823895,-6.1912036,-1.4371063
1645031679350,-5.3202724,-6.4530587,-1.252378
1645031679358,-5.3436427,-6.252692,-1.1555808
1645031679365,-5.3436427,-6.252692,-1.1555808
1645031679379,-5.3257527,-4.897146,-1.1495419
1645031679388,-5.546121,-4.097356,-1.3805568
1645031679399,-5.7328563,-3.4953835,-1.4701283
1645031679412,-5.776525,-3.1915874,-1.3365914
1645031679420,-5.6767783,-3.0710185,-1.1075661
1645031679428,-5.345545,-2.8374205,-0.8037874
1645031679440,-4.762143,-2.44222,-0.49821103
1645031679449,-3.9520552,-1.9192251,-0.2346278
1645031679458,-2.900096,-1.1771708,0.062989786
1645031679471,-1.5987084,-0.15743084,0.4191465
1645031679480,-0.11369229,0.97978884,0.81722665
1645031679489,-0.11369229,0.97978884,0.81722665
1645031679499,3.1680076,3.4621868,1.8027402
1645031679519,4.6705823,4.7695785,2.3428571
1645031679520,4.6705823,4.7695785,2.3428571
1645031679522,4.6705823,4.7695785,2.3428571
1645031679530,5.8079762,6.0375075,2.757012
1645031679538,7.1402216,8.368514,2.8865695
1645031679548,7.539471,9.091771,2.7605202
1645031679559,8.068173,9.755808,2.7733834
1645031679569,7.4817,9.064717,2.6533554
1645031679585,6.442412,7.891561,2.5662622
1645031679602,6.442412,7.891561,2.5662622
1645031679604,4.5768566,5.758391,2.6966403
1645031679609,3.7980626,4.9546733,2.7847106
1645031679618,2.9864736,4.0145564,2.773942
1645031679629,2.1768043,3.1676412,2.6526747
1645031679638,1.3129592,2.2593071,2.3928266
1645031679660,1.3129592,2.2593071,2.3928266
1645031679661,1.3129592,2.2593071,2.3928266
1645031679661,1.3129592,2.2593071,2.3928266
1645031679666,-0.63565755,0.11299416,1.45915
1645031679669,-0.63565755,0.11299416,1.45915
1645031679679,-2.258801,-1.8341914,0.7261192
1645031679688,-2.8419409,-2.623126,0.55694216
1645031679698,-3.226477,-3.2361987,0.44930622
1645031679715,-3.226477,-3.2361987,0.44930622
1645031679718,-3.3743782,-3.8181343,0.13603282
1645031679728,-3.3398552,-3.9850597,-0.056933414
1645031679738,-3.3476744,-4.105402,-0.26251855
1645031679748,-3.4061437,-4.1942577,-0.46981412
1645031679758,-3.498944,-4.171254,-0.67550397
1645031679776,-3.7010036,-4.2402654,-0.9601361
1645031679779,-3.7010036,-4.2402654,-0.9601361
1645031679781,-3.999808,-4.2272277,-1.28636
1645031679790,-4.337202,-4.1912556,-1.6148355
1645031679798,-4.6139803,-4.043756,-1.8766733
1645031679809,-4.6139803,-4.043756,-1.8766733
1645031679818,-4.8264947,-3.3595252,-2.1717951
1645031679832,-4.922925,-2.8723624,-2.3359978
1645031679838,-4.791867,-2.080426,-2.3487566
1645031679849,-4.3810105,-1.144201,-2.3501353
1645031679858,-3.560363,-0.2192338,-2.1444802
1645031679869,-2.259272,0.7367484,-1.7008814
1645031679878,-2.259272,0.7367484,-1.7008814
1645031679893,0.69376034,2.6572127,-0.6904093
1645031679898,2.0751026,3.3868575,-0.13248974
1645031679910,3.046147,3.6490095,0.48546994
1645031679918,3.4907234,3.4318004,1.1312505
1645031679930,3.7130466,2.9735405,1.9116328
1645031679939,3.8621345,2.417157,2.7910464
1645031679953,3.9624925,1.919033,3.6234226
1645031679958,4.0477705,1.675469,4.292504
1645031679970,4.089048,1.5595253,4.6684003
1645031679979,4.078244,1.6158129,4.7288594
1645031679990,3.9632778,1.7132734,4.456637
1645031679999,3.722611,1.7508857,3.9083865
1645031680012,3.4088664,1.7840824,3.1938913
1645031680018,2.9915526,1.695942,2.3900166
1645031680030,2.5067458,1.4730256,1.5788288
1645031680038,2.0729558,1.2812985,0.85263985
1645031680049,1.688629,1.069849,0.24557117
1645031680058,1.3641679,0.8156558,-0.23408674
1645031680072,1.1265905,0.63876426,-0.5805219
1645031680078,0.8998516,0.44482067,-0.84016055
1645031680090,0.6044157,0.17251068,-1.0507549
1645031680098,0.6044157,0.17251068,-1.0507549
1645031680110,-0.3082119,-0.45356488,-1.4272101
1645031680119,-0.9806964,-0.7845187,-1.5955667
1645031680132,-2.343852,-1.3897198,-1.9326469
1645031680138,-4.375321,-2.3058033,-2.606231
1645031680150,-6.179126,-2.9741163,-3.2620125
1645031680159,-7.354848,-3.1811154,-3.655031
1645031680170,-7.354848,-3.1811154,-3.655031
1645031680180,-7.628781,-3.009704,-3.505908
1645031680198,-6.125334,-1.840911,-2.6351166
1645031680200,-6.125334,-1.840911,-2.6351166
1645031680202,-4.689484,-0.85571164,-2.0622916
1645031680210,-3.3122087,-0.014364256,-1.5745178
1645031680218,-3.3122087,-0.014364256,-1.5745178
1645031680230,0.61302036,2.2445939,-0.55891436
1645031680239,2.6056724,3.1291735,0.056235272
1645031680252,4.2739506,3.7248626,0.7316694
1645031680258,5.512366,3.9260843,1.5136399
1645031680269,6.3182826,3.8588533,2.3396282
1645031680279,6.776054,3.689903,3.0733747
1645031680290,6.963138,3.4938827,3.6461473
1645031680299,6.9370103,3.3826163,4.0811763
1645031680313,6.6542807,3.2349944,4.327376
1645031680318,6.1027837,3.0512087,4.3761234
1645031680338,6.1027837,3.0512087,4.3761234
1645031680342,5.308683,2.7470112,4.256567
1645031680351,3.2380836,1.7526311,3.5661402
1645031680359,2.0951216,1.0781744,3.1380923
1645031680376,2.0951216,1.0781744,3.1380923
1645031680381,0.8930797,0.37839252,2.6450477
1645031680392,-0.31753206,-0.33512524,2.067266
1645031680399,-2.513256,-1.7627017,0.84260404
1645031680411,-2.513256,-1.7627017,0.84260404
1645031680419,-4.2978272,-2.8689065,-0.07026791
1645031680435,-4.987119,-3.265573,-0.47607994
1645031680441,-4.987119,-3.265573,-0.47607994
1645031680452,-5.9936295,-3.5917618,-1.3575007
1645031680459,-6.4108734,-3.59904,-1.8391134
1645031680480,-6.4108734,-3.59904,-1.8391134
1645031680481,-6.4108734,-3.59904,-1.8391134
1645031680483,-6.4108734,-3.59904,-1.8391134
1645031680487,-6.488734,-3.2670739,-2.2329
1645031680495,-6.488734,-3.2670739,-2.2329
1645031680498,-6.6811414,-2.2789423,-3.1082993
1645031680512,-6.6811414,-2.2789423,-3.1082993
1645031680518,-6.695209,-0.74224627,-3.6383104
1645031680529,-6.695209,-0.74224627,-3.6383104
1645031680538,-5.8094597,-0.67641157,-3.6800244
1645031680552,-4.7274804,0.5819356,-3.5594032
1645031680558,-4.7274804,0.5819356,-3.5594032
1645031680569,-1.528807,1.9026093,-2.0857842
1645031680579,-1.528807,1.9026093,-2.0857842
1645031680589,0.8653111,1.5967885,-0.23721093
1645031680600,1.691823,1.2679117,0.5698752
1645031680613,2.6152718,0.9586177,1.5233266
1645031680619,3.3809233,0.7178462,2.313605
1645031680630,3.9805918,0.5824243,2.9760888
1645031680639,4.4277334,0.5906798,3.4170346
1645031680650,4.706519,0.74055326,3.5771358
1645031680659,4.78972,0.9008989,3.4108038
1645031680674,4.6729383,1.1222445,2.996387
1645031680678,4.3521423,1.2243302,2.384449
1645031680693,4.3521423,1.2243302,2.384449
1645031680699,3.3713937,1.1469936,1.1054891
1645031680710,2.8596213,1.0376822,0.6357972
1645031680718,2.8596213,1.0376822,0.6357972
1645031680734,1.7864909,0.5429793,-0.005270966
1645031680749,1.7864909,0.5429793,-0.005270966
1645031680753,1.217279,0.26934287,-0.29000786
1645031680759,0.6644559,0.05850423,-0.5727027
1645031680769,0.14439306,-0.11931233,-0.8436513
1645031680778,-0.45443755,-0.37668207,-1.0992059
1645031680792,-1.2337726,-0.68691856,-1.3117026
1645031680805,-1.2337726,-0.68691856,-1.3117026
1645031680812,-2.3467143,-1.2630596,-1.3662797
1645031680818,-4.7993717,-2.6066148,-1.3974693
1645031680829,-5.5573263,-2.9586177,-1.4152893
1645031680838,-5.764971,-2.899363,-1.4240685
1645031680852,-5.992774,-2.6215725,-1.690898
1645031680858,-5.692207,-1.9369404,-1.7204992
1645031680868,-4.6707916,-0.714914,-2.0438433
1645031680878,-2.852919,1.1240247,-2.4424644
1645031680889,-0.34961167,3.1244612,-2.7287197
1645031680900,2.286203,4.7280216,-2.6982982
1645031680913,4.4558163,5.487163,-2.2266514
1645031680918,6.029636,5.3773627,-0.85808533
1645031680930,6.992181,4.7442536,1.1700846
1645031680939,7.3706083,4.092085,3.3139367
1645031680950,7.31158,3.6174536,5.061925
1645031680959,6.9541845,3.3157692,6.23756
1645031680973,6.393106,3.165599,6.8079762
1645031680978,5.62913,2.9969108,6.8950343
1645031680989,4.6856446,2.7562265,6.6267214
1645031680999,4.6856446,2.7562265,6.6267214
1645031681011,3.2016757,2.094947,5.876307
1645031681018,-0.31997555,-0.116345234,3.7945895
1645031681034,-2.0606685,-1.4182738,2.6452222
1645031681039,-2.0606685,-1.4182738,2.6452222
1645031681051,-4.839724,-3.5834541,0.6069116
1645031681058,-5.8425517,-4.3227854,-0.17415132
1645031681071,-7.091055,-4.9819355,-1.1143206
1645031681086,-8.700864,-5.396771,-2.5099397
1645031681096,-8.700864,-5.396771,-2.5099397
1645031681111,-8.844506,-5.1535735,-2.6419234
1645031681113,-9.3804865,-4.272467,-3.6282573
1645031681118,-9.478872,-3.1930187,-4.2958546
1645031681130,-9.148547,-2.2263548,-4.338581
1645031681138,-8.398639,-1.5123309,-3.9771883
1645031681152,-7.2051835,-1.1080548,-3.2682607
1645031681158,-5.6739855,-1.0134044,-2.3820577
1645031681169,-3.9368181,-0.9820752,-1.4223579
1645031681181,-2.000925,-0.87878525,-0.512872
1645031681189,0.22127585,-0.5349158,0.2627629
1645031681204,0.22127585,-0.5349158,0.2627629
1645031681213,4.6052012,1.1403438,1.20939
1645031681218,5.614609,1.8381534,1.2369491
1645031681229,5.7091193,2.1659307,1.0383629
1645031681238,5.267353,2.2006633,0.8615586
1645031681249,4.7631207,1.9244262,0.95425427
1645031681258,4.4372635,1.5211275,1.3560694
1645031681272,4.263723,1.2065799,1.8496379
1645031681281,4.263723,1.2065799,1.8496379
1645031681290,3.8035257,0.9293132,2.241138
1645031681298,3.6055152,1.010891,2.216703
1645031681310,3.4371238,1.2081507,2.019548
1645031681319,3.2562876,1.4126189,1.649184
1645031681333,3.0149229,1.5196614,1.1766298
1645031681338,2.7037787,1.5754952,0.7046165
1645031681350,2.290165,1.5847107,0.2741775
1645031681359,1.75024,1.435099,-0.12184309
1645031681370,1.0987695,1.1604328,-0.45560694
1645031681378,1.0987695,1.1604328,-0.45560694
1645031681395,-0.24778776,0.5498211,-0.61008817
1645031681399,-0.24778776,0.5498211,-0.61008817
1645031681412,-1.3886727,-0.014957675,-0.3214591
1645031681418,-1.8494982,-0.2946854,-0.19443232
1645031681431,-2.2806702,-0.5077581,-0.12343136
1645031681439,-2.6540186,-0.6993804,-0.10501789
1645031681454,-2.5368881,-0.7194694,0.046705645
1645031681458,-2.5368881,-0.7194694,0.046705645
1645031681479,-1.8667947,-0.44982982,0.357745
1645031681481,-1.8667947,-0.44982982,0.357745
1645031681482,-1.8667947,-0.44982982,0.357745
1645031681495,-0.87148964,-0.082485385,0.71299416
1645031681497,-0.87148964,-0.082485385,0.71299416
1645031681511,0.6623789,0.7527533,1.2609826
1645031681517,0.7998255,0.9629985,1.3534863
1645031681518,0.7998255,0.9629985,1.3534863
1645031681530,0.4057422,1.1700846,1.0316956
1645031681538,0.19832446,1.3633825,0.5016319
1645031681549,0.28681386,1.757169,-0.028990313
1645031681558,0.68025136,2.1319137,-0.4349245
1645031681573,1.2203683,2.4691684,-0.63345844
1645031681578,1.7265381,2.726573,-0.6044681
1645031681589,2.1170259,2.7850423,-0.38958025
1645031681598,2.3873985,2.7817435,-0.03590191
1645031681609,2.503325,2.630055,0.44628677
1645031681620,2.4453616,2.4732351,1.0757309
1645031681633,2.1165547,2.221433,1.707793
1645031681638,1.4518719,1.9127498,2.204503
1645031681651,0.42159003,1.5144079,2.4665153
1645031681659,-0.842063,1.0086919,2.5005846
1645031681670,-2.0920498,0.504983,2.3767345
1645031681678,-3.0687845,0.092329174,2.1167293
1645031681701,-3.5997033,-0.2064229,1.7474649
1645031681703,-3.5997033,-0.2064229,1.7474649
1645031681703,-3.5997033,-0.2064229,1.7474649
1645031681704,-3.7114756,-0.3332577,1.3340781
1645031681715,-3.7114756,-0.3332577,1.3340781
1645031681718,-3.8510168,-0.5027664,0.5488961
1645031681729,-3.8510168,-0.5027664,0.5488961
1645031681738,-4.65161,-0.7887948,-0.6467056
1645031681753,-4.9414783,-0.8735143,-1.1824766
1645031681758,-4.91823,-0.8339122,-1.2264421
1645031681770,-4.4326034,-0.56086916,-1.5601013
1645031681779,-3.527847,-0.029060127,-1.8781046
1645031681790,-2.1630857,0.6399686,-2.157012
1645031681798,-2.1630857,0.6399686,-2.157012
1645031681814,3.225517,2.4137185,-2.154621
1645031681819,3.225517,2.4137185,-2.154621
1645031681832,11.186805,3.3297322,-2.5359106
1645031681839,13.897024,2.854874,-2.5668209
1645031681852,12.525718,1.8184135,-1.3657038
1645031681858,9.427594,0.76518023,-1.2235622
1645031681874,6.098019,0.66382754,-1.2359368
1645031681878,6.098019,0.66382754,-1.2359368
1645031681890,3.727847,-0.033388603,0.93046516
1645031681899,0.6570032,-1.0891352,3.220281
1645031681912,-0.1653373,-1.425709,3.2125316
1645031681918,-0.7166943,-1.6790122,2.7445676
1645031681934,-1.1428223,-1.8445764,1.9868051
1645031681939,-1.1428223,-1.8445764,1.9868051
1645031681952,-2.0276463,-1.9837159,0.20139629
1645031681958,-2.4635658,-1.9241644,-0.5879047
1645031681971,-2.9238503,-1.8196003,-1.1909242
1645031681979,-3.3327167,-1.6965181,-1.5268697
1645031681995,-3.3327167,-1.6965181,-1.5268697
1645031681999,-3.5525265,-1.5214068,-1.5183175
1645031682018,-3.5377433,-1.3385811,-1.2181168
1645031682019,-3.5377433,-1.3385811,-1.2181168
1645031682026,-3.214277,-1.2447683,-0.66703904
1645031682030,-2.0492015,-1.0508771,0.5198883
1645031682043,-2.0492015,-1.0508771,0.5198883
1645031682059,-0.79230297,-0.7483899,1.1896675
1645031682062,-0.33029062,-0.63022953,1.2956278
1645031682070,0.016615761,-0.47705734,1.2434942
1645031682078,0.2514879,-0.33212322,1.0112749
1645031682090,0.3610612,-0.2650842,0.7086482
1645031682099,0.43337116,-0.15961254,0.364133
1645031682113,0.43630335,-0.122680865,-0.029653547
1645031682118,0.33327517,-0.10863077,-0.40722576
1645031682130,0.21195567,-0.12913866,-0.7306571
1645031682139,0.21195567,-0.12913866,-0.7306571
1645031682151,0.7811851,0.059202373,-0.65723014
1645031682158,1.225552,0.16650668,-0.3577101
1645031682174,1.7952701,0.24585043,0.20073305
1645031682180,1.7952701,0.24585043,0.20073305
1645031682196,2.458993,0.321878,0.8638101
1645031682204,3.1992495,0.39734706,1.3550048
1645031682211,3.0730255,0.32203507,1.1911685
1645031682219,3.0057597,0.18579283,0.8538616
1645031682232,2.867615,0.0254647,0.3276202
1645031682238,2.583489,-0.25915,-0.22228816
1645031682251,2.019705,-0.6113797,-0.56397593
1645031682259,1.8997295,-0.7886727,-0.68234575
1645031682270,1.7993193,-0.9318963,-0.50765336
1645031682279,1.2346976,-1.1957413,-0.21029758
1645031682290,0.43358058,-1.5753032,0.08718038
1645031682294,0.43358058,-1.5753032,0.08718038
1645031682311,-2.2524478,-2.7923727,0.8322541
1645031682318,-2.2524478,-2.7923727,0.8322541
1645031682331,-6.6119733,-4.7932453,1.7412165
1645031682339,-6.6119733,-4.7932453,1.7412165
1645031682353,-8.458976,-5.9340954,1.9723536
1645031682360,-8.571516,-6.028519,1.9245833
1645031682370,-8.571516,-6.028519,1.9245833
1645031682378,-7.996614,-5.54359,1.6116939
1645031682391,-7.4342613,-5.08821,1.4452919
1645031682399,-6.789615,-4.5686884,1.3268871
1645031682413,-6.170242,-4.0109086,1.2679989
1645031682420,-5.6737933,-3.4617157,1.1931058
1645031682430,-5.6737933,-3.4617157,1.1931058
1645031682439,-4.690741,-2.4124968,1.0045379
1645031682451,-4.032533,-1.9702941,0.8640021
1645031682459,-3.208622,-1.6567938,0.6801292
1645031682473,-2.2928352,-1.5108823,0.40666726
1645031682480,-1.2956803,-1.4566542,0.025325071
1645031682490,-1.2956803,-1.4566542,0.025325071
1645031682499,0.6337377,-1.3871716,-0.9804695
1645031682511,1.4190942,-1.3656166,-1.4243652
1645031682518,2.0085173,-1.4265642,-1.7702243
1645031682533,2.428903,-1.5315996,-1.9899119
1645031682541,2.730919,-1.6547518,-2.1517584
1645031682550,2.730919,-1.6547518,-2.1517584
1645031682559,3.2779126,-1.7425953,-2.5848155
1645031682571,3.4583645,-1.6526573,-2.8534777
1645031682578,3.5411117,-1.4816476,-3.1676586
1645031682593,3.520726,-1.2368095,-3.4248013
1645031682601,3.3588796,-1.0284318,-3.58033
1645031682610,3.3588796,-1.0284318,-3.58033
1645031682618,2.9349158,-0.78731126,-3.5536084
1645031682630,2.9349158,-0.78731126,-3.5536084
1645031682638,3.5712888,-0.7053495,-3.7153678
1645031682663,4.3590016,-0.69147396,-3.995113
1645031682665,4.3590016,-0.69147396,-3.995113
1645031682666,4.3590016,-0.69147396,-3.995113
1645031682674,5.6599526,-0.57402915,-4.2699537
1645031682677,7.3910637,-0.31028885,-4.472205
1645031682681,7.3910637,-0.31028885,-4.472205
1645031682691,10.653827,1.104215,-4.852814
1645031682703,10.653827,1.104215,-4.852814
1645031682714,12.071018,3.696867,-7.23201
1645031682722,12.071018,3.696867,-7.23201
1645031682730,11.737901,3.7965093,-7.358862
1645031682739,10.960276,3.785531,-7.3498387
1645031682751,9.86854,3.7768042,-7.3425255
1645031682758,8.652989,3.3411293,-7.3369927
1645031682772,7.3609915,2.7384763,-9.748948
1645031682781,6.044576,2.344393,-10.719033
1645031682791,4.8974433,2.1599965,-10.531477
1645031682798,3.9983244,2.0649796,-9.96689
1645031682810,3.2502487,2.0167553,-9.133851
1645031682818,3.2502487,2.0167553,-9.133851
1645031682833,2.2353084,1.6999564,-7.1301684
1645031682841,2.003351,1.426477,-6.0832357
1645031682850,2.003351,1.426477,-6.0832357
1645031682858,1.8855222,0.9030107,-4.304826
1645031682871,1.8789424,0.7570294,-3.6611922
1645031682879,1.8634087,0.7268697,-3.0483289
1645031682893,1.826861,0.7825116,-2.6479971
1645031682901,1.781028,0.9058033,-2.439026
1645031682912,1.7270442,1.0489571,-2.394153
1645031682919,1.6594293,1.2043983,-2.3147395
1645031682932,1.5607121,1.3379701,-2.187224
1645031682938,1.4214154,1.4293045,-1.9050179
1645031682953,1.2479274,1.4421328,-1.464613
1645031682961,1.038904,1.3518108,-0.8205428
1645031682970,1.038904,1.3518108,-0.8205428
1645031682978,0.5886203,0.73568374,1.4854525
1645031682991,0.5886203,0.73568374,1.4854525
1645031682998,0.4348896,-0.115088575,3.5382843
1645031683020,0.45906276,-0.4853303,4.0985775
1645031683021,0.45906276,-0.4853303,4.0985775
1645031683022,0.45906276,-0.4853303,4.0985775
1645031683031,0.45906276,-0.4853303,4.0985775
1645031683034,0.61237454,-0.9332577,4.0025306
1645031683039,0.61237454,-0.9332577,4.0025306
1645031683050,0.6183611,-0.9081944,3.5360503
1645031683060,0.39802775,-0.4985077,2.2242954
1645031683071,0.22912994,-0.29454577,1.6370015
1645031683080,0.05325072,-0.13318789,1.1835239
1645031683091,-0.1178986,-0.081857055,0.8548041
1645031683098,-0.32669517,-0.10653634,0.8171394
1645031683111,-0.60445064,-0.2397766,1.0666201
1645031683119,-0.84928876,-0.44939348,1.4295313
1645031683131,-1.0198796,-0.64906186,1.7628764
1645031683140,-1.0376472,-0.89135176,1.9394014
1645031683151,-0.93140763,-1.125648,1.8916659
1645031683158,-0.73859847,-1.3136923,1.6593071
1645031683170,-0.48286936,-1.4575791,1.3198884
1645031683179,-0.48286936,-1.4575791,1.3198884
1645031683202,-0.034592897,-1.5426651,0.5678855
1645031683203,-0.034592897,-1.5426651,0.5678855
1645031683213,-0.034592897,-1.5426651,0.5678855
1645031683220,-0.034592897,-1.5426651,0.5678855
1645031683221,-0.034592897,-1.5426651,0.5678855
1645031683226,-0.06689938,-0.90739155,-0.16893272
1645031683230,-0.06689938,-0.90739155,-0.16893272
1645031683230,-0.10845623,-0.65752685,-0.40305436
1645031683239,-0.07604503,-0.42457458,-0.6081508
1645031683252,-0.012322192,-0.19567153,-0.8451697
1645031683260,0.068382934,0.010402304,-1.1426477
1645031683270,0.19143032,0.19675364,-1.3668208
1645031683279,0.34629548,0.315682,-1.5328912
1645031683290,0.505175,0.35369578,-1.6252378
1645031683299,0.6539663,0.32273322,-1.5629287
1645031683312,0.75957763,0.23874684,-1.4533728
1645031683321,0.8008727,0.18710184,-1.2656252
1645031683332,0.7870495,0.20242605,-1.0144515
1645031683339,0.7746051,0.2632516,-0.6801117
1645031683351,0.800925,0.27731913,-0.37455276
1645031683359,0.87817436,0.20219915,-0.10229514
1645031683373,0.87817436,0.20219915,-0.10229514
1645031683381,1.1063094,-0.092870235,0.2938302
1645031683391,1.2394799,-0.19092417,0.5746749
1645031683398,1.33242,-0.27056462,0.7512872
1645031683411,1.3579545,-0.26243126,0.93236756
1645031683418,1.2894493,-0.20431103,1.0148878
1645031683433,1.2894493,-0.20431103,1.0148878
1645031683441,0.98703206,0.20834279,0.9408151
1645031683451,0.81883234,0.41321233,0.7726503
1645031683459,0.6485208,0.62785584,0.61850077
1645031683471,0.4491317,0.8300026,0.5233092
1645031683478,0.2049219,1.0004712,0.53365916
1645031683493,-0.08117637,1.1038834,0.64393055
1645031683505,-0.3707828,1.1504145,0.92388517
1645031683511,-0.60598654,1.1300637,1.3018239
1645031683520,-0.60598654,1.1300637,1.3018239
1645031683531,-0.7505891,0.9455799,1.8509643
1645031683538,-0.7297321,0.8243477,1.8803561
1645031683552,-0.6222707,0.7403438,1.810926
1645031683560,-0.44859064,0.67442185,1.6729034
1645031683571,-0.23769963,0.59293133,1.4092678
1645031683578,0.029601187,0.48377696,1.1002008
1645031683591,0.33004627,0.3540274,0.833598
1645031683608,0.33004627,0.3540274,0.833598
1645031683612,0.5206388,0.28843704,0.599232
1645031683622,0.6625011,0.28732002,0.28944933
1645031683629,0.5465573,0.37097478,0.26777205
1645031683638,0.34064054,0.5130465,0.37785146
1645031683650,0.1053146,0.60930276,0.41726154
1645031683658,-0.09878698,0.7089624,0.53037786
1645031683670,-0.24457632,0.78596735,0.65485644
1645031683679,-0.31161532,0.8038049,0.71866655
1645031683689,-0.30973035,0.74866915,0.6820141
1645031683698,-0.25304127,0.63925296,0.6033162
1645031683709,-0.14105943,0.50337726,0.57060826
1645031683718,0.016493585,0.33676586,0.54676676
