1645031991491,-2.0352037,-0.78151673,-1.5801204
1645031991492,-2.0352037,-0.78151673,-1.5801204
1645031991493,-2.0352037,-0.78151673,-1.5801204
1645031991493,-2.0352037,-0.78151673,-1.5801204
1645031991523,1.0472118E-4,-5.236059E-5,0.0
1645031991524,1.5708177E-4,-5.410594E-4,-7.8540883E-4
1645031991525,3.3161708E-4,-0.0010995724,-0.001117026
1645031991538,5.58513E-4,-0.0019024347,-0.0010297582
1645031991542,8.028624E-4,-0.002862379,-5.9342E-4
1645031991560,8.028624E-4,-0.004171394,-0.0011344794
1645031991560,8.203159E-4,-0.005375687,-9.4249065E-4
1645031991574,0.0010297582,-0.006684702,-6.981412E-5
1645031991581,8.9013E-4,-0.008307881,-2.6180295E-4
1645031991592,6.8068766E-4,-0.010227769,-7.1559474E-4
1645031991601,0.0010646654,-0.012339646,-1.2217471E-4
1645031991613,0.0015359106,-0.014852954,-0.0015533642
1645031991620,0.0029845536,-0.016825203,-0.0015882712
1645031991636,0.0043284753,-0.019547954,-0.005009163
1645031991640,0.006161096,-0.021834366,-0.009826337
1645031991651,0.0077842744,-0.023073567,-0.013910463
1645031991660,0.01008814,-0.02481892,-0.020333363
1645031991671,0.014922768,-0.027122786,-0.024557117
1645031991681,0.019949384,-0.031974867,-0.03452308
1645031991694,0.02675626,-0.03792652,-0.040736537
1645031991700,0.035186317,-0.045222096,-0.04448905
1645031991713,0.04550135,-0.054175757,-0.049568024
1645031991720,0.056427263,-0.063059606,-0.06066847
1645031991732,0.067265905,-0.07286849,-0.08098438
1645031991740,0.08461472,-0.0793612,-0.10555895
1645031991754,0.09780958,-0.08779126,-0.15165372
1645031991761,0.1104983,-0.086447336,-0.18875992
1645031991772,0.10957326,-0.07731914,-0.23548302
1645031991781,0.09512174,-0.06733572,-0.28733745
1645031991792,0.07880269,-0.05613055,-0.31639758
1645031991800,0.051103935,-0.069744304,-0.35385287
1645031991815,0.025045816,-0.10971289,-0.34153068
1645031991820,0.009180557,-0.1962824,-0.28663933
1645031991832,0.009931059,-0.36819968,-0.23740292
1645031991840,0.03579719,-0.59787065,-0.19884807
1645031991852,0.063146874,-0.8201937,-0.14221136
1645031991861,0.037542544,-1.0347674,-0.12496728
1645031991874,-0.02654682,-1.1859324,-0.10014836
1645031991880,-0.21343921,-1.215394,-0.0035430666
1645031991892,-0.41181603,-1.1492625,0.18832359
1645031991900,-0.5834541,-1.1914128,0.4467929
1645031991912,-0.7272362,-1.300288,0.704983
1645031991920,-0.8812636,-1.425936,0.8688716
1645031991934,-1.0226197,-1.4345231,1.0387468
1645031991940,-1.17464,-1.2796404,1.1643949
1645031991952,-1.3582512,-1.0270007,1.1228904
1645031991961,-1.4791168,-0.7235361,1.0483114
1645031991972,-1.4818571,-0.42029846,1.0023038
1645031991980,-1.423667,-0.23370276,0.7856881
1645031991994,-1.3226808,-0.10119557,0.54257786
1645031992001,-1.3226808,-0.10119557,0.54257786
1645031992016,-1.039061,0.15505716,0.39163977
1645031992020,-0.9065538,0.22146784,0.3549699
1645031992040,-0.76919454,0.24356401,0.31611833
1645031992041,-0.76919454,0.24356401,0.31611833
1645031992042,-0.6304215,0.2420281,0.29133433
1645031992053,-0.45695087,0.20708613,0.30945107
1645031992060,-0.26740554,0.13983768,0.3613928
1645031992071,-0.09594206,0.030683305,0.3546208
1645031992080,0.080024436,-0.08655205,0.34577188
1645031992092,0.2556244,-0.17366262,0.30920672
1645031992100,0.40249586,-0.23043896,0.21672048
1645031992113,0.51217383,-0.21839602,0.15816389
1645031992120,0.52299505,-0.08435291,0.11749716
1645031992131,0.41762808,0.22371934,0.19026093
1645031992140,0.24407016,0.69782704,0.5017715
1645031992151,0.046600927,1.2421328,1.0716467
1645031992160,-0.15023999,1.7699276,1.7716205
1645031992174,-0.33248976,2.1900165,2.3992145
1645031992180,-0.46361813,2.4681387,2.8823283
1645031992193,-0.506484,2.628362,3.285243
1645031992200,-0.47833145,2.6769352,3.5059428
1645031992216,-0.41305524,2.6445065,3.5485296
1645031992220,-0.3165023,2.5828955,3.604503
1645031992234,-0.234366,2.497321,3.4988043
1645031992240,-0.14973383,2.426669,3.4360764
1645031992251,-0.062274195,2.3866131,3.5949035
1645031992260,-0.012671263,2.3524218,3.7344446
1645031992273,0.016319051,2.2895367,3.978026
1645031992280,0.034488175,2.1548128,4.1990576
1645031992293,0.042010646,1.9337289,4.099712
1645031992300,0.07159438,1.6534777,4.0141897
1645031992312,0.12590976,1.3504145,3.552003
1645031992320,0.26492712,0.9300812,2.7914827
1645031992332,0.49386507,0.310795,1.6866742
1645031992340,0.6481019,-0.14776158,0.806772
1645031992354,0.6774413,-0.22061262,0.5746226
1645031992360,0.6200541,0.054263026,0.837368
1645031992371,0.5247578,0.53861594,1.336731
1645031992380,0.42433023,1.0695523,1.8605464
1645031992392,0.39170957,1.4653635,2.0997994
1645031992400,0.481316,1.6167554,2.0004888
1645031992414,0.7268348,1.4609302,1.4246094
1645031992420,1.0927131,0.97863686,0.4632167
1645031992432,1.4688019,0.30150974,-0.49140415
1645031992440,1.4688019,0.30150974,-0.49140415
1645031992452,1.6247317,-0.10145737,-0.93992496
1645031992460,1.6263548,-0.076219566,-0.87770313
1645031992473,1.5367833,0.24009076,-0.6904442
1645031992480,1.4091456,0.725264,-0.3883934
1645031992491,1.2554848,1.2160921,-0.07360154
1645031992500,1.1246008,1.5939087,0.20799372
1645031992520,1.0496727,1.767327,0.35277075
1645031992522,1.0496727,1.767327,0.35277075
1645031992534,1.0382407,1.4801117,0.12123222
1645031992540,1.0662012,1.2449254,-0.06438607
1645031992552,1.0732175,1.0398464,-0.15172353
1645031992560,1.0541234,0.8837246,-0.2239288
1645031992573,0.9997556,0.79795796,-0.1846409
1645031992580,0.9812898,0.6771271,-0.25316346
1645031992593,0.9329959,0.6754342,-0.18645605
1645031992600,0.8489048,0.7663147,-0.09377781
1645031992615,0.769945,0.87105334,-0.04874771
1645031992620,0.7053495,0.9383367,0.025359979
1645031992634,0.68819267,0.9074788,-0.0035954271
1645031992640,0.67040753,0.83382493,-0.03094511
1645031992655,0.6119906,0.74720305,-0.00445065
1645031992660,0.49114233,0.6687844,0.090514004
1645031992674,0.29894406,0.5979056,0.2024784
1645031992680,0.0021991448,0.6042063,0.44881752
1645031992693,-0.3322803,0.60279256,0.6780871
1645031992700,-0.7312331,0.6337202,1.0315734
1645031992716,-1.10048,0.65782356,1.3601885
1645031992721,-1.327306,0.7262763,1.5751636
1645031992734,-1.3829653,0.90056723,1.642831
1645031992741,-1.3473777,1.0803909,1.6259534
1645031992754,-1.218937,1.5896151,1.6804957
1645031992761,-1.0825727,2.2778776,1.7906449
1645031992776,-0.9705559,2.8541234,1.8982633
1645031992781,-0.79975563,3.1005673,1.8461472
1645031992795,-0.52622396,3.0224626,1.6293045
1645031992801,-0.2282398,2.8536696,1.3697181
1645031992814,-0.014573698,2.862536,1.1708351
1645031992821,0.0521686,3.154167,1.1343224
1645031992836,-0.017540798,3.611205,1.2049568
1645031992841,-0.16331267,4.07992,1.2826948
1645031992854,-0.2993804,4.44894,1.3115455
1645031992861,-0.310795,4.6726418,1.2727114
1645031992874,-0.1302906,4.700951,1.1262763
1645031992881,0.12924339,4.4277687,0.8946505
1645031992896,0.43551794,4.0615935,0.66154116
1645031992901,0.784606,3.8057249,0.47344446
1645031992915,1.1342002,3.704058,0.3474649
1645031992921,1.4447857,3.6905315,0.2722227
1645031992934,1.5867702,3.8120255,0.3096431
1645031992941,1.6409984,4.0699186,0.36971813
1645031992962,1.622899,4.376333,0.42169473
1645031992964,1.622899,4.376333,0.42169473
1645031992965,1.622899,4.376333,0.42169473
1645031992967,1.6157082,4.6082206,0.43607643
1645031992974,1.4833406,4.7733483,0.5009163
1645031992981,1.4681909,4.739925,0.5314425
1645031992994,1.4933065,4.5339036,0.57849723
1645031993000,1.6791518,4.1678157,0.6385025
1645031993024,1.8279257,3.7409372,0.7371673
1645031993026,1.8279257,3.7409372,0.7371673
1645031993027,1.8279257,3.7409372,0.7371673
1645031993028,2.1389825,3.1059604,0.8154289
1645031993043,2.3517933,2.5282834,0.90999216
1645031993043,2.408692,2.1042151,1.0094074
1645031993053,2.406458,1.7671001,1.0741775
1645031993060,2.46203,1.4339122,1.1207609
1645031993075,2.4041889,1.184798,1.1931757
1645031993080,2.4790995,0.83979404,1.3042848
1645031993094,2.6248887,0.445257,1.4656776
1645031993100,2.8102975,0.021520203,1.6710533
1645031993114,3.1156995,-0.41178113,1.8799721
1645031993120,3.4470723,-0.8079588,2.1306396
1645031993136,3.7965617,-1.1430491,2.4116938
1645031993141,4.056846,-1.3510778,2.6863775
1645031993156,4.428083,-1.6157955,2.945318
1645031993161,4.6991186,-1.7853041,3.1446025
1645031993175,4.8457456,-1.8969544,3.2973208
1645031993181,4.8287287,-1.9536784,3.3935246
1645031993191,4.6759753,-1.9913256,3.3910463
1645031993201,4.325229,-1.7678854,3.1850073
1645031993211,3.79911,-1.189074,2.6543155
1645031993223,3.2363207,-0.32669517,1.7436949
1645031993230,2.611083,0.887512,0.37046862
1645031993241,1.7257876,2.7214592,-1.5720395
1645031993251,0.8051139,4.8246446,-3.8677547
1645031993261,-0.6637228,7.4517846,-6.767275
1645031993271,-0.8087093,7.700288,-7.0421505
1645031993283,-0.7835588,7.6544724,-6.991884
1645031993290,-0.7723187,7.633284,-6.968758
1645031993301,-0.7633127,7.6163716,-6.950292
1645031993311,-0.7565058,7.6035604,-6.9362946
1645031993327,-0.7513046,6.6926956,-6.9256654
1645031993334,0.2084475,5.2710357,-8.911563
1645031993355,0.32299504,3.8973033,-8.8730955
1645031993357,0.32299504,3.8973033,-8.8730955
1645031993359,0.32299504,3.8973033,-8.8730955
1645031993359,0.31355268,2.7178462,-7.339768
1645031993363,0.3119993,1.9317392,-5.4004364
1645031993371,0.3119993,1.9317392,-5.4004364
1645031993380,3.6745267,1.4129156,-1.8691858
1645031993390,4.3119645,1.4765162,-0.51604855
1645031993428,4.3119645,1.4765162,-0.51604855
1645031993429,4.3119645,1.4765162,-0.51604855
1645031993430,4.3119645,1.4765162,-0.51604855
1645031993433,5.1582336,2.600192,3.509521
1645031993433,5.1582336,2.600192,3.509521
1645031993434,5.523798,3.1607645,4.7747445
1645031993472,5.9749017,3.744463,5.9829307
1645031993473,6.4880357,4.3369403,7.15963
1645031993479,7.050441,4.918178,8.313762
1645031993479,7.050441,4.918178,8.313762
1645031993480,7.050441,4.918178,8.313762
1645031993480,7.0974083,5.1663146,8.948739
1645031993481,6.9479885,5.2001224,9.283672
1645031993492,6.7567677,5.17752,9.4768305
1645031993500,6.4717164,5.0748234,9.466184
1645031993511,6.0664454,4.876586,9.256201
1645031993523,5.5484595,4.554394,8.803875
1645031993531,4.892207,4.1005845,8.023981
1645031993540,4.1960206,3.6179771,7.150327
1645031993550,3.5505192,3.1659482,6.268767
1645031993561,2.9237456,2.7469413,5.3482676
1645031993570,2.343398,2.3907845,4.441522
1645031993583,1.832097,2.0924687,3.5804346
1645031993590,1.42255,1.841679,2.8075225
1645031993600,1.0638101,1.6083428,2.09102
1645031993611,0.7405707,1.385374,1.4276115
1645031993620,0.48026878,1.2007854,0.85775375
1645031993630,0.27791256,1.0770923,0.4090933
1645031993649,0.06738808,0.9811676,0.017296448
1645031993649,0.06738808,0.9811676,0.017296448
1645031993651,-0.10086395,0.9309887,-0.2708788
1645031993661,-0.23799634,0.9090671,-0.4819967
1645031993670,-0.37425604,0.86642814,-0.67459637
1645031993680,-0.4604765,0.80485207,-0.7779911
1645031993692,-0.53072697,0.70568115,-0.83532596
1645031993703,-0.60956454,0.5869273,-0.8757658
1645031993711,-0.7293656,0.4556244,-0.92440873
1645031993720,-0.7980627,0.37497163,-0.8811415
1645031993730,-0.7949385,0.36350468,-0.7492975
1645031993743,-0.82874596,0.34999564,-0.6994851
1645031993751,-0.77669954,0.36320797,-0.5817087
1645031993770,-0.7552317,0.32381535,-0.566559
1645031993771,-0.7552317,0.32381535,-0.566559
1645031993778,-0.73903483,0.23750764,-0.6095296
1645031993784,-0.73903483,0.23750764,-0.6095296
1645031993798,-0.8317654,-0.07405533,-0.8910725
1645031993801,-0.9035867,-0.26023212,-1.0453967
1645031993817,-0.9445327,-0.4491666,-1.1606946
1645031993830,-1.0714722,-0.7307793,-1.4253775
1645031993833,-1.1339384,-1.0001745,-1.622707
1645031993843,-1.2793612,-1.3039358,-1.9552666
1645031993851,-1.3787766,-1.5451436,-2.251261
1645031993864,-1.4930972,-1.7639934,-2.5739594
1645031993871,-1.5350031,-1.9171655,-2.7839952
1645031993886,-1.5526835,-1.9972423,-2.9170258
1645031993898,-1.6029147,-2.0235798,-3.0327253
1645031993901,-1.5928789,-1.9393315,-3.0280304
1645031993911,-1.6407366,-1.8121651,-3.0903745
1645031993922,-1.7343748,-1.6596388,-3.220438
1645031993931,-1.7573087,-1.4455013,-3.2979667
1645031993947,-1.7573087,-1.4455013,-3.2979667
1645031993952,-1.734078,-0.9433109,-3.4052012
1645031993962,-1.823126,-0.770713,-3.5756698
1645031993979,-1.8626058,-0.5966664,-3.6667073
1645031993982,-1.887704,-0.44557115,-3.7369404
1645031993991,-1.9229602,-0.34245571,-3.8036478
1645031994004,-1.9167815,-0.26943013,-3.791797
1645031994011,-1.8943363,-0.24811938,-3.727498
1645031994026,-1.8579457,-0.23647788,-3.6383278
1645031994031,-1.8023912,-0.18678768,-3.4919453
1645031994041,-1.7300287,-0.22279431,-3.4313467
1645031994050,-1.5728074,-0.4312069,-3.4747884
1645031994063,-1.2580155,-0.83832794,-3.5028012
1645031994070,-0.61110044,-1.2539837,-2.9989529
1645031994085,0.32440877,-1.7989353,-2.1725805
1645031994095,1.4267039,-2.4376822,-1.1960206
1645031994101,2.5451262,-2.9937692,-0.014678419
1645031994111,3.606807,-3.2893097,1.6719784
1645031994123,4.392844,-3.2305787,3.791343
1645031994131,4.7100444,-2.550973,6.0527444
1645031994141,4.600332,-1.5419844,8.077372
1645031994151,4.3421416,-0.5998953,9.420961
1645031994161,3.9007068,0.06407191,9.585531
1645031994171,3.302103,0.4154289,8.514461
1645031994183,2.6584868,0.47566104,6.6305785
1645031994190,1.907601,0.33170435,4.382005
1645031994201,1.2253076,0.114687145,2.2173488
1645031994211,0.5942927,-0.1211275,0.29733834
1645031994221,-0.01844838,-0.3473776,-1.3273584
1645031994231,-0.6163365,-0.545353,-2.636949
1645031994243,-1.221398,-0.7252291,-3.6774588
1645031994251,-1.776333,-0.86826074,-4.438136
1645031994261,-2.2776332,-0.9931757,-4.9735756
1645031994271,-2.7383716,-1.1321406,-5.3103237
1645031994281,-3.0742822,-1.2670739,-5.44791
1645031994291,-3.0964656,-1.2782617,-5.347273
1645031994303,-3.0853653,-1.2750851,-5.112296
1645031994310,-3.0785408,-1.2733397,-4.6935334
1645031994321,-3.016895,-1.4925038,-4.197138
1645031994331,-2.9043722,-1.6825203,-3.6699712
1645031994341,-2.6911597,-1.727149,-3.1135526
1645031994351,-2.5542543,-1.714181,-2.692172
1645031994364,-2.602077,-1.7213893,-2.510289
1645031994371,-2.7105331,-1.6770748,-2.4827647
1645031994381,-2.9098,-1.632481,-2.617855
1645031994391,-3.1910987,-1.6448381,-2.8994677
1645031994401,-3.4491317,-1.6736888,-3.2293394
1645031994411,-3.666725,-1.7489309,-3.5649533
1645031994424,-3.7024522,-1.7848504,-3.7512348
1645031994430,-3.716642,-1.8544376,-3.915525
1645031994441,-3.627175,-1.8702505,-3.9592636
1645031994451,-3.4570382,-1.8265294,-3.8449254
1645031994461,-3.2620647,-1.7562091,-3.6681736
1645031994471,-3.007191,-1.5939262,-3.3519678
1645031994483,-2.8357275,-1.4921372,-3.0581727
1645031994490,-2.5790732,-1.3068854,-2.651034
1645031994501,-2.328615,-1.1288245,-2.2459202
1645031994513,-2.144236,-1.0286587,-1.9237455
1645031994527,-1.9485993,-0.92664284,-1.6153591
1645031994530,-1.742892,-0.80869186,-1.3279518
1645031994545,-1.5347762,-0.6916485,-1.0777205
1645031994551,-1.3752334,-0.6088664,-0.89489484
1645031994560,-1.275155,-0.5772406,-0.79460686
1645031994570,-1.1402217,-0.50709486,-0.66477007
1645031994580,-0.9881316,-0.41717428,-0.52865
1645031994590,-0.7728074,-0.26840037,-0.3320534
1645031994603,-0.62387645,-0.18406492,-0.21830875
1645031994610,-0.4455188,-0.12392006,-0.09901387
1645031994620,-0.2365477,-0.05469936,0.040055852
1645031994630,-0.09215464,-0.031660702,0.10674579
1645031994640,-0.01157169,-0.021555109,0.13995986
1645031994650,0.048782617,0.012304739,0.18352386
1645031994664,0.075364344,0.056008376,0.23270792
1645031994670,0.033632953,0.06499694,0.2492364
1645031994681,2.0944235E-4,0.092643335,0.31428573
1645031994691,0.023300463,0.15507461,0.44393054
1645031994701,0.33004627,0.41544637,0.85574657
1645031994711,0.8195654,0.7645344,1.4203683
1645031994723,1.4571778,1.1713762,2.10514
1645031994730,2.0513134,1.5046165,2.7035868
1645031994741,2.7063096,1.8609477,3.329226
1645031994751,3.1948338,2.0742123,3.7604852
1645031994761,3.7203422,2.336382,4.23002
1645031994770,4.095628,2.5141113,4.570172
1645031994783,4.4883146,2.7351253,4.947395
1645031994790,4.846479,2.9537132,5.3017716
1645031994801,5.250755,3.1791081,5.6840215
1645031994811,5.5279346,3.2862206,5.923466
1645031994821,5.794729,3.3491404,6.140466
1645031994831,6.014277,3.3623178,6.2953486
1645031994843,6.226285,3.360747,6.4290075
1645031994850,6.2544203,3.2465835,6.394764
1645031994861,6.0966578,3.0361288,6.204765
1645031994870,5.819967,2.7851121,5.930849
1645031994881,5.4520464,2.5142334,5.5936995
1645031994891,5.076551,2.334078,5.2876863
1645031994903,4.686744,2.2220263,5.002618
1645031994911,4.242674,2.1420717,4.6778255
1645031994921,3.8101928,2.0999215,4.3564534
1645031994931,3.4151146,2.0779474,4.041487
1645031994942,3.0427961,2.0396369,3.7069204
1645031994951,2.736731,2.0046601,3.4119732
1645031994963,2.3886552,1.9196265,3.0670042
1645031994970,1.9977659,1.7836984,2.6647525
1645031994981,1.9977659,1.7836984,2.6647525
1645031994990,1.1848853,1.3693516,1.7529802
1645031995001,0.7424732,1.0917532,1.2303168
1645031995011,0.37158567,0.8102627,0.74603367
1645031995023,-0.024609478,0.48738983,0.22862379
1645031995048,-0.024609478,0.48738983,0.22862379
1645031995049,-0.024609478,0.48738983,0.22862379
1645031995050,-0.024609478,0.48738983,0.22862379
1645031995054,-0.37811327,0.053233266,-0.3029409
1645031995056,-0.37811327,0.053233266,-0.3029409
1645031995079,-1.1775373,-0.9121215,-1.4177852
1645031995079,-1.1775373,-0.9121215,-1.4177852
1645031995083,-1.9025221,-1.8354481,-2.3576229
1645031995090,-2.1388254,-2.192111,-2.658417
1645031995100,-2.3841348,-2.515333,-2.910725
1645031995110,-2.5050702,-2.7302034,-3.026442
1645031995120,-2.618012,-2.8962038,-3.0890305
1645031995130,-2.5956192,-2.9538355,-3.0109782
1645031995143,-2.520604,-2.936155,-2.8690112
1645031995150,-2.4378045,-2.8704948,-2.700096
1645031995160,-2.3521948,-2.7530675,-2.522
1645031995170,-2.2592547,-2.5745528,-2.3395584
1645031995180,-2.2081857,-2.3765774,-2.1840127
1645031995190,-2.0843704,-2.0959246,-2.001152
1645031995203,-1.9292608,-1.7696309,-1.826861
1645031995211,-1.8655031,-1.4674579,-1.7191029
1645031995221,-1.8466184,-1.174448,-1.6503708
1645031995231,-1.8375949,-0.8732874,-1.6002444
1645031995241,-1.8428484,-0.5679728,-1.5679554
1645031995251,-1.9252814,-0.30445936,-1.5929313
1645031995282,-1.9252814,-0.30445936,-1.5929313
1645031995284,-1.9252814,-0.30445936,-1.5929313
1645031995284,-1.9252814,-0.30445936,-1.5929313
1645031995285,-1.9252814,-0.30445936,-1.5929313
1645031995285,-1.8445065,0.2946854,-1.3764378
1645031995287,-1.8445065,0.2946854,-1.3764378
1645031995293,-1.7688804,0.5208482,-1.2179946
1645031995301,-1.6488175,0.69702417,-0.9791954
1645031995310,-1.4483638,0.8579108,-0.6868662
1645031995323,-1.2080635,0.9895104,-0.33973297
1645031995330,-1.0152718,1.0437037,-0.029199755
1645031995340,-0.8250633,1.0258836,0.23420891
1645031995350,-0.56165457,0.9623353,0.4803037
1645031995360,-0.25466445,0.8346278,0.6682782
1645031995370,0.01769788,0.61113536,0.7364517
1645031995383,0.24445415,0.3211973,0.7081072
1645031995390,0.46585217,0.015690723,0.65590364
1645031995409,0.46585217,0.015690723,0.65590364
1645031995419,0.7895802,-0.49274805,0.57725805
1645031995420,0.92981935,-0.6721354,0.6286762
1645031995450,1.044873,-0.76011866,0.74563223
1645031995470,1.166751,-0.73275155,0.9305873
1645031995471,1.166751,-0.73275155,0.9305873
1645031995473,1.166751,-0.73275155,0.9305873
1645031995474,1.166751,-0.73275155,0.9305873
1645031995475,1.2733048,-0.27627194,1.3490705
1645031995478,1.2733048,-0.27627194,1.3490705
1645031995478,1.2771446,-1.3962825E-4,1.5217209
1645031995482,1.2792041,0.27744132,1.6704948
1645031995491,1.2450825,0.4696745,1.7754428
1645031995503,1.298438,0.5843616,1.9173925
1645031995511,1.4093376,0.598691,2.0808797
1645031995520,1.5310585,0.510411,2.2238414
1645031995530,1.6356226,0.35268348,2.318998
1645031995542,1.7032027,0.1676237,2.3614974
1645031995550,1.7277424,-0.008412601,2.3523867
1645031995563,1.7129068,-0.111021906,2.2942665
1645031995570,1.6857318,-0.106675975,2.2177503
1645031995580,1.6806178,0.028135091,2.1271665
1645031995591,1.6354481,0.23008989,1.9849027
1645031995600,1.5484598,0.4441749,1.7849027
1645031995610,1.3539227,0.61474824,1.4924862
1645031995626,1.159473,0.7388952,1.1669954
1645031995631,0.9911685,0.8046252,0.8281176
1645031995642,0.7835064,0.7793001,0.44976002
1645031995650,0.5568723,0.67960554,0.05592111
1645031995660,0.31189457,0.5302208,-0.33538702
1645031995672,-0.003752509,0.34687147,-0.7542543
1645031995683,-0.3281438,0.1745702,-1.153975
1645031995691,-0.6169648,0.02570905,-1.5240073
1645031995700,-0.91824764,-0.122837946,-1.8770748
1645031995710,-1.2659569,-0.31081247,-2.2248714
1645031995721,-1.6020246,-0.52111006,-2.5522122
1645031995730,-1.877354,-0.7803124,-2.8313816
1645031995745,-2.092905,-1.0594816,-3.0449777
1645031995750,-2.312331,-1.3556331,-3.253338
1645031995760,-2.5428572,-1.6611571,-3.4442623
1645031995774,-2.6884894,-1.9180033,-3.5639236
1645031995780,-2.7835763,-2.1161008,-3.622201
1645031995792,-2.8193212,-2.2374377,-3.6065276
1645031995805,-2.8397243,-2.3139715,-3.570364
1645031995810,-2.74743,-2.2759404,-3.44037
1645031995822,-2.723379,-2.236443,-3.345039
1645031995830,-2.6163015,-2.089013,-3.1753383
1645031995841,-2.6163015,-2.089013,-3.1753383
1645031995850,-2.4316607,-1.7150187,-2.7891963
1645031995863,-2.3754604,-1.5389476,-2.5915525
1645031995871,-2.286168,-1.3604503,-2.3750937
1645031995880,-2.1316345,-1.1941181,-2.1284056
1645031995894,-2.1316345,-1.1941181,-2.1284056
1645031995901,-1.7287372,-0.9571865,-1.5941706
1645031995910,-1.5184746,-0.84869534,-1.3379352
1645031995925,-1.3084038,-0.7154726,-1.0846322
1645031995930,-1.1432935,-0.5597871,-0.8544201
1645031995942,-1.0846148,-0.40982634,-0.69650054
1645031995950,-1.1256828,-0.26642814,-0.6206126
1645031995961,-1.1735405,-0.10126538,-0.5717253
1645031995971,-1.2525177,0.0279431,-0.59176195
1645031995983,-1.2897984,0.13070948,-0.642063
1645031995990,-1.3175321,0.1606772,-0.7246706
1645031996000,-1.3804171,0.09505192,-0.8563225
1645031996011,-1.3407104,0.060790643,-0.9110568
1645031996027,-1.3407104,0.060790643,-0.9110568
1645031996030,-1.2393054,0.033894755,-0.9425081
1645031996043,-1.2315559,0.009739069,-0.9572214
1645031996050,-1.1645868,0.060232133,-0.88459724
1645031996060,-1.1027664,0.11006196,-0.80281
1645031996070,-1.0433894,0.14194956,-0.720953
1645031996080,-0.95586,0.14214155,-0.64377344
1645031996090,-0.7510079,0.17751986,-0.4915263
1645031996103,-0.50733924,0.1893708,-0.32474038
1645031996110,-0.2439829,0.1858801,-0.15085086
1645031996120,0.03836286,0.20202461,0.05606074
1645031996130,0.41919887,0.31426826,0.3879047
1645031996141,0.7511301,0.41884983,0.7341129
1645031996151,1.1375862,0.613125,1.2557815
1645031996164,1.5533642,0.8582773,1.8220961
1645031996171,1.9897722,1.1672746,2.4828343
1645031996181,2.3300812,1.4504058,3.0742123
1645031996191,2.7120342,1.7969457,3.6542282
1645031996201,3.0223057,2.10891,4.100969
1645031996211,3.2520814,2.3631382,4.3986735
1645031996224,3.4487476,2.5856707,4.6102276
1645031996231,3.5715857,2.7390523,4.710516
1645031996241,3.6222358,2.7970853,4.7175145
1645031996251,3.677668,2.8077843,4.7185793
1645031996261,3.766175,2.7873461,4.7405186
1645031996271,3.755284,2.6831834,4.671769
1645031996294,3.6350293,2.5038311,4.503901
1645031996295,3.6350293,2.5038311,4.503901
1645031996297,3.6350293,2.5038311,4.503901
1645031996303,3.3623178,2.2382407,4.1923203
1645031996303,2.9459639,1.8902522,3.7349508
1645031996311,2.6101754,1.567135,3.3216336
1645031996321,2.2326906,1.2176805,2.848067
1645031996336,2.2326906,1.2176805,2.848067
1645031996344,1.3741338,0.5016668,1.7734357
1645031996354,0.8999913,0.1468191,1.2211711
1645031996361,0.51063794,-0.15844314,0.76043284
1645031996373,0.23033424,-0.40883148,0.4103325
1645031996381,-0.018413475,-0.6389214,0.12201763
1645031996391,-0.24377346,-0.8406667,-0.124914914
1645031996403,-0.4320098,-1.0015882,-0.33030805
1645031996410,-0.5508334,-1.0865695,-0.46089536
1645031996421,-0.689397,-1.1257876,-0.59705037
1645031996446,-0.89000785,-1.1397853,-0.7660005
1645031996450,-0.89000785,-1.1397853,-0.7660005
1645031996459,-1.041103,-1.1437473,-0.91971374
1645031996464,-1.2906362,-1.1625971,-1.1798238
1645031996471,-1.3695086,-1.1952527,-1.2763941
1645031996480,-1.4237368,-1.272083,-1.3681822
1645031996490,-1.4631294,-1.3942578,-1.4547343
1645031996502,-1.4220961,-1.5171655,-1.495593
1645031996510,-1.3577625,-1.650877,-1.5222794
1645031996524,-1.2832184,-1.7735928,-1.5401694
1645031996534,-1.1835413,-1.8776333,-1.5396632
1645031996540,-1.144777,-1.9875033,-1.5767694
1645031996550,-1.0553801,-2.064456,-1.6126887
1645031996560,-0.9304477,-2.0934289,-1.6164237
1645031996570,-0.84681034,-2.1121738,-1.6290776
1645031996589,-0.7857405,-2.0285714,-1.6237543
1645031996590,-0.7857405,-2.0285714,-1.6237543
1645031996592,-0.76353955,-1.8126713,-1.6
1645031996600,-0.8014836,-1.4529889,-1.5570294
1645031996610,-0.8941967,-0.975024,-1.5117201
1645031996620,-1.0659744,-0.4262501,-1.4790994
1645031996631,-1.2203159,0.19167466,-1.4220264
1645031996644,-1.4067545,0.78146434,-1.387032
1645031996650,-1.6033511,1.2559735,-1.3555633
1645031996662,-1.6358147,1.651069,-1.21124
1645031996673,-1.6245921,1.8813335,-1.0494982
1645031996681,-1.4942316,2.0138407,-0.8089188
1645031996690,-1.2552229,2.057492,-0.49334148
1645031996703,-0.9598394,2.0323415,-0.12920848
1645031996710,-0.639637,1.9628763,0.25920236
1645031996720,-0.23200977,1.8888909,0.68965876
1645031996730,0.18867266,1.7400471,1.0662012
1645031996740,0.57738024,1.4916834,1.3399599
1645031996750,0.9332577,1.1589144,1.5171655
1645031996769,1.2499869,0.7728423,1.601117
1645031996770,1.2499869,0.7728423,1.601117
1645031996772,1.4763068,0.33739418,1.5832446
1645031996780,1.6580504,-0.090915434,1.5593507
1645031996790,1.837368,-0.44024783,1.6098439
1645031996800,2.020665,-0.6701806,1.7589668
1645031996810,2.153853,-0.7631905,1.9586003
1645031996820,2.174099,-0.7465049,2.1490357
1645031996830,2.1232219,-0.621974,2.323187
1645031996840,2.0147831,-0.43370277,2.4515576
1645031996850,1.8603369,-0.23159088,2.5019112
1645031996863,1.7200453,-0.03536085,2.5108473
1645031996870,1.5985688,0.13545685,2.4534078
1645031996880,1.4704075,0.25302383,2.2974432
1645031996890,1.3091195,0.29473776,2.0398638
1645031996900,1.1608692,0.2897984,1.7362597
1645031996910,0.9394013,0.22206126,1.3591064
1645031996923,0.6919975,0.1423859,0.9665241
1645031996930,0.46023214,0.09046165,0.5984641
1645031996940,0.18778253,0.056881055,0.24235971
1645031996950,0.019076709,0.10419758,-0.0023911337
1645031996960,-0.27569595,0.13585828,-0.3003578
1645031996970,-0.50135267,0.23176542,-0.552858
1645031996983,-0.8815603,0.24640894,-0.93060476
1645031996990,-1.2130377,0.20399685,-1.3070948
1645031997000,-1.6257265,0.037751984,-1.7491579
1645031997010,-1.9642726,-0.17261541,-2.1398377
1645031997020,-2.3024523,-0.45440266,-2.5421066
1645031997030,-2.6766384,-0.7866306,-2.959822
1645031997043,-3.0659919,-1.1230649,-3.3769612
1645031997050,-3.4763591,-1.4680513,-3.7853913
1645031997060,-3.8552754,-1.7813247,-4.153975
1645031997070,-4.2162495,-2.0682433,-4.494057
1645031997080,-4.628432,-2.378026,-4.869552
1645031997090,-4.8426566,-2.56628,-5.1061525
1645031997103,-5.0538793,-2.75956,-5.3497515
1645031997110,-5.1631904,-2.8888211,-5.5316343
1645031997120,-5.110219,-2.8962214,-5.5429096
1645031997130,-4.9566455,-2.830753,-5.5362945
1645031997140,-4.7529454,-2.7203422,-5.4888387
1645031997150,-4.501929,-2.5696833,-5.3780084
1645031997163,-4.1518807,-2.343084,-5.148547
1645031997170,-3.7556505,-2.0975478,-4.8184657
1645031997180,-3.302365,-1.8389912,-4.359211
1645031997190,-2.8211014,-1.6097041,-3.782791
1645031997200,-2.338424,-1.4170172,-3.1115456
1645031997210,-1.8843354,-1.2450302,-2.4015882
1645031997224,-1.4661664,-1.0439655,-1.6811415
1645031997230,-1.2012916,-0.88005936,-1.0882101
1645031997240,-1.0677371,-0.7132211,-0.6325683
1645031997250,-1.000192,-0.50667596,-0.25607818
1645031997260,-1.0153592,-0.32269832,-0.0044331965
1645031997270,-1.058766,-0.15039706,0.17546034
1645031997283,-1.1494371,-0.06316432,0.26363558
1645031997290,-1.1139716,0.06833057,0.45159262
1645031997300,-1.1181604,0.13008116,0.5920761
1645031997310,-1.0776333,0.19200629,0.76975304
1645031997320,-1.0275592,0.22651191,0.93797016
1645031997330,-0.9233267,0.24869534,1.1070949
1645031997343,-0.78560084,0.23403439,1.2424121
1645031997350,-0.58012044,0.21827385,1.3891264
1645031997360,-0.34154812,0.19097653,1.5206039
1645031997370,-0.06407191,0.15563312,1.6548564
1645031997380,0.25309363,0.12337901,1.805655
1645031997390,0.5171306,0.07286849,1.8945632
1645031997406,0.7302557,-0.027873287,1.8441399
1645031997410,0.9289467,-0.08023388,1.6742822
1645031997441,1.0614015,-0.07372371,1.4722576
1645031997441,1.013317,-0.042150274,1.3068854
1645031997442,0.93395585,0.03169561,1.25257
1645031997450,0.77755475,0.078540884,1.1814294
1645031997463,0.68447506,0.14701109,1.1697531
1645031997470,0.7111441,0.24354656,1.2222532
1645031997480,0.7732612,0.28827995,1.218972
1645031997490,0.8172441,0.2904442,1.0233529
1645031997500,0.9693516,0.2647526,0.8340344
1645031997510,1.2536173,0.18443145,0.77889866
1645031997525,1.5824069,0.065607816,0.8718038
1645031997530,1.9717602,-0.03574483,1.1365913
1645031997540,2.2579632,-0.17183,1.4074875
1645031997550,2.5165722,-0.2765163,1.6875818
1645031997560,2.6477704,-0.37085262,1.8949298
1645031997571,2.6899903,-0.42022863,2.0279431
1645031997583,2.4189022,-0.3276202,1.9238503
1645031997590,2.094703,-0.2101056,1.7780435
1645031997600,1.7865434,-0.14449778,1.6643337
1645031997610,1.5802251,-0.092870235,1.6579981
1645031997621,1.4427437,-0.021398028,1.7363296
1645031997630,1.3067108,0.091927744,1.8187625
1645031997643,1.1508683,0.22600576,1.8755388
1645031997650,0.9392966,0.34194955,1.8779474
1645031997660,0.71517587,0.45124355,1.8599529
1645031997670,0.53732437,0.5875731,1.867999
1645031997682,0.27236232,0.7202374,1.8028449
1645031997693,-0.031381447,0.86740553,1.6873899
1645031997705,-0.3548128,1.020857,1.5050877
1645031997710,-0.7465573,1.126381,1.1741513
1645031997722,-0.7465573,1.126381,1.1741513
1645031997731,-1.6067545,1.0695349,0.056025833
1645031997741,-1.9989527,0.965442,-0.54811066
1645031997760,-1.9989527,0.965442,-0.54811066
1645031997766,-2.3162231,0.7623353,-1.1952876
1645031997770,-2.7441835,0.29039183,-2.3695261
1645031997780,-2.7245657,0.09150886,-2.6852605
1645031997791,-2.6264246,-0.08761672,-2.8782094
1645031997801,-2.5141287,-0.25354743,-3.0415742
1645031997810,-2.354202,-0.39863864,-3.1587398
1645031997836,-2.1364865,-0.55018765,-3.2439828
1645031997838,-2.1364865,-0.55018765,-3.2439828
1645031997840,-2.1364865,-0.55018765,-3.2439828
1645031997846,-1.821782,-0.6795532,-3.236513
1645031997850,-1.821782,-0.6795532,-3.236513
1645031997852,-1.3963348,-0.778218,-3.1140587
1645031997861,-1.3963348,-0.778218,-3.1140587
1645031997872,-0.7260668,-1.0093377,-2.8900952
1645031997887,-0.47126275,-1.0924689,-2.7482853
1645031997891,-0.47126275,-1.0924689,-2.7482853
1645031997903,-0.17011955,-1.1054542,-2.3338163
1645031997910,-0.1797539,-1.0672135,-2.137464
1645031997920,-0.27103588,-1.0007505,-1.9392792
1645031997932,-0.27103588,-1.0007505,-1.9392792
1645031997945,-0.4617506,-0.86648047,-1.7163801
1645031997957,-0.74784887,-0.7191727,-1.5560346
1645031997960,-1.0605638,-0.54891354,-1.4544027
1645031997970,-1.4149227,-0.39446723,-1.4507025
1645031997982,-1.7565058,-0.23342352,-1.5380225
1645031997990,-2.071193,-0.09400471,-1.6772493
1645031998003,-2.3436077,-0.018605463,-1.8246619
1645031998010,-2.5511127,-0.010105594,-1.9300987
1645031998020,-2.6581726,-0.06382756,-1.9693516
1645031998043,-2.6581726,-0.06382756,-1.9693516
1645031998044,-2.5912733,-0.18729383,-1.9335021
1645031998051,-2.4761324,-0.36235273,-1.9162056
1645031998063,-2.3252466,-0.5159612,-1.9096256
1645031998071,-2.179335,-0.59225065,-1.9940308
1645031998081,-2.101981,-0.65590364,-2.1754951
1645031998098,-1.9893533,-0.7242866,-2.248032
1645031998103,-1.8256567,-0.85361725,-2.1649883
1645031998111,-1.5553888,-1.0367571,-1.9299241
1645031998128,-1.0967798,-1.2529366,-1.5221573
1645031998149,-1.0967798,-1.2529366,-1.5221573
1645031998150,-0.2021817,-1.4934812,-0.8435291
1645031998153,0.7672223,-1.6467406,-0.19443232
1645031998160,1.6878436,-1.7351252,0.35373068
1645031998170,2.5879745,-1.736539,0.8273846
1645031998183,3.2090933,-1.725613,1.0597085
1645031998190,3.4131598,-1.7017192,1.0218693
1645031998200,2.9954796,-1.6171917,0.71313375
1645031998210,2.3214242,-1.5309887,0.32554325
1645031998220,1.3618989,-1.5531896,-0.14749978
1645031998235,0.31159788,-1.6449603,-0.59190154
1645031998243,-0.66428137,-1.7756,-0.92322195
1645031998250,-1.4264421,-1.914757,-1.0851209
1645031998260,-1.9436774,-2.0143468,-1.1157169
1645031998270,-2.4434068,-2.1835763,-1.182756
1645031998284,-2.8459377,-2.3340955,-1.2658347
1645031998302,-3.126538,-2.41501,-1.4064054
1645031998303,-3.126538,-2.41501,-1.4064054
1645031998313,-3.126538,-2.41501,-1.4064054
1645031998330,-3.126538,-2.41501,-1.4064054
1645031998340,-3.126538,-2.41501,-1.4064054
1645031998341,-3.126538,-2.41501,-1.4064054
1645031998342,-3.4753294,-2.4282746,-1.8750502
1645031998353,-3.1858103,-2.3099747,-1.9435728
1645031998355,-3.1858103,-2.3099747,-1.9435728
1645031998357,-2.1809757,-2.0443146,-1.9754255
1645031998361,-2.1809757,-2.0443146,-1.9754255
1645031998363,-1.5893883,-1.8525351,-1.9122611
1645031998370,-1.0551531,-1.6738285,-1.8577362
1645031998387,-0.46606162,-1.4242254,-1.8053058
1645031998390,0.03806615,-1.2188148,-1.7901213
1645031998400,0.42817,-1.0537045,-1.7524391
1645031998412,0.51746225,-1.0514007,-1.7516363
1645031998425,0.5965442,-0.98401254,-1.6780696
1645031998432,0.55043197,-0.9499433,-1.5982022
1645031998440,0.4633912,-0.88573176,-1.5128894
1645031998450,0.2797452,-0.85105157,-1.4511738
1645031998460,-0.028309627,-0.8788376,-1.4312767
1645031998472,-0.3299066,-0.858766,-1.4024609
1645031998481,-0.6407365,-0.8280653,-1.3965616
1645031998490,-0.8094249,-0.6791343,-1.3619338
1645031998500,-0.8936207,-0.50601274,-1.3301859
1645031998510,-0.88599354,-0.3283358,-1.3135526
1645031998520,-0.8538616,-0.24276115,-1.3587224
1645031998537,-0.8538616,-0.24276115,-1.3587224
1645031998558,-0.35985687,0.0023562266,-1.4943014
1645031998559,-0.35985687,0.0023562266,-1.4943014
1645031998560,-0.35985687,0.0023562266,-1.4943014
1645031998561,-0.10545423,0.0887512,-1.4917706
1645031998563,0.032358844,0.090653636,-1.4705123
1645031998572,0.08637752,0.041207783,-1.4408587
1645031998580,0.07864561,0.01912907,-1.372406
1645031998593,-0.0048695346,-0.010960816,-1.2764814
1645031998601,-0.114303164,-0.025010908,-1.144201
1645031998610,-0.2506676,-0.09309713,-1.025168
1645031998621,-0.34372982,-0.16369666,-0.9093813
1645031998630,-0.39691073,-0.14948948,-0.8877214
1645031998640,-0.3584606,-0.074805826,-0.944969
1645031998657,-0.27899468,-0.052325685,-0.9572738
1645031998661,-0.23960206,-0.09309713,-0.89189285
1645031998670,-0.2639672,-0.20980889,-0.81942576
1645031998680,-0.29890916,-0.28292173,-0.7924426
1645031998690,-0.321686,-0.3266428,-0.75224715
1645031998700,-0.36669865,-0.39874333,-0.68915266
1645031998713,-0.3845536,-0.4436862,-0.589493
1645031998721,-0.42124096,-0.5753556,-0.53257704
1645031998730,-0.3759316,-0.64656603,-0.45981324
1645031998740,-0.28824505,-0.6972336,-0.39179683
1645031998750,-0.20439829,-0.77572215,-0.33111092
1645031998760,-0.11002705,-0.8362161,-0.23979405
1645031998774,-0.044331968,-0.9260843,-0.12720133
1645031998782,-0.01329959,-1.0206475,0.0058992933
1645031998790,-0.044331968,-1.1481106,0.14645258
1645031998800,-0.15067632,-1.3398726,0.25702068
1645031998810,-0.28196177,-1.5216336,0.3332577
1645031998820,-0.41071647,-1.6585392,0.38680512
1645031998833,-0.59499085,-1.820054,0.35209006
1645031998842,-0.7013352,-1.8602147,0.30170172
1645031998850,-0.75303257,-1.8525177,0.22658172
1645031998860,-0.8326905,-1.9001309,0.08501615
1645031998870,-0.85192424,-1.8850685,-0.070931144
1645031998880,-0.9531896,-1.9720918,-0.25909767
1645031998893,-1.1648136,-2.189842,-0.45695087
1645031998902,-1.4425691,-2.47608,-0.62078714
1645031998910,-1.704023,-2.7814817,-0.7723187
1645031998920,-1.9205166,-3.1012828,-0.86326903
1645031998931,-2.2438955,-3.5754428,-0.9254385
1645031998940,-2.4994676,-3.9687407,-0.9643424
1645031998954,-2.6166332,-4.221433,-1.0252029
1645031998962,-2.5338686,-4.2389565,-1.0862728
1645031998978,-2.4071035,-4.15223,-1.1848329
1645031998981,-2.4071035,-4.15223,-1.1848329
1645031998991,-2.0796754,-3.561358,-1.3113536
1645031999001,-2.078855,-3.3995636,-1.3654944
1645031999016,-2.0586264,-3.0975478,-1.3556505
1645031999023,-2.2241557,-2.7082293,-1.3962998
1645031999033,-2.3566105,-2.181761,-1.4305612
1645031999046,-2.3566105,-2.181761,-1.4305612
1645031999050,-2.5047212,-0.12447858,-1.7430316
1645031999063,-2.4627106,1.0354481,-1.9646043
1645031999074,-2.2478402,2.0954359,-2.146435
1645031999082,-2.0428483,2.8650668,-2.302103
1645031999090,-1.7049307,3.3580418,-2.3765948
1645031999100,-1.0467929,3.5596998,-2.2945807
1645031999110,-0.22689588,3.587765,-2.1200104
1645031999120,0.55062395,3.5830002,-1.9042325
1645031999134,1.1454577,3.584065,-1.6968496
1645031999142,1.5062746,3.5624924,-1.5809757
1645031999150,1.6797975,3.6743696,-1.5020334
1645031999160,1.6874248,3.8358147,-1.4932717
1645031999171,1.5860198,4.0324287,-1.5128894
1645031999181,1.4119208,4.101405,-1.594153
1645031999194,1.2039794,4.095331,-1.6634262
1645031999202,0.9670303,3.9028013,-1.7290689
1645031999210,0.7257178,3.616162,-1.6929226
1645031999221,0.49595952,3.224784,-1.5442709
1645031999231,0.28323588,2.6392355,-1.345737
1645031999241,0.07002356,2.0035605,-1.1234663
1645031999254,-0.16952613,1.409355,-0.895209
1645031999262,-0.44445413,0.8382407,-0.7255781
1645031999270,-0.71892834,0.25845188,-0.642988
1645031999281,-0.9476045,-0.22668645,-0.6055502
1645031999291,-1.0846671,-0.5344969,-0.5568723
1645031999301,-1.1242168,-0.80216426,-0.5087355
1645031999314,-1.0632516,-0.9397679,-0.35858276
1645031999322,-0.89915353,-1.1020857,-0.15432411
1645031999330,-0.6568287,-1.3248626,0.09409198
1645031999341,-0.37621084,-1.5378654,0.40802863
1645031999354,-0.09808884,-1.7477965,0.7148093
1645031999361,0.1785147,-1.8951566,1.0103151
1645031999374,0.45571166,-2.030596,1.2352213
1645031999382,0.73392093,-2.1311457,1.3956366
1645031999390,1.0113622,-2.1283357,1.5124706
1645031999406,1.2405096,-2.1440265,1.5767344
1645031999415,1.2405096,-2.1440265,1.5767344
1645031999420,1.3113186,-2.6639497,1.5195392
1645031999436,1.1798761,-3.049952,1.4483638
1645031999442,0.96320796,-3.4263024,1.4016407
1645031999451,0.66094774,-3.8495681,1.3642901
1645031999460,0.26168078,-4.3296623,1.2830439
1645031999473,-0.262536,-4.748111,1.149856
1645031999480,-0.79040056,-5.1004972,0.99059254
1645031999496,-0.79040056,-5.1004972,0.99059254
1645031999523,-1.2562528,-5.1547256,0.8500742
1645031999525,-1.28636,-4.9198885,0.5062745
1645031999525,-1.28636,-4.9198885,0.5062745
1645031999531,-1.7155948,-4.4533553,0.17605376
1645031999542,-1.9668208,-4.049132,0.10032289
1645031999555,-1.9668208,-4.049132,0.10032289
1645031999561,-2.1867177,-3.5345318,-0.038048696
1645031999571,-2.2375774,-3.3560696,-0.07798237
1645031999580,-2.2406666,-3.1455975,-0.08243302
1645031999590,-2.2504756,-2.987032,-0.09400471
1645031999601,-2.1743782,-2.765442,-0.06618378
1645031999612,-2.0749629,-2.5820577,-0.042586613
1645031999621,-1.9910638,-2.4828868,-0.03614626
1645031999630,-1.8750851,-2.356628,-0.004171394
1645031999640,-1.7940658,-2.275818,0.004939349
1645031999651,-1.702522,-2.1803124,0.0018326206
1645031999660,-1.5651628,-2.0586438,-0.028658696
1645031999673,-1.3542718,-1.9216685,-0.106920324
1645031999690,-1.0541583,-1.763941,-0.20692906
1645031999693,-0.6959246,-1.6001047,-0.31627542
1645031999703,-0.6959246,-1.6001047,-0.31627542
1645031999710,-0.10882276,-1.4695349,-0.53044766
1645031999723,-0.10882276,-1.4695349,-0.53044766
1645031999741,0.19369927,-1.2816825,-0.5470111
1645031999742,0.19369927,-1.2816825,-0.5470111
1645031999755,0.22157256,-1.1634349,-0.51130116
1645031999758,0.22157256,-1.1634349,-0.51130116
1645031999760,0.08821014,-0.7220525,-0.3473427
1645031999773,0.019094162,-0.4716991,-0.24167903
1645031999786,-0.022183437,-0.18038224,-0.12051663
1645031999793,-0.1189109,0.009058382,-0.021677284
1645031999805,-0.1189109,0.009058382,-0.021677284
1645031999810,-0.28768653,0.31370974,0.2084126
1645031999822,-0.28768653,0.31370974,0.2084126
1645031999835,-0.3955668,0.30592546,0.28222358
1645031999854,-0.4128458,0.33418274,0.45677632
1645031999858,-0.4128458,0.33418274,0.45677632
1645031999866,-0.4128458,0.33418274,0.45677632
1645031999873,-0.24321494,0.22035082,0.4697094
1645031999875,-0.0012217471,0.053407803,0.43187013
1645031999883,0.2037525,-0.14697617,0.36551183
1645031999892,0.45534515,-0.26281527,0.29601187
1645031999900,0.7037787,-0.3725456,0.19986038
1645031999913,0.9572039,-0.43954968,0.10939872
1645031999921,1.1762806,-0.47107077,0.032655556
1645031999930,1.3991448,-0.3685313,0.008098437
1645031999940,1.5069727,-0.2781569,0.012269831
1645031999950,1.5477092,-0.18060912,0.041801203
1645031999961,1.5798237,-0.037594903,0.08133345
1645031999973,1.5451436,0.07021555,0.14481194
1645031999981,1.515647,0.22380662,0.22677371
1645031999990,1.5586177,0.52336156,0.29952002
1645032000002,1.6530588,0.91159785,0.31140587
1645032000011,1.7884982,1.3043721,0.2245222
1645032000020,2.1216338,1.8528842,0.0825901
1645032000033,2.5682347,2.466184,-0.095889695
1645032000045,3.0424993,3.0878263,-0.28313115
1645032000050,3.4798675,3.7035344,-0.4435291
1645032000060,3.8582947,4.321407,-0.5380923
1645032000072,4.139087,4.8804955,-0.55757046
1645032000081,4.1900864,5.16525,-0.52374554
1645032000092,4.0000176,5.1713586,-0.43239376
1645032000101,3.5424907,4.858085,-0.29112488
1645032000110,2.9870496,4.4892573,-0.11304651
1645032000120,2.4596736,4.2007504,0.055676762
1645032000130,1.9304651,3.8667424,0.1779562
1645032000141,1.4892224,3.568095,0.2576141
1645032000153,1.2146261,3.37464,0.29323676
1645032000161,1.0945109,3.245065,0.2944934
1645032000170,1.1086134,3.1983418,0.301405
1645032000180,1.1265556,3.0571778,0.3154551
1645032000190,1.1086657,2.8437386,0.37237105
1645032000200,0.94259536,2.4096692,0.44139978
1645032000213,0.7078279,1.9427873,0.5392966
1645032000222,0.4227943,1.5045816,0.65583384
1645032000231,0.073706254,1.0523082,0.7561916
1645032000240,-0.3238328,0.59682345,0.83351076
1645032000250,-0.7128371,0.2175408,0.8857666
1645032000260,-1.0489048,-0.04989964,0.9055415
1645032000282,-1.2500044,-0.14156558,0.89616895
1645032000283,-1.2500044,-0.14156558,0.89616895
1645032000284,-1.2500044,-0.14156558,0.89616895
1645032000287,-1.3312156,-0.14128633,0.83672225
1645032000291,-1.3204468,-0.11754952,0.72440875
1645032000300,-1.1095209,0.10829915,0.61583036
1645032000310,-0.9125229,0.23642552,0.45154026
1645032000320,-0.6382407,0.41694736,0.29058382
1645032000333,-0.31795096,0.63960207,0.14048347
1645032000342,-0.09506938,0.7333275,-0.023265556
1645032000350,-0.071873635,0.6542107,-0.12575269
1645032000360,-0.10712977,0.5547779,-0.17474474
1645032000370,-0.3722489,0.2271926,-0.17158565
1645032000380,-0.6588358,-0.10515752,-0.13550921
1645032000393,-0.9581813,-0.3803124,-0.034470722
1645032000402,-1.2621521,-0.60968673,0.06864473
1645032000410,-1.4562004,-0.7274631,0.13269919
1645032000420,-1.4241208,-0.66606164,0.15046689
1645032000430,-1.1885505,-0.48808795,0.10878785
1645032000440,-0.80197227,-0.2445414,0.021555109
1645032000454,-0.34348547,0.0049218955,-0.09379527
1645032000462,0.19303603,0.33484596,-0.17322628
1645032000473,0.67258924,0.60256565,-0.22146784
1645032000484,0.67258924,0.60256565,-0.22146784
1645032000491,1.2108387,0.60031414,-0.21481805
1645032000500,1.2869534,0.43342352,-0.19413562
1645032000515,1.2443146,0.26248363,-0.12577014
1645032000525,0.9899991,-0.048346277,-0.040404923
1645032000532,0.48309624,-0.5803822,0.018221484
1645032000541,-0.09746051,-1.0543503,0.113482855
1645032000554,-0.7789161,-1.5270443,0.20073305
1645032000561,-1.6077843,-2.1130815,0.21373592
1645032000572,-2.432132,-2.6093202,0.20877913
1645032000582,-3.155895,-2.9254909,0.20157082
1645032000591,-3.7258923,-3.046793,0.19671874
1645032000600,-4.161899,-3.073584,0.16224802
1645032000611,-4.400262,-2.9531372,0.13952352
1645032000620,-4.410559,-2.6896064,0.13751636
1645032000634,-4.287669,-2.4370015,0.13296099
1645032000642,-3.9725804,-2.1410072,0.1487739
1645032000650,-3.5232568,-1.8533031,0.15381797
1645032000660,-2.9825814,-1.5715683,0.14992583
1645032000670,-2.405271,-1.3200977,0.12287285
1645032000680,-1.8110656,-1.0884196,0.08834977
1645032000693,-1.2365302,-0.8720133,0.043022953
1645032000702,-0.71830004,-0.6637054,-0.006457806
1645032000710,-0.23762982,-0.4267388,-0.042237543
1645032000720,0.13058731,-0.21898945,-0.098106295
1645032000730,0.51126623,0.07470111,-0.10934637
1645032000740,0.77811325,0.3107601,-0.14444542
1645032000753,1.0475085,0.60310674,-0.13901737
1645032000762,1.29671,0.9176717,-0.12395497
1645032000770,1.5262762,1.2282747,-0.113744654
1645032000780,1.7462605,1.5196964,-0.111196436
1645032000790,1.9317917,1.7692993,-0.11056811
1645032000800,2.1208832,2.0302994,-0.082904264
1645032000814,2.274422,2.2374554,-0.07264159
1645032000822,2.415813,2.3716729,-0.10360415
1645032000830,2.554708,2.4833057,-0.11337813
1645032000840,2.696099,2.6091456,-0.07557379
1645032000850,2.7693167,2.6676674,-0.029234663
1645032000860,2.6881053,2.5373244,-0.031032376
1645032000873,2.6556942,2.502714,0.026337376
1645032000882,2.5905402,2.4229863,0.08321843
1645032000890,2.4650493,2.2829566,0.13580592
1645032000900,2.3193822,2.1142683,0.19073218
1645032000910,2.1825464,1.9665415,0.2556593
1645032000920,2.0989964,1.9026617,0.34381709
1645032000933,1.9216511,1.753626,0.36519766
1645032000942,1.6679116,1.574099,0.3576403
1645032000956,1.6679116,1.574099,0.3576403
1645032000961,1.0898333,1.2196352,0.3281438
1645032000970,0.8179422,1.0048171,0.28245047
1645032000984,0.65052795,0.8775984,0.2773715
1645032000992,0.4433371,0.62986296,0.28234574
1645032001001,0.1601885,0.23961951,0.28272974
1645032001010,-0.16547692,-0.19397853,0.30988744
1645032001020,-0.5570643,-0.6437211,0.34537044
1645032001034,-1.1067632,-1.1916572,0.32470548
1645032001043,-1.709137,-1.673043,0.2725194
1645032001056,-2.3523867,-2.076167,0.14844227
1645032001070,-2.3523867,-2.076167,0.14844227
1645032001072,-2.7993019,-2.1331182,0.0
1645032001080,-3.0900428,-2.0142245,-0.1584955
1645032001090,-3.2004364,-1.8178724,-0.31091717
1645032001100,-3.0912297,-1.5483899,-0.4027402
1645032001113,-2.8863077,-1.3712541,-0.48054805
1645032001121,-2.631678,-1.3115455,-0.5448643
1645032001130,-2.3396282,-1.3324897,-0.58420455
1645032001140,-1.9720395,-1.2907408,-0.5498037
1645032001150,-1.7296274,-1.3665764,-0.5674317
1645032001160,-1.5182477,-1.3942927,-0.55453354
1645032001173,-1.4611746,-1.4977398,-0.58462346
1645032001181,-1.5511825,-1.6725892,-0.65150535
1645032001190,-1.6106815,-1.7146871,-0.6387119
1645032001200,-1.6968845,-1.7447945,-0.60535824
1645032001210,-1.873078,-1.903674,-0.62083954
1645032001220,-2.0021992,-2.078122,-0.6284842
1645032001233,-2.0035605,-2.1878173,-0.6054455
1645032001242,-1.9422463,-2.2985775,-0.60804605
1645032001250,-1.703482,-2.3828955,-0.6216598
1645032001260,-1.3705385,-2.4500043,-0.6511563
1645032001270,-1.0072258,-2.4977047,-0.661768
1645032001280,-0.7649708,-2.6087093,-0.68985075
1645032001293,-0.6776158,-2.755284,-0.71569943
1645032001302,-0.6436862,-2.7833667,-0.6747535
1645032001310,-0.720569,-2.7522123,-0.6103848
1645032001320,-0.8876516,-2.6639845,-0.54050094
1645032001330,-0.9562265,-2.352823,-0.40340343
1645032001340,-0.9562265,-2.352823,-0.40340343
1645032001354,-1.0734096,-1.5764726,-0.14097217
1645032001361,-1.0467231,-1.1214416,-0.019739943
1645032001370,-0.9489833,-0.6601972,0.09444105
1645032001387,-0.7322454,-0.16092154,0.2198272
1645032001390,-0.53320533,0.1982372,0.29007766
1645032001403,-0.2923641,0.46375775,0.33208832
1645032001413,0.032707915,0.68367225,0.36271927
1645032001421,0.36174187,0.82796055,0.34973383
1645032001430,0.66180295,0.91273236,0.29913604
1645032001440,1.0379963,1.0711057,0.2810891
1645032001450,1.3987782,1.230247,0.2639323
1645032001460,1.7769264,1.4523082,0.28098437
1645032001473,2.0287983,1.5761933,0.2538965
1645032001481,2.3213196,1.8056898,0.27246705
1645032001490,2.6278036,2.1155772,0.32880706
1645032001500,2.9655118,2.5379877,0.43473253
1645032001510,3.1656165,2.8680165,0.5000611
1645032001520,3.2613142,3.1391919,0.53062224
1645032001533,3.2943888,3.385461,0.53271663
1645032001541,3.2787678,3.591954,0.5118946
1645032001550,3.3071473,3.839253,0.52952266
1645032001561,3.2708614,3.9609215,0.52257615
1645032001570,3.2184658,4.0183434,0.52580506
1645032001580,3.1205864,3.967362,0.533886
1645032001593,2.9165022,3.757588,0.5259621
1645032001602,2.6379092,3.4295313,0.50891
1645032001610,2.3606598,3.1188235,0.50838643
1645032001620,2.0630422,2.793804,0.49260843
1645032001630,1.7921983,2.5361202,0.4855572
1645032001640,1.5203944,2.2820666,0.46075574
1645032001652,1.2784187,2.0440352,0.45133084
1645032001661,1.0259185,1.7555633,0.44523954
1645032001670,0.8288856,1.4906886,0.47819182
1645032001680,0.6841958,1.2346976,0.5480583
1645032001690,0.574832,1.0063007,0.62817
1645032001700,0.47014573,0.8072781,0.70049745
1645032001713,0.36725718,0.6375775,0.76797277
1645032001722,0.26593944,0.48775634,0.8211188
1645032001730,0.16179422,0.35613927,0.86532855
1645032001740,-0.014940222,0.15882713,0.86733574
1645032001750,-0.2588882,-0.083131164,0.8268435
1645032001760,-0.49339384,-0.25342524,0.7797888
1645032001773,-0.7263461,-0.37169036,0.70904964
1645032001782,-0.8886988,-0.3893708,0.64279604
1645032001790,-0.98094076,-0.34784886,0.5561218
1645032001800,-0.9201152,-0.1807313,0.49088052
1645032001810,-0.874195,-0.10473863,0.37554762
1645032001820,-0.75896674,-0.024347674,0.27321756
1645032001833,-0.5316869,0.09527882,0.21242692
1645032001841,-0.16154987,0.28381184,0.20483463
1645032001850,0.19739942,0.4130727,0.16209093
1645032001860,0.5260494,0.51166767,0.09836809
1645032001870,0.81223494,0.63309187,0.051540274
1645032001880,0.9063094,0.658225,-0.020891875
1645032001893,0.8508596,0.63216686,-0.081455626
1645032001901,0.6363906,0.49391744,-0.14786631
1645032001910,0.35837334,0.32350117,-0.19020857
1645032001920,0.06668994,0.14250807,-0.20427611
1645032001930,-0.26190767,-0.088140324,-0.21312505
1645032001940,-0.64667076,-0.37696135,-0.22701806
1645032001953,-1.0010647,-0.6058818,-0.20602147
1645032001962,-1.3751637,-0.8894319,-0.2208046
1645032001970,-1.6244873,-1.0958024,-0.20286238
1645032001980,-1.6906188,-1.1706432,-0.1352125
1645032001990,-1.713256,-1.2744567,-0.11170259
1645032002000,-1.5951828,-1.2929226,-0.0845449
1645032002013,-1.339541,-1.2322891,-0.06260581
1645032002022,-0.9527533,-1.0751375,-0.034976874
1645032002030,-0.56500566,-0.9258574,-0.054402653
1645032002042,-0.15095559,-0.716799,-0.07524217
1645032002051,0.21464351,-0.4338424,-0.097163804
1645032002063,0.21464351,-0.4338424,-0.097163804
1645032002072,0.5734008,0.045326818,-0.13847631
1645032002084,0.42883325,0.050109085,-0.18963261
1645032002090,0.28080985,0.07508509,-0.189109
1645032002100,-0.016528493,-0.03944498,-0.21919888
1645032002110,-0.5103412,-0.35381797,-0.3033249
1645032002122,-1.0094423,-0.66337377,-0.37380224
1645032002133,-1.5106903,-0.96816474,-0.46394974
1645032002141,-1.9589667,-1.2022166,-0.55343395
1645032002150,-2.334811,-1.3483725,-0.6389737
1645032002160,-2.582494,-1.3604153,-0.68489397
1645032002170,-2.7018762,-1.2665154,-0.69971204
1645032002180,-2.6769001,-1.1033772,-0.69533116
1645032002193,-2.4502835,-0.8264421,-0.63401693
1645032002203,-2.1298194,-0.56395847,-0.5888472
1645032002210,-1.749472,-0.33790034,-0.56079936
1645032002220,-1.2636355,-0.09060127,-0.4944585
1645032002230,-0.67484075,0.19567153,-0.38207522
1645032002240,-0.13488089,0.4056724,-0.30917183
1645032002253,0.35430667,0.6107339,-0.24974257
1645032002261,0.7519679,0.80022687,-0.19431014
1645032002270,0.9866655,0.9250895,-0.17458767
1645032002280,1.056689,0.9578672,-0.20438084
1645032002290,1.0106815,0.9338686,-0.24513483
1645032002300,0.9855485,0.9835588,-0.20645781
1645032002313,0.8783489,0.953242,-0.18031242
1645032002321,0.7118946,0.8493935,-0.15802427
1645032002330,0.55362594,0.72969717,-0.12515926
1645032002340,0.39415306,0.5662623,-0.107461385
1645032002350,0.28176978,0.42094424,-0.07400297
1645032002360,0.2155511,0.289013,-0.04122524
1645032002373,0.19462432,0.19476394,-0.0077319136
1645032002382,0.13214068,0.035517935,-0.029723361
1645032002390,0.14037874,-0.05770137,-0.023876429
1645032002400,0.20804608,-0.10964307,0.015952526
1645032002410,0.2707566,-0.20832533,0.03455799
1645032002420,0.33680075,-0.32269832,0.06161096
1645032002433,0.39773104,-0.4695174,0.08546994
1645032002442,0.4499171,-0.6549088,0.10297583
1645032002451,0.5136399,-0.84715945,0.12011519
1645032002460,0.63063097,-0.9640283,0.16308579
1645032002470,0.71798587,-1.0988917,0.19143032
1645032002480,0.77643776,-1.2120429,0.21420717
1645032002493,0.7901562,-1.2896937,0.22556943
1645032002502,0.81624925,-1.2688367,0.24763069
1645032002510,0.7877127,-1.2654682,0.23296972
1645032002520,0.77542543,-1.2260581,0.20633563
1645032002531,0.7332752,-1.2129331,0.15502225
1645032002541,0.7319138,-1.1225587,0.10187625
1645032002556,0.72507197,-0.9539227,0.054524828
1645032002567,0.65825987,-0.73673093,0.015306746
1645032002570,0.325072,-0.70829916,-0.08260756
1645032002581,-0.16476132,-0.7108299,-0.17301685
1645032002591,-0.8634087,-0.87532943,-0.30507025
1645032002601,-1.6266515,-1.0528667,-0.4449254
1645032002613,-2.2216947,-1.034174,-0.51631033
1645032002622,-2.723571,-1.0079763,-0.5878698
1645032002635,-2.723571,-1.0079763,-0.5878698
1645032002640,-3.1955492,-0.9920412,-0.68732
1645032002650,-3.2110307,-1.0054106,-0.7135003
1645032002661,-3.175251,-1.1692992,-0.77432585
1645032002673,-2.985147,-1.3424208,-0.79467666
1645032002682,-2.7518456,-1.5595253,-0.80895364
1645032002691,-2.5402043,-1.8141373,-0.82703555
1645032002700,-2.347657,-2.0392005,-0.82228816
1645032002710,-2.285889,-2.254263,-0.8359717
1645032002720,-2.2985077,-2.354743,-0.82656425
1645032002733,-2.4205253,-2.415394,-0.8463391
1645032002742,-2.459918,-2.3509207,-0.8129854
1645032002750,-2.525072,-2.35778,-0.8263548
1645032002764,-2.5116153,-2.395532,-0.84625185
1645032002770,-2.3960729,-2.4581203,-0.86702156
1645032002780,-2.2566366,-2.595183,-0.9125229
1645032002793,-2.1299589,-2.7805567,-0.9638363
1645032002802,-2.0262675,-2.9748495,-1.0143642
1645032002810,-1.9602584,-3.143852,-1.0484335
1645032002820,-1.923222,-3.2669866,-1.0675975
1645032002832,-1.923222,-3.2669866,-1.0675975
1645032002840,-1.7842743,-3.2131076,-0.9783053
1645032002853,-1.6881403,-3.0561829,-0.8985077
1645032002862,-1.6881403,-3.0561829,-0.8985077
1645032002870,-1.4412253,-2.4003317,-0.6861506
1645032002881,-1.4412253,-2.4003317,-0.6861506
1645032002890,-1.1306047,-1.5741688,-0.4378916
1645032002900,-0.9841871,-1.2008203,-0.3172877
1645032002913,-0.8567414,-0.88257265,-0.20727812
1645032002922,-0.71379703,-0.58853304,-0.08697094
1645032002930,-0.62803036,-0.3942229,0.0040666726
1645032002940,-0.5650929,-0.26943013,0.07206562
1645032002950,-0.47253686,-0.17450039,0.1281089
1645032002960,-0.31555983,-0.09800157,0.17514618
1645032002973,-0.18230212,-0.076463915,0.1790034
1645032002982,0.027332228,0.014713326,0.19647439
1645032002991,0.20111702,0.082747184,0.18177852
1645032003001,0.49102017,0.2773366,0.21466097
1645032003011,0.75554585,0.47637665,0.23382494
1645032003020,1.0230736,0.67745876,0.25970852
1645032003034,1.2080287,0.80485207,0.25127846
1645032003042,1.413509,0.9528929,0.24911423
1645032003050,1.545894,1.032324,0.21609215
1645032003062,1.7399075,1.1654943,0.21911162
1645032003070,1.8908457,1.2564447,0.20870931
1645032003081,2.023824,1.3078977,0.18350641
1645032003093,2.2385724,1.4216948,0.18856794
1645032003102,2.492172,1.5776072,0.21542892
1645032003111,2.6533554,1.6752247,0.21595253
1645032003121,2.8470373,1.8647875,0.24984728
1645032003136,3.0101404,2.091788,0.29307967
1645032003141,3.0101404,2.091788,0.29307967
1645032003153,3.336661,2.7015445,0.45154026
1645032003162,3.5144777,3.066882,0.5483899
1645032003171,3.6371934,3.397382,0.62631994
1645032003181,3.8040318,3.804887,0.71391916
1645032003190,3.9047909,4.1701546,0.76528496
1645032003214,3.9047909,4.1701546,0.76528496
1645032003215,3.9047909,4.1701546,0.76528496
1645032003217,3.9047909,4.1701546,0.76528496
1645032003222,3.8952265,4.4196877,0.76381886
1645032003225,3.8709836,4.637787,0.7439916
1645032003231,3.784187,4.729994,0.70421505
1645032003241,3.6190593,4.6549263,0.653914
1645032003251,3.3965268,4.432673,0.60504407
1645032003261,3.1370625,4.109032,0.57664716
1645032003274,2.7982895,3.6502137,0.54751724
1645032003282,2.3730342,3.1189108,0.5204294
1645032003291,1.9156471,2.6234052,0.5122611
1645032003301,1.4079413,2.150973,0.5057335
1645032003311,0.8179248,1.6345406,0.46777207
1645032003321,0.2726416,1.1999651,0.42926958
1645032003333,-0.22933939,0.8251854,0.37765947
1645032003342,-0.65120864,0.5110394,0.31088227
1645032003351,-0.94772667,0.2918754,0.25853914
1645032003361,-1.1530849,0.08744218,0.20225151
1645032003371,-1.2577014,-0.08508596,0.159438
1645032003381,-1.333886,-0.29353347,0.095732614
1645032003393,-1.2960119,-0.44119033,0.053425256
1645032003408,-1.1933328,-0.5343224,0.029636094
1645032003410,-1.1123135,-0.6264072,-0.0061436426
1645032003421,-1.0873549,-0.74872154,-0.078697965
1645032003431,-1.0136662,-0.8226198,-0.116676845
1645032003441,-1.0019374,-1.0084825,-0.20155336
1645032003453,-1.001344,-1.2120255,-0.28716293
1645032003462,-0.91957414,-1.2861506,-0.3113186
1645032003471,-0.91494894,-1.383873,-0.34790123
1645032003481,-0.96587837,-1.468348,-0.3661227
1645032003491,-1.2093028,-1.6909155,-0.43820578
1645032003504,-1.4607557,-1.8614713,-0.47674316
1645032003513,-1.6904093,-1.978026,-0.48414347
1645032003522,-1.9901911,-2.1794398,-0.5255432
1645032003531,-2.194694,-2.3042848,-0.53503793
1645032003541,-2.3948338,-2.479658,-0.5739942
1645032003551,-2.5212672,-2.6384327,-0.5991099
1645032003560,-2.5906274,-2.760677,-0.6157431
1645032003572,-2.7073567,-2.9125228,-0.6694825
1645032003582,-2.7821102,-2.983262,-0.69109
1645032003590,-2.8056026,-2.9588096,-0.66991884
1645032003600,-2.83475,-2.902295,-0.6222184
1645032003610,-2.87423,-2.8020945,-0.53502053
1645032003620,-2.9276552,-2.643983,-0.42495856
1645032003634,-2.8952265,-2.3433285,-0.27833143
1645032003650,-2.8952265,-2.3433285,-0.27833143
1645032003651,-2.785653,-1.8645432,-0.10594293
1645032003666,-2.579492,-1.2329872,0.10781045
1645032003670,-2.4456758,-0.6427437,0.27211797
1645032003680,-2.2249935,-0.029129941,0.46675974
1645032003694,-2.0117288,0.4986299,0.63211447
1645032003702,-1.8261628,0.893516,0.7465573
1645032003710,-1.6493934,1.1409198,0.8111004
1645032003720,-1.4629549,1.2374378,0.82179946
1645032003730,-1.209931,1.249795,0.80644035
1645032003740,-0.93048257,1.1754953,0.73189634
1645032003753,-0.5896675,1.0623789,0.6270704
1645032003762,-0.21022777,0.91336066,0.47555634
1645032003770,0.27374116,0.8139105,0.34180993
1645032003780,0.81411994,0.77711844,0.23181778
1645032003790,1.3465573,0.7898246,0.117846236
1645032003800,1.9139715,0.90493065,0.043354567
1645032003813,2.4533904,1.0659045,-0.023422638
1645032003822,3.0211363,1.2768828,-0.059446722
1645032003830,3.6136312,1.5529279,-0.04405271
1645032003840,4.200227,1.9018588,0.013805742
1645032003850,4.8050966,2.4149752,0.1570294
1645032003860,5.3454227,3.0703204,0.34453267
1645032003873,5.673113,3.7234313,0.48681384
1645032003882,5.840527,4.444035,0.62181693
1645032003891,5.7438693,5.052221,0.6790645
1645032003900,5.45353,5.537586,0.6895715
1645032003912,5.038363,5.8789945,0.67971027
1645032003922,4.4450126,5.8732,0.59701544
1645032003934,4.4450126,5.8732,0.59701544
1645032003941,3.294319,5.3352127,0.4786107
1645032003951,2.8278034,4.9078627,0.4634261
1645032003961,2.410542,4.437752,0.44696745
1645032003970,2.0379963,4.0113797,0.41752335
1645032003987,1.6740727,3.6269832,0.3450563
1645032003992,1.370713,3.3774326,0.2771446
1645032004012,1.0836548,3.1421242,0.15533641
1645032004013,1.0836548,3.1421242,0.15533641
1645032004014,0.85647964,2.9401693,0.027471855
1645032004021,0.71250546,2.7490706,-0.083846755
1645032004038,0.71250546,2.7490706,-0.083846755
1645032004041,0.70672834,2.5317917,-0.09897897
1645032004056,0.70672834,2.5317917,-0.09897897
1645032004070,0.89409196,2.16333,0.11376211
1645032004072,1.0043634,1.9354743,0.2640719
1645032004080,1.0934637,1.6725194,0.39952874
1645032004096,1.1447421,1.4063705,0.5258399
1645032004101,1.1423335,1.1269046,0.61878
1645032004123,1.1423335,1.1269046,0.61878
1645032004123,1.1423335,1.1269046,0.61878
1645032004124,1.1423335,1.1269046,0.61878
1645032004131,1.0279256,0.77053845,0.66979665
1645032004136,0.8948599,0.4286936,0.7392268
1645032004140,0.75219476,0.093114585,0.7859499
1645032004150,0.6122873,-0.22747186,0.8038747
1645032004160,0.4378567,-0.5909591,0.781412
1645032004173,0.26552054,-0.8926957,0.7672746
1645032004183,0.009215464,-1.265346,0.6947901
1645032004190,-0.3171132,-1.6814033,0.5708875
1645032004200,-0.69630855,-2.1402216,0.39734706
1645032004211,-1.0604241,-2.5375862,0.22916485
1645032004221,-1.420473,-2.9217908,0.054001223
1645032004242,-1.8300375,-3.4194956,-0.12378044
1645032004243,-1.8300375,-3.4194956,-0.12378044
1645032004244,-1.8300375,-3.4194956,-0.12378044
1645032004249,-1.8300375,-3.4194956,-0.12378044
1645032004250,-2.7395585,-4.648102,-0.5784798
1645032004260,-3.2836897,-5.4293394,-0.8695523
1645032004271,-3.8803387,-6.2453966,-1.1774325
1645032004280,-4.6586437,-7.2067194,-1.5641155
1645032004313,-5.4659567,-8.070495,-1.9259621
1645032004315,-5.4659567,-8.070495,-1.9259621
1645032004317,-5.4659567,-8.070495,-1.9259621
1645032004318,-5.4659567,-8.070495,-1.9259621
1645032004326,-6.2239113,-8.670897,-2.240597
1645032004327,-6.8843703,-9.041207,-2.4561656
1645032004328,-6.8843703,-9.041207,-2.4561656
1645032004334,-7.352998,-9.147605,-2.5794747
1645032004340,-7.38506,-8.854612,-2.5525787
1645032004361,-7.238555,-8.372825,-2.461227
1645032004361,-7.238555,-8.372825,-2.461227
1645032004362,-7.238555,-8.372825,-2.461227
1645032004376,-7.238555,-8.372825,-2.461227
1645032004377,-6.282241,-7.006458,-2.0463567
1645032004381,-5.8377867,-6.50905,-1.8341042
1645032004391,-5.4281874,-6.120988,-1.5942926
1645032004400,-5.099171,-5.8326383,-1.321721
1645032004412,-4.8397417,-5.5741687,-1.0316607
1645032004422,-4.5670304,-5.2202983,-0.70774066
1645032004430,-4.202147,-4.672432,-0.35359105
1645032004440,-3.6873374,-3.8918056,0.02309102
1645032004450,-3.2045903,-3.0488698,0.33519503
1645032004462,-2.7320185,-2.1725106,0.57928264
1645032004478,-2.2676325,-1.2913867,0.7654595
1645032004481,-1.9079326,-0.52570033,0.842796
1645032004490,-1.5877825,0.14545771,0.85454226
1645032004500,-1.3128895,0.64070165,0.77722317
1645032004510,-1.0843878,0.9229601,0.61766297
1645032004520,-0.86548567,1.0157256,0.39766124
1645032004533,-0.6640719,0.93646914,0.12693952
1645032004542,-0.47040755,0.7086308,-0.17586176
1645032004550,-0.31152806,0.36516276,-0.5019984
1645032004560,-0.15064141,-5.236059E-4,-0.8098962
1645032004570,-0.043686185,-0.3590191,-1.1021031
1645032004580,0.06578235,-0.6277686,-1.3344445
1645032004593,0.15592983,-0.7875033,-1.499363
1645032004601,0.20143119,-0.8419932,-1.6090933
1645032004610,0.2494633,-0.7634523,-1.6555545
1645032004620,0.39926696,-0.49777466,-1.6094424
1645032004630,0.50119555,-0.20474736,-1.5667859
1645032004640,0.63881665,0.15100794,-1.4881228
1645032004653,0.8494982,0.5791081,-1.3524915
1645032004661,1.0491316,0.9857405,-1.2062309
1645032004670,1.2640021,1.3923204,-1.0076272
1645032004680,1.4356924,1.7236059,-0.79078454
1645032004690,1.4783838,1.859307,-0.63309187
1645032004700,1.6027751,2.0514355,-0.41820404
1645032004716,1.6864299,2.1894755,-0.23096256
1645032004721,1.7714809,2.3495593,-0.05789336
1645032004730,1.850528,2.564517,0.11161532
1645032004747,1.850528,2.564517,0.11161532
1645032004750,1.9872764,2.9663844,0.34833756
1645032004760,2.1605027,3.4868138,0.6229514
1645032004773,2.3533292,4.057911,0.9168165
1645032004786,2.3533292,4.057911,0.9168165
1645032004796,2.652797,5.0192685,1.4770747
1645032004800,2.672851,5.2520638,1.6547692
1645032004810,2.6726415,5.385915,1.8078191
1645032004822,2.5607994,5.3128543,1.8572476
1645032004832,2.3570642,5.101527,1.823859
1645032004841,2.0495157,4.758251,1.6995026
1645032004853,1.7741863,4.4428134,1.6000524
1645032004860,1.4521337,4.0280128,1.4293219
1645032004871,1.1714635,3.6152544,1.2832184
1645032004880,0.8455537,3.0261455,1.04976
1645032004892,0.5056113,2.2814033,0.7532769
1645032004901,0.14048347,1.3863164,0.40575966
1645032004910,-0.25440267,0.37889868,0.013631207
1645032004920,-0.6992582,-0.70777553,-0.42228815
1645032004930,-1.1097653,-1.689205,-0.79254735
1645032004941,-1.6873375,-2.7908545,-1.275155
1645032004952,-2.3144777,-3.834977,-1.7600663
1645032004962,-2.9547255,-4.786613,-2.235099
1645032004970,-3.5124357,-5.5627017,-2.6512785
1645032004981,-3.957239,-6.164168,-2.9996684
1645032004990,-4.3309364,-6.671158,-3.3224015
1645032005003,-4.6568985,-7.1446896,-3.6436863
1645032005012,-5.0909505,-7.9028187,-4.160171
1645032005030,-5.5648313,-8.785461,-4.729261
1645032005031,-5.5648313,-8.785461,-4.729261
1645032005031,-6.052884,-9.745004,-5.263688
1645032005040,-6.467423,-10.577014,-5.6337204
1645032005050,-6.707269,-11.16628,-5.7610087
1645032005061,-6.5599265,-11.206719,-5.507531
1645032005074,-6.104983,-10.81857,-4.9492974
1645032005081,-5.4841084,-10.088298,-4.1954446
1645032005090,-4.675539,-8.977188,-3.2855747
1645032005101,-3.7708178,-7.5499954,-2.287128
1645032005112,-2.9177763,-6.084597,-1.3470285
1645032005120,-2.1518981,-4.7142158,-0.5343922
1645032005132,-1.551357,-3.5364692,0.09730343
1645032005159,-1.551357,-3.5364692,0.09730343
1645032005159,-1.551357,-3.5364692,0.09730343
1645032005159,-1.551357,-3.5364692,0.09730343
1645032005160,-0.62810016,-1.0273322,0.983105
1645032005160,-0.62810016,-1.0273322,0.983105
1645032005174,-0.46525875,-0.4729732,1.0958897
1645032005180,-0.3740117,-0.047229253,1.1408325
1645032005192,-0.33913955,0.2553626,1.1425953
1645032005203,-0.3056462,0.48051313,1.1296449
1645032005211,-0.3262763,0.58530414,1.0778078
1645032005220,-0.32437384,0.6492888,1.0233878
1645032005231,-0.29433632,0.69995636,0.956244
1645032005240,-0.30896237,0.69604677,0.8341391
1645032005256,-0.35736102,0.6581901,0.6697443
1645032005262,-0.45260495,0.566018,0.44857317
1645032005270,-0.4895366,0.521878,0.22228816
1645032005283,-0.58701456,0.43408674,-0.06248364
1645032005292,-0.72440875,0.30630946,-0.40148354
1645032005316,-0.83923554,0.13102365,-0.7825814
1645032005316,-0.83923554,0.13102365,-0.7825814
1645032005317,-0.83923554,0.13102365,-0.7825814
1645032005320,-0.83923554,0.13102365,-0.7825814
1645032005323,-1.0191466,-0.32423422,-1.4662536
1645032005333,-1.1413561,-0.60753995,-1.7539052
1645032005350,-1.1764551,-0.8247142,-1.905524
1645032005351,-1.1764551,-0.8247142,-1.905524
1645032005362,-1.1429095,-0.9129069,-1.9026093
1645032005372,-1.0984379,-0.8226721,-1.6753644
1645032005382,-0.9481281,-0.5272886,-1.4212584
1645032005390,-0.76371413,-0.10740902,-1.0925386
1645032005405,-0.52140677,0.5416354,-0.64126015
1645032005410,-0.35460338,1.0915263,-0.23937516
1645032005420,-0.10784536,1.7074789,0.20776682
1645032005435,0.15619165,2.3503273,0.6739681
1645032005442,0.44909677,3.032132,1.1701545
1645032005452,0.44909677,3.032132,1.1701545
1645032005460,0.90683305,4.1347065,2.1073217
1645032005471,1.1418798,4.522402,2.5405881
1645032005480,1.2656428,4.6583295,2.8255172
1645032005492,1.2867789,4.558199,2.9467666
1645032005502,1.2498124,4.2903047,2.9299066
1645032005511,1.17183,3.92015,2.8026006
1645032005520,1.1430666,3.5568373,2.6574047
1645032005530,1.0460075,3.091631,2.3748496
1645032005541,0.8748058,2.5538702,1.9907322
1645032005552,0.76950866,2.0830438,1.6648573
1645032005562,0.60937256,1.562981,1.2723973
1645032005571,0.4847369,1.0789772,0.90465134
1645032005581,0.27660355,0.5110219,0.44045728
1645032005591,0.10479099,-0.03258574,0.009320185
1645032005601,-0.115001306,-0.63379,-0.46883672
1645032005612,-0.3102016,-1.2122873,-0.90000874
1645032005623,-0.46780697,-1.753626,-1.2602147
1645032005630,-0.5946592,-2.2332141,-1.531076
1645032005640,-0.6388516,-2.5818133,-1.653303
1645032005650,-0.6971289,-2.8671262,-1.7144603
1645032005660,-0.7210926,-3.0590978,-1.6773889
1645032005675,-0.7426128,-3.162981,-1.5660006
1645032005682,-0.69952005,-3.0814905,-1.3379701
1645032005690,-0.6178724,-2.8467755,-1.0504057
1645032005701,-0.5538354,-2.5356836,-0.77518106
1645032005710,-0.47429967,-2.1669605,-0.5328039
1645032005720,-0.36345232,-1.8007156,-0.34873897
1645032005732,-0.29876953,-1.5523694,-0.28494632
1645032005741,-0.27285102,-1.4136138,-0.32104024
1645032005750,-0.22349246,-1.3102714,-0.39359456
1645032005760,-0.24117288,-1.3201675,-0.528842
1645032005770,-0.21869273,-1.3140064,-0.63096255
1645032005780,-0.21445152,-1.3341478,-0.7257701
1645032005792,-0.2558513,-1.402042,-0.82705295
1645032005802,-0.34526572,-1.5092765,-0.9413038
1645032005811,-0.34526572,-1.5092765,-0.9413038
1645032005821,-0.49559298,-1.5942054,-1.0923467
1645032005833,-0.48197922,-1.4546295,-1.0851557
1645032005842,-0.47230998,-1.2325333,-1.0449778
1645032005852,-0.4434593,-0.91779387,-0.9618291
1645032005865,-0.448643,-0.5872764,-0.8659045
1645032005875,-0.44415742,-0.22558688,-0.7368008
1645032005893,-0.29875207,0.61890215,-0.32372808
1645032005894,-0.29875207,0.61890215,-0.32372808
1645032005895,-0.29875207,0.61890215,-0.32372808
1645032005900,-0.2111179,0.97217906,-0.088908285
1645032005914,-0.121668555,1.2378916,0.14673182
1645032005922,0.0055153156,1.4821712,0.39266953
1645032005931,0.09630858,1.6400034,0.58828866
1645032005942,0.16446461,1.7377083,0.7365041
1645032005951,0.1811851,1.7387556,0.7956017
1645032005960,0.16977048,1.65353,0.7775722
1645032005973,0.19130814,1.5432062,0.7369928
1645032005982,0.21445152,1.3874859,0.66573
1645032005991,0.18071385,1.1422986,0.5283358
1645032006001,0.07140239,0.78259885,0.3092242
1645032006011,-0.022323065,0.4198796,0.08978096
1645032006021,-0.16545947,-0.007766821,-0.16711755
1645032006032,-0.36186403,-0.4896064,-0.45309365
1645032006042,-0.5783751,-0.9700323,-0.73762107
1645032006051,-0.82234055,-1.4493412,-1.0198796
1645032006060,-1.0122873,-1.809966,-1.228903
1645032006070,-1.1849725,-2.0975652,-1.3954446
1645032006081,-1.2995723,-2.285365,-1.4858365
1645032006095,-1.476394,-2.5240421,-1.6017628
1645032006102,-1.6405096,-2.7300637,-1.6894668
1645032006111,-1.7410768,-2.8533206,-1.7236059
1645032006120,-1.8338075,-2.9736974,-1.7552665
1645032006130,-1.8190243,-2.9858627,-1.7174098
1645032006141,-1.8279431,-3.0276463,-1.7050529
1645032006152,-1.874928,-3.0940046,-1.7173575
1645032006162,-1.8520639,-3.037787,-1.6713675
1645032006170,-1.7965268,-2.9011083,-1.5860895
1645032006180,-1.8233179,-2.7981849,-1.527114
1645032006190,-1.8362858,-2.6383803,-1.4402304
1645032006200,-1.8298106,-2.4365478,-1.3265381
1645032006213,-1.76717,-2.2006283,-1.1845886
1645032006222,-1.6656427,-1.9494721,-1.0248712
1645032006230,-1.5329261,-1.6940396,-0.8798499
1645032006241,-1.5161009,-1.5946592,-0.8283969
1645032006250,-1.503482,-1.5417576,-0.81583035
1645032006260,-1.471158,-1.5191902,-0.8213282
1645032006273,-1.4138756,-1.5221398,-0.8575792
1645032006282,-1.4054979,-1.6256218,-0.9710795
1645032006290,-1.4900253,-1.8611048,-1.1617419
1645032006300,-1.615586,-2.1314077,-1.3665764
1645032006311,-1.7210752,-2.3411815,-1.5210751
1645032006321,-1.6508073,-2.305716,-1.5161532
1645032006333,-1.5417401,-2.1933503,-1.4384327
1645032006346,-1.4320446,-2.0511563,-1.3183
1645032006350,-1.267964,-1.8242779,-1.1434854
1645032006361,-1.1580766,-1.6418362,-0.9962824
1645032006370,-1.0214504,-1.4076796,-0.85209876
1645032006380,-0.9573436,-1.2591325,-0.78134215
1645032006393,-0.9564884,-1.1993018,-0.7831748
1645032006403,-0.91657215,-1.1357187,-0.7853739
1645032006410,-0.78584516,-1.0316433,-0.75407976
1645032006421,-0.6169823,-0.9367484,-0.7093289
1645032006430,-0.42747185,-0.8545772,-0.6428135
1645032006440,-0.1290863,-0.63771707,-0.48194432
1645032006452,0.23621607,-0.29061872,-0.23509905
1645032006461,0.5266952,0.023614626,0.006789423
1645032006470,0.83672225,0.4217471,0.29161358
1645032006480,1.1139541,0.837752,0.58012044
1645032006490,1.3913256,1.256724,0.85532767
1645032006500,1.6764988,1.6429881,1.0992582
1645032006564,1.8789248,1.8584169,1.247875
1645032006565,2.1472902,2.1104808,1.4164761
1645032006565,2.4332838,2.3644297,1.6079763
1645032006566,2.7491229,2.6962562,1.8711057
1645032006566,3.0747185,3.1111615,2.2202113
1645032006566,3.4331617,3.7115455,2.7158217
1645032006572,4.057649,4.7394013,3.4938476
1645032006581,4.6844225,5.831277,4.368549
1645032006591,5.1648836,6.764028,5.1843615
1645032006600,5.568706,7.515141,5.9154725
1645032006610,5.6790643,7.829514,6.391483
1645032006623,5.6790643,7.829514,6.391483
1645032006632,4.942665,6.893533,6.3027663
1645032006642,4.3332577,6.0574746,5.939977
1645032006651,3.6110656,5.04798,5.3736453
1645032006667,2.8943887,4.024103,4.7167115
1645032006670,2.1887424,3.040248,3.9878871
1645032006680,1.5179161,2.1426477,3.2259707
1645032006692,0.99052274,1.4043808,2.5118072
1645032006702,0.4737586,0.76275414,1.7689327
1645032006711,0.07002356,0.26274544,1.0835501
1645032006720,-0.20240858,-0.081699975,0.48847196
1645032006730,-0.38327953,-0.26037177,-0.03579719
1645032006741,-0.5090846,-0.26562527,-0.5124356
1645032006754,-0.5090846,-0.26562527,-0.5124356
1645032006762,-0.58671784,0.649952,-1.7627367
1645032006774,-0.49416178,1.2415045,-2.4313467
1645032006780,-0.6871455,1.3556331,-3.674858
1645032006791,-1.5857928,0.60685927,-5.69301
1645032006801,-1.6836373,0.51697356,-5.891055
1645032006813,-1.6707915,0.52440876,-5.8569508
1645032006822,-1.6660966,0.52564794,-5.8417664
1645032006830,-1.6622218,0.52685225,-5.8296013
1645032006840,-1.6593071,0.5277424,-5.8203683
1645032006850,-1.3779562,-1.7222968,-7.9976788
1645032006860,-0.57781655,-1.8986998,-7.4363384
1645032006873,0.3576403,-0.56500566,-4.325159
1645032006881,1.5331879,1.8525875,0.5323152
1645032006890,3.2592547,5.0837946,5.910725
1645032006900,5.514809,8.270216,10.537883
1645032006910,7.872153,10.536644,13.698124
1645032006920,9.509119,11.182198,15.031504
1645032006933,9.990295,10.462815,14.773139
1645032006942,9.391291,9.07779,13.437421
1645032006950,8.050197,7.611467,11.529697
1645032006961,6.4096866,6.4409285,9.462728
1645032006971,4.752928,5.6113796,7.4770575
1645032006980,3.2756088,5.0414,5.7085958
1645032006992,2.0445414,4.5796666,4.189406
1645032007002,0.9677633,4.072554,2.8526049
1645032007010,0.07257178,3.5309365,1.6924514
1645032007020,-0.7357012,2.8978446,0.6130552
1645032007033,-1.4192512,2.1991622,-0.3734881
1645032007042,-2.1296275,1.3455625,-1.3978183
1645032007053,-2.7658086,0.3831748,-2.3944323
1645032007062,-3.3634,-0.68241554,-3.3809757
1645032007071,-3.8578236,-1.7700323,-4.272886
1645032007080,-4.263583,-2.821974,-5.037176
1645032007090,-4.5126624,-3.5907147,-5.546627
1645032007101,-4.717096,-4.125578,-5.8491144
1645032007116,-4.68355,-4.160136,-5.808954
1645032007122,-4.402723,-4.141653,-5.4818397
1645032007130,-3.7983768,-3.9508684,-4.854263
1645032007141,-2.9344969,-3.605463,-4.019775
1645032007151,-1.8708613,-3.1108124,-3.0369666
1645032007161,-0.7139366,-2.4789772,-1.950048
1645032007173,0.3661576,-1.7943276,-0.83728075
1645032007181,1.3572563,-1.0168601,0.2792565
1645032007190,2.1559823,-0.23379004,1.2809145
1645032007200,2.6968496,0.4733921,2.0993454
1645032007210,3.079623,1.1084563,2.7476919
1645032007220,3.3586526,1.657806,3.2193384
1645032007233,3.5812898,2.12207,3.5350902
1645032007241,3.8835676,2.578026,3.7888646
1645032007250,4.135841,2.895052,3.9351602
1645032007260,4.2963786,3.0868313,3.9910812
1645032007270,4.414661,3.2553802,4.0164585
1645032007280,4.524042,3.4584343,4.0527096
1645032007292,4.661297,3.708945,4.113413
1645032007301,4.7274804,3.9178987,4.152317
1645032007310,4.7541323,4.101318,4.1723537
1645032007320,4.7054543,4.2206125,4.141932
1645032007330,4.629566,4.304756,4.0751376
1645032007341,4.425761,4.2564273,3.8947902
1645032007353,4.144742,4.0909853,3.62159
1645032007366,4.144742,4.0909853,3.62159
1645032007370,3.296361,3.2442796,2.6981063
1645032007380,2.563365,2.4663584,1.958286
1645032007390,1.842639,1.6076621,1.1845886
1645032007400,1.0232481,0.6222009,0.3248451
1645032007413,0.25339034,-0.34519592,-0.48937953
1645032007422,-0.43780434,-1.2449428,-1.2157431
1645032007430,-1.1084387,-2.1020508,-1.8684876
1645032007440,-1.5924426,-2.796614,-2.3476393
1645032007450,-1.8673357,-3.2883148,-2.6281874
1645032007460,-2.0442274,-3.6738808,-2.7861419
1645032007473,-2.143084,-3.9420195,-2.8441749
1645032007481,-2.1290514,-4.0750504,-2.8078716
1645032007490,-2.0106292,-4.05168,-2.6833057
1645032007500,-1.9512174,-4.036827,-2.5657737
1645032007510,-1.8620473,-3.9819705,-2.4334934
1645032007520,-1.722646,-3.8947203,-2.2866917
1645032007533,-1.5188586,-3.7098176,-2.1094685
1645032007542,-1.3201501,-3.4582424,-1.919801
1645032007550,-1.070425,-3.0766559,-1.6991884
1645032007562,-0.92407715,-2.6871107,-1.481892
1645032007570,-0.7772406,-2.2787328,-1.2714548
1645032007584,-0.64942837,-1.8502836,-1.0547342
1645032007593,-0.5447596,-1.4150974,-0.8214155
1645032007606,-0.42467928,-0.8666899,-0.5365739
1645032007611,-0.33486342,-0.3090322,-0.23104984
1645032007620,-0.20401432,0.23225412,0.053861592
1645032007630,-0.08218867,0.7822847,0.32514182
1645032007640,0.04197574,1.2793787,0.5908369
1645032007653,0.1713064,1.7459464,0.86011
1645032007663,0.36490095,2.1777642,1.1352649
1645032007670,0.54891354,2.4887338,1.3582686
1645032007680,0.77334845,2.7164848,1.5469238
1645032007690,0.93212324,2.789336,1.6603194
1645032007705,1.1477616,2.8571255,1.767135
1645032007714,1.2576141,2.8166857,1.7978532
1645032007722,1.361323,2.7846932,1.8021817
1645032007730,1.4458504,2.758984,1.766908
1645032007740,1.3988307,2.6643512,1.6371411
1645032007750,1.2674578,2.5185094,1.4328301
1645032007760,1.0721704,2.3110044,1.1570469
1645032007785,0.8215202,2.027402,0.8236495
1645032007788,0.8215202,2.027402,0.8236495
1645032007788,0.8215202,2.027402,0.8236495
1645032007799,0.56212586,1.6968671,0.473427
1645032007800,0.2578061,1.3161881,0.093044765
1645032007801,0.0279431,0.97669953,-0.23789161
1645032007811,-0.24640894,0.57872415,-0.5796666
1645032007821,-0.45173225,0.22597085,-0.86548567
1645032007834,-0.6305088,-0.10892748,-1.1060127
1645032007842,-0.74329346,-0.37085262,-1.275277
1645032007850,-0.9088926,-0.6505105,-1.4321668
1645032007861,-1.0372459,-0.85630506,-1.5294005
1645032007871,-1.1977136,-1.0641068,-1.621974
1645032007881,-1.2564622,-1.1777817,-1.6589406
1645032007894,-1.3525264,-1.3225238,-1.7166245
1645032007902,-1.5188935,-1.5311109,-1.827053
1645032007910,-1.60377,-1.6501789,-1.870617
1645032007921,-1.5170957,-1.5919539,-1.7893534
1645032007931,-1.3165373,-1.4178201,-1.5949908
1645032007941,-1.1378654,-1.2496204,-1.3672746
1645032007954,-0.8719609,-0.9732612,-1.0399511
1645032007962,-0.49988654,-0.55318964,-0.60455537
1645032007970,-0.046792913,-0.028309627,-0.104441926
1645032007981,0.36774588,0.48971114,0.38704947
1645032007991,0.80343837,1.0466533,0.899904
1645032008001,1.2788725,1.6714199,1.4451697
1645032008014,1.7721267,2.3198533,1.9968758
1645032008022,2.3140414,3.010158,2.569439
1645032008030,2.7108998,3.5381272,3.0370014
1645032008041,3.0071385,3.9410071,3.4258313
1645032008051,3.2871978,4.2922244,3.780644
1645032008061,3.4789772,4.4922595,4.0417314
1645032008074,3.45449,4.41782,4.0955753
1645032008082,3.247177,4.076778,3.919574
1645032008101,3.0315385,3.686325,3.6857142
1645032008102,3.0315385,3.686325,3.6857142
1645032008114,2.529767,2.9958112,3.1455276
1645032008121,1.4294267,1.4964482,1.8475434
1645032008134,0.9270268,0.8408238,1.2202111
1645032008142,0.4399337,0.26117462,0.62145036
1645032008150,-0.10973034,-0.30199844,-0.0038921372
1645032008160,-0.63394713,-0.78437907,-0.59317565
1645032008171,-1.0617505,-1.1381098,-1.0840038
1645032008180,-1.5601885,-1.509835,-1.6076621
1645032008194,-2.0089362,-1.8302819,-2.0886815
1645032008202,-2.4131598,-2.1280916,-2.530762
1645032008210,-2.8709486,-2.4869187,-2.9970853
1645032008220,-3.3249674,-2.8742647,-3.4397068
1645032008231,-3.7313902,-3.2463915,-3.8230212
1645032008241,-4.1503096,-3.6595514,-4.199965
1645032008254,-4.522053,-4.07512,-4.5276027
1645032008262,-4.8189545,-4.4506326,-4.7911334
1645032008270,-4.9611483,-4.715211,-4.9412513
1645032008281,-4.9590015,-4.732769,-4.947814
1645032008291,-4.8784537,-4.7242517,-4.934026
1645032008301,-4.568409,-4.7190504,-4.7433286
1645032008314,-4.129191,-4.624941,-4.4258313
1645032008322,-3.5140936,-4.2969894,-3.9367833
1645032008330,-2.884929,-3.9161184,-3.4152021
1645032008341,-2.2453442,-3.4709835,-2.8795009
1645032008351,-1.667807,-3.0510864,-2.3880618
1645032008361,-1.1579545,-2.656951,-1.9600837
1645032008384,-1.1579545,-2.656951,-1.9600837
1645032008386,-1.1579545,-2.656951,-1.9600837
1645032008387,-1.1579545,-2.656951,-1.9600837
1645032008398,-0.26164585,-1.8399336,-1.2225325
1645032008399,0.08293918,-1.5186665,-0.9478838
1645032008401,0.36744916,-1.2346802,-0.7187713
1645032008410,0.5450563,-1.0536696,-0.55727375
1645032008420,0.77888125,-0.77500653,-0.36181167
1645032008434,0.97015446,-0.52594465,-0.19174448
1645032008442,1.1386334,-0.25056288,-0.0400384
1645032008450,1.1708701,-0.049760014,0.05368706
1645032008460,1.1903481,0.17249323,0.16301598
1645032008471,1.2679292,0.494092,0.39998254
1645032008481,1.3111092,0.76254475,0.6291474
1645032008494,1.3630857,1.0526572,0.8912994
1645032008502,1.5207261,1.4565669,1.2430578
1645032008511,1.7245833,1.8969718,1.6547343
1645032008521,1.9564011,2.4021118,2.1141286
1645032008531,2.167135,2.8865695,2.5462081
1645032008541,2.3325071,3.294825,2.8899903
1645032008554,2.4746313,3.6243477,3.119103
1645032008562,2.5673096,3.8151495,3.226058
1645032008570,2.6175582,3.865381,3.2283096
1645032008581,2.6439655,3.8060215,3.1538005
1645032008597,2.6439655,3.8060215,3.1538005
1645032008605,2.6058643,3.4560432,2.816476
1645032008614,2.4478924,3.1640458,2.5681996
1645032008622,2.3614626,2.951968,2.3692293
1645032008631,2.222009,2.6867614,2.1517584
1645032008640,2.1252291,2.4438257,1.9773803
1645032008650,1.9798586,2.1481106,1.7888995
1645032008660,1.888053,1.9127498,1.6419059
1645032008674,1.7981324,1.7014574,1.5071472
1645032008682,1.7514094,1.5425954,1.4090409
1645032008691,1.748163,1.4276987,1.3512872
1645032008701,1.657841,1.2542455,1.2578584
1645032008711,1.5446723,1.0813509,1.159246
1645032008721,1.4643686,0.97088754,1.0750327
1645032008734,1.3115281,0.8619949,0.9509905
1645032008742,1.2830089,0.9429095,0.9082817
1645032008750,1.2271577,1.0690811,0.8602845
1645032008761,1.1374989,1.1824766,0.80125666
1645032008771,1.1063269,1.3198534,0.7778864
1645032008781,1.0812637,1.4155511,0.76205605
1645032008794,1.0414696,1.4553975,0.7338686
1645032008802,0.9619862,1.419513,0.68129855
1645032008810,0.72915614,1.2149577,0.5253512
1645032008821,0.5224365,0.9638363,0.35479537
1645032008831,0.3475347,0.6798848,0.17153329
1645032008841,0.2002618,0.3748669,-0.031014923
1645032008854,-0.044471595,-0.037210926,-0.31913778
1645032008862,-0.3533118,-0.5365739,-0.67721444
1645032008871,-0.6191116,-1.0123571,-1.0283271
1645032008881,-0.9479536,-1.516642,-1.4131426
1645032008891,-1.2558513,-1.9681123,-1.7495244
1645032008901,-1.519836,-2.370015,-2.0257614
1645032008915,-1.8416092,-2.8139453,-2.2794485
1645032008922,-1.9884632,-3.1178288,-2.3845537
1645032008930,-2.104826,-3.3743434,-2.4295487
1645032008941,-2.1654944,-3.5686011,-2.416005
1645032008951,-2.0749454,-3.6289206,-2.322035
1645032008961,-2.027437,-3.7238154,-2.2518544
1645032008974,-1.9317043,-3.722838,-2.1499956
1645032008982,-1.8621695,-3.7014225,-2.0500567
1645032008994,-1.7255433,-3.5608692,-1.9057335
1645032009001,-1.6131251,-3.4165983,-1.7593682
1645032009013,-1.4335282,-3.1823545,-1.5819007
1645032009021,-1.3251767,-3.0096693,-1.4372982
1645032009034,-1.1893533,-2.7775896,-1.292591
1645032009042,-1.0608779,-2.5367832,-1.1684964
1645032009051,-0.9265381,-2.2645082,-1.0652587
1645032009061,-0.9067283,-2.0936556,-1.0146435
1645032009071,-0.8756436,-1.8909329,-0.9662449
1645032009082,-0.8913343,-1.7132035,-0.9362423
1645032009094,-0.8979667,-1.4998342,-0.88665676
1645032009110,-0.8688367,-1.21597,-0.79411817
1645032009122,-0.83721095,-0.8986299,-0.6657998
1645032009124,-0.83721095,-0.8986299,-0.6657998
1645032009130,-0.72920847,-0.20942491,-0.29864734
1645032009140,-0.668348,0.07822672,-0.12322192
1645032009154,-0.54825026,0.3492626,0.046147134
1645032009162,-0.41399774,0.5850772,0.20064577
1645032009170,-0.2967798,0.74725544,0.31657213
1645032009182,-0.2967798,0.74725544,0.31657213
1645032009190,-0.17230125,0.9986561,0.42007157
1645032009203,-0.17230125,0.9986561,0.42007157
1645032009220,-0.12789947,1.0981586,0.38183087
1645032009224,-0.116903745,1.0942142,0.3286325
1645032009230,-0.104441926,1.0642987,0.2585915
1645032009240,-0.13749892,0.966943,0.16245745
1645032009250,-0.13727202,0.91355264,0.094720304
1645032009260,-0.11850947,0.90011346,0.058731128
1645032009274,-0.082729734,0.89847285,0.056933414
1645032009282,-0.06456061,0.8392704,0.055362597
1645032009290,0.03708875,0.85094684,0.09245135
1645032009301,0.03708875,0.85094684,0.09245135
1645032009310,0.24564098,0.83897376,0.22551706
1645032009321,0.38650844,0.91409373,0.33317044
1645032009334,0.54374725,1.075853,0.47559124
1645032009342,0.7085435,1.3289118,0.66173315
1645032009350,0.854455,1.6255345,0.8651715
1645032009360,0.9392966,1.87697,1.0435466
1645032009370,1.057841,2.1665068,1.2400035
1645032009381,1.1782005,2.3570468,1.3895802
1645032009394,1.337813,2.4416091,1.5044245
1645032009402,1.4529191,2.362475,1.5406406
1645032009410,1.4758006,2.1300464,1.4878261
1645032009421,1.5033424,1.9110743,1.4336853
1645032009431,1.4470897,1.6725718,1.3510253
1645032009441,1.5019984,1.632673,1.3729122
1645032009454,1.554743,1.6846496,1.4327778
1645032009462,1.6031067,1.820438,1.5339558
1645032009470,1.6301073,1.979719,1.6521163
1645032009481,1.7713937,2.2668471,1.8567938
1645032009491,1.9971201,2.6387644,2.1364517
1645032009501,2.1631556,2.9683743,2.3940659
1645032009515,2.2496552,3.235169,2.6084998
1645032009522,2.280932,3.4524128,2.7902784
1645032009530,2.38307,3.7198186,3.021817
1645032009541,2.4601448,3.9202547,3.2190418
1645032009551,2.3908544,3.9263113,3.2789946
1645032009561,2.350397,3.8755739,3.3145475
1645032009574,2.202007,3.6436338,3.2126188
1645032009584,1.933345,3.2403002,2.9583733
1645032009603,1.6301073,2.7552667,2.6069815
1645032009604,1.6301073,2.7552667,2.6069815
1645032009619,1.325613,2.2246966,2.1469064
1645032009620,0.67087877,1.191727,1.0782616
1645032009634,0.3529802,0.7475172,0.5538703
1645032009642,0.04904442,0.33154726,0.021677284
1645032009650,-0.2823283,-0.098909155,-0.542159
1645032009660,-0.56275415,-0.48864648,-1.0587137
1645032009670,-0.97448295,-0.99160486,-1.6544026
1645032009680,-1.3856008,-1.5002705,-2.2221136
1645032009694,-1.830404,-2.0412602,-2.7746227
1645032009702,-2.4009426,-2.6994503,-3.3922856
1645032009710,-2.8614016,-3.2481718,-3.894703
1645032009720,-3.348966,-3.8157256,-4.388184
1645032009731,-3.816738,-4.3881316,-4.8496027
1645032009741,-4.3325596,-5.0527797,-5.3494897
1645032009754,-4.661192,-5.582215,-5.693481
1645032009762,-4.8676147,-6.033458,-5.9287896
1645032009770,-4.870477,-6.067493,-5.9426126
1645032009781,-4.686168,-6.0543675,-5.822061
1645032009791,-4.3721094,-6.0466533,-5.558792
1645032009801,-4.051226,-5.963609,-5.2430577
1645032009814,-3.6213806,-5.628362,-4.810891
1645032009822,-3.1595776,-5.1281786,-4.324217
1645032009837,-2.6647875,-4.50905,-3.8086743
1645032009841,-2.2829218,-3.9780436,-3.36806
1645032009851,-1.9045641,-3.4495506,-2.9458766
1645032009861,-1.59246,-3.0029671,-2.5715332
1645032009874,-1.3472555,-2.557047,-2.20754
1645032009882,-1.2279955,-2.1230824,-1.8520988
1645032009890,-1.2188324,-1.7063793,-1.5015621
1645032009900,-1.1927568,-1.2308055,-1.1048084
1645032009910,-1.1230998,-0.74732524,-0.6804957
1645032009920,-1.04318,-0.37210926,-0.28798324
1645032009934,-0.7805044,0.09939785,0.1997731
1645032009942,-0.4981761,0.48140326,0.6597434
1645032009950,-0.18687494,0.8294441,1.1401519
1645032009960,0.16308579,1.201885,1.6482415
1645032009970,0.50833404,1.5605026,2.1372721
1645032009981,0.80399686,1.9002181,2.5569072
1645032009994,0.9144777,2.0964308,2.7800856
1645032010002,0.9538703,2.2624488,2.8925736
1645032010010,0.9436251,2.3442883,2.8749454
1645032010020,0.98661315,2.359822,2.7836983
1645032010035,1.10144,2.2487302,2.6236496
1645032010044,1.201885,1.9245484,2.3406231
1645032010054,1.3532944,1.4853128,2.011083
1645032010062,1.5763505,1.0440004,1.7110219
1645032010070,1.6470722,0.50643164,1.3693516
1645032010080,1.8477354,0.2244175,1.2221311
1645032010093,2.0544724,0.12667772,1.190034
1645032010104,2.1897547,0.17343573,1.2254298
1645032010114,2.2098439,0.33044767,1.2754167
1645032010122,2.14455,0.52032465,1.2988044
1645032010130,2.0010648,0.6462868,1.2640544
1645032010140,1.9278296,0.8013439,1.2515054
1645032010150,1.8609827,0.90664107,1.2263374
1645032010161,1.807121,0.9481281,1.20185
1645032010174,1.8170172,0.994764,1.2178899
1645032010182,1.8353958,1.0054804,1.2442098
1645032010190,1.9110917,1.0486779,1.3233441
1645032010201,1.9886378,1.1158739,1.4316956
1645032010211,2.0653634,1.2354655,1.5967362
1645032010221,2.1563313,1.4196352,1.7945545
1645032010234,2.171254,1.5940135,1.9683567
1645032010242,2.2693603,1.87697,2.1862466
1645032010250,2.3673968,2.1623702,2.376874
1645032010261,2.373104,2.3541844,2.4848416
1645032010271,2.3279693,2.4694128,2.5217383
1645032010281,2.3125403,2.5667684,2.5308492
1645032010294,2.2236147,2.5678854,2.4596212
1645032010302,2.185025,2.5539577,2.3792477
1645032010310,2.1130989,2.4612794,2.2507899
1645032010321,1.8493586,2.172057,1.9838555
1645032010331,1.5270094,1.803194,1.6578759
1645032010341,1.2100532,1.427437,1.312069
1645032010354,0.8997295,1.052954,0.95022255
1645032010362,0.5595427,0.66703904,0.5593507
1645032010382,0.5595427,0.66703904,0.5593507
1645032010384,0.5595427,0.66703904,0.5593507
1645032010388,0.04396544,0.17113186,0.026459552
1645032010390,-0.5036042,-0.3351776,-0.51257527
1645032010400,-1.0032812,-0.78804433,-0.99692816
1645032010414,-1.4595515,-1.200384,-1.4241208
1645032010422,-1.8981587,-1.5946243,-1.8101754
1645032010430,-2.2541234,-1.9153852,-2.1118248
1645032010440,-2.5928092,-2.21885,-2.376211
1645032010450,-2.8678768,-2.4739158,-2.5785496
1645032010460,-3.1695786,-2.7660878,-2.768636
1645032010474,-3.6270356,-3.210891,-3.0030892
1645032010482,-3.7741165,-3.4299154,-2.9923553
1645032010490,-3.7943451,-3.5822496,-2.804538
1645032010501,-3.5690548,-3.5362074,-2.3798587
1645032010511,-3.0988917,-3.2205951,-1.7262589
1645032010521,-2.5513744,-2.7295227,-0.9547779
1645032010534,-1.9129069,-2.04976,-0.08396893
1645032010542,-1.1993368,-1.2759926,0.8827472
1645032010550,-0.3804346,-0.4468802,1.8934985
1645032010561,0.25407103,0.1823894,2.7276726
1645032010571,0.7232743,0.54397416,3.2997296
1645032010581,0.8035605,0.51870143,3.4770749
1645032010594,0.50281876,0.17966664,3.2669518
1645032010623,0.50281876,0.17966664,3.2669518
1645032010624,0.50281876,0.17966664,3.2669518
1645032010625,0.50281876,0.17966664,3.2669518
1645032010626,-2.18684,-2.126189,1.1461558
1645032010627,-2.18684,-2.126189,1.1461558
1645032010634,-3.0425518,-2.798691,0.563557
1645032010640,-3.853565,-3.3312504,0.08642988
1645032010654,-4.5051227,-3.7451086,-0.24162666
1645032010662,-4.8585567,-4.0568285,-0.35093814
1645032010670,-4.8946505,-4.3118424,-0.28726766
1645032010680,-4.813736,-4.3292956,-0.15832096
1645032010690,-4.602199,-4.3205166,-0.14151323
1645032010700,-4.46854,-4.3151407,-0.1399773
1645032010714,-4.1085434,-4.6832533,0.20689414
1645032010722,-3.816773,-4.978218,0.54905313
1645032010730,-3.8967624,-5.164622,0.80235624
1645032010741,-4.1936817,-5.250179,1.02159
1645032010751,-4.541845,-5.2897463,1.2756785
1645032010761,-4.6051836,-5.318038,1.5411816
1645032010774,-4.5789337,-5.318143,1.5643424
1645032010782,-4.432132,-5.3852167,1.8286064
1645032010790,-4.2779474,-5.4353957,2.0600576
1645032010801,-4.1850076,-5.420473,2.078157
1645032010811,-4.1773105,-5.334008,2.0730255
1645032010821,-4.17855,-5.213631,2.0702155
1645032010834,-4.0954533,-5.059115,2.0680163
1645032010842,-3.7737672,-4.9156647,2.066341
1645032010850,-2.9168165,-5.1351776,2.2947028
1645032010861,-1.5578498,-5.6836023,2.1517236
1645032010871,-0.516991,-6.0952964,1.9719696
1645032010881,0.06531111,-6.220089,1.8552405
1645032010894,0.10440702,-6.0763764,1.845065
1645032010902,0.08889083,-5.770137,1.8464787
1645032010910,0.079727724,-5.429741,1.8470198
1645032010921,0.07260668,-5.153399,1.8474736
1645032010931,0.06721354,-4.870128,1.8478053
1645032010941,0.06309451,-4.5566454,1.848067
1645032010954,-0.28094947,-4.203316,1.9186666
1645032010962,-0.5074439,-3.867964,1.980644
1645032010970,-0.5347587,-3.5803823,1.9602059
1645032010981,-0.48416093,-3.3176718,2.0035255
1645032010991,-0.38514704,-3.0605114,2.0432498
1645032011001,-0.268924,-2.807662,2.1043024
1645032011014,-0.15795444,-2.5430841,2.2483985
1645032011023,-0.027314775,-2.3051925,2.4001222
1645032011031,0.13264683,-2.0903394,2.453495
1645032011041,0.3265381,-1.9129941,2.2942317
1645032011051,0.42881578,-1.7575006,2.0771446
1645032011061,0.4724147,-1.6136836,1.857492
1645032011074,0.50330746,-1.5459813,1.5328737
1645032011082,0.580836,-1.5965093,1.0888559
1645032011103,0.6746662,-1.6640893,0.6212933
1645032011103,0.6746662,-1.6640893,0.6212933
1645032011114,0.73317045,-1.5308317,0.20630072
1645032011121,0.71020156,-1.3275155,0.27419496
1645032011134,0.6479972,-1.0399337,0.5533293
1645032011142,0.5589842,-0.7503447,0.8060564
1645032011153,0.45853913,-0.52173835,0.9528231
1645032011160,0.37469238,-0.39940658,0.9804346
1645032011170,0.33777815,-0.38240683,0.8417663
1645032011181,0.3336242,-0.4278035,0.5400471
1645032011194,0.35037962,-0.5050528,0.1873811
1645032011202,0.38010296,-0.6101056,-0.16320796
1645032011210,0.40804607,-0.7303953,-0.50308055
1645032011221,0.44782266,-0.9140588,-1.0204207
1645032011245,0.44782266,-0.9140588,-1.0204207
1645032011258,0.44782266,-0.9140588,-1.0204207
1645032011265,0.44782266,-0.9140588,-1.0204207
1645032011278,0.44782266,-0.9140588,-1.0204207
1645032011281,0.52678245,-1.0689589,-1.3887774
1645032011282,0.52678245,-1.0689589,-1.3887774
1645032011282,0.52678245,-1.0689589,-1.3887774
1645032011306,0.6998691,-1.1019809,-1.697635
1645032011307,0.761131,-1.015237,-1.6555895
1645032011308,0.7849027,-0.88883847,-1.4353957
1645032011308,0.7849027,-0.88883847,-1.4353957
1645032011309,0.81583035,-0.90718216,-1.4213108
1645032011313,0.8012392,-0.9824417,-1.4832534
1645032011322,0.77357537,-1.1666987,-1.8070338
1645032011330,0.7266952,-1.334619,-2.0269134
1645032011340,0.6581203,-1.4574745,-2.1368532
1645032011350,0.5649708,-1.5587747,-2.272083
1645032011360,0.4601623,-1.5692643,-2.2037177
1645032011374,0.35821626,-1.5033075,-1.9508684
1645032011384,0.25176716,-1.4378742,-1.7336766
1645032011393,0.13009861,-1.3409023,-1.467231
1645032011400,0.0010821188,-1.2230387,-1.1839602
1645032011410,-0.11707828,-1.0525875,-0.79261714
1645032011423,-0.22584867,-0.8566367,-0.4071385
1645032011434,-0.3069029,-0.60870934,0.09578497
1645032011442,-0.3495593,-0.40005237,0.47782528
1645032011450,-0.37312156,-0.25675887,0.68339294
1645032011460,-0.35446373,-0.15648834,0.8844402
1645032011473,-0.33826688,-0.17921284,0.70233005
1645032011481,-0.30500042,-0.24232481,0.48681384
1645032011493,-0.24740379,-0.3014399,0.30226022
1645032011502,-0.19701545,-0.34409633,0.09136923
1645032011510,-0.1524915,-0.32173836,-0.050213806
1645032011520,-0.115245655,-0.22165982,-0.012880705
1645032011530,-0.09068854,-0.11292434,0.09775722
1645032011540,-0.085277945,-0.029723361,0.207697
1645032011553,-0.10086395,0.05250022,0.32659045
1645032011562,-0.12163365,0.16404572,0.5249847
1645032011570,-0.13390349,0.27454403,0.74304914
1645032011580,-0.123483725,0.32144165,0.8250109
1645032011590,-0.09609914,0.2978794,0.705716
1645032011609,-0.04888734,0.2815429,0.628554
1645032011623,0.01008814,0.29936296,0.62893796
1645032011625,0.01008814,0.29936296,0.62893796
1645032011626,0.01008814,0.29936296,0.62893796
1645032011636,0.06387992,0.32334408,0.61898947
1645032011637,0.11959159,0.3646915,0.7283882
1645032011641,0.16027577,0.35903656,0.7400122
1645032011653,0.19717252,0.29058382,0.6971114
1645032011661,0.24311022,0.15427175,0.5573436
1645032011674,0.31761932,-0.018657824,0.42406842
1645032011682,0.40204206,-0.18879484,0.28805307
1645032011690,0.4684353,-0.37612358,0.09943276
1645032011700,0.5283533,-0.5346016,0.015935073
1645032011710,0.54580677,-0.6636705,-0.100881405
1645032011720,0.51088226,-0.69958985,-0.12278558
1645032011734,0.40884894,-0.6338424,-0.07428222
1645032011742,0.29192775,-0.4605114,0.1866655
1645032011750,0.15762283,-0.17565233,0.66613144
1645032011761,-0.01769788,0.17549524,1.236059
1645032011771,-0.22209617,0.49498212,1.749856
1645032011781,-0.4313989,0.679431,2.062658
1645032011794,-0.6123571,0.6817,2.1038485
1645032011802,-0.76530236,0.53079677,1.8971289
1645032011810,-0.87630683,0.30646652,1.5786718
1645032011821,-0.9257003,0.08046077,1.3217384
1645032011831,-0.92730606,-0.13076185,1.015202
1645032011841,-0.8813509,-0.27716205,0.78755563
1645032011854,-0.78944063,-0.32870233,0.76010126
1645032011862,-0.66752774,-0.30969542,0.85714287
1645032011871,-0.5413387,-0.28663933,0.86264074
1645032011881,-0.41684267,-0.29756522,0.8489397
1645032011891,-0.3362248,-0.36673358,0.6994851
1645032011901,-0.26571253,-0.4289903,0.6277511
1645032011926,-0.21965267,-0.46604416,0.6387992
1645032011926,-0.21965267,-0.46604416,0.6387992
1645032011926,-0.21965267,-0.46604416,0.6387992
1645032011929,-0.16156733,-0.49702418,0.6306135
1645032011931,-0.10884021,-0.54207176,0.5459464
1645032011940,-0.04475085,-0.57696134,0.504407
1645032011950,0.027978009,-0.5968409,0.5133956
1645032011960,0.07037263,-0.63054365,0.42228815
1645032011973,0.10527969,-0.68100184,0.27693516
1645032011982,0.16816476,-0.7267301,0.20959944
1645032011990,0.23391221,-0.7843442,0.10737412
1645032012000,0.29988655,-0.87014574,-0.06998865
1645032012010,0.3262763,-0.9989877,-0.38010296
