1545255255936,1020.32916
1545255255937,1020.32916
1545255255973,1020.32916
1545255256011,1020.32916
1545255256049,1020.96924
1545255256089,1020.96924
1545255256126,1020.96924
1545255256165,1020.96924
1545255256206,1021.43616
1545255256241,1021.43616
1545255256281,1021.43616
1545255256320,1021.43616
1545255256358,1021.7712
1545255256395,1021.7712
1545255256433,1021.7712
1545255256472,1021.7712
1545255256512,1022.0087
1545255256554,1022.0087
1545255256590,1022.0087
1545255256627,1022.0087
1545255256666,1022.22003
1545255256704,1022.22003
1545255256746,1022.22003
1545255256781,1022.22003
1545255256820,1022.1921
1545255256863,1022.1921
1545255256896,1022.1921
1545255256936,1022.1921
1545255256974,1022.28815
1545255257013,1022.28815
1545255257050,1022.28815
1545255257088,1022.28815
1545255257128,1022.40216
1545255257166,1022.40216
1545255257205,1022.40216
1545255257244,1022.40216
1545255257282,1022.51056
1545255257320,1022.51056
1545255257358,1022.51056
1545255257399,1022.51056
1545255257436,1022.5667
1545255257474,1022.5667
1545255257512,1022.5667
1545255257550,1022.5667
1545255257588,1022.6203
1545255257628,1022.6203
1545255257666,1022.6203
1545255257707,1022.6203
1545255257775,1022.6766
1545255257801,1022.6766
1545255257841,1022.6766
1545255257859,1022.6766
1545255257895,1022.71515
1545255257941,1022.71515
1545255257972,1022.71515
1545255258010,1022.71515
1545255258049,1022.73004
1545255258093,1022.73004
1545255258128,1022.73004
1545255258164,1022.73004
1545255258211,1022.7762
1545255258245,1022.7762
1545255258281,1022.7762
1545255258317,1022.7762
1545255258356,1022.8437
1545255258395,1022.8437
1545255258433,1022.8437
1545255258476,1022.8437
1545255258514,1022.8377
1545255258558,1022.8377
1545255258590,1022.8377
1545255258627,1022.8377
1545255258667,1022.8482
1545255258704,1022.8482
1545255258743,1022.8482
1545255258780,1022.8482
1545255258824,1022.83514
1545255258864,1022.83514
1545255258898,1022.83514
1545255258934,1022.83514
1545255258976,1022.8266
1545255259012,1022.8266
1545255259050,1022.8266
1545255259088,1022.8266
1545255259127,1022.83905
1545255259169,1022.83905
1545255259206,1022.83905
1545255259242,1022.83905
1545255259281,1022.8006
1545255259321,1022.8006
1545255259358,1022.8006
1545255259398,1022.8006
1545255259436,1022.82477
1545255259474,1022.82477
1545255259518,1022.82477
1545255259549,1022.82477
1545255259589,1022.866
1545255259628,1022.866
1545255259665,1022.866
1545255259702,1022.866
1545255259742,1022.8243
1545255259788,1022.8243
1545255259842,1022.8243
1545255259860,1022.8243
1545255259894,1022.80035
1545255259934,1022.80035
1545255259972,1022.80035
1545255260010,1022.80035
1545255260054,1022.84247
1545255260089,1022.84247
1545255260127,1022.84247
1545255260167,1022.84247
1545255260208,1022.93146
1545255260241,1022.93146
1545255260279,1022.93146
1545255260318,1022.93146
1545255260356,1022.73126
1545255260396,1022.73126
1545255260433,1022.73126
1545255260471,1022.73126
1545255260510,1022.73126
1545255260549,1022.73126
1545255260588,1022.73126
1545255260626,1022.73126
1545255260664,1022.7535
1545255260713,1022.7535
1545255260740,1022.7535
1545255260779,1022.7535
1545255260819,1022.79974
1545255260856,1022.79974
1545255260897,1022.79974
1545255260934,1022.79974
1545255260971,1022.7917
1545255261011,1022.7917
1545255261048,1022.7917
1545255261086,1022.7917
1545255261125,1022.73505
1545255261165,1022.73505
1545255261202,1022.73505
1545255261240,1022.73505
1545255261279,1022.7753
1545255261320,1022.7753
1545255261356,1022.7753
1545255261395,1022.79913
1545255261433,1022.79913
1545255261471,1022.79913
1545255261511,1022.79913
1545255261550,1022.79144
1545255261587,1022.79144
1545255261626,1022.79144
1545255261664,1022.79144
1545255261703,1022.8212
1545255261740,1022.8212
1545255261803,1022.8212
1545255261839,1022.8212
1545255261866,1022.7226
1545255261893,1022.7226
1545255261935,1022.7226
1545255261971,1022.7226
1545255262011,1022.7458
1545255262054,1022.7458
1545255262090,1022.7458
1545255262126,1022.7458
1545255262165,1022.8046
1545255262203,1022.8046
1545255262241,1022.8046
1545255262279,1022.8046
1545255262325,1022.73883
1545255262357,1022.73883
1545255262396,1022.73883
1545255262433,1022.73883
1545255262471,1022.659
1545255262511,1022.659
1545255262549,1022.659
1545255262587,1022.659
1545255262626,1022.7891
1545255262665,1022.7891
1545255262703,1022.7891
1545255262741,1022.7891
1545255262779,1022.64594
1545255262818,1022.64594
1545255262856,1022.64594
1545255262898,1022.64594
1545255262934,1022.6623
1545255262973,1022.6623
1545255263011,1022.6623
1545255263048,1022.6623
1545255263087,1022.82025
1545255263129,1022.82025
1545255263165,1022.82025
1545255263201,1022.82025
1545255263240,1022.8486
1545255263281,1022.8486
1545255263317,1022.8486
1545255263357,1022.8486
1545255263398,1022.7493
1545255263438,1022.7493
1545255263471,1022.7493
1545255263510,1022.7493
1545255263548,1022.80585
1545255263586,1022.80585
1545255263628,1022.80585
1545255263665,1022.80585
1545255263703,1022.78107
1545255263743,1022.78107
1545255263780,1022.78107
1545255263835,1022.78107
1545255263855,1022.8376
1545255263894,1022.8376
1545255263934,1022.8376
1545255263973,1022.8376
1545255264009,1022.84784
1545255264051,1022.84784
1545255264087,1022.84784
1545255264127,1022.84784
1545255264163,1022.7868
1545255264205,1022.7868
1545255264243,1022.7868
1545255264279,1022.7868
1545255264316,1022.73553
1545255264355,1022.73553
1545255264394,1022.73553
1545255264435,1022.73553
1545255264472,1022.7287
1545255264510,1022.7287
1545255264550,1022.7287
1545255264590,1022.7287
1545255264624,1022.74176
1545255264663,1022.74176
1545255264705,1022.74176
1545255264742,1022.74176
1545255264780,1022.7281
1545255264817,1022.7281
1545255264856,1022.7281
1545255264894,1022.7281
1545255264936,1022.6066
1545255264976,1022.6066
1545255265010,1022.6066
1545255265048,1022.6066
1545255265088,1022.64154
1545255265126,1022.64154
1545255265164,1022.64154
1545255265203,1022.64154
1545255265240,1022.69293
1545255265278,1022.69293
1545255265318,1022.69293
1545255265357,1022.69293
1545255265395,1022.5971
1545255265432,1022.5971
1545255265470,1022.5971
1545255265511,1022.5971
1545255265552,1022.6125
1545255265588,1022.6125
1545255265625,1022.6125
1545255265666,1022.6125
1545255265703,1022.6646
1545255265741,1022.6646
1545255265780,1022.6646
1545255265819,1022.6646
1545255265857,1022.7382
1545255265897,1022.7382
1545255265933,1022.7382
1545255265972,1022.7382
1545255266009,1022.65717
1545255266049,1022.65717
1545255266086,1022.65717
1545255266125,1022.65717
1545255266170,1022.7795
1545255266203,1022.7795
1545255266241,1022.7795
1545255266279,1022.7795
1545255266318,1022.7447
1545255266354,1022.7447
1545255266395,1022.7447
1545255266433,1022.7447
1545255266476,1022.80536
1545255266509,1022.80536
1545255266549,1022.80536
1545255266588,1022.80536
1545255266626,1022.8686
1545255266664,1022.8686
1545255266703,1022.8686
1545255266743,1022.8686
1545255266779,1022.8078
1545255266818,1022.8078
1545255266855,1022.8078
1545255266894,1022.8078
1545255266931,1022.8654
1545255266970,1022.8654
1545255267013,1022.8654
1545255267046,1022.8654
1545255267091,1022.8234
1545255267126,1022.8234
1545255267165,1022.8234
1545255267203,1022.8234
1545255267243,1022.8177
1545255267279,1022.8177
1545255267317,1022.8177
1545255267356,1022.8177
1545255267394,1022.8742
1545255267432,1022.8742
1545255267476,1022.8742
1545255267509,1022.8742
1545255267549,1022.7723
1545255267586,1022.7723
1545255267626,1022.7723
1545255267666,1022.7723
1545255267703,1022.7153
1545255267748,1022.7153
1545255267781,1022.7153
1545255267817,1022.7153
1545255267861,1022.7536
1545255267893,1022.7536
1545255267933,1022.7536
1545255267971,1022.7536
1545255268009,1022.58954
1545255268050,1022.58954
1545255268086,1022.58954
1545255268126,1022.58954
1545255268163,1022.5699
1545255268200,1022.5699
1545255268241,1022.5699
1545255268279,1022.5699
1545255268318,1022.6668
1545255268355,1022.6668
1545255268395,1022.6668
1545255268432,1022.6668
1545255268472,1022.837
1545255268509,1022.837
1545255268550,1022.837
1545255268587,1022.837
1545255268626,1022.6445
1545255268666,1022.6445
1545255268702,1022.6445
1545255268746,1022.6445
1545255268777,1022.7387
1545255268818,1022.7387
1545255268856,1022.7387
1545255268893,1022.7387
1545255268933,1022.7336
1545255268971,1022.7336
1545255269009,1022.7336
1545255269047,1022.7336
1545255269086,1022.8151
1545255269126,1022.8151
1545255269164,1022.8151
1545255269203,1022.8151
1545255269245,1022.8912
1545255269278,1022.8912
1545255269317,1022.8912
1545255269358,1022.8912
1545255269395,1022.89056
1545255269431,1022.89056
1545255269470,1022.89056
1545255269510,1022.89056
1545255269548,1022.8819
1545255269587,1022.8819
1545255269626,1022.8819
1545255269664,1022.8819
1545255269701,1022.83856
1545255269745,1022.83856
1545255269777,1022.83856
1545255269816,1022.83856
1545255269855,1022.8393
1545255269894,1022.8393
1545255269931,1022.8393
1545255269968,1022.8393
1545255270009,1022.8525
1545255270049,1022.8525
1545255270088,1022.8525
1545255270124,1022.8525
1545255270162,1022.7027
1545255270203,1022.7027
1545255270243,1022.7027
1545255270277,1022.7027
1545255270316,1022.4759
1545255270354,1022.4759
1545255270394,1022.4759
1545255270434,1022.4759
1545255270470,1022.6762
1545255270509,1022.6762
1545255270546,1022.6762
1545255270587,1022.6762
1545255270625,1022.585
1545255270661,1022.585
1545255270702,1022.585
1545255270748,1022.585
1545255270777,1022.56866
1545255270816,1022.56866
1545255270857,1022.56866
1545255270894,1022.7149
1545255270933,1022.7149
1545255270971,1022.7149
1545255271009,1022.7149
1545255271048,1022.8614
1545255271086,1022.8614
1545255271124,1022.8614
1545255271164,1022.8614
1545255271201,1022.7863
1545255271242,1022.7863
1545255271279,1022.7863
1545255271317,1022.7863
1545255271354,1022.7255
1545255271393,1022.7255
1545255271432,1022.7255
1545255271468,1022.7255
1545255271512,1022.6668
1545255271546,1022.6668
1545255271584,1022.6668
1545255271625,1022.6668
1545255271661,1022.74457
1545255271700,1022.74457
1545255271738,1022.74457
1545255271776,1022.74457
1545255271814,1022.7692
1545255271854,1022.7692
1545255271893,1022.7692
1545255271932,1022.7692
1545255271970,1022.7487
1545255272008,1022.7487
1545255272047,1022.7487
1545255272086,1022.7487
1545255272125,1022.7756
1545255272163,1022.7756
1545255272201,1022.7756
1545255272240,1022.7756
1545255272277,1022.58417
1545255272318,1022.58417
1545255272355,1022.58417
1545255272393,1022.58417
1545255272436,1022.61993
1545255272470,1022.61993
1545255272509,1022.61993
1545255272548,1022.61993
1545255272587,1022.7203
1545255272626,1022.7203
1545255272664,1022.7203
1545255272703,1022.7203
1545255272741,1022.80756
1545255272776,1022.80756
1545255272816,1022.80756
1545255272855,1022.80756
1545255272893,1022.5441
1545255272932,1022.5441
1545255272971,1022.5441
1545255273008,1022.5441
1545255273046,1022.76324
1545255273092,1022.76324
1545255273124,1022.76324
1545255273162,1022.76324
1545255273201,1022.69476
1545255273238,1022.69476
1545255273276,1022.69476
1545255273316,1022.69476
1545255273356,1022.6716
1545255273394,1022.6716
1545255273432,1022.6716
1545255273469,1022.6716
1545255273509,1022.7874
1545255273546,1022.7874
1545255273584,1022.7874
1545255273625,1022.7874
1545255273663,1022.79156
1545255273701,1022.79156
1545255273739,1022.79156
1545255273778,1022.79156
1545255273816,1022.87103
1545255273855,1022.87103
1545255273893,1022.87103
1545255273932,1022.87103
1545255273970,1022.83453
1545255274008,1022.83453
1545255274048,1022.83453
1545255274086,1022.83453
1545255274127,1022.79694
1545255274162,1022.79694
1545255274200,1022.79694
1545255274238,1022.79694
1545255274277,1022.8536
1545255274315,1022.8536
1545255274357,1022.8536
1545255274392,1022.8536
1545255274432,1022.79877
1545255274470,1022.79877
1545255274507,1022.79877
1545255274546,1022.79877
1545255274586,1022.6755
1545255274624,1022.6755
1545255274662,1022.6755
1545255274699,1022.6755
1545255274737,1022.79803
1545255274776,1022.79803
1545255274815,1022.79803
1545255274858,1022.79803
1545255274894,1022.59357
1545255274933,1022.59357
1545255274977,1022.59357
1545255275007,1022.59357
1545255275046,1022.57245
1545255275088,1022.57245
1545255275124,1022.57245
1545255275161,1022.57245
1545255275200,1022.70844
1545255275238,1022.70844
1545255275276,1022.70844
1545255275316,1022.70844
1545255275354,1022.88995
1545255275392,1022.88995
1545255275431,1022.88995
1545255275470,1022.88995
1545255275527,1022.706
1545255275548,1022.706
1545255275586,1022.706
1545255275625,1022.706
1545255275663,1022.8309
1545255275699,1022.8309
1545255275740,1022.8309
1545255275775,1022.8309
1545255275815,1022.7966
1545255275854,1022.7966
1545255275894,1022.7966
1545255275930,1022.7966
1545255275969,1022.9089
1545255276010,1022.9089
1545255276045,1022.9089
1545255276084,1022.9089
1545255276129,1023.0278
1545255276162,1023.0278
1545255276201,1023.0278
1545255276239,1023.0278
1545255276279,1022.89374
1545255276314,1022.89374
1545255276363,1022.89374
1545255276391,1022.89374
1545255276431,1022.8647
1545255276471,1022.8647
1545255276507,1022.8647
1545255276546,1022.8647
1545255276586,1022.8107
1545255276623,1022.8107
1545255276661,1022.8107
1545255276701,1022.8107
1545255276738,1022.8405
1545255276776,1022.8405
1545255276817,1022.8405
1545255276855,1022.8405
1545255276891,1022.8776
1545255276933,1022.8776
1545255276968,1022.8776
1545255277007,1022.8776
1545255277046,1022.7459
1545255277088,1022.7459
1545255277122,1022.7459
1545255277161,1022.7459
1545255277199,1022.668
1545255277238,1022.668
1545255277279,1022.668
1545255277318,1022.668
1545255277353,1022.9035
1545255277393,1022.9035
1545255277437,1022.9035
1545255277469,1022.9035
1545255277507,1022.7392
1545255277545,1022.7392
1545255277585,1022.7392
1545255277625,1022.7392
1545255277660,1022.64935
1545255277701,1022.64935
1545255277740,1022.64935
1545255277778,1022.64935
1545255277814,1022.7924
1545255277852,1022.7924
1545255277893,1022.7924
1545255277931,1022.7924
1545255277970,1022.91986
1545255278008,1022.91986
1545255278046,1022.91986
1545255278087,1022.91986
1545255278124,1022.706
1545255278159,1022.706
1545255278200,1022.706
1545255278239,1022.706
1545255278276,1022.81036
1545255278316,1022.81036
1545255278353,1022.81036
1545255278392,1022.81036
1545255278429,1022.8431
1545255278469,1022.8431
1545255278506,1022.8431
1545255278550,1022.8431
1545255278586,1022.9268
1545255278624,1022.9268
1545255278661,1022.9268
1545255278701,1022.9268
1545255278748,1023.0234
1545255278775,1023.0234
1545255278814,1023.0234
1545255278852,1023.0234
1545255278891,1022.83527
1545255278932,1022.83527
1545255278968,1022.83527
1545255279009,1022.83527
1545255279052,1022.9174
1545255279086,1022.9174
1545255279122,1022.9174
1545255279162,1022.9174
1545255279201,1022.9185
1545255279237,1022.9185
1545255279275,1022.9185
1545255279315,1022.9185
1545255279355,1022.8603
1545255279391,1022.8603
1545255279431,1022.8603
1545255279470,1022.8603
1545255279508,1022.9202
1545255279547,1022.9202
1545255279584,1022.9202
1545255279622,1022.9202
1545255279661,1022.767
1545255279700,1022.767
1545255279737,1022.767
1545255279775,1022.767
1545255279813,1022.7995
1545255279853,1022.7995
1545255279891,1022.7995
1545255279931,1022.7995
1545255279969,1022.8704
1545255280007,1022.8704
1545255280047,1022.8704
1545255280084,1022.8704
1545255280123,1022.76385
1545255280160,1022.76385
1545255280199,1022.76385
1545255280239,1022.76385
1545255280288,1022.7775
1545255280314,1022.7775
1545255280354,1022.7775
1545255280391,1022.7775
1545255280429,1022.8527
1545255280469,1022.8527
1545255280506,1022.8527
1545255280546,1022.9742
1545255280584,1022.9742
1545255280623,1022.9742
1545255280659,1022.9742
1545255280699,1022.6928
1545255280740,1022.6928
1545255280777,1022.6928
1545255280815,1022.6928
1545255280853,1022.8758
1545255280892,1022.8758
1545255280931,1022.8758
1545255280968,1022.8758
1545255281006,1022.78973
1545255281046,1022.78973
1545255281083,1022.78973
1545255281123,1022.78973
1545255281163,1022.8444
1545255281200,1022.8444
1545255281238,1022.8444
1545255281278,1022.8444
1545255281313,1022.98126
1545255281353,1022.98126
1545255281389,1022.98126
1545255281430,1022.98126
1545255281467,1022.7819
1545255281505,1022.7819
1545255281546,1022.7819
1545255281585,1022.7819
1545255281621,1022.8007
1545255281661,1022.8007
1545255281699,1022.8007
1545255281738,1022.8007
1545255281779,1022.74945
1545255281814,1022.74945
1545255281852,1022.74945
1545255281888,1022.74945
1545255281927,1022.86395
1545255281966,1022.86395
1545255282006,1022.86395
1545255282044,1022.86395
1545255282081,1022.88055
1545255282120,1022.88055
1545255282158,1022.88055
1545255282198,1022.88055
1545255282235,1022.7659
1545255282274,1022.7659
1545255282314,1022.7659
1545255282351,1022.7659
1545255282389,1022.49396
1545255282428,1022.49396
1545255282467,1022.49396
1545255282506,1022.49396
1545255282547,1022.75055
1545255282583,1022.75055
1545255282623,1022.75055
1545255282660,1022.75055
1545255282699,1022.73517
1545255282737,1022.73517
1545255282778,1022.73517
1545255282814,1022.73517
1545255282853,1022.68036
1545255282890,1022.68036
1545255282929,1022.68036
1545255282967,1022.68036
1545255283006,1022.83344
1545255283045,1022.83344
1545255283088,1022.83344
1545255283120,1022.83344
1545255283160,1022.85223
1545255283198,1022.85223
1545255283237,1022.85223
1545255283279,1022.85223
1545255283312,1022.8461
1545255283351,1022.8461
1545255283389,1022.8461
1545255283429,1022.8461
1545255283477,1022.8393
1545255283506,1022.8393
1545255283544,1022.8393
1545255283583,1022.8393
1545255283620,1022.8547
1545255283662,1022.8547
1545255283698,1022.8547
1545255283741,1022.8547
1545255283778,1022.8625
1545255283812,1022.8625
1545255283852,1022.8625
1545255283889,1022.8625
1545255283929,1022.7437
1545255283968,1022.7437
1545255284005,1022.7437
1545255284043,1022.7437
1545255284082,1022.63654
1545255284121,1022.63654
1545255284159,1022.63654
1545255284198,1022.63654
1545255284239,1022.79144
1545255284278,1022.79144
1545255284313,1022.79144
1545255284350,1022.79144
1545255284390,1022.64825
1545255284428,1022.64825
1545255284468,1022.64825
1545255284505,1022.64825
1545255284544,1022.6646
1545255284583,1022.6646
1545255284620,1022.6646
1545255284659,1022.6646
1545255284698,1022.7858
1545255284738,1022.7858
1545255284778,1022.7858
1545255284814,1022.7858
1545255284851,1022.9185
1545255284888,1022.9185
1545255284931,1022.9185
1545255284968,1022.9185
1545255285007,1022.65717
1545255285044,1022.65717
1545255285086,1022.65717
1545255285123,1022.65717
1545255285159,1022.83527
1545255285200,1022.83527
1545255285234,1022.83527
1545255285280,1022.83527
1545255285312,1022.78265
1545255285350,1022.78265
1545255285390,1022.78265
1545255285429,1022.78265
1545255285467,1022.8808
1545255285507,1022.8808
1545255285545,1022.8808
1545255285584,1022.8808
1545255285623,1022.88727
1545255285658,1022.88727
1545255285699,1022.88727
1545255285741,1022.88727
1545255285776,1022.8787
1545255285811,1022.8787
1545255285851,1022.8787
1545255285894,1022.8787
1545255285929,1022.9389
1545255285967,1022.9389
1545255286006,1022.9389
1545255286045,1022.9389
1545255286082,1022.9191
1545255286122,1022.9191
1545255286158,1022.9191
1545255286197,1022.9191
1545255286236,1022.9233
1545255286276,1022.9233
1545255286312,1022.9233
1545255286349,1022.9233
1545255286394,1022.9086
1545255286430,1022.9086
1545255286466,1022.9086
1545255286506,1022.9086
1545255286547,1022.7801
1545255286583,1022.7801
1545255286621,1022.7801
1545255286660,1022.7801
1545255286697,1022.7603
1545255286736,1022.7603
1545255286774,1022.7603
1545255286811,1022.7603
1545255286854,1022.82745
1545255286908,1022.82745
1545255286929,1022.82745
1545255286966,1022.82745
1545255287004,1022.6651
1545255287044,1022.6651
1545255287081,1022.6651
1545255287119,1022.6651
1545255287159,1022.6159
1545255287198,1022.6159
1545255287236,1022.6159
1545255287276,1022.6159
1545255287311,1022.74054
1545255287350,1022.74054
1545255287390,1022.74054
1545255287428,1022.74054
1545255287467,1022.82965
1545255287504,1022.82965
1545255287543,1022.82965
1545255287581,1022.82965
1545255287620,1022.7205
1545255287659,1022.7205
1545255287698,1022.7205
1545255287738,1022.7205
1545255287775,1022.9362
1545255287812,1022.9362
1545255287850,1022.9362
1545255287889,1022.9362
1545255287926,1022.8864
1545255287968,1022.8864
1545255288004,1022.8864
1545255288042,1022.8864
1545255288082,1022.9273
1545255288120,1022.9273
1545255288160,1022.9273
1545255288197,1022.9273
1545255288237,1023.0109
1545255288280,1023.0109
1545255288313,1023.0109
1545255288351,1023.0109
1545255288389,1022.8698
1545255288427,1022.8698
1545255288464,1022.8698
1545255288506,1022.8698
1545255288544,1022.8953
1545255288584,1022.8953
1545255288619,1022.8953
1545255288659,1022.8953
1545255288696,1022.85236
1545255288737,1022.85236
1545255288773,1022.85236
1545255288813,1022.85236
1545255288850,1022.76605
1545255288890,1022.76605
1545255288929,1022.76605
1545255288965,1022.76605
1545255289005,1022.8111
1545255289043,1022.8111
1545255289084,1022.8111
1545255289121,1022.8111
1545255289159,1022.7043
1545255289196,1022.7043
1545255289236,1022.7043
1545255289273,1022.7043
1545255289310,1022.7673
1545255289352,1022.7673
1545255289388,1022.7673
1545255289427,1022.7673
1545255289466,1022.8521
1545255289506,1022.8521
1545255289543,1022.8521
1545255289582,1022.8521
1545255289620,1022.62177
1545255289660,1022.62177
1545255289696,1022.62177
1545255289738,1022.62177
1545255289773,1022.61237
1545255289812,1022.61237
1545255289851,1022.61237
1545255289890,1022.61237
1545255289927,1022.7327
1545255289966,1022.7327
1545255290004,1022.7327
1545255290043,1022.7327
1545255290081,1022.88495
1545255290121,1022.88495
1545255290158,1022.88495
1545255290196,1022.88495
1545255290237,1022.57025
1545255290275,1022.57025
1545255290311,1022.57025
1545255290350,1022.57025
1545255290391,1022.7884
1545255290429,1022.7884
1545255290466,1022.7884
1545255290504,1022.7884
1545255290543,1022.7542
1545255290583,1022.7542
1545255290620,1022.7542
1545255290658,1022.7542
1545255290700,1022.72394
1545255290735,1022.72394
1545255290776,1022.72394
1545255290812,1022.8095
1545255290849,1022.8095
1545255290890,1022.8095
1545255290927,1022.8095
1545255290967,1022.87714
1545255291005,1022.87714
1545255291043,1022.87714
1545255291080,1022.87714
1545255291120,1022.8173
1545255291157,1022.8173
1545255291197,1022.8173
1545255291236,1022.8173
1545255291274,1022.83185
1545255291312,1022.83185
1545255291352,1022.83185
1545255291389,1022.83185
1545255291428,1022.8593
1545255291467,1022.8593
1545255291505,1022.8593
1545255291545,1022.8593
1545255291582,1022.92084
1545255291620,1022.92084
1545255291657,1022.92084
1545255291704,1022.92084
1545255291736,1022.9654
1545255291773,1022.9654
1545255291811,1022.9654
1545255291850,1022.9654
1545255291894,1022.825
1545255291925,1022.825
1545255291967,1022.825
1545255292008,1022.825
1545255292043,1022.8781
1545255292081,1022.8781
1545255292120,1022.8781
1545255292159,1022.8781
1545255292198,1022.8122
1545255292235,1022.8122
1545255292274,1022.8122
1545255292312,1022.8122
1545255292350,1022.86346
1545255292391,1022.86346
1545255292428,1022.86346
1545255292466,1022.86346
1545255292506,1022.8942
1545255292543,1022.8942
1545255292582,1022.8942
1545255292620,1022.8942
1545255292657,1022.80707
1545255292696,1022.80707
1545255292733,1022.80707
1545255292772,1022.80707
1545255292814,1022.6735
1545255292849,1022.6735
1545255292891,1022.6735
1545255292925,1022.6735
1545255292966,1022.7574
1545255293004,1022.7574
1545255293042,1022.7574
1545255293081,1022.7574
1545255293119,1022.60345
1545255293158,1022.60345
1545255293196,1022.60345
1545255293235,1022.60345
1545255293272,1022.5949
1545255293311,1022.5949
1545255293348,1022.5949
1545255293387,1022.5949
1545255293426,1022.67523
1545255293467,1022.67523
1545255293503,1022.67523
1545255293543,1022.67523
1545255293581,1022.79
1545255293622,1022.79
1545255293657,1022.79
1545255293699,1022.79
1545255293736,1022.6264
1545255293772,1022.6264
1545255293813,1022.6264
1545255293849,1022.6264
1545255293887,1022.83
1545255293929,1022.83
1545255293966,1022.83
1545255294003,1022.83
1545255294041,1022.8095
1545255294080,1022.8095
1545255294118,1022.8095
1545255294158,1022.8095
1545255294197,1022.8123
1545255294239,1022.8123
1545255294273,1022.8123
1545255294310,1022.8123
1545255294351,1022.8945
1545255294388,1022.8945
1545255294426,1022.8945
1545255294464,1022.8945
1545255294504,1022.903
1545255294541,1022.903
1545255294579,1022.903
1545255294621,1022.903
1545255294658,1022.88837
1545255294697,1022.88837
1545255294736,1022.88837
1545255294771,1022.88837
1545255294814,1022.8405
1545255294849,1022.8405
1545255294888,1022.8405
1545255294927,1022.8405
1545255294966,1022.8405
1545255295005,1022.8405
1545255295042,1022.8405
1545255295079,1022.8405
1545255295119,1022.84564
1545255295157,1022.84564
1545255295195,1022.84564
1545255295233,1022.84564
1545255295271,1022.8132
1545255295312,1022.8132
1545255295349,1022.8132
1545255295387,1022.8132
1545255295427,1022.71564
1545255295465,1022.71564
1545255295503,1022.71564
1545255295542,1022.71564
1545255295581,1022.75836
1545255295618,1022.75836
1545255295658,1022.75836
1545255295696,1022.75836
1545255295734,1022.62836
1545255295771,1022.62836
1545255295812,1022.62836
1545255295850,1022.62836
1545255295889,1022.7088
1545255295927,1022.7088
1545255295966,1022.7088
1545255296002,1022.7088
1545255296043,1022.81085
1545255296080,1022.81085
1545255296118,1022.81085
1545255296157,1022.81085
1545255296197,1022.8674
1545255296234,1022.8674
1545255296271,1022.8674
1545255296310,1022.8674
1545255296350,1022.6552
1545255296387,1022.6552
1545255296425,1022.6552
1545255296464,1022.6552
1545255296501,1022.8476
1545255296540,1022.8476
1545255296580,1022.8476
1545255296619,1022.8476
1545255296657,1022.8133
1545255296696,1022.8133
1545255296734,1022.8133
1545255296771,1022.8133
1545255296810,1022.7979
1545255296849,1022.7979
1545255296888,1022.7979
1545255296926,1022.7979
1545255296964,1022.9051
1545255297003,1022.9051
1545255297040,1022.9051
1545255297078,1022.9051
1545255297118,1022.9599
1545255297155,1022.9599
1545255297193,1022.9599
1545255297233,1022.9599
1545255297270,1022.88885
1545255297309,1022.88885
1545255297349,1022.88885
1545255297388,1022.88885
1545255297426,1022.8964
1545255297464,1022.8964
1545255297502,1022.8964
1545255297544,1022.8964
1545255297582,1022.8332
1545255297618,1022.8332
1545255297656,1022.8332
1545255297694,1022.8332
1545255297734,1022.90265
1545255297773,1022.90265
1545255297817,1022.90265
1545255297852,1022.90265
1545255297886,1022.93524
1545255297926,1022.93524
1545255297964,1022.93524
1545255298001,1022.93524
1545255298046,1022.73334
1545255298080,1022.73334
1545255298119,1022.73334
1545255298158,1022.73334
1545255298197,1022.7546
1545255298233,1022.7546
1545255298271,1022.7546
1545255298310,1022.7546
1545255298347,1022.6401
1545255298386,1022.6401
1545255298425,1022.6401
1545255298464,1022.6401
1545255298502,1022.6657
1545255298541,1022.6657
1545255298579,1022.6657
1545255298617,1022.6657
1545255298656,1022.75287
1545255298694,1022.75287
1545255298733,1022.75287
1545255298771,1022.75287
1545255298814,1022.8796
1545255298847,1022.8796
1545255298886,1022.8796
1545255298924,1022.8796
1545255298964,1022.61945
1545255299002,1022.61945
1545255299039,1022.61945
1545255299094,1022.61945
1545255299117,1022.76495
1545255299154,1022.76495
1545255299196,1022.76495
1545255299233,1022.76495
1545255299277,1022.7701
1545255299307,1022.7701
1545255299347,1022.7701
1545255299387,1022.7701
1545255299425,1022.78143
1545255299463,1022.78143
1545255299502,1022.78143
1545255299543,1022.78143
1545255299579,1022.84125
1545255299618,1022.84125
1545255299655,1022.84125
1545255299695,1022.84125
1545255299733,1022.9174
1545255299772,1022.9174
1545255299809,1022.9174
1545255299849,1022.9174
1545255299887,1022.9482
1545255299924,1022.9482
1545255299964,1022.9482
1545255300001,1022.9482
1545255300038,1022.9318
1545255300076,1022.9318
1545255300116,1022.9318
1545255300155,1022.9318
1545255300194,1022.8919
1545255300234,1022.8919
1545255300271,1022.8919
1545255300312,1022.8919
1545255300348,1022.909
1545255300387,1022.909
1545255300424,1022.909
1545255300465,1022.909
1545255300502,1022.8029
1545255300542,1022.8029
1545255300579,1022.8029
1545255300616,1022.8029
1545255300658,1022.7961
1545255300695,1022.7961
1545255300731,1022.7961
1545255300771,1022.7961
1545255300812,1022.8577
1545255300847,1022.8577
1545255300886,1022.8577
1545255300925,1022.8577
1545255300964,1022.7216
1545255301001,1022.7216
1545255301041,1022.7216
1545255301078,1022.7216
1545255301127,1022.68915
1545255301156,1022.68915
1545255301194,1022.68915
1545255301232,1022.68915
1545255301270,1022.7861
1545255301315,1022.7861
1545255301346,1022.7861
1545255301385,1022.7861
1545255301425,1022.7834
1545255301462,1022.7834
1545255301503,1022.7834
1545255301541,1022.6037
1545255301578,1022.6037
1545255301618,1022.6037
1545255301656,1022.6037
1545255301693,1022.77484
1545255301734,1022.77484
1545255301771,1022.77484
1545255301810,1022.77484
1545255301848,1022.8278
1545255301886,1022.8278
1545255301924,1022.8278
1545255301963,1022.8278
1545255302003,1022.8415
1545255302040,1022.8415
1545255302078,1022.8415
1545255302118,1022.8415
1545255302154,1022.882
1545255302192,1022.882
1545255302236,1022.882
1545255302270,1022.882
1545255302321,1022.9196
1545255302346,1022.9196
1545255302386,1022.9196
1545255302426,1022.9196
1545255302464,1022.9034
1545255302501,1022.9034
1545255302541,1022.9034
1545255302580,1022.9034
1545255302615,1022.88275
1545255302655,1022.88275
1545255302697,1022.88275
1545255302732,1022.88275
1545255302770,1022.8332
1545255302811,1022.8332
1545255302846,1022.8332
1545255302886,1022.8332
1545255302926,1022.8554
1545255302962,1022.8554
1545255303001,1022.8554
1545255303040,1022.8554
1545255303080,1022.76483
1545255303117,1022.76483
1545255303155,1022.76483
1545255303198,1022.76483
1545255303233,1022.76483
1545255303270,1022.76483
1545255303311,1022.76483
1545255303346,1022.76483
1545255303384,1022.84344
1545255303424,1022.84344
1545255303462,1022.84344
1545255303512,1022.84344
1545255303539,1022.6766
1545255303577,1022.6766
1545255303616,1022.6766
1545255303656,1022.6766
1545255303693,1022.65436
1545255303731,1022.65436
1545255303771,1022.65436
1545255303809,1022.65436
1545255303847,1022.7906
1545255303885,1022.7906
1545255303926,1022.7906
1545255303962,1022.7906
1545255304002,1022.9058
1545255304041,1022.9058
1545255304076,1022.9058
1545255304116,1022.9058
1545255304156,1022.6595
1545255304193,1022.6595
1545255304232,1022.6595
1545255304271,1022.6595
1545255304308,1022.88983
1545255304347,1022.88983
1545255304386,1022.88983
1545255304424,1022.88983
1545255304463,1022.8305
1545255304500,1022.8305
1545255304539,1022.8305
1545255304578,1022.8305
1545255304616,1022.8676
1545255304656,1022.8676
1545255304692,1022.8676
1545255304733,1022.8676
1545255304770,1022.9583
1545255304808,1022.9583
1545255304845,1022.9583
1545255304885,1022.9583
1545255304925,1022.9771
1545255304964,1022.9771
1545255305000,1022.9771
1545255305039,1022.9771
1545255305078,1022.8813
1545255305117,1022.8813
1545255305154,1022.8813
1545255305196,1022.8813
1545255305233,1022.841
1545255305270,1022.841
1545255305307,1022.841
1545255305347,1022.841
1545255305384,1022.88214
1545255305424,1022.88214
1545255305462,1022.88214
1545255305501,1022.88214
1545255305539,1022.8752
1545255305578,1022.8752
1545255305614,1022.8752
1545255305660,1022.8752
1545255305692,1022.81195
1545255305730,1022.81195
1545255305769,1022.81195
1545255305807,1022.81195
1545255305846,1022.74347
1545255305886,1022.74347
1545255305925,1022.74347
1545255305962,1022.74347
1545255306007,1022.7846
1545255306039,1022.7846
1545255306078,1022.7846
1545255306115,1022.7846
1545255306153,1022.6152
1545255306193,1022.6152
1545255306230,1022.6152
1545255306269,1022.6152
1545255306306,1022.62714
1545255306344,1022.62714
1545255306385,1022.62714
1545255306423,1022.62714
1545255306462,1022.70355
1545255306504,1022.70355
1545255306537,1022.70355
1545255306579,1022.70355
1545255306615,1022.83014
1545255306654,1022.83014
1545255306695,1022.83014
1545255306731,1022.83014
1545255306770,1022.6043
1545255306806,1022.6043
1545255306845,1022.6043
1545255306899,1022.6043
1545255306926,1022.7968
1545255306961,1022.7968
1545255307000,1022.7968
1545255307039,1022.7968
1545255307076,1022.8105
1545255307115,1022.8105
1545255307155,1022.8105
1545255307194,1022.8105
1545255307232,1022.87714
1545255307268,1022.87714
1545255307310,1022.87714
1545255307349,1022.87714
1545255307384,1022.913
1545255307422,1022.913
1545255307460,1022.913
1545255307500,1022.913
1545255307541,1022.8693
1545255307578,1022.8693
1545255307616,1022.8693
1545255307654,1022.8693
1545255307692,1022.9412
1545255307731,1022.9412
1545255307770,1022.9412
1545255307816,1022.9412
1545255307844,1022.8814
1545255307885,1022.8814
1545255307925,1022.8814
1545255307962,1022.8814
1545255308001,1022.8676
1545255308039,1022.8676
1545255308076,1022.8676
1545255308120,1022.8676
1545255308155,1022.9036
1545255308193,1022.9036
1545255308230,1022.9036
1545255308269,1022.9036
1545255308307,1022.78156
1545255308347,1022.78156
1545255308382,1022.78156
1545255308422,1022.78156
1545255308461,1022.8027
1545255308500,1022.8027
1545255308541,1022.8027
1545255308580,1022.8027
1545255308615,1022.8608
1545255308656,1022.8608
1545255308693,1022.8608
1545255308732,1022.8608
1545255308772,1022.6949
1545255308808,1022.6949
1545255308845,1022.6949
1545255308884,1022.6949
1545255308924,1022.69574
1545255308960,1022.69574
1545255308999,1022.69574
1545255309038,1022.69574
1545255309080,1022.7796
1545255309117,1022.7796
1545255309154,1022.7796
1545255309192,1022.7796
1545255309230,1022.872
1545255309273,1022.872
1545255309308,1022.872
1545255309346,1022.872
1545255309385,1022.6445
1545255309425,1022.6445
1545255309461,1022.6445
1545255309501,1022.6445
1545255309541,1022.8078
1545255309577,1022.8078
1545255309614,1022.8078
1545255309653,1022.8078
1545255309692,1022.8215
1545255309730,1022.8215
1545255309772,1022.8215
1545255309807,1022.8215
1545255309847,1022.8942
1545255309886,1022.8942
1545255309924,1022.8942
1545255309962,1022.8942
1545255310000,1023.00287
1545255310039,1023.00287
1545255310075,1023.00287
1545255310115,1023.00287
1545255310155,1022.878
1545255310190,1022.878
1545255310230,1022.878
1545255310269,1022.878
1545255310306,1022.8488
1545255310355,1022.8488
1545255310382,1022.8488
1545255310423,1022.8488
1545255310460,1022.81464
1545255310501,1022.81464
1545255310540,1022.81464
1545255310576,1022.81464
1545255310614,1022.8985
1545255310654,1022.8985
1545255310694,1022.8985
1545255310731,1022.8985
1545255310769,1022.87445
1545255310807,1022.87445
1545255310844,1022.87445
1545255310883,1022.87445
1545255310922,1022.76337
1545255310960,1022.76337
1545255311001,1022.76337
1545255311038,1022.76337
1545255311077,1022.6276
1545255311114,1022.6276
1545255311153,1022.6276
1545255311192,1022.6276
1545255311229,1022.75934
1545255311267,1022.75934
1545255311309,1022.75934
1545255311346,1022.75934
1545255311384,1022.6208
1545255311422,1022.6208
1545255311461,1022.6208
1545255311500,1022.6208
1545255311540,1022.56085
1545255311575,1022.56085
1545255311613,1022.56085
1545255311654,1022.56085
1545255311693,1022.6977
1545255311728,1022.6977
1545255311769,1022.6977
1545255311807,1022.6977
1545255311846,1022.87225
1545255311882,1022.87225
1545255311924,1022.87225
1545255311958,1022.87225
1545255311999,1022.69086
1545255312039,1022.69086
1545255312074,1022.69086
1545255312114,1022.82086
1545255312152,1022.82086
1545255312191,1022.82086
1545255312230,1022.82086
1545255312268,1022.79865
1545255312306,1022.79865
1545255312347,1022.79865
1545255312383,1022.79865
1545255312423,1022.8671
1545255312459,1022.8671
1545255312499,1022.8671
1545255312541,1022.8671
1545255312588,1022.94806
1545255312613,1022.94806
1545255312651,1022.94806
1545255312691,1022.94806
1545255312731,1022.7736
1545255312767,1022.7736
1545255312805,1022.7736
1545255312850,1022.7736
1545255312882,1022.76337
1545255312921,1022.76337
1545255312959,1022.76337
1545255313000,1022.76337
1545255313037,1022.70685
1545255313075,1022.70685
1545255313118,1022.70685
1545255313155,1022.70685
1545255313191,1022.8403
1545255313229,1022.8403
1545255313268,1022.8403
1545255313305,1022.8403
1545255313345,1022.8466
1545255313382,1022.8466
1545255313422,1022.8466
1545255313460,1022.8466
1545255313498,1022.70514
1545255313536,1022.70514
1545255313577,1022.70514
1545255313613,1022.70514
1545255313653,1022.6486
1545255313691,1022.6486
1545255313732,1022.6486
1545255313770,1022.6486
1545255313805,1022.8215
1545255313856,1022.8215
1545255313881,1022.8215
1545255313920,1022.8215
1545255313960,1022.68976
1545255313998,1022.68976
1545255314037,1022.68976
1545255314076,1022.68976
1545255314116,1022.6618
1545255314154,1022.6618
1545255314190,1022.6618
1545255314230,1022.6618
1545255314268,1022.83795
1545255314319,1022.83795
1545255314354,1022.83795
1545255314384,1022.83795
1545255314421,1022.9766
1545255314460,1022.9766
1545255314498,1022.9766
1545255314537,1022.9766
1545255314577,1022.8483
1545255314615,1022.8483
1545255314654,1022.8483
1545255314693,1022.8483
1545255314731,1022.89166
1545255314768,1022.89166
1545255314807,1022.89166
1545255314846,1022.89166
1545255314884,1022.8311
1545255314921,1022.8311
1545255314961,1022.8311
1545255314998,1022.8311
1545255315042,1022.8449
1545255315076,1022.8449
1545255315117,1022.8449
1545255315151,1022.8449
1545255315190,1022.8044
1545255315230,1022.8044
1545255315268,1022.8044
1545255315307,1022.8044
1545255315345,1022.8471
1545255315382,1022.8471
1545255315421,1022.8471
1545255315459,1022.8471
1545255315499,1022.8591
1545255315538,1022.8591
1545255315576,1022.8591
1545255315612,1022.8591
1545255315652,1022.6906
1545255315692,1022.6906
1545255315729,1022.6906
1545255315768,1022.6906
1545255315807,1022.7087
1545255315855,1022.7087
1545255315883,1022.7087
1545255315919,1022.7087
1545255315957,1022.78973
1545255315997,1022.78973
1545255316034,1022.78973
1545255316075,1022.78973
1545255316114,1022.81976
1545255316154,1022.81976
1545255316190,1022.81976
1545255316230,1022.81976
1545255316266,1022.6202
1545255316309,1022.6202
1545255316346,1022.6202
1545255316380,1022.6202
1545255316419,1022.82904
1545255316460,1022.82904
1545255316499,1022.82904
1545255316537,1022.82904
1545255316575,1022.79974
1545255316614,1022.79974
1545255316653,1022.79974
1545255316692,1022.79974
1545255316728,1022.8902
1545255316769,1022.8902
1545255316806,1022.8902
1545255316844,1022.8902
1545255316881,1022.9526
1545255316920,1022.9526
1545255316962,1022.9526
1545255316998,1022.9526
1545255317035,1022.73395
1545255317077,1022.73395
1545255317114,1022.73395
1545255317150,1022.73395
1545255317190,1022.7614
1545255317228,1022.7614
1545255317268,1022.7614
1545255317306,1022.7614
1545255317346,1022.7293
1545255317382,1022.7293
1545255317421,1022.7293
1545255317459,1022.7293
1545255317497,1022.8532
1545255317536,1022.8532
1545255317575,1022.8532
1545255317614,1022.8532
1545255317652,1022.8608
1545255317690,1022.8608
1545255317728,1022.8608
1545255317767,1022.8608
1545255317804,1022.76825
1545255317848,1022.76825
1545255317881,1022.76825
1545255317920,1022.76825
1545255317959,1022.6772
1545255317999,1022.6772
1545255318037,1022.6772
1545255318075,1022.6772
1545255318113,1022.89777
1545255318155,1022.89777
1545255318190,1022.89777
1545255318229,1022.89777
1545255318266,1022.7862
1545255318305,1022.7862
1545255318344,1022.7862
1545255318381,1022.7862
1545255318420,1022.7321
1545255318462,1022.7321
1545255318498,1022.7321
1545255318536,1022.7321
1545255318574,1022.90533
1545255318613,1022.90533
1545255318651,1022.90533
1545255318689,1022.90533
1545255318727,1022.8975
1545255318765,1022.8975
1545255318805,1022.8975
1545255318846,1022.8975
1545255318881,1022.7707
1545255318921,1022.7707
1545255318959,1022.7707
1545255318998,1022.7707
1545255319035,1022.7885
1545255319074,1022.7885
1545255319115,1022.7885
1545255319152,1022.7885
1545255319190,1022.738
1545255319229,1022.738
1545255319266,1022.738
1545255319306,1022.738
1545255319344,1022.8122
1545255319380,1022.8122
1545255319419,1022.8122
1545255319458,1022.8122
1545255319496,1022.8332
1545255319539,1022.8332
1545255319577,1022.8332
1545255319613,1022.8332
1545255319651,1022.7922
1545255319691,1022.7922
1545255319728,1022.7922
1545255319766,1022.7922
1545255319804,1022.715
1545255319846,1022.715
1545255319884,1022.715
1545255319919,1022.715
1545255319957,1022.6147
1545255319996,1022.6147
1545255320035,1022.6147
1545255320075,1022.6147
1545255320111,1022.6735
1545255320150,1022.6735
1545255320189,1022.6735
1545255320229,1022.6735
1545255320266,1022.8266
1545255320309,1022.8266
1545255320343,1022.8266
1545255320381,1022.8266
1545255320420,1022.8691
1545255320459,1022.8691
1545255320499,1022.8691
1545255320536,1022.8691
1545255320575,1022.65106
1545255320624,1022.65106
1545255320650,1022.65106
1545255320690,1022.65106
1545255320729,1022.84247
1545255320766,1022.84247
1545255320804,1022.84247
1545255320842,1022.84247
1545255320881,1022.868
1545255320920,1022.868
1545255320958,1022.868
1545255320997,1022.868
1545255321038,1022.939
1545255321072,1022.939
1545255321111,1022.939
1545255321151,1022.939
1545255321189,1023.01154
1545255321227,1023.01154
1545255321265,1023.01154
1545255321308,1023.01154
1545255321342,1022.8984
1545255321381,1022.8984
1545255321418,1022.8984
1545255321460,1022.8984
1545255321498,1022.925
1545255321536,1022.925
1545255321576,1022.925
1545255321612,1022.925
1545255321652,1022.925
1545255321688,1022.925
1545255321727,1022.925
1545255321768,1022.925
1545255321805,1022.94354
1545255321848,1022.94354
1545255321884,1022.94354
1545255321920,1022.94354
1545255321958,1022.9548
1545255321996,1022.9548
1545255322034,1022.9548
1545255322073,1022.9548
1545255322111,1022.8321
1545255322151,1022.8321
1545255322188,1022.8321
1545255322228,1022.8321
1545255322266,1022.69525
1545255322306,1022.69525
1545255322345,1022.69525
1545255322380,1022.69525
1545255322419,1022.79877
1545255322459,1022.79877
1545255322497,1022.79877
1545255322535,1022.79877
1545255322573,1022.61224
1545255322612,1022.61224
1545255322651,1022.61224
1545255322688,1022.61224
1545255322727,1022.6385
1545255322766,1022.6385
1545255322804,1022.6385
1545255322842,1022.77716
1545255322882,1022.77716
1545255322918,1022.77716
1545255322960,1022.77716
1545255322996,1022.8842
1545255323037,1022.8842
1545255323075,1022.8842
1545255323112,1022.8842
1545255323153,1022.7148
1545255323189,1022.7148
1545255323227,1022.7148
1545255323266,1022.7148
1545255323305,1022.8886
1545255323342,1022.8886
1545255323379,1022.8886
1545255323419,1022.8886
1545255323458,1022.8029
1545255323495,1022.8029
1545255323534,1022.8029
1545255323572,1022.8029
1545255323611,1022.86115
1545255323649,1022.86115
1545255323691,1022.86115
1545255323728,1022.86115
1545255323765,1022.9279
1545255323804,1022.9279
1545255323845,1022.9279
1545255323882,1022.9279
1545255323918,1022.76764
1545255323958,1022.76764
1545255323995,1022.76764
1545255324035,1022.76764
1545255324074,1022.8155
1545255324112,1022.8155
1545255324152,1022.8155
1545255324189,1022.8155
1545255324227,1022.7651
1545255324267,1022.7651
1545255324304,1022.7651
1545255324344,1022.7651
1545255324381,1022.8564
1545255324418,1022.8564
1545255324462,1022.8564
1545255324499,1022.8564
1545255324540,1022.8564
1545255324571,1022.8564
1545255324611,1022.8564
1545255324649,1022.8564
1545255324687,1022.7857
1545255324727,1022.7857
1545255324766,1022.7857
1545255324802,1022.7857
1545255324844,1022.48676
1545255324880,1022.48676
1545255324920,1022.48676
1545255324958,1022.48676
1545255324996,1022.6967
1545255325034,1022.6967
1545255325074,1022.6967
1545255325111,1022.6967
1545255325150,1022.61444
1545255325188,1022.61444
1545255325226,1022.61444
1545255325266,1022.61444
1545255325304,1022.618
1545255325347,1022.618
1545255325385,1022.618
1545255325417,1022.618
1545255325458,1022.77936
1545255325496,1022.77936
1545255325534,1022.77936
1545255325573,1022.77936
1545255325612,1022.7983
1545255325650,1022.7983
1545255325689,1022.7983
1545255325729,1022.7983
1545255325765,1022.75995
1545255325803,1022.75995
1545255325842,1022.75995
1545255325879,1022.75995
1545255325918,1022.8011
1545255325960,1022.8011
1545255325999,1022.8011
1545255326035,1022.8011
1545255326073,1022.8404
1545255326110,1022.8404
1545255326150,1022.8404
1545255326190,1022.8404
1545255326226,1022.83527
1545255326265,1022.83527
1545255326304,1022.83527
1545255326344,1022.83527
1545255326379,1022.75995
1545255326419,1022.75995
1545255326456,1022.75995
1545255326495,1022.75995
1545255326535,1022.69037
1545255326572,1022.69037
1545255326611,1022.69037
1545255326650,1022.69037
1545255326690,1022.7702
1545255326726,1022.7702
1545255326767,1022.7702
1545255326804,1022.7702
1545255326843,1022.59906
1545255326880,1022.59906
1545255326917,1022.59906
1545255326959,1022.59906
1545255326996,1022.64777
1545255327036,1022.64777
1545255327074,1022.64777
1545255327112,1022.64777
1545255327151,1022.8293
1545255327187,1022.8293
1545255327227,1022.8293
1545255327263,1022.8293
1545255327301,1022.8737
1545255327340,1022.8737
1545255327379,1022.8737
1545255327417,1022.8737
1545255327455,1022.5828
1545255327496,1022.5828
1545255327535,1022.5828
1545255327571,1022.5828
1545255327610,1022.8035
1545255327648,1022.8035
1545255327688,1022.8035
1545255327726,1022.8035
1545255327764,1022.7557
1545255327803,1022.7557
1545255327840,1022.7557
1545255327880,1022.7557
1545255327918,1022.7967
1545255327959,1022.7967
1545255327994,1022.7967
1545255328033,1022.7967
1545255328074,1022.95074
1545255328112,1022.95074
1545255328150,1022.95074
1545255328189,1022.95074
1545255328227,1022.8731
1545255328267,1022.8731
1545255328303,1022.8731
1545255328341,1022.8731
1545255328378,1022.8637
1545255328418,1022.8637
1545255328457,1022.8637
1545255328494,1022.8637
1545255328533,1022.8542
1545255328573,1022.8542
1545255328611,1022.8542
1545255328649,1022.8542
1545255328688,1022.86444
1545255328725,1022.86444
1545255328764,1022.86444
1545255328803,1022.86444
1545255328841,1022.91583
1545255328884,1022.91583
1545255328918,1022.91583
1545255328960,1022.91583
1545255328995,1022.8177
1545255329033,1022.8177
1545255329072,1022.8177
1545255329110,1022.8177
1545255329148,1022.5301
1545255329187,1022.5301
1545255329226,1022.5301
1545255329265,1022.5301
1545255329304,1022.75946
1545255329342,1022.75946
1545255329380,1022.75946
1545255329419,1022.75946
1545255329456,1022.59076
1545255329496,1022.59076
1545255329534,1022.59076
1545255329574,1022.59076
1545255329611,1022.56854
1545255329649,1022.56854
1545255329689,1022.56854
1545255329726,1022.56854
1545255329764,1022.7133
1545255329801,1022.7133
1545255329841,1022.7133
1545255329879,1022.7133
1545255329917,1022.9194
1545255329957,1022.9194
1545255329995,1022.9194
1545255330032,1022.9194
1545255330073,1022.82526
1545255330114,1022.82526
1545255330146,1022.82526
1545255330188,1022.82526
1545255330225,1022.8658
1545255330264,1022.8658
1545255330303,1022.8658
1545255330340,1022.8658
1545255330380,1022.76825
1545255330416,1022.76825
1545255330456,1022.76825
1545255330515,1022.76825
1545255330535,1022.8127
1545255330572,1022.8127
1545255330610,1022.8127
1545255330648,1022.8127
1545255330686,1022.85724
1545255330725,1022.85724
1545255330764,1022.85724
1545255330802,1022.85724
1545255330841,1022.7288
1545255330884,1022.7288
1545255330917,1022.7288
1545255330959,1022.7288
1545255330994,1022.73395
1545255331033,1022.73395
1545255331072,1022.73395
1545255331109,1022.73395
1545255331148,1022.5937
1545255331187,1022.5937
1545255331227,1022.5937
1545255331264,1022.5937
1545255331301,1022.67926
1545255331342,1022.67926
1545255331382,1022.67926
1545255331416,1022.67926
1545255331456,1022.76483
1545255331493,1022.76483
1545255331532,1022.76483
1545255331570,1022.76483
1545255331609,1022.88116
1545255331650,1022.88116
1545255331692,1022.88116
1545255331725,1022.88116
1545255331765,1022.66034
1545255331800,1022.66034
1545255331839,1022.66034
1545255331880,1022.66034
1545255331916,1022.82465
1545255331956,1022.82465
1545255331994,1022.82465
1545255332034,1022.82465
1545255332072,1022.78876
1545255332110,1022.78876
1545255332148,1022.78876
1545255332188,1022.78876
1545255332224,1022.7741
1545255332263,1022.7741
1545255332303,1022.7741
1545255332341,1022.7741
1545255332384,1022.9572
1545255332416,1022.9572
1545255332456,1022.9572
1545255332494,1022.9572
1545255332533,1022.83575
1545255332573,1022.83575
1545255332610,1022.83575
1545255332648,1022.83575
1545255332690,1022.8211
1545255332725,1022.8211
1545255332763,1022.8211
1545255332803,1022.8211
1545255332839,1022.8366
1545255332883,1022.8366
1545255332915,1022.8366
1545255332957,1022.8366
1545255332994,1022.8554
1545255333033,1022.8554
1545255333070,1022.8554
1545255333109,1022.8554
1545255333147,1022.8349
1545255333186,1022.8349
1545255333226,1022.8349
1545255333263,1022.8349
1545255333303,1022.7504
1545255333343,1022.7504
1545255333380,1022.7504
1545255333416,1022.64764
1545255333455,1022.64764
1545255333493,1022.64764
1545255333531,1022.64764
1545255333570,1022.6999
1545255333610,1022.6999
1545255333646,1022.6999
1545255333686,1022.6999
1545255333723,1022.56464
1545255333765,1022.56464
1545255333810,1022.56464
1545255333839,1022.56464
1545255333882,1022.5595
1545255333916,1022.5595
1545255333955,1022.5595
1545255333993,1022.5595
1545255334031,1022.6982
1545255334071,1022.6982
1545255334108,1022.6982
1545255334148,1022.6982
1545255334188,1022.82135
1545255334224,1022.82135
1545255334264,1022.82135
1545255334302,1022.82135
1545255334340,1022.6203
1545255334382,1022.6203
1545255334415,1022.6203
1545255334453,1022.6203
1545255334492,1022.7402
1545255334535,1022.7402
1545255334569,1022.7402
1545255334608,1022.7402
1545255334647,1022.77435
1545255334697,1022.77435
1545255334727,1022.77435
1545255334762,1022.77435
1545255334802,1022.8497
1545255334838,1022.8497
1545255334880,1022.8497
1545255334916,1022.8497
1545255334957,1022.9643
1545255334995,1022.9643
1545255335031,1022.9643
1545255335069,1022.9643
1545255335109,1022.89667
1545255335148,1022.89667
1545255335187,1022.89667
1545255335224,1022.89667
1545255335263,1022.9223
1545255335303,1022.9223
1545255335340,1022.9223
1545255335378,1022.9223
1545255335416,1022.91547
1545255335454,1022.91547
1545255335494,1022.91547
1545255335532,1022.91547
1545255335570,1023.01984
1545255335608,1023.01984
1545255335648,1023.01984
1545255335684,1023.01984
1545255335727,1022.9423
1545255335767,1022.9423
1545255335801,1022.9423
1545255335839,1022.9423
1545255335881,1022.867
1545255335916,1022.867
1545255335955,1022.867
1545255335992,1022.867
1545255336032,1022.58685
1545255336069,1022.58685
1545255336108,1022.58685
1545255336148,1022.58685
1545255336187,1022.7215
1545255336224,1022.7215
1545255336262,1022.7215
1545255336302,1022.7215
1545255336339,1022.56915
1545255336378,1022.56915
1545255336415,1022.56915
1545255336457,1022.56915
1545255336494,1022.5367
1545255336532,1022.5367
1545255336570,1022.5367
1545255336608,1022.5367
1545255336648,1022.67865
1545255336686,1022.67865
1545255336722,1022.67865
1545255336762,1022.67865
1545255336801,1022.8909
1545255336840,1022.8909
1545255336881,1022.8909
1545255336915,1022.8909
1545255336959,1022.75055
1545255336992,1022.75055
1545255337034,1022.75055
1545255337072,1022.75055
1545255337108,1022.83954
1545255337146,1022.83954
1545255337189,1022.83954
1545255337225,1022.83954
1545255337261,1022.8173
1545255337304,1022.8173
1545255337341,1022.8173
1545255337379,1022.8173
1545255337416,1022.8704
1545255337453,1022.8704
1545255337494,1022.8704
1545255337532,1022.8704
1545255337571,1022.9285
1545255337609,1022.9285
1545255337647,1022.9285
1545255337685,1022.9285
1545255337722,1022.7985
1545255337764,1022.7985
1545255337801,1022.7985
1545255337838,1022.7985
1545255337884,1022.85236
1545255337920,1022.85236
1545255337955,1022.85236
1545255337993,1022.85236
1545255338031,1022.8609
1545255338069,1022.8609
1545255338107,1022.8609
1545255338145,1022.8609
1545255338185,1022.8763
1545255338233,1022.8763
1545255338270,1022.8763
1545255338300,1022.8763
1545255338339,1022.87115
1545255338378,1022.87115
1545255338416,1022.87115
1545255338453,1022.87115
1545255338493,1022.70685
1545255338532,1022.70685
1545255338569,1022.70685
1545255338609,1022.70685
1545255338647,1022.4399
1545255338685,1022.4399
1545255338722,1022.4399
1545255338762,1022.4399
1545255338799,1022.64874
1545255338842,1022.64874
1545255338879,1022.64874
1545255338914,1022.64874
1545255338954,1022.4793
1545255338991,1022.4793
1545255339033,1022.4793
1545255339071,1022.4793
1545255339107,1022.4621
1545255339146,1022.4621
1545255339183,1022.4621
1545255339230,1022.4621
1545255339261,1022.6264
1545255339299,1022.6264
1545255339340,1022.6264
1545255339377,1022.6264
1545255339416,1022.81635
1545255339453,1022.81635
1545255339491,1022.81635
1545255339531,1022.81635
1545255339568,1022.6247
1545255339608,1022.6247
1545255339647,1022.6247
1545255339684,1022.6247
1545255339724,1022.70856
1545255339765,1022.70856
1545255339803,1022.70856
1545255339837,1022.70856
1545255339878,1022.7171
1545255339915,1022.7171
1545255339954,1022.7171
1545255339992,1022.7171
1545255340030,1022.74115
1545255340069,1022.74115
1545255340108,1022.74115
1545255340148,1022.74115
1545255340185,1022.8763
1545255340223,1022.8763
1545255340261,1022.8763
1545255340299,1022.8763
1545255340336,1022.79584
1545255340377,1022.79584
1545255340414,1022.79584
1545255340455,1022.79584
1545255340493,1022.8073
1545255340536,1022.8073
1545255340567,1022.8073
1545255340606,1022.8073
1545255340647,1022.8284
1545255340686,1022.8284
1545255340725,1022.8284
1545255340763,1022.8284
1545255340801,1022.88824
1545255340840,1022.88824
1545255340875,1022.88824
1545255340915,1022.88824
1545255340953,1022.87115
1545255340992,1022.87115
1545255341030,1022.87115
1545255341078,1022.87115
1545255341106,1022.74115
1545255341147,1022.74115
1545255341185,1022.74115
1545255341222,1022.74115
1545255341263,1022.72577
1545255341300,1022.72577
1545255341340,1022.72577
1545255341377,1022.72577
1545255341415,1022.8619
1545255341452,1022.8619
1545255341492,1022.8619
1545255341530,1022.8619
1545255341573,1022.67523
1545255341609,1022.67523
1545255341647,1022.67523
1545255341685,1022.67523
1545255341722,1022.623
1545255341764,1022.623
1545255341799,1022.623
1545255341838,1022.623
1545255341878,1022.72235
1545255341926,1022.72235
1545255341957,1022.72235
1545255341989,1022.72235
1545255342028,1022.8746
1545255342067,1022.8746
1545255342105,1022.8746
1545255342144,1022.8746
1545255342181,1022.65326
1545255342221,1022.65326
1545255342261,1022.65326
1545255342298,1022.65326
1545255342337,1022.78156
1545255342390,1022.78156
1545255342416,1022.78156
1545255342453,1022.78156
1545255342491,1022.8261
1545255342530,1022.8261
1545255342569,1022.8261
1545255342617,1022.8261
1545255342648,1022.90546
1545255342685,1022.90546
1545255342725,1022.90546
1545255342762,1022.90546
1545255342801,1023.0081
1545255342837,1023.0081
1545255342876,1023.0081
1545255342920,1023.0081
1545255342955,1022.9328
1545255342992,1022.9328
1545255343031,1022.9328
1545255343068,1022.9328
1545255343106,1022.92426
1545255343146,1022.92426
1545255343185,1022.92426
1545255343223,1022.92426
1545255343262,1022.94135
1545255343299,1022.94135
1545255343339,1022.94135
1545255343376,1022.94135
1545255343417,1023.0406
1545255343455,1023.0406
1545255343491,1023.0406
1545255343530,1023.0406
1545255343569,1023.0007
1545255343607,1023.0007
1545255343644,1023.0007
1545255343683,1023.0007
1545255343723,1022.83295
1545255343761,1022.83295
1545255343799,1022.83295
1545255343836,1022.83295
1545255343877,1022.59845
1545255343915,1022.59845
1545255343952,1022.59845
1545255343992,1022.7713
1545255344029,1022.7713
1545255344068,1022.7713
1545255344106,1022.7713
1545255344147,1022.6464
1545255344185,1022.6464
1545255344222,1022.6464
1545255344262,1022.6464
1545255344297,1022.6208
1545255344337,1022.6208
1545255344376,1022.6208
1545255344424,1022.6208
1545255344452,1022.79535
1545255344490,1022.79535
1545255344529,1022.79535
1545255344568,1022.79535
1545255344610,1022.90314
1545255344644,1022.90314
1545255344685,1022.90314
1545255344723,1022.90314
1545255344760,1022.8483
1545255344800,1022.8483
1545255344836,1022.8483
1545255344876,1022.8483
1545255344915,1022.87396
1545255344952,1022.87396
1545255344990,1022.87396
1545255345031,1022.87396
1545255345068,1022.79706
1545255345105,1022.79706
1545255345145,1022.79706
1545255345184,1022.79706
1545255345224,1022.8808
1545255345261,1022.8808
1545255345298,1022.8808
1545255345336,1022.8808
1545255345375,1022.866
1545255345424,1022.866
1545255345452,1022.866
1545255345492,1022.866
1545255345529,1022.72235
1545255345567,1022.72235
1545255345605,1022.72235
1545255345645,1022.72235
1545255345682,1022.7968
1545255345722,1022.7968
1545255345762,1022.7968
1545255345799,1022.7968
1545255345837,1022.7061
1545255345876,1022.7061
1545255345914,1022.7061
1545255345952,1022.7061
1545255345991,1022.74603
1545255346028,1022.74603
1545255346068,1022.74603
1545255346108,1022.74603
1545255346145,1022.8532
1545255346183,1022.8532
1545255346221,1022.8532
1545255346259,1022.8532
1545255346299,1023.0098
1545255346336,1023.0098
1545255346375,1023.0098
1545255346417,1023.0098
1545255346451,1022.70685
1545255346490,1022.70685
1545255346528,1022.70685
1545255346572,1022.70685
1545255346604,1022.85236
1545255346644,1022.85236
1545255346683,1022.85236
1545255346723,1022.85236
1545255346762,1022.9106
1545255346800,1022.9106
1545255346836,1022.9106
1545255346876,1022.9106
1545255346918,1022.9234
1545255346951,1022.9234
1545255346990,1022.9234
1545255347028,1022.9234
1545255347069,1023.05865
1545255347105,1023.05865
1545255347145,1023.05865
1545255347182,1023.05865
1545255347219,1022.9328
1545255347260,1022.9328
1545255347299,1022.9328
1545255347338,1022.9328
1545255347380,1022.8969
1545255347413,1022.8969
1545255347453,1022.8969
1545255347490,1022.8969
1545255347528,1022.878
1545255347568,1022.878
1545255347605,1022.878
1545255347645,1022.878
1545255347685,1022.91486
1545255347722,1022.91486
1545255347762,1022.91486
1545255347799,1022.91486
1545255347835,1022.9482
1545255347876,1022.9482
1545255347917,1022.9482
1545255347951,1022.9482
1545255347989,1022.8592
1545255348029,1022.8592
1545255348066,1022.8592
1545255348108,1022.8592
1545255348146,1022.6949
1545255348183,1022.6949
1545255348222,1022.6949
1545255348260,1022.6949
1545255348299,1022.81903
1545255348336,1022.81903
1545255348374,1022.81903
1545255348433,1022.81903
1545255348451,1022.6982
1545255348490,1022.6982
1545255348527,1022.6982
1545255348565,1022.6982
1545255348606,1022.6451
1545255348643,1022.6451
1545255348683,1022.6451
1545255348720,1022.6451
1545255348762,1022.7061
1545255348796,1022.7061
1545255348836,1022.7061
1545255348875,1022.7061
1545255348914,1022.8156
1545255348953,1022.8156
1545255348990,1022.8156
1545255349030,1022.8156
1545255349065,1022.6281
1545255349109,1022.6281
1545255349143,1022.6281
1545255349182,1022.6281
1545255349221,1022.78143
1545255349258,1022.78143
1545255349299,1022.78143
1545255349337,1022.78143
1545255349378,1022.7917
1545255349413,1022.7917
1545255349451,1022.7917
1545255349489,1022.7917
1545255349529,1022.87274
1545255349566,1022.87274
1545255349606,1022.87274
1545255349648,1022.87274
1545255349683,1022.9731
1545255349721,1022.9731
1545255349761,1022.9731
1545255349797,1022.9731
1545255349836,1022.87384
1545255349875,1022.87384
1545255349912,1022.87384
1545255349949,1022.87384
1545255349989,1022.9788
1545255350027,1022.9788
1545255350070,1022.9788
1545255350106,1022.9788
1545255350144,1023.00104
1545255350181,1023.00104
1545255350220,1023.00104
1545255350260,1023.00104
1545255350296,1022.9411
1545255350336,1022.9411
1545255350377,1022.9411
1545255350412,1022.9411
1545255350452,1022.9394
1545255350489,1022.9394
1545255350530,1022.9394
1545255350567,1022.9394
1545255350606,1022.9577
1545255350642,1022.9577
1545255350682,1022.9577
1545255350721,1022.9577
1545255350759,1022.85724
1545255350797,1022.85724
1545255350838,1022.85724
1545255350878,1022.85724
1545255350912,1022.85724
1545255350953,1022.85724
1545255350990,1022.85724
1545255351030,1022.85724
1545255351066,1022.7729
1545255351108,1022.7729
1545255351142,1022.7729
1545255351181,1022.7729
1545255351222,1022.867
1545255351259,1022.867
1545255351298,1022.867
1545255351339,1022.867
1545255351374,1022.78534
1545255351413,1022.78534
1545255351450,1022.78534
1545255351490,1022.78534
1545255351528,1022.794
1545255351565,1022.794
1545255351606,1022.794
1545255351643,1022.794
1545255351682,1022.5749
1545255351721,1022.5749
1545255351758,1022.5749
1545255351796,1022.5749
1545255351836,1022.7392
1545255351874,1022.7392
1545255351913,1022.7392
1545255351948,1022.7392
1545255351989,1022.6297
1545255352028,1022.6297
1545255352065,1022.6297
1545255352106,1022.6297
1545255352143,1022.5777
1545255352184,1022.5777
1545255352219,1022.5777
1545255352262,1022.5777
1545255352300,1022.74603
1545255352335,1022.74603
1545255352375,1022.74603
1545255352415,1022.74603
1545255352449,1022.91144
1545255352489,1022.91144
1545255352526,1022.91144
1545255352565,1022.91144
1545255352605,1022.7614
1545255352644,1022.7614
1545255352686,1022.7614
1545255352720,1022.7614
1545255352757,1022.7563
1545255352797,1022.7563
1545255352836,1022.7563
1545255352873,1022.7563
1545255352913,1022.7247
1545255352952,1022.7247
1545255352990,1022.7247
1545255353027,1022.7247
1545255353065,1022.7624
1545255353104,1022.7624
1545255353144,1022.7624
1545255353181,1022.7624
1545255353221,1022.8565
1545255353257,1022.8565
1545255353298,1022.8565
1545255353334,1022.8565
1545255353376,1022.75214
1545255353413,1022.75214
1545255353451,1022.75214
1545255353489,1022.75214
1545255353527,1022.8
1545255353567,1022.8
1545255353607,1022.8
1545255353642,1022.8
1545255353681,1022.7264
1545255353720,1022.7264
1545255353758,1022.7264
1545255353797,1022.7264
1545255353835,1022.7778
1545255353872,1022.7778
1545255353912,1022.7778
1545255353949,1022.7778
1545255353987,1022.72894
1545255354026,1022.72894
1545255354066,1022.72894
1545255354106,1022.72894
1545255354146,1022.7872
1545255354181,1022.7872
1545255354220,1022.7872
1545255354259,1022.7872
1545255354301,1022.622
1545255354339,1022.622
1545255354375,1022.622
1545255354413,1022.622
1545255354448,1022.7846
1545255354487,1022.7846
1545255354526,1022.7846
1545255354565,1022.7624
1545255354605,1022.7624
1545255354642,1022.7624
1545255354682,1022.7624
1545255354720,1022.80853
1545255354759,1022.80853
1545255354797,1022.80853
1545255354834,1022.80853
1545255354873,1022.8813
1545255354913,1022.8813
1545255354950,1022.8813
1545255354989,1022.8813
1545255355027,1022.7238
1545255355066,1022.7238
1545255355104,1022.7238
1545255355143,1022.7238
1545255355182,1022.7546
1545255355219,1022.7546
1545255355259,1022.7546
1545255355297,1022.7546
1545255355338,1022.73505
1545255355373,1022.73505
1545255355412,1022.73505
1545255355451,1022.73505
1545255355487,1022.82904
1545255355528,1022.82904
1545255355567,1022.82904
1545255355605,1022.82904
1545255355641,1022.82904
1545255355681,1022.82904
1545255355719,1022.82904
1545255355757,1022.82904
1545255355795,1022.7607
1545255355837,1022.7607
1545255355875,1022.7607
1545255355917,1022.7607
1545255355950,1022.5074
1545255355988,1022.5074
1545255356026,1022.5074
1545255356066,1022.5074
1545255356103,1022.6683
1545255356143,1022.6683
1545255356180,1022.6683
1545255356220,1022.6683
1545255356258,1022.6032
1545255356295,1022.6032
1545255356334,1022.6032
1545255356374,1022.6032
1545255356411,1022.64594
1545255356448,1022.64594
1545255356488,1022.64594
1545255356526,1022.64594
1545255356565,1022.7863
1545255356604,1022.7863
1545255356642,1022.7863
1545255356682,1022.7863
1545255356719,1022.8194
1545255356758,1022.8194
1545255356797,1022.8194
1545255356835,1022.8194
1545255356871,1022.7304
1545255356911,1022.7304
1545255356952,1022.7304
1545255356987,1022.7304
1545255357028,1022.7475
1545255357064,1022.7475
1545255357102,1022.7475
1545255357140,1022.7475
1545255357180,1022.7304
1545255357218,1022.7304
1545255357256,1022.7304
1545255357295,1022.7304
1545255357334,1022.78265
1545255357373,1022.78265
1545255357411,1022.78265
1545255357450,1022.78265
1545255357488,1022.77496
1545255357527,1022.77496
1545255357565,1022.77496
1545255357606,1022.77496
1545255357641,1022.7287
1545255357678,1022.7287
1545255357717,1022.7287
1545255357757,1022.7287
1545255357795,1022.76556
1545255357835,1022.76556
1545255357873,1022.76556
1545255357911,1022.76556
1545255357949,1022.6568
1545255357987,1022.6568
1545255358026,1022.6568
1545255358064,1022.6568
1545255358104,1022.6551
1545255358141,1022.6551
1545255358180,1022.6551
1545255358218,1022.6551
1545255358255,1022.727
1545255358297,1022.727
1545255358335,1022.727
1545255358371,1022.727
1545255358410,1022.88446
1545255358449,1022.88446
1545255358486,1022.88446
1545255358525,1022.88446
1545255358567,1022.70306
1545255358605,1022.70306
1545255358641,1022.70306
1545255358682,1022.70306
1545255358718,1022.82965
1545255358758,1022.82965
1545255358794,1022.82965
1545255358833,1022.82965
1545255358873,1022.8409
1545255358910,1022.8409
1545255358949,1022.8409
1545255358985,1022.8409
1545255359028,1022.8614
1545255359064,1022.8614
1545255359103,1022.8614
1545255359140,1022.8614
1545255359189,1022.96234
1545255359219,1022.96234
1545255359257,1022.96234
1545255359296,1022.96234
1545255359334,1022.7767
1545255359371,1022.7767
1545255359410,1022.7767
1545255359449,1022.7767
1545255359488,1022.8443
1545255359527,1022.8443
1545255359566,1022.8443
1545255359603,1022.8443
1545255359640,1022.8033
1545255359681,1022.8033
1545255359719,1022.8033
1545255359757,1022.8033
1545255359796,1022.9162
1545255359834,1022.9162
1545255359874,1022.9162
1545255359910,1022.9162
1545255359950,1022.8897
1545255359986,1022.8897
1545255360027,1022.8897
1545255360063,1022.8897
1545255360102,1022.82635
1545255360140,1022.82635
1545255360178,1022.82635
1545255360218,1022.82635
1545255360256,1022.58344
1545255360294,1022.58344
1545255360333,1022.58344
1545255360372,1022.58344
1545255360409,1022.69977
1545255360451,1022.69977
1545255360487,1022.69977
1545255360529,1022.69977
1545255360566,1022.5628
1545255360606,1022.5628
1545255360643,1022.5628
1545255360680,1022.5628
1545255360718,1022.5423
1545255360757,1022.5423
1545255360795,1022.5423
1545255360834,1022.5423
1545255360874,1022.6707
1545255360910,1022.6707
1545255360950,1022.6707
1545255360987,1022.6707
1545255361026,1022.84015
1545255361063,1022.84015
1545255361103,1022.84015
1545255361140,1022.84015
1545255361179,1022.7614
1545255361220,1022.7614
1545255361258,1022.7614
1545255361295,1022.7614
1545255361334,1022.76996
1545255361373,1022.76996
1545255361408,1022.76996
1545255361449,1022.76996
1545255361486,1022.73627
1545255361524,1022.73627
1545255361563,1022.73627
1545255361602,1022.73627
1545255361642,1022.7723
1545255361679,1022.7723
1545255361718,1022.7723
1545255361755,1022.7723
1545255361797,1022.8133
1545255361835,1022.8133
1545255361871,1022.8133
1545255361910,1022.8133
1545255361949,1022.71234
1545255361989,1022.71234
1545255362025,1022.71234
1545255362062,1022.71234
1545255362103,1022.7482
1545255362140,1022.7482
1545255362186,1022.7482
1545255362218,1022.7482
1545255362255,1022.6225
1545255362295,1022.6225
1545255362337,1022.6225
1545255362371,1022.6225
1545255362410,1022.67474
1545255362447,1022.67474
1545255362486,1022.67474
1545255362525,1022.67474
1545255362563,1022.7928
1545255362601,1022.7928
1545255362643,1022.7928
1545255362681,1022.7928
1545255362716,1022.9057
1545255362756,1022.9057
1545255362795,1022.9057
1545255362833,1022.9057
1545255362872,1022.71405
1545255362909,1022.71405
1545255362952,1022.71405
1545255362986,1022.71405
1545255363026,1022.8388
1545255363062,1022.8388
1545255363103,1022.8388
1545255363141,1022.8388
1545255363179,1022.84735
1545255363218,1022.84735
1545255363257,1022.84735
1545255363295,1022.84735
1545255363332,1022.8604
1545255363371,1022.8604
1545255363408,1022.8604
1545255363452,1022.8604
1545255363486,1022.90326
1545255363525,1022.90326
1545255363564,1022.90326
1545255363602,1022.90326
1545255363639,1022.7431
1545255363678,1022.7431
1545255363716,1022.7431
1545255363757,1022.7431
1545255363797,1022.815
1545255363836,1022.815
1545255363872,1022.815
1545255363909,1022.815
1545255363953,1022.78595
1545255363985,1022.78595
1545255364028,1022.78595
1545255364061,1022.78595
1545255364100,1022.85016
1545255364140,1022.85016
1545255364177,1022.85016
1545255364219,1022.85016
1545255364256,1022.82794
1545255364294,1022.82794
1545255364330,1022.82794
1545255364370,1022.82794
1545255364413,1022.77655
1545255364447,1022.77655
1545255364486,1022.77655
1545255364526,1022.77655
1545255364564,1022.57526
1545255364603,1022.57526
1545255364640,1022.57526
1545255364678,1022.57526
1545255364716,1022.6608
1545255364756,1022.6608
1545255364795,1022.6608
1545255364831,1022.6608
1545255364871,1022.52655
1545255364908,1022.52655
1545255364951,1022.52655
1545255364987,1022.52655
1545255365024,1022.4914
1545255365062,1022.4914
1545255365100,1022.4914
1545255365140,1022.4914
1545255365180,1022.64886
1545255365219,1022.64886
1545255365256,1022.64886
1545255365294,1022.77545
1545255365332,1022.77985
1545255365372,1022.77985
1545255365408,1022.77985
1545255365458,1022.61725
1545255365485,1022.61725
1545255365526,1022.61725
1545255365563,1022.61725
1545255365600,1022.77985
1545255365640,1022.77985
1545255365677,1022.77985
1545255365717,1022.77985
1545255365755,1022.6994
1545255365795,1022.6994
1545255365833,1022.6994
1545255365872,1022.6994
1545255365908,1022.79095
1545255365948,1022.79095
1545255365986,1022.79095
1545255366024,1022.79095
1545255366062,1022.8577
1545255366100,1022.8577
1545255366140,1022.8577
1545255366177,1022.8577
1545255366217,1022.82526
1545255366262,1022.82526
1545255366292,1022.82526
1545255366331,1022.82526
1545255366370,1022.8149
1545255366408,1022.8149
1545255366447,1022.8149
1545255366487,1022.8149
1545255366524,1022.77216
1545255366564,1022.77216
1545255366600,1022.77216
1545255366643,1022.77216
1545255366677,1022.85516
1545255366716,1022.85516
1545255366755,1022.85516
1545255366793,1022.85516
1545255366831,1022.81573
1545255366869,1022.81573
1545255366909,1022.81573
1545255366947,1022.81573
1545255366985,1022.7541
1545255367024,1022.7541
1545255367065,1022.7541
1545255367105,1022.7541
1545255367141,1022.45807
1545255367179,1022.45807
1545255367215,1022.45807
1545255367255,1022.45807
1545255367294,1022.62823
1545255367332,1022.62823
1545255367371,1022.62823
1545255367408,1022.62823
1545255367449,1022.529
1545255367484,1022.529
1545255367526,1022.529
1545255367565,1022.529
1545255367601,1022.5351
1545255367640,1022.5351
1545255367678,1022.5351
1545255367716,1022.5351
1545255367753,1022.67706
1545255367793,1022.67706
1545255367832,1022.67706
1545255367870,1022.67706
1545255367909,1022.8294
1545255367952,1022.8294
1545255367985,1022.8294
1545255368023,1022.8294
1545255368077,1022.6558
1545255368099,1022.6558
1545255368138,1022.6558
1545255368178,1022.6558
1545255368216,1022.7619
1545255368255,1022.7619
1545255368293,1022.7619
1545255368330,1022.7619
1545255368370,1022.7122
1545255368409,1022.7122
1545255368446,1022.7122
1545255368487,1022.7122
1545255368524,1022.78326
1545255368563,1022.78326
1545255368599,1022.78326
1545255368639,1022.78326
1545255368677,1022.8781
1545255368716,1022.8781
1545255368754,1022.8781
1545255368793,1022.8781
1545255368830,1022.8055
1545255368869,1022.8055
1545255368908,1022.8055
1545255368946,1022.8055
1545255368984,1022.74994
1545255369023,1022.74994
1545255369063,1022.74994
1545255369099,1022.74994
1545255369139,1022.6746
1545255369177,1022.6746
1545255369216,1022.6746
1545255369254,1022.6746
1545255369293,1022.7978
1545255369332,1022.7978
1545255369369,1022.7978
1545255369408,1022.7978
1545255369446,1022.7918
1545255369486,1022.7918
1545255369522,1022.7918
1545255369562,1022.7918
1545255369600,1022.78326
1545255369638,1022.78326
1545255369677,1022.78326
1545255369715,1022.78326
1545255369754,1022.5983
1545255369791,1022.5983
1545255369833,1022.5983
1545255369870,1022.5983
1545255369907,1022.72675
1545255369947,1022.72675
1545255369993,1022.72675
1545255370023,1022.72675
1545255370061,1022.5993
1545255370102,1022.5993
1545255370140,1022.5993
1545255370177,1022.5993
1545255370216,1022.61554
1545255370254,1022.61554
1545255370294,1022.61554
1545255370330,1022.61554
1545255370373,1022.7165
1545255370406,1022.7165
1545255370447,1022.7165
1545255370487,1022.7165
1545255370523,1022.7387
1545255370560,1022.7387
1545255370599,1022.7387
1545255370639,1022.7387
1545255370676,1022.559
1545255370717,1022.559
1545255370756,1022.559
1545255370792,1022.559
1545255370830,1022.7695
1545255370872,1022.7695
1545255370911,1022.7695
1545255370947,1022.7695
1545255370985,1022.684
1545255371023,1022.684
1545255371063,1022.684
1545255371106,1022.684
1545255371138,1022.7482
1545255371176,1022.7482
1545255371214,1022.7482
1545255371254,1022.7482
1545255371291,1022.8304
1545255371332,1022.8304
1545255371371,1022.8304
1545255371406,1022.8304
1545255371447,1022.66327
1545255371484,1022.66327
1545255371523,1022.66327
1545255371561,1022.66327
1545255371601,1022.65643
1545255371638,1022.65643
1545255371676,1022.65643
1545255371715,1022.65643
1545255371754,1022.65216
1545255371793,1022.65216
1545255371832,1022.65216
1545255371868,1022.65216
1545255371906,1022.6916
1545255371946,1022.6916
1545255371986,1022.6916
1545255372021,1022.6916
1545255372061,1022.7121
1545255372099,1022.7121
1545255372138,1022.7121
1545255372177,1022.7121
1545255372215,1022.6855
1545255372254,1022.6855
1545255372291,1022.6855
1545255372332,1022.6855
1545255372372,1022.44073
1545255372406,1022.44073
1545255372445,1022.44073
1545255372485,1022.44073
1545255372522,1022.59076
1545255372561,1022.59076
1545255372599,1022.59076
1545255372642,1022.59076
1545255372677,1022.5035
1545255372714,1022.5035
1545255372753,1022.5035
1545255372791,1022.5035
1545255372831,1022.5069
1545255372869,1022.5069
1545255372908,1022.5069
1545255372946,1022.5069
1545255372984,1022.6352
1545255373022,1022.6352
1545255373060,1022.6352
1545255373099,1022.6352
1545255373138,1022.82416
1545255373178,1022.82416
1545255373216,1022.82416
1545255373253,1022.82416
1545255373291,1022.7568
1545255373331,1022.7568
1545255373371,1022.7568
1545255373408,1022.7568
1545255373444,1022.8276
1545255373485,1022.8276
1545255373522,1022.8276
1545255373561,1022.8276
1545255373601,1022.74884
1545255373637,1022.74884
1545255373677,1022.74884
1545255373715,1022.74884
1545255373753,1022.78986
1545255373791,1022.78986
1545255373831,1022.78986
1545255373868,1022.78986
1545255373906,1022.8986
1545255373948,1022.8986
1545255373983,1022.8986
1545255374022,1022.8986
1545255374063,1022.86957
1545255374099,1022.86957
1545255374139,1022.86957
1545255374178,1022.86957
1545255374216,1022.79156
1545255374252,1022.79156
1545255374291,1022.79156
1545255374330,1022.79156
1545255374369,1022.7463
1545255374407,1022.7463
1545255374447,1022.7463
1545255374483,1022.7463
1545255374522,1022.8284
1545255374561,1022.8284
1545255374597,1022.8284
1545255374637,1022.8284
1545255374675,1022.83527
1545255374716,1022.83527
1545255374753,1022.83527
1545255374790,1022.83527
1545255374828,1022.74457
1545255374868,1022.74457
1545255374907,1022.74457
1545255374945,1022.74457
1545255374991,1022.5666
1545255375022,1022.5666
1545255375060,1022.5666
1545255375098,1022.5666
1545255375138,1022.7214
1545255375175,1022.7214
1545255375216,1022.7214
1545255375253,1022.7214
1545255375291,1022.6136
1545255375331,1022.6136
1545255375369,1022.6136
1545255375407,1022.6136
1545255375446,1022.57245
1545255375488,1022.57245
1545255375522,1022.57245
1545255375559,1022.57245
1545255375599,1022.7231
1545255375637,1022.7231
1545255375676,1022.7231
1545255375714,1022.7231
1545255375752,1022.8304
1545255375791,1022.8304
1545255375831,1022.8304
1545255375871,1022.73456
1545255375904,1022.73456
1545255375944,1022.73456
1545255375985,1022.73456
1545255376021,1022.8132
1545255376063,1022.8132
1545255376100,1022.8132
1545255376141,1022.8132
1545255376178,1022.7575
1545255376219,1022.7575
1545255376253,1022.7575
1545255376290,1022.7575
1545255376329,1022.7695
1545255376366,1022.7695
1545255376405,1022.7695
1545255376447,1022.7695
1545255376486,1022.7994
1545255376521,1022.7994
1545255376561,1022.7994
1545255376599,1022.7994
1545255376637,1022.66
1545255376676,1022.66
1545255376715,1022.66
1545255376752,1022.66
1545255376791,1022.69
1545255376830,1022.69
1545255376868,1022.69
1545255376907,1022.69
1545255376946,1022.6147
1545255376984,1022.6147
1545255377019,1022.6147
1545255377059,1022.6147
1545255377097,1022.6668
1545255377137,1022.6668
1545255377176,1022.6668
1545255377214,1022.6668
1545255377253,1022.72845
1545255377292,1022.72845
1545255377329,1022.72845
1545255377370,1022.72845
1545255377405,1022.9013
1545255377445,1022.9013
1545255377485,1022.9013
1545255377523,1022.9013
1545255377560,1022.7148
1545255377598,1022.7148
1545255377638,1022.7148
1545255377677,1022.7148
1545255377716,1022.88763
1545255377753,1022.88763
1545255377792,1022.88763
1545255377831,1022.88763
1545255377869,1022.826
1545255377907,1022.826
1545255377945,1022.826
1545255377989,1022.826
1545255378021,1022.773
1545255378059,1022.773
1545255378098,1022.773
1545255378141,1022.773
1545255378175,1022.93634
1545255378214,1022.93634
1545255378252,1022.93634
1545255378294,1022.93634
1545255378331,1022.81573
1545255378370,1022.81573
1545255378406,1022.81573
1545255378445,1022.81573
1545255378484,1022.81915
1545255378520,1022.81915
1545255378560,1022.81915
1545255378598,1022.81915
1545255378636,1022.79425
1545255378674,1022.79425
1545255378714,1022.79425
1545255378753,1022.79425
1545255378789,1022.78156
1545255378828,1022.78156
1545255378867,1022.78156
1545255378908,1022.78156
1545255378943,1022.78326
1545255378989,1022.78326
1545255379022,1022.78326
1545255379058,1022.78326
1545255379098,1022.7747
1545255379137,1022.7747
1545255379181,1022.7747
1545255379214,1022.7747
1545255379251,1022.58734
1545255379290,1022.58734
1545255379328,1022.58734
1545255379369,1022.58734
1545255379406,1022.6661
1545255379443,1022.6661
1545255379484,1022.6661
1545255379520,1022.6661
1545255379559,1022.58905
1545255379597,1022.58905
1545255379638,1022.58905
1545255379674,1022.58905
1545255379715,1022.5385
1545255379753,1022.5385
1545255379789,1022.5385
1545255379827,1022.5385
1545255379868,1022.6026
1545255379905,1022.6026
1545255379945,1022.6026
1545255379984,1022.6026
1545255380020,1022.7121
1545255380060,1022.7121
1545255380097,1022.7121
1545255380138,1022.7121
1545255380177,1022.54095
1545255380215,1022.54095
1545255380253,1022.54095
1545255380290,1022.54095
1545255380327,1022.5666
1545255380366,1022.5666
1545255380405,1022.5666
1545255380443,1022.5666
1545255380483,1022.64996
1545255380519,1022.64996
1545255380559,1022.64996
1545255380597,1022.64996
1545255380636,1022.606
1545255380675,1022.606
1545255380716,1022.606
1545255380751,1022.606
1545255380790,1022.5838
1545255380829,1022.5838
1545255380866,1022.5838
1545255380906,1022.5838
1545255380944,1022.6419
1545255380983,1022.6419
1545255381021,1022.6419
1545255381061,1022.6419
1545255381099,1022.66534
1545255381141,1022.66534
1545255381174,1022.66534
1545255381212,1022.66534
1545255381252,1022.77313
1545255381290,1022.77313
1545255381329,1022.77313
1545255381368,1022.77313
1545255381406,1022.9067
1545255381444,1022.9067
1545255381484,1022.9067
1545255381518,1022.9067
1545255381558,1022.94086
1545255381599,1022.94086
1545255381636,1022.94086
1545255381678,1022.94086
1545255381713,1022.79877
1545255381753,1022.79877
1545255381790,1022.79877
1545255381827,1022.79877
1545255381866,1022.736
1545255381907,1022.736
1545255381944,1022.736
1545255381986,1022.736
1545255382018,1022.6807
1545255382059,1022.6807
1545255382097,1022.6807
1545255382135,1022.6807
1545255382176,1022.63104
1545255382216,1022.63104
1545255382251,1022.63104
1545255382288,1022.63104
1545255382327,1022.6893
1545255382367,1022.6893
1545255382405,1022.6893
1545255382447,1022.6893
1545255382488,1022.71234
1545255382521,1022.71234
1545255382559,1022.71234
1545255382596,1022.71234
1545255382637,1022.7321
1545255382674,1022.7321
1545255382713,1022.7321
1545255382752,1022.7321
1545255382790,1022.7465
1545255382827,1022.7465
1545255382864,1022.7465
1545255382904,1022.7465
1545255382943,1022.7619
1545255382983,1022.7619
1545255383018,1022.7619
1545255383057,1022.7619
1545255383096,1022.7723
1545255383134,1022.7723
1545255383176,1022.7723
1545255383210,1022.7723
1545255383250,1022.7885
1545255383290,1022.7885
1545255383326,1022.7885
1545255383364,1022.7885
1545255383403,1022.79364
1545255383441,1022.79364
1545255383479,1022.79364
1545255383519,1022.79364
1545255383557,1022.7911
1545255383600,1022.7911
1545255383634,1022.7911
1545255383672,1022.7911
1545255383711,1022.80756
1545255383748,1022.80756
