1545253688203,1019.9429
1545253688203,1019.9429
1545253688240,1019.9429
1545253688278,1019.9429
1545253688316,1019.9956
1545253688357,1019.9956
1545253688394,1019.9956
1545253688432,1019.9956
1545253688472,1020.0291
1545253688509,1020.0291
1545253688550,1020.0291
1545253688589,1020.0291
1545253688624,1019.7814
1545253688663,1019.7814
1545253688703,1019.7814
1545253688740,1019.7814
1545253688779,1019.7272
1545253688820,1019.7272
1545253688858,1019.7272
1545253688900,1019.7272
1545253688931,1019.7287
1545253688970,1019.7287
1545253689009,1019.7287
1545253689051,1019.7287
1545253689085,1019.72626
1545253689125,1019.72626
1545253689164,1019.72626
1545253689200,1019.72626
1545253689241,1019.7314
1545253689280,1019.7314
1545253689318,1019.7314
1545253689358,1019.7321
1545253689400,1019.7321
1545253689434,1019.7321
1545253689474,1019.7321
1545253689510,1019.7247
1545253689550,1019.7247
1545253689587,1019.7247
1545253689627,1019.7247
1545253689668,1019.7385
1545253689701,1019.7385
1545253689741,1019.7385
1545253689777,1019.7385
1545253689816,1019.7465
1545253689860,1019.7465
1545253689896,1019.7465
1545253689933,1019.7465
1545253689971,1019.759
1545253690051,1019.759
1545253690052,1019.759
1545253690095,1019.759
1545253690125,1019.7597
1545253690162,1019.7597
1545253690201,1019.7597
1545253690242,1019.7597
1545253690278,1019.7724
1545253690319,1019.7724
1545253690355,1019.7724
1545253690392,1019.7724
1545253690433,1019.7814
1545253690472,1019.7814
1545253690513,1019.7814
1545253690551,1019.7814
1545253690588,1019.7857
1545253690624,1019.7857
1545253690662,1019.7857
1545253690704,1019.7857
1545253690741,1019.7838
1545253690783,1019.7838
1545253690820,1019.7838
1545253690860,1019.7838
1545253690896,1019.78534
1545253690934,1019.78534
1545253690972,1019.78534
1545253691010,1019.78534
1545253691050,1019.7794
1545253691087,1019.7794
1545253691126,1019.7794
1545253691163,1019.7794
1545253691202,1019.78546
1545253691240,1019.78546
1545253691281,1019.78546
1545253691317,1019.78546
1545253691358,1019.7785
1545253691396,1019.7785
1545253691432,1019.7785
1545253691474,1019.7785
1545253691512,1019.76715
1545253691550,1019.76715
1545253691587,1019.76715
1545253691625,1019.76715
1545253691667,1019.76294
1545253691704,1019.76294
1545253691740,1019.76294
1545253691780,1019.76294
1545253691818,1019.77637
1545253691858,1019.77637
1545253691894,1019.77637
1545253691938,1019.77637
1545253691971,1019.7739
1545253692044,1019.7739
1545253692092,1019.7739
1545253692093,1019.7739
1545253692152,1019.783
1545253692179,1019.783
1545253692201,1019.783
1545253692239,1019.783
1545253692278,1019.7703
1545253692317,1019.7703
1545253692356,1019.7703
1545253692394,1019.7703
1545253692437,1019.8101
1545253692470,1019.8101
1545253692509,1019.8101
1545253692547,1019.8101
1545253692586,1019.7957
1545253692625,1019.7957
1545253692664,1019.7957
1545253692707,1019.7957
1545253692739,1019.8376
1545253692780,1019.8376
1545253692818,1019.8376
1545253692857,1019.8376
1545253692895,1019.8587
1545253692933,1019.8587
1545253692972,1019.8587
1545253693010,1019.8587
1545253693053,1019.8877
1545253693085,1019.8877
1545253693125,1019.8877
1545253693164,1019.8877
1545253693200,1019.9534
1545253693239,1019.9534
1545253693279,1019.9534
1545253693318,1019.9534
1545253693355,1019.9006
1545253693397,1019.9006
1545253693433,1019.9006
1545253693469,1019.9006
1545253693508,1019.79364
1545253693547,1019.79364
1545253693584,1019.79364
1545253693623,1019.79364
1545253693664,1019.82263
1545253693703,1019.82263
1545253693738,1019.82263
1545253693777,1019.82263
1545253693815,1019.8807
1545253693858,1019.8807
1545253693893,1019.8807
1545253693932,1019.8807
1545253693974,1019.8287
1545253694009,1019.8287
1545253694066,1019.8287
1545253694106,1019.8287
1545253694127,1019.7536
1545253694161,1019.7536
1545253694201,1019.7536
1545253694240,1019.7536
1545253694276,1019.8057
1545253694316,1019.8057
1545253694355,1019.8057
1545253694393,1019.8057
1545253694431,1019.8985
1545253694469,1019.8985
1545253694509,1019.8985
1545253694548,1019.8985
1545253694590,1019.6886
1545253694624,1019.6886
1545253694666,1019.6886
1545253694700,1019.6886
1545253694738,1019.593
1545253694779,1019.593
1545253694816,1019.593
1545253694854,1019.593
1545253694895,1019.7117
1545253694931,1019.7117
1545253694971,1019.7117
1545253695010,1019.7117
1545253695048,1019.7481
1545253695085,1019.7481
1545253695126,1019.7481
1545253695162,1019.7481
1545253695200,1019.62103
1545253695239,1019.62103
1545253695280,1019.62103
1545253695316,1019.62103
1545253695354,1019.6899
1545253695394,1019.6899
1545253695434,1019.6899
1545253695469,1019.6899
1545253695521,1019.8905
1545253695547,1019.8905
1545253695587,1019.8905
1545253695625,1019.8905
1545253695665,1020.0048
1545253695706,1020.0048
1545253695739,1020.0048
1545253695777,1020.0048
1545253695821,1019.644
1545253695854,1019.644
1545253695894,1019.644
1545253695932,1019.644
1545253695969,1019.6753
1545253696008,1019.6753
1545253696081,1019.6753
1545253696084,1019.6753
1545253696123,1019.81696
1545253696163,1019.81696
1545253696203,1019.81696
1545253696238,1019.81696
1545253696277,1019.6986
1545253696317,1019.6986
1545253696361,1019.6986
1545253696392,1019.6986
1545253696433,1019.7418
1545253696471,1019.7418
1545253696510,1019.7418
1545253696547,1019.7418
1545253696587,1019.8537
1545253696622,1019.8537
1545253696663,1019.8537
1545253696704,1019.8537
1545253696738,1020.1683
1545253696777,1020.1683
1545253696815,1020.1683
1545253696856,1020.1683
1545253696893,1019.63586
1545253696933,1019.63586
1545253696970,1019.63586
1545253697007,1019.63586
1545253697048,1019.53973
1545253697086,1019.53973
1545253697129,1019.53973
1545253697163,1019.53973
1545253697200,1019.5983
1545253697240,1019.5983
1545253697277,1019.5983
1545253697316,1019.5983
1545253697354,1019.5454
1545253697397,1019.5454
1545253697431,1019.5454
1545253697468,1019.5454
1545253697508,1019.53
1545253697546,1019.53
1545253697586,1019.53
1545253697625,1019.53
1545253697664,1019.6351
1545253697704,1019.6351
1545253697738,1019.6351
1545253697778,1019.6351
1545253697817,1019.8355
1545253697854,1019.8355
1545253697896,1019.8355
1545253697931,1019.8355
1545253697971,1019.4832
1545253698007,1019.4832
1545253698048,1019.4832
1545253698086,1019.4832
1545253698124,1019.4244
1545253698162,1019.4244
1545253698201,1019.4244
1545253698240,1019.4244
1545253698278,1019.49945
1545253698315,1019.49945
1545253698355,1019.49945
1545253698393,1019.49945
1545253698437,1019.47217
1545253698468,1019.47217
1545253698510,1019.47217
1545253698546,1019.47217
1545253698585,1019.48413
1545253698624,1019.48413
1545253698662,1019.48413
1545253698701,1019.48413
1545253698741,1019.6087
1545253698777,1019.6087
1545253698814,1019.6087
1545253698855,1019.6087
1545253698893,1019.8442
1545253698931,1019.8442
1545253698969,1019.8442
1545253699012,1019.8442
1545253699046,1019.46765
1545253699085,1019.46765
1545253699125,1019.46765
1545253699161,1019.46765
1545253699203,1019.4318
1545253699241,1019.4318
1545253699277,1019.4318
1545253699317,1019.51886
1545253699354,1019.51886
1545253699391,1019.51886
1545253699431,1019.51886
1545253699470,1019.4932
1545253699508,1019.4932
1545253699548,1019.4932
1545253699584,1019.4932
1545253699625,1019.48584
1545253699661,1019.48584
1545253699700,1019.48584
1545253699737,1019.48584
1545253699776,1019.66046
1545253699815,1019.66046
1545253699854,1019.66046
1545253699892,1019.66046
1545253699933,1019.7663
1545253699969,1019.7663
1545253700008,1019.7663
1545253700045,1019.7663
1545253700087,1019.7151
1545253700124,1019.7151
1545253700164,1019.7151
1545253700200,1019.7151
1545253700239,1019.35675
1545253700277,1019.35675
1545253700319,1019.35675
1545253700353,1019.35675
1545253700396,1019.2962
1545253700431,1019.2962
1545253700470,1019.2962
1545253700509,1019.2962
1545253700549,1019.3303
1545253700587,1019.3303
1545253700623,1019.3303
1545253700661,1019.3303
1545253700698,1019.4413
1545253700740,1019.4413
1545253700777,1019.4413
1545253700817,1019.4413
1545253700854,1019.4299
1545253700894,1019.4299
1545253700930,1019.4299
1545253700970,1019.4299
1545253701007,1019.49396
1545253701044,1019.49396
1545253701083,1019.49396
1545253701121,1019.49396
1545253701159,1019.46497
1545253701198,1019.46497
1545253701242,1019.46497
1545253701276,1019.46497
1545253701315,1019.42975
1545253701353,1019.42975
1545253701393,1019.42975
1545253701430,1019.42975
1545253701469,1019.3641
1545253701507,1019.3641
1545253701549,1019.3641
1545253701585,1019.3641
1545253701623,1019.44354
1545253701663,1019.44354
1545253701704,1019.44354
1545253701741,1019.44354
1545253701776,1019.5704
1545253701816,1019.5704
1545253701853,1019.5704
1545253701894,1019.5704
1545253701932,1019.49
1545253701968,1019.49
1545253702007,1019.49
1545253702046,1019.49
1545253702083,1019.48065
1545253702122,1019.48065
1545253702161,1019.48065
1545253702206,1019.48065
1545253702239,1019.57263
1545253702275,1019.57263
1545253702314,1019.57263
1545253702353,1019.57263
1545253702395,1019.7613
1545253702433,1019.7613
1545253702471,1019.7613
1545253702506,1019.7613
1545253702546,1019.4249
1545253702584,1019.4249
1545253702620,1019.4249
1545253702660,1019.4249
1545253702698,1019.32916
1545253702736,1019.32916
1545253702774,1019.32916
1545253702814,1019.32916
1545253702851,1019.3949
1545253702891,1019.3949
1545253702928,1019.3949
1545253702967,1019.3949
1545253703008,1019.36743
1545253703045,1019.36743
1545253703085,1019.36743
1545253703123,1019.36743
1545253703162,1019.3306
1545253703201,1019.3306
1545253703241,1019.3306
1545253703277,1019.3306
1545253703316,1019.4072
1545253703354,1019.4072
1545253703392,1019.4072
1545253703430,1019.4072
1545253703468,1019.6073
1545253703507,1019.6073
1545253703547,1019.6073
1545253703585,1019.6073
1545253703622,1019.2872
1545253703663,1019.2872
1545253703699,1019.2872
1545253703749,1019.2872
1545253703775,1019.1914
1545253703814,1019.1914
1545253703855,1019.1914
1545253703890,1019.1914
1545253703930,1019.30475
1545253703970,1019.30475
1545253704007,1019.30475
1545253704045,1019.30475
1545253704084,1019.3328
1545253704123,1019.3328
1545253704159,1019.3328
1545253704200,1019.3328
1545253704246,1019.29144
1545253704275,1019.29144
1545253704313,1019.29144
1545253704351,1019.29144
1545253704393,1019.38947
1545253704433,1019.38947
1545253704469,1019.38947
1545253704506,1019.38947
1545253704545,1019.5342
1545253704584,1019.5342
1545253704622,1019.5342
1545253704662,1019.5342
1545253704699,1019.2089
1545253704739,1019.2089
1545253704777,1019.2089
1545253704813,1019.2089
1545253704853,1019.19086
1545253704893,1019.19086
1545253704935,1019.19086
1545253704968,1019.19086
1545253705007,1019.2775
1545253705044,1019.2775
1545253705085,1019.2775
1545253705126,1019.2775
1545253705161,1019.2894
1545253705199,1019.2894
1545253705238,1019.2894
1545253705277,1019.2894
1545253705315,1019.2625
1545253705353,1019.2625
1545253705391,1019.2625
1545253705431,1019.2625
1545253705469,1019.3996
1545253705507,1019.3996
1545253705545,1019.3996
1545253705584,1019.3996
1545253705623,1019.59753
1545253705664,1019.59753
1545253705700,1019.59753
1545253705737,1019.59753
1545253705775,1019.2319
1545253705813,1019.2319
1545253705856,1019.2319
1545253705891,1019.2319
1545253705928,1019.2571
1545253705966,1019.2571
1545253706006,1019.2571
1545253706046,1019.2571
1545253706081,1019.3577
1545253706121,1019.3577
1545253706158,1019.3577
1545253706198,1019.3577
1545253706236,1019.2625
1545253706274,1019.2625
1545253706316,1019.2625
1545253706351,1019.2625
1545253706390,1019.2989
1545253706429,1019.2989
1545253706465,1019.2989
1545253706505,1019.2989
1545253706543,1019.45245
1545253706583,1019.45245
1545253706620,1019.45245
1545253706660,1019.45245
1545253706698,1019.44183
1545253706737,1019.44183
1545253706773,1019.44183
1545253706812,1019.44183
1545253706852,1019.1556
1545253706889,1019.1556
1545253706929,1019.1556
1545253706965,1019.1556
1545253707005,1019.1766
1545253707044,1019.1766
1545253707082,1019.1766
1545253707120,1019.1766
1545253707158,1019.3171
1545253707198,1019.3171
1545253707239,1019.3171
1545253707273,1019.3171
1545253707312,1019.2109
1545253707351,1019.2109
1545253707389,1019.2109
1545253707427,1019.2109
1545253707467,1019.2165
1545253707505,1019.2165
1545253707544,1019.2165
1545253707581,1019.2165
1545253707619,1019.40485
1545253707658,1019.40485
1545253707697,1019.40485
1545253707735,1019.40485
1545253707773,1019.65546
1545253707813,1019.65546
1545253707852,1019.65546
1545253707889,1019.65546
1545253707929,1019.42035
1545253707966,1019.42035
1545253708005,1019.42035
1545253708043,1019.42035
1545253708081,1019.05286
1545253708122,1019.05286
1545253708161,1019.05286
1545253708198,1019.05286
1545253708237,1019.02264
1545253708274,1019.02264
1545253708313,1019.02264
1545253708351,1019.02264
1545253708390,1019.1085
1545253708427,1019.1085
1545253708466,1019.1085
1545253708504,1019.1085
1545253708544,1019.16876
1545253708586,1019.16876
1545253708622,1019.16876
1545253708659,1019.16876
1545253708700,1019.1619
1545253708736,1019.1619
1545253708774,1019.1619
1545253708812,1019.1619
1545253708851,1019.2321
1545253708893,1019.2321
1545253708929,1019.2321
1545253708971,1019.2321
1545253709006,1019.2603
1545253709043,1019.2603
1545253709082,1019.2603
1545253709121,1019.2603
1545253709161,1019.14923
1545253709200,1019.14923
1545253709236,1019.14923
1545253709277,1019.1219
1545253709314,1019.13855
1545253709356,1019.13855
1545253709390,1019.13855
1545253709431,1019.2406
1545253709470,1019.2406
1545253709504,1019.2406
1545253709542,1019.2406
1545253709581,1019.43243
1545253709619,1019.43243
1545253709658,1019.43243
1545253709696,1019.43243
1545253709737,1019.2536
1545253709773,1019.2536
1545253709812,1019.2536
1545253709853,1019.2536
1545253709889,1019.2756
1545253709927,1019.2756
1545253709965,1019.2756
1545253710004,1019.2756
1545253710044,1019.42633
1545253710083,1019.42633
1545253710119,1019.42633
1545253710158,1019.42633
1545253710197,1019.47296
1545253710235,1019.47296
1545253710274,1019.47296
1545253710311,1019.47296
1545253710350,1019.219
1545253710388,1019.219
1545253710427,1019.219
1545253710469,1019.219
1545253710504,1019.2594
1545253710542,1019.2594
1545253710581,1019.2594
1545253710619,1019.2594
1545253710658,1019.3034
1545253710697,1019.3034
1545253710738,1019.3034
1545253710773,1019.3034
1545253710812,1019.2117
1545253710850,1019.2117
1545253710887,1019.2117
1545253710926,1019.2117
1545253710965,1019.2105
1545253711003,1019.2105
1545253711042,1019.2105
1545253711081,1019.2105
1545253711119,1019.404
1545253711156,1019.404
1545253711195,1019.404
1545253711235,1019.404
1545253711273,1019.33276
1545253711311,1019.33276
1545253711350,1019.33276
1545253711389,1019.33276
1545253711427,1019.11633
1545253711464,1019.11633
1545253711503,1019.11633
1545253711542,1019.11633
1545253711581,1019.12714
1545253711620,1019.12714
1545253711657,1019.12714
1545253711695,1019.12714
1545253711736,1019.16766
1545253711772,1019.16766
1545253711811,1019.16766
1545253711848,1019.16766
1545253711889,1019.10156
1545253711926,1019.10156
1545253711966,1019.10156
1545253712005,1019.10156
1545253712046,1019.14136
1545253712086,1019.14136
1545253712121,1019.14136
1545253712158,1019.14136
1545253712198,1019.3486
1545253712236,1019.3486
1545253712274,1019.3486
1545253712312,1019.3486
1545253712352,1019.34735
1545253712390,1019.34735
1545253712427,1019.34735
1545253712467,1019.34735
1545253712505,1019.0566
1545253712544,1019.0566
1545253712583,1019.0566
1545253712620,1019.0566
1545253712659,1019.07245
1545253712697,1019.07245
1545253712735,1019.07245
1545253712773,1019.07245
1545253712813,1019.1259
1545253712852,1019.1259
1545253712889,1019.1259
1545253712928,1019.1259
1545253712969,1019.06396
1545253713005,1019.06396
1545253713044,1019.06396
1545253713080,1019.06396
1545253713120,1019.081
1545253713158,1019.081
1545253713198,1019.081
1545253713240,1019.081
1545253713273,1019.2882
1545253713313,1019.2882
1545253713350,1019.2882
1545253713389,1019.2882
1545253713426,1018.9726
1545253713467,1018.9726
1545253713503,1018.9726
1545253713545,1018.9726
1545253713580,1018.8577
1545253713620,1018.8577
1545253713666,1018.8577
1545253713697,1018.8577
1545253713735,1018.91974
1545253713775,1018.91974
1545253713813,1018.91974
1545253713850,1018.91974
1545253713888,1019.0279
1545253713928,1019.0279
1545253713967,1019.0279
1545253714007,1019.0279
1545253714044,1018.98224
1545253714081,1018.98224
1545253714120,1018.98224
1545253714159,1018.98224
1545253714197,1019.0023
1545253714236,1019.0023
1545253714278,1019.0023
1545253714312,1019.0023
1545253714350,1019.25397
1545253714388,1019.25397
1545253714428,1019.25397
1545253714465,1019.25397
1545253714506,1019.316
1545253714541,1019.316
1545253714582,1019.316
1545253714623,1019.316
1545253714660,1018.9755
1545253714696,1018.9755
1545253714735,1018.9755
1545253714773,1018.9755
1545253714814,1018.97284
1545253714854,1018.97284
1545253714891,1018.97284
1545253714927,1018.97284
1545253714966,1019.1085
1545253715004,1019.1085
1545253715045,1019.1085
1545253715082,1019.1085
1545253715120,1018.9896
1545253715157,1018.9896
1545253715195,1018.9896
1545253715235,1018.9896
1545253715285,1019.0464
1545253715310,1019.0464
1545253715352,1019.0464
1545253715387,1019.0464
1545253715426,1019.20337
1545253715466,1019.20337
1545253715505,1019.20337
1545253715541,1019.20337
1545253715581,1019.3923
1545253715619,1019.3923
1545253715656,1019.3923
1545253715697,1019.3923
1545253715734,1018.9136
1545253715776,1018.9136
1545253715812,1018.9136
1545253715854,1018.9136
1545253715889,1018.6844
1545253715927,1018.6844
1545253715965,1018.6844
1545253716004,1018.6844
1545253716042,1018.7631
1545253716084,1018.7631
1545253716119,1018.7631
1545253716158,1018.7631
1545253716198,1018.85254
1545253716243,1018.85254
1545253716278,1018.85254
1545253716310,1018.85254
1545253716350,1018.8762
1545253716388,1018.8762
1545253716428,1018.8762
1545253716465,1018.8762
1545253716528,1018.9472
1545253716543,1018.9472
1545253716581,1018.9472
1545253716622,1018.9472
1545253716658,1018.982
1545253716699,1018.982
1545253716738,1018.982
1545253716774,1018.982
1545253716810,1019.06323
1545253716853,1019.06323
1545253716889,1019.06323
1545253716928,1019.06323
1545253716964,1018.94794
1545253717004,1018.94794
1545253717044,1018.94794
1545253717079,1018.94794
1545253717120,1018.94336
1545253717159,1018.94336
1545253717198,1018.94336
1545253717233,1018.94336
1545253717278,1019.028
1545253717309,1019.028
1545253717350,1019.028
1545253717388,1019.028
1545253717428,1019.0588
1545253717466,1019.0588
1545253717504,1019.0588
1545253717543,1019.0588
1545253717579,1018.9329
1545253717620,1018.9329
1545253717659,1018.9329
1545253717697,1018.9329
1545253717737,1018.97565
1545253717774,1018.97565
1545253717811,1018.97565
1545253717851,1018.97565
1545253717888,1019.18506
1545253717926,1019.18506
1545253717968,1019.18506
1545253718003,1019.18506
1545253718045,1018.9885
1545253718080,1018.9885
1545253718119,1018.9885
1545253718158,1018.9885
1545253718197,1018.82196
1545253718234,1018.82196
1545253718274,1018.82196
1545253718311,1018.82196
1545253718351,1018.8823
1545253718389,1018.8823
1545253718427,1018.8823
1545253718465,1018.8823
1545253718504,1018.96094
1545253718542,1018.96094
1545253718586,1018.96094
1545253718619,1018.96094
1545253718657,1018.8388
1545253718694,1018.8388
1545253718733,1018.8388
1545253718771,1018.8388
1545253718811,1018.9702
1545253718851,1018.9702
1545253718887,1018.9702
1545253718926,1018.9702
1545253718970,1019.15875
1545253719004,1019.15875
1545253719045,1019.15875
1545253719082,1019.15875
1545253719120,1018.7691
1545253719158,1018.7691
1545253719208,1018.7691
1545253719233,1018.73676
1545253719273,1018.73676
1545253719310,1018.73676
1545253719349,1018.73676
1545253719388,1018.84674
1545253719426,1018.84674
1545253719465,1018.84674
1545253719504,1018.84674
1545253719543,1018.8579
1545253719580,1018.8579
1545253719619,1018.8579
1545253719657,1018.8579
1545253719696,1018.78326
1545253719734,1018.78326
1545253719775,1018.78326
1545253719811,1018.78326
1545253719852,1018.9021
1545253719888,1018.9021
1545253719926,1018.9021
1545253719967,1018.9021
1545253720005,1019.1036
1545253720042,1019.1036
1545253720079,1019.1036
1545253720120,1019.1036
1545253720157,1018.75836
1545253720196,1018.75836
1545253720233,1018.75836
1545253720274,1018.75836
1545253720313,1018.7541
1545253720347,1018.7541
1545253720386,1018.7541
1545253720425,1018.7541
1545253720464,1018.84357
1545253720502,1018.84357
1545253720544,1018.84357
1545253720581,1018.84357
1545253720619,1018.79834
1545253720656,1018.79834
1545253720695,1018.79834
1545253720768,1018.79834
1545253720771,1018.85645
1545253720810,1018.85645
1545253720848,1018.85645
1545253720888,1018.85645
1545253720926,1019.016
1545253720969,1019.016
1545253721004,1019.016
1545253721043,1019.016
1545253721082,1019.10065
1545253721119,1019.10065
1545253721156,1019.10065
1545253721196,1019.10065
1545253721235,1018.73663
1545253721274,1018.73663
1545253721309,1018.73663
1545253721350,1018.73663
1545253721387,1018.7451
1545253721426,1018.7451
1545253721465,1018.7451
1545253721503,1018.7451
1545253721542,1018.9041
1545253721580,1018.9041
1545253721624,1018.9041
1545253721658,1018.9041
1545253721697,1018.7664
1545253721734,1018.7664
1545253721776,1018.7664
1545253721808,1018.7664
1545253721848,1018.7767
1545253721893,1018.7767
1545253721926,1018.7767
1545253721964,1018.7767
1545253722003,1019.0023
1545253722040,1019.0023
1545253722079,1019.0023
1545253722119,1019.0023
1545253722159,1019.12134
1545253722196,1019.12134
1545253722234,1019.12134
1545253722277,1019.12134
1545253722308,1018.72656
1545253722348,1018.72656
1545253722386,1018.72656
1545253722426,1018.72656
1545253722467,1018.7017
1545253722504,1018.7017
1545253722543,1018.7017
1545253722580,1018.7017
1545253722617,1018.7917
1545253722656,1018.7917
1545253722693,1018.7917
1545253722733,1018.7917
1545253722772,1018.6678
1545253722811,1018.6678
1545253722848,1018.6678
1545253722885,1018.6678
1545253722925,1018.67804
1545253722964,1018.67804
1545253723002,1018.67804
1545253723041,1018.67804
1545253723084,1018.98676
1545253723118,1018.98676
1545253723158,1018.98676
1545253723195,1018.98676
1545253723233,1019.11237
1545253723271,1019.11237
1545253723312,1019.11237
1545253723348,1019.11237
1545253723386,1018.5389
1545253723426,1018.5389
1545253723463,1018.5389
1545253723502,1018.5389
1545253723542,1018.42804
1545253723579,1018.42804
1545253723620,1018.42804
1545253723657,1018.42804
1545253723701,1018.45135
1545253723732,1018.45135
1545253723774,1018.45135
1545253723808,1018.45135
1545253723846,1018.5017
1545253723886,1018.5017
1545253723926,1018.5017
1545253723963,1018.5017
1545253724000,1018.51385
1545253724038,1018.51385
1545253724080,1018.51385
1545253724119,1018.51385
1545253724156,1018.60016
1545253724194,1018.60016
1545253724236,1018.60016
1545253724272,1018.60016
1545253724311,1018.59863
1545253724348,1018.59863
1545253724389,1018.59863
1545253724426,1018.59863
1545253724462,1018.5459
1545253724502,1018.5459
1545253724542,1018.5459
1545253724579,1018.5459
1545253724619,1018.5102
1545253724656,1018.5102
1545253724696,1018.5102
1545253724734,1018.5102
1545253724776,1018.69727
1545253724810,1018.69727
1545253724847,1018.69727
1545253724887,1018.69727
1545253724925,1018.83765
1545253724965,1018.83765
1545253725001,1018.83765
1545253725041,1018.83765
1545253725081,1018.76324
1545253725119,1018.76324
1545253725155,1018.76324
1545253725195,1018.76324
1545253725234,1018.60284
1545253725271,1018.60284
1545253725309,1018.60284
1545253725347,1018.60284
1545253725387,1018.72266
1545253725426,1018.72266
1545253725463,1018.72266
1545253725501,1018.72266
1545253725540,1018.89294
1545253725579,1018.89294
1545253725619,1018.89294
1545253725657,1018.89294
1545253725695,1018.53656
1545253725734,1018.53656
1545253725770,1018.53656
1545253725809,1018.53656
1545253725849,1018.4616
1545253725887,1018.4616
1545253725928,1018.4616
1545253725966,1018.4616
1545253726001,1018.57294
1545253726040,1018.57294
1545253726080,1018.57294
1545253726118,1018.57294
1545253726157,1018.5899
1545253726196,1018.5899
1545253726234,1018.5899
1545253726271,1018.5899
1545253726309,1018.5295
1545253726347,1018.5295
1545253726387,1018.5295
1545253726426,1018.5295
1545253726464,1018.6408
1545253726503,1018.6408
1545253726540,1018.6408
1545253726578,1018.6408
1545253726618,1018.7897
1545253726656,1018.7897
1545253726694,1018.7897
1545253726731,1018.7897
1545253726769,1018.4384
1545253726808,1018.4384
1545253726847,1018.4384
1545253726885,1018.4384
1545253726928,1018.43243
1545253726963,1018.43243
1545253727004,1018.43243
1545253727041,1018.43243
1545253727078,1018.5574
1545253727119,1018.5574
1545253727157,1018.5574
1545253727194,1018.5574
1545253727232,1018.53973
1545253727270,1018.53973
1545253727310,1018.53973
1545253727348,1018.53973
1545253727386,1018.5191
1545253727423,1018.5191
1545253727463,1018.5191
1545253727503,1018.5191
1545253727539,1018.66376
1545253727579,1018.66376
1545253727616,1018.66376
1545253727657,1018.66376
1545253727694,1018.86884
1545253727731,1018.86884
1545253727770,1018.86884
1545253727808,1018.86884
1545253727847,1018.43555
1545253727885,1018.43555
1545253727924,1018.43555
1545253727964,1018.43555
1545253728002,1018.3581
1545253728040,1018.3581
1545253728077,1018.3581
1545253728119,1018.3581
1545253728155,1018.4717
1545253728193,1018.4717
1545253728231,1018.4717
1545253728269,1018.4717
1545253728309,1018.44775
1545253728351,1018.44775
1545253728385,1018.44775
1545253728424,1018.44775
1545253728463,1018.4521
1545253728501,1018.4521
1545253728538,1018.4521
1545253728578,1018.4521
1545253728615,1018.6007
1545253728656,1018.6007
1545253728693,1018.6007
1545253728731,1018.6007
1545253728772,1018.96124
1545253728807,1018.96124
1545253728846,1018.96124
1545253728885,1018.96124
1545253728926,1018.5153
1545253728964,1018.5153
1545253729002,1018.5153
1545253729039,1018.5153
1545253729078,1018.49536
1545253729117,1018.49536
1545253729154,1018.49536
1545253729192,1018.49536
1545253729234,1018.5612
1545253729270,1018.5612
1545253729309,1018.5612
1545253729347,1018.508
1545253729387,1018.508
1545253729424,1018.508
1545253729469,1018.508
1545253729501,1018.5027
1545253729539,1018.5027
1545253729577,1018.5027
1545253729615,1018.5027
1545253729654,1018.6386
1545253729694,1018.6386
1545253729729,1018.6386
1545253729769,1018.6386
1545253729807,1018.79047
1545253729845,1018.79047
1545253729884,1018.79047
1545253729925,1018.79047
1545253729961,1018.43915
1545253730001,1018.43915
1545253730045,1018.43915
1545253730077,1018.43915
1545253730114,1018.4594
1545253730155,1018.4594
1545253730204,1018.4594
1545253730239,1018.4594
1545253730267,1018.57196
1545253730306,1018.57196
1545253730344,1018.57196
1545253730386,1018.57196
1545253730425,1018.46564
1545253730460,1018.46564
1545253730499,1018.46564
1545253730543,1018.46564
1545253730578,1018.4612
1545253730616,1018.4612
1545253730654,1018.4612
1545253730691,1018.4612
1545253730730,1018.6584
1545253730768,1018.6584
1545253730809,1018.6584
1545253730847,1018.6584
1545253730886,1018.8767
1545253730923,1018.8767
1545253730962,1018.8767
1545253730999,1018.8767
1545253731039,1018.2546
1545253731076,1018.2546
1545253731114,1018.2546
1545253731152,1018.2546
1545253731191,1018.1174
1545253731230,1018.1174
1545253731268,1018.1174
1545253731306,1018.1174
1545253731345,1018.1648
1545253731383,1018.1648
1545253731422,1018.1648
1545253731460,1018.1648
1545253731499,1018.2627
1545253731538,1018.2627
1545253731580,1018.2627
1545253731614,1018.2627
1545253731653,1018.23846
1545253731694,1018.23846
1545253731730,1018.23846
1545253731770,1018.23846
1545253731808,1018.2868
1545253731845,1018.2868
1545253731883,1018.2868
1545253731923,1018.2868
1545253731965,1018.3786
1545253732006,1018.3786
1545253732038,1018.3786
1545253732076,1018.3786
1545253732118,1018.2133
1545253732152,1018.2133
1545253732191,1018.2133
1545253732232,1018.2133
1545253732271,1018.16425
1545253732307,1018.16425
1545253732344,1018.16425
1545253732385,1018.16425
1545253732424,1018.2861
1545253732460,1018.2861
1545253732500,1018.2861
1545253732540,1018.2861
1545253732579,1018.4446
1545253732619,1018.4446
1545253732655,1018.4446
1545253732693,1018.4446
1545253732731,1018.3664
1545253732770,1018.3664
1545253732810,1018.3664
1545253732845,1018.3664
1545253732885,1018.4506
1545253732924,1018.4506
1545253732965,1018.4506
1545253732998,1018.4506
1545253733039,1018.6015
1545253733077,1018.6015
1545253733114,1018.6015
1545253733156,1018.6015
1545253733193,1018.7496
1545253733233,1018.7496
1545253733269,1018.7496
1545253733308,1018.7496
1545253733352,1018.3561
1545253733383,1018.3561
1545253733422,1018.3561
1545253733461,1018.3561
1545253733500,1018.299
1545253733539,1018.299
1545253733575,1018.299
1545253733618,1018.299
1545253733656,1018.41833
1545253733696,1018.41833
1545253733732,1018.41833
1545253733769,1018.41833
1545253733807,1018.28375
1545253733845,1018.28375
1545253733884,1018.28375
1545253733922,1018.28375
1545253733961,1018.2945
1545253733998,1018.2945
1545253734038,1018.2945
1545253734075,1018.2945
1545253734117,1018.53827
1545253734154,1018.53827
1545253734194,1018.53827
1545253734230,1018.53827
1545253734267,1018.7209
1545253734307,1018.7209
1545253734345,1018.7209
1545253734385,1018.7209
1545253734425,1018.1999
1545253734460,1018.1999
1545253734499,1018.1999
1545253734539,1018.1999
1545253734599,1018.18756
1545253734616,1018.18756
1545253734655,1018.18756
1545253734690,1018.18756
1545253734731,1018.2744
1545253734769,1018.2744
1545253734809,1018.2744
1545253734844,1018.2744
1545253734884,1018.1706
1545253734921,1018.1706
1545253734963,1018.1706
1545253735000,1018.1706
1545253735039,1018.21
1545253735077,1018.21
1545253735115,1018.21
1545253735154,1018.21
1545253735193,1018.5311
1545253735232,1018.5311
1545253735268,1018.5311
1545253735310,1018.5311
1545253735345,1018.1252
1545253735384,1018.1252
1545253735422,1018.1252
1545253735461,1018.1252
1545253735503,1018.1667
1545253735538,1018.1667
1545253735577,1018.1667
1545253735614,1018.1667
1545253735653,1018.1903
1545253735692,1018.1903
1545253735728,1018.1903
1545253735767,1018.1903
1545253735805,1018.14343
1545253735846,1018.14343
1545253735883,1018.14343
1545253735924,1018.14343
1545253735960,1018.0901
1545253736000,1018.0901
1545253736036,1018.0901
1545253736076,1018.0901
1545253736117,1018.16406
1545253736154,1018.16406
1545253736192,1018.16406
1545253736230,1018.16406
1545253736268,1018.42163
1545253736307,1018.42163
1545253736347,1018.42163
1545253736383,1018.42163
1545253736423,1018.04755
1545253736460,1018.04755
1545253736498,1018.04755
1545253736539,1018.04755
1545253736577,1018.0238
1545253736614,1018.0238
1545253736653,1018.0238
1545253736691,1018.0238
1545253736730,1018.1243
1545253736767,1018.1243
1545253736806,1018.1243
1545253736844,1018.1243
1545253736882,1018.0427
1545253736920,1018.0427
1545253736959,1018.0427
1545253736999,1018.0427
1545253737038,1018.08136
1545253737077,1018.08136
1545253737114,1018.08136
1545253737152,1018.08136
1545253737192,1018.211
1545253737231,1018.211
1545253737267,1018.211
1545253737306,1018.211
1545253737348,1018.4201
1545253737383,1018.4201
1545253737424,1018.4201
1545253737460,1018.4201
1545253737500,1018.01746
1545253737537,1018.01746
1545253737582,1018.01746
1545253737616,1018.01746
1545253737655,1017.9426
1545253737692,1017.9426
1545253737731,1017.9426
1545253737768,1017.9426
1545253737808,1018.07056
1545253737845,1018.07056
1545253737882,1018.07056
1545253737924,1018.07056
1545253737964,1018.0522
1545253738000,1018.0522
1545253738038,1018.0522
1545253738079,1018.0522
1545253738114,1017.99506
1545253738152,1017.99506
1545253738190,1017.99506
1545253738229,1017.99506
1545253738269,1018.1494
1545253738306,1018.1494
1545253738344,1018.1494
1545253738382,1018.1494
1545253738423,1018.315
1545253738459,1018.315
1545253738501,1018.315
1545253738537,1018.315
1545253738576,1017.9576
1545253738617,1017.9576
1545253738655,1017.9576
1545253738692,1017.9576
1545253738729,1017.83746
1545253738768,1017.83746
1545253738806,1017.83746
1545253738844,1017.83746
1545253738885,1017.9154
1545253738925,1017.9154
1545253738959,1017.9154
1545253738998,1017.9154
1545253739038,1017.9937
1545253739075,1017.9937
1545253739114,1017.9937
1545253739153,1017.9937
1545253739192,1018.0307
1545253739228,1018.0307
1545253739268,1018.0307
1545253739307,1018.0307
1545253739344,1017.9986
1545253739381,1017.9986
1545253739421,1017.9986
1545253739461,1017.9986
1545253739499,1018.0598
1545253739539,1018.0598
1545253739577,1018.0598
1545253739613,1018.06195
1545253739652,1018.06195
1545253739689,1018.06195
1545253739728,1018.06195
1545253739767,1017.8947
1545253739806,1017.8947
1545253739846,1017.8947
1545253739883,1017.8947
1545253739923,1017.81134
1545253739961,1017.81134
1545253739999,1017.81134
1545253740035,1017.81134
1545253740073,1017.9982
1545253740112,1017.9982
1545253740152,1017.9982
1545253740190,1017.9982
1545253740229,1018.11163
1545253740267,1018.11163
1545253740306,1018.11163
1545253740344,1018.11163
1545253740385,1018.0168
1545253740422,1018.0168
1545253740460,1018.0168
1545253740498,1018.0168
1545253740536,1018.078
1545253740577,1018.078
1545253740613,1018.078
1545253740653,1018.078
1545253740690,1018.3673
1545253740727,1018.3673
1545253740768,1018.3673
1545253740807,1018.3673
1545253740844,1018.0631
1545253740882,1018.0631
1545253740920,1018.0631
1545253740959,1018.0631
1545253741000,1017.88556
1545253741036,1017.88556
1545253741075,1017.88556
1545253741118,1017.88556
1545253741152,1017.96643
1545253741190,1017.96643
1545253741229,1017.96643
1545253741267,1017.96643
1545253741305,1018.0396
1545253741346,1018.0396
1545253741383,1018.0396
1545253741421,1018.0396
1545253741459,1017.9579
1545253741498,1017.9579
1545253741536,1017.9579
1545253741575,1017.9579
1545253741614,1018.01996
1545253741651,1018.01996
1545253741691,1018.01996
1545253741728,1018.01996
1545253741767,1018.23737
1545253741808,1018.23737
1545253741847,1018.23737
1545253741880,1018.23737
1545253741922,1017.85956
1545253741959,1017.85956
1545253742002,1017.85956
1545253742036,1017.85956
1545253742076,1017.80524
1545253742114,1017.80524
1545253742152,1017.80524
1545253742197,1017.80524
1545253742228,1017.91174
1545253742267,1017.91174
1545253742305,1017.91174
1545253742348,1017.91174
1545253742382,1017.90533
1545253742421,1017.90533
1545253742458,1017.90533
1545253742497,1017.90533
1545253742536,1017.8743
1545253742575,1017.8743
1545253742613,1017.8743
1545253742653,1017.8743
1545253742693,1017.9977
1545253742729,1017.9977
1545253742767,1017.9977
1545253742806,1017.9977
1545253742845,1018.24915
1545253742882,1018.24915
1545253742920,1018.24915
1545253742959,1018.24915
1545253742997,1017.86865
1545253743036,1017.86865
1545253743076,1017.86865
1545253743112,1017.86865
1545253743151,1017.77576
1545253743191,1017.77576
1545253743227,1017.77576
1545253743266,1017.77576
1545253743306,1017.8543
1545253743344,1017.8543
1545253743380,1017.8543
1545253743420,1017.8543
1545253743459,1017.8618
1545253743498,1017.8618
1545253743535,1017.8618
1545253743576,1017.8618
1545253743613,1017.8416
1545253743652,1017.8416
1545253743688,1017.8416
1545253743730,1017.8416
1545253743766,1017.96466
1545253743807,1017.96466
1545253743848,1017.96466
1545253743881,1017.96466
1545253743921,1018.15393
1545253743960,1018.15393
1545253743997,1018.15393
1545253744036,1018.15393
1545253744073,1017.79
1545253744112,1017.79
1545253744151,1017.79
1545253744189,1017.79
1545253744227,1017.76575
1545253744266,1017.76575
1545253744304,1017.76575
1545253744347,1017.76575
1545253744382,1017.91956
1545253744420,1017.91956
1545253744460,1017.91956
1545253744496,1017.91956
1545253744536,1017.8406
1545253744576,1017.8406
1545253744613,1017.8406
1545253744653,1017.8406
1545253744689,1017.78326
1545253744728,1017.78326
1545253744769,1017.78326
1545253744807,1017.78326
1545253744844,1017.92285
1545253744880,1017.92285
1545253744920,1017.92285
1545253744957,1017.92285
1545253744997,1018.2855
1545253745039,1018.2855
1545253745075,1018.2855
1545253745112,1018.2855
1545253745150,1017.83417
1545253745191,1017.83417
1545253745228,1017.83417
1545253745266,1017.83417
1545253745304,1017.8102
1545253745346,1017.8102
1545253745380,1017.8102
1545253745419,1017.8102
1545253745459,1017.91205
1545253745498,1017.91205
1545253745536,1017.91205
1545253745574,1017.91205
1545253745612,1017.7854
1545253745659,1017.7854
1545253745687,1017.7854
1545253745728,1017.7854
1545253745771,1017.80597
1545253745806,1017.80597
1545253745850,1017.80597
1545253745884,1017.80597
1545253745918,1018.0781
1545253745956,1018.0781
1545253745995,1018.0781
1545253746034,1018.0781
1545253746072,1018.0884
1545253746111,1018.0884
1545253746149,1018.0884
1545253746187,1018.0884
1545253746226,1017.70575
1545253746264,1017.70575
1545253746304,1017.70575
1545253746353,1017.70575
1545253746381,1017.6578
1545253746420,1017.6578
1545253746458,1017.6578
1545253746496,1017.6578
1545253746535,1017.67096
1545253746573,1017.67096
1545253746612,1017.67096
1545253746650,1017.67096
1545253746688,1017.8755
1545253746727,1017.8755
1545253746771,1017.8755
1545253746825,1017.8755
1545253746841,1017.72766
1545253746880,1017.72766
1545253746919,1017.72766
1545253746959,1017.72766
1545253746997,1017.7405
1545253747038,1017.7405
1545253747076,1017.7405
1545253747112,1017.7405
1545253747151,1017.7447
1545253747201,1017.7447
1545253747227,1017.7447
1545253747266,1017.7447
1545253747304,1017.7048
1545253747342,1017.7048
1545253747379,1017.7048
1545253747420,1017.7048
1545253747459,1017.6474
1545253747497,1017.6474
1545253747536,1017.6474
1545253747574,1017.6474
1545253747612,1017.76495
1545253747651,1017.76495
1545253747688,1017.76495
1545253747727,1017.76495
1545253747768,1017.9301
1545253747803,1017.9301
1545253747844,1017.9301
1545253747880,1017.9301
1545253747921,1017.7874
1545253747959,1017.7874
1545253747995,1017.7874
1545253748034,1017.7874
1545253748074,1017.8079
1545253748117,1017.8079
1545253748164,1017.8079
1545253748189,1017.8079
1545253748229,1017.96136
1545253748266,1017.96136
1545253748306,1017.96136
1545253748344,1017.96136
1545253748380,1017.9554
1545253748418,1017.9554
1545253748460,1017.9554
1545253748496,1017.9554
1545253748534,1017.6766
1545253748574,1017.6766
1545253748612,1017.6766
1545253748650,1017.6766
1545253748687,1017.71124
1545253748730,1017.71124
1545253748767,1017.71124
1545253748804,1017.71124
1545253748843,1017.8049
1545253748881,1017.8049
1545253748917,1017.8049
1545253748958,1017.8049
1545253748996,1017.7247
1545253749035,1017.7247
1545253749073,1017.7247
1545253749112,1017.7247
1545253749149,1017.7152
1545253749191,1017.7152
1545253749227,1017.7152
1545253749268,1017.7152
1545253749305,1017.9859
1545253749343,1017.9859
1545253749380,1017.9859
1545253749420,1017.9859
1545253749461,1017.91656
1545253749495,1017.91656
1545253749535,1017.91656
1545253749575,1017.91656
1545253749614,1017.66516
1545253749650,1017.66516
1545253749689,1017.66516
1545253749725,1017.66516
1545253749765,1017.77924
1545253749805,1017.77924
1545253749840,1017.77924
1545253749880,1017.8289
1545253749918,1017.82025
1545253749957,1017.82025
1545253749996,1017.82025
1545253750033,1017.6784
1545253750071,1017.6784
1545253750112,1017.6784
1545253750148,1017.6784
1545253750190,1017.67444
1545253750226,1017.67444
1545253750265,1017.67444
1545253750305,1017.67444
1545253750342,1017.92633
1545253750382,1017.92633
1545253750418,1017.92633
1545253750456,1017.92633
1545253750495,1017.69
1545253750537,1017.69
1545253750575,1017.69
1545253750612,1017.69
1545253750649,1017.5336
1545253750687,1017.5336
1545253750726,1017.5336
1545253750766,1017.5336
1545253750804,1017.587
1545253750845,1017.587
1545253750886,1017.587
1545253750917,1017.587
1545253750958,1017.6759
1545253750995,1017.6759
1545253751036,1017.6759
1545253751074,1017.6759
1545253751112,1017.59686
1545253751150,1017.59686
1545253751188,1017.59686
1545253751226,1017.59686
1545253751270,1017.6353
1545253751304,1017.6353
1545253751344,1017.6353
1545253751379,1017.6353
1545253751417,1017.9068
1545253751456,1017.9068
1545253751496,1017.9068
1545253751535,1017.9068
1545253751572,1017.71454
1545253751612,1017.71454
1545253751651,1017.71454
1545253751691,1017.71454
1545253751726,1017.52136
1545253751768,1017.52136
1545253751804,1017.52136
1545253751843,1017.52136
1545253751879,1017.57434
1545253751918,1017.57434
1545253751957,1017.57434
1545253751994,1017.57434
1545253752036,1017.6208
1545253752072,1017.6208
1545253752111,1017.6208
1545253752149,1017.6208
1545253752186,1017.55176
1545253752226,1017.55176
1545253752267,1017.55176
1545253752304,1017.55176
1545253752341,1017.60645
1545253752380,1017.60645
1545253752418,1017.60645
1545253752456,1017.60645
1545253752497,1017.84973
1545253752534,1017.84973
1545253752573,1017.84973
1545253752609,1017.84973
1545253752650,1017.589
1545253752687,1017.589
1545253752728,1017.589
1545253752764,1017.589
1545253752805,1017.4438
1545253752841,1017.4438
1545253752885,1017.4438
1545253752917,1017.4438
1545253752959,1017.5627
1545253752994,1017.5627
1545253753032,1017.5627
1545253753073,1017.5627
1545253753110,1017.59863
1545253753149,1017.59863
1545253753187,1017.59863
1545253753227,1017.59863
1545253753265,1017.53265
1545253753303,1017.53265
1545253753343,1017.53265
1545253753378,1017.53265
1545253753417,1017.7153
1545253753456,1017.7153
1545253753495,1017.7153
1545253753534,1017.7153
1545253753571,1017.89667
1545253753611,1017.89667
1545253753648,1017.89667
1545253753685,1017.89667
1545253753726,1018.05493
1545253753763,1018.05493
1545253753802,1018.05493
1545253753841,1018.05493
1545253753879,1017.5683
1545253753916,1017.5683
1545253753955,1017.5683
1545253753993,1017.5683
1545253754033,1017.48615
1545253754070,1017.48615
1545253754110,1017.48615
1545253754147,1017.48615
1545253754187,1017.53656
1545253754232,1017.53656
1545253754261,1017.53656
1545253754301,1017.53656
1545253754341,1017.5571
1545253754379,1017.5571
1545253754417,1017.5571
1545253754458,1017.5571
1545253754496,1017.52545
1545253754533,1017.52545
1545253754573,1017.52545
1545253754609,1017.52545
1545253754648,1017.56934
1545253754687,1017.56934
1545253754728,1017.56934
1545253754766,1017.56934
1545253754802,1017.5667
1545253754842,1017.5667
1545253754881,1017.5667
1545253754918,1017.5667
1545253754958,1017.44293
1545253754995,1017.44293
1545253755034,1017.44293
1545253755071,1017.44293
1545253755108,1017.3682
1545253755150,1017.3682
1545253755189,1017.3682
1545253755225,1017.3682
1545253755267,1017.42755
1545253755303,1017.42755
1545253755357,1017.42755
1545253755378,1017.42755
1545253755418,1017.56696
1545253755458,1017.56696
1545253755494,1017.56696
1545253755533,1017.56696
1545253755572,1017.4483
1545253755611,1017.4483
1545253755649,1017.4483
1545253755687,1017.4483
1545253755726,1017.5073
1545253755764,1017.5073
1545253755802,1017.5073
1545253755840,1017.5073
1545253755878,1017.72894
1545253755916,1017.72894
1545253755954,1017.72894
1545253755996,1017.72894
1545253756034,1017.47845
1545253756074,1017.47845
1545253756109,1017.47845
1545253756149,1017.47845
1545253756188,1017.36383
1545253756226,1017.36383
1545253756264,1017.36383
1545253756302,1017.36383
1545253756341,1017.48444
1545253756381,1017.48444
1545253756417,1017.48444
1545253756456,1017.48444
1545253756494,1017.4171
1545253756534,1017.4171
1545253756571,1017.4171
1545253756610,1017.4171
1545253756646,1017.3777
1545253756687,1017.3777
1545253756725,1017.3777
1545253756768,1017.3777
1545253756802,1017.57904
1545253756840,1017.57904
1545253756885,1017.57904
1545253756916,1017.57904
1545253756955,1017.75214
1545253756992,1017.75214
1545253757031,1017.75214
1545253757071,1017.75214
1545253757109,1017.40894
1545253757148,1017.40894
1545253757186,1017.40894
1545253757226,1017.40894
1545253757264,1017.30743
1545253757301,1017.30743
1545253757340,1017.30743
1545253757378,1017.30743
1545253757418,1017.4408
1545253757454,1017.4408
1545253757496,1017.4408
1545253757533,1017.4408
1545253757571,1017.4009
1545253757608,1017.4009
1545253757648,1017.4009
1545253757689,1017.4009
1545253757724,1017.36835
1545253757766,1017.36835
1545253757801,1017.36835
1545253757840,1017.36835
1545253757881,1017.53516
1545253757920,1017.53516
1545253757955,1017.53516
1545253757995,1017.53516
1545253758032,1017.7143
1545253758073,1017.7143
1545253758109,1017.7143
1545253758147,1017.7143
1545253758186,1017.29333
1545253758223,1017.29333
1545253758264,1017.29333
1545253758301,1017.29333
1545253758340,1017.29926
1545253758391,1017.29926
1545253758417,1017.29926
1545253758456,1017.29926
1545253758493,1017.4251
1545253758532,1017.4251
1545253758572,1017.4251
1545253758608,1017.4251
1545253758646,1017.39087
1545253758686,1017.39087
1545253758723,1017.39087
1545253758762,1017.39087
1545253758801,1017.36176
1545253758839,1017.36176
1545253758890,1017.36176
1545253758917,1017.36176
1545253758955,1017.485
1545253758994,1017.485
1545253759035,1017.485
1545253759071,1017.485
1545253759108,1017.6823
1545253759146,1017.6823
1545253759185,1017.6823
1545253759226,1017.6823
1545253759269,1017.2246
1545253759301,1017.2246
1545253759342,1017.2246
1545253759378,1017.2246
1545253759416,1017.1893
1545253759455,1017.1893
1545253759496,1017.1893
1545253759535,1017.1893
1545253759572,1017.3527
1545253759608,1017.3527
1545253759647,1017.3527
1545253759688,1017.3527
1545253759724,1017.3131
1545253759762,1017.3131
1545253759801,1017.3131
1545253759840,1017.3131
1545253759877,1017.2598
1545253759918,1017.2598
1545253759954,1017.2598
1545253759995,1017.2598
1545253760031,1017.37366
1545253760069,1017.37366
1545253760108,1017.37366
1545253760146,1017.37366
1545253760185,1017.5771
1545253760225,1017.5771
1545253760265,1017.5771
1545253760299,1017.29706
1545253760342,1017.29706
1545253760378,1017.29706
1545253760416,1017.29706
1545253760456,1017.28406
1545253760494,1017.28406
1545253760532,1017.28406
1545253760571,1017.28406
1545253760609,1017.411
1545253760648,1017.411
1545253760686,1017.411
1545253760724,1017.411
1545253760761,1017.3483
1545253760801,1017.3483
1545253760839,1017.3483
1545253760878,1017.3483
1545253760915,1017.34296
1545253760955,1017.34296
1545253760998,1017.34296
1545253761031,1017.34296
1545253761070,1017.5883
1545253761108,1017.5883
1545253761146,1017.5883
1545253761184,1017.5883
1545253761223,1017.68146
1545253761263,1017.68146
1545253761304,1017.68146
1545253761338,1017.68146
1545253761379,1017.3112
1545253761414,1017.3112
1545253761457,1017.3112
1545253761491,1017.3112
1545253761533,1017.0472
1545253761570,1017.0472
1545253761608,1017.0472
1545253761647,1017.0472
1545253761687,1017.0444
1545253761724,1017.0444
1545253761763,1017.0444
1545253761801,1017.0444
1545253761840,1017.18805
1545253761878,1017.18805
1545253761918,1017.18805
1545253761954,1017.18805
1545253761991,1017.143
1545253762031,1017.143
1545253762069,1017.143
1545253762108,1017.143
1545253762147,1017.2144
1545253762184,1017.2144
1545253762224,1017.2144
1545253762278,1017.2144
1545253762306,1017.28955
1545253762338,1017.28955
1545253762376,1017.28955
1545253762414,1017.28955
1545253762452,1017.3695
1545253762491,1017.3695
1545253762529,1017.3695
1545253762571,1017.3695
1545253762606,1017.23553
1545253762645,1017.23553
1545253762686,1017.23553
1545253762725,1017.23553
1545253762763,1017.27185
1545253762799,1017.27185
1545253762841,1017.27185
1545253762877,1017.27185
1545253762914,1017.3912
1545253762952,1017.3912
1545253762990,1017.3912
1545253763029,1017.3912
1545253763071,1017.2755
1545253763107,1017.2755
1545253763149,1017.2755
1545253763186,1017.2755
1545253763226,1017.30444
1545253763262,1017.30444
1545253763300,1017.30444
1545253763339,1017.30444
1545253763378,1017.3853
1545253763420,1017.3853
1545253763456,1017.3853
1545253763493,1017.3853
1545253763530,1017.5312
1545253763569,1017.5312
1545253763609,1017.5312
1545253763645,1017.5312
1545253763686,1017.12213
1545253763725,1017.12213
1545253763761,1017.12213
1545253763800,1017.12213
1545253763840,1017.10114
1545253763877,1017.10114
1545253763915,1017.10114
1545253763954,1017.10114
1545253763992,1017.23
1545253764032,1017.23
1545253764071,1017.23
1545253764107,1017.23
1545253764146,1017.17615
1545253764184,1017.17615
1545253764223,1017.17615
1545253764261,1017.17615
1545253764302,1017.18
1545253764341,1017.18
1545253764376,1017.18
1545253764415,1017.18
1545253764455,1017.4115
1545253764493,1017.4115
1545253764532,1017.4115
1545253764571,1017.4115
1545253764607,1017.61566
1545253764646,1017.61566
1545253764685,1017.61566
1545253764724,1017.61566
1545253764761,1017.15717
1545253764801,1017.15717
1545253764838,1017.15717
1545253764877,1017.15717
1545253764914,1017.16016
1545253764951,1017.16016
1545253764992,1017.16016
1545253765033,1017.16016
1545253765069,1017.29926
1545253765111,1017.29926
1545253765147,1017.29926
1545253765184,1017.29926
1545253765223,1017.15375
1545253765262,1017.15375
1545253765300,1017.15375
1545253765338,1017.15375
1545253765379,1017.1739
1545253765415,1017.1739
1545253765452,1017.1739
1545253765491,1017.1739
1545253765531,1017.3632
1545253765570,1017.3632
1545253765608,1017.3632
1545253765645,1017.3632
1545253765689,1017.5169
1545253765723,1017.5169
1545253765762,1017.5169
1545253765800,1017.5169
1545253765837,1017.0104
1545253765877,1017.0104
1545253765916,1017.0104
1545253765954,1017.0104
1545253765991,1016.9543
1545253766030,1016.9543
1545253766069,1016.9543
1545253766110,1016.9543
1545253766146,1017.09906
1545253766185,1017.09906
1545253766224,1017.09906
1545253766261,1017.09906
1545253766298,1017.0669
1545253766337,1017.0669
1545253766378,1017.0669
1545253766416,1017.0669
1545253766453,1017.01764
1545253766491,1017.01764
1545253766530,1017.01764
1545253766570,1017.01764
1545253766606,1017.155
1545253766644,1017.155
1545253766686,1017.155
1545253766722,1017.155
1545253766763,1017.3301
1545253766799,1017.3301
1545253766837,1017.3301
1545253766878,1017.3301
1545253766914,1016.92456
1545253766953,1016.92456
1545253766990,1016.92456
1545253767030,1016.92456
1545253767069,1016.88556
1545253767107,1016.88556
1545253767146,1016.88556
1545253767184,1016.88556
1545253767222,1017.0029
1545253767260,1017.0029
1545253767299,1017.0029
1545253767336,1017.0029
1545253767377,1017.0199
1545253767414,1017.0199
1545253767451,1017.0199
1545253767492,1017.0199
1545253767529,1017.01056
1545253767570,1017.01056
1545253767609,1017.01056
1545253767646,1017.01056
1545253767684,1017.14545
1545253767721,1017.14545
1545253767765,1017.14545
1545253767800,1017.14545
1545253767839,1017.38214
1545253767877,1017.38214
1545253767917,1017.38214
1545253767953,1017.38214
1545253767990,1016.9395
1545253768029,1016.9395
1545253768069,1016.9395
1545253768105,1016.9395
1545253768146,1016.82764
1545253768184,1016.82764
1545253768221,1016.82764
1545253768260,1016.82764
1545253768299,1016.9479
1545253768338,1016.9479
1545253768377,1016.9479
1545253768418,1016.9479
1545253768452,1017.01166
1545253768491,1017.01166
1545253768529,1017.01166
1545253768568,1017.01166
1545253768606,1016.88525
1545253768646,1016.88525
1545253768684,1016.88525
1545253768720,1016.88525
1545253768758,1016.9964
1545253768798,1016.9964
1545253768836,1016.9964
1545253768877,1016.9964
1545253768915,1017.268
1545253768955,1017.268
1545253768993,1017.268
1545253769029,1017.268
1545253769070,1017.5964
1545253769108,1017.5964
1545253769145,1017.5964
1545253769184,1017.5964
1545253769222,1017.0486
1545253769261,1017.0486
1545253769302,1017.0486
1545253769338,1017.0486
1545253769375,1016.9033
1545253769413,1016.9033
1545253769451,1016.9033
1545253769490,1016.9033
1545253769529,1016.9879
1545253769570,1016.9879
1545253769607,1016.9879
1545253769645,1016.9879
1545253769683,1016.99854
1545253769723,1016.99854
1545253769759,1016.99854
1545253769799,1016.99854
1545253769839,1016.93207
1545253769875,1016.93207
1545253769921,1016.93207
1545253769951,1016.93207
1545253769990,1017.0815
1545253770028,1017.0815
1545253770069,1017.0815
1545253770107,1017.0815
1545253770146,1017.01337
1545253770184,1017.01337
1545253770221,1017.01337
1545253770259,1017.01337
1545253770299,1017.0291
1545253770336,1017.0291
1545253770376,1017.0291
1545253770415,1017.0291
1545253770451,1016.8959
1545253770490,1016.8959
1545253770528,1016.8959
1545253770568,1017.02814
1545253770605,1017.02814
1545253770647,1017.02814
1545253770684,1017.02814
1545253770723,1017.259
1545253770759,1017.259
1545253770798,1017.259
1545253770839,1017.259
1545253770874,1017.03827
1545253770917,1017.03827
1545253770952,1017.03827
1545253770990,1017.03827
1545253771030,1017.04034
1545253771068,1017.04034
1545253771106,1017.04034
1545253771177,1017.04034
1545253771182,1017.1838
1545253771219,1017.1838
1545253771261,1017.1838
1545253771299,1017.1838
1545253771339,1017.2509
1545253771375,1017.2509
1545253771413,1017.2509
1545253771450,1017.2509
1545253771490,1016.9366
1545253771529,1016.9366
1545253771567,1016.9366
1545253771604,1016.9366
1545253771644,1016.96436
1545253771684,1016.96436
1545253771722,1016.96436
1545253771759,1016.96436
1545253771799,1017.011
1545253771837,1017.011
1545253771875,1017.011
1545253771921,1017.011
1545253771959,1016.90967
1545253771991,1016.90967
1545253772026,1016.90967
1545253772066,1016.90967
1545253772104,1016.9803
1545253772144,1016.9803
1545253772182,1016.9803
1545253772222,1016.9803
1545253772261,1017.3148
1545253772298,1017.3148
1545253772335,1017.3148
1545253772377,1017.3148
1545253772412,1017.0267
1545253772451,1017.0267
1545253772489,1017.0267
1545253772530,1017.0267
1545253772567,1016.77057
1545253772605,1016.77057
1545253772645,1016.77057
1545253772684,1016.77057
1545253772724,1016.8686
1545253772760,1016.8686
1545253772803,1016.8686
1545253772836,1016.8686
1545253772875,1016.8958
1545253772914,1016.8958
1545253772951,1016.8958
1545253772991,1016.8958
1545253773029,1016.78815
1545253773067,1016.78815
1545253773106,1016.78815
1545253773144,1016.78815
1545253773182,1016.8688
1545253773222,1016.8688
1545253773259,1016.8688
1545253773299,1016.8688
1545253773336,1017.16394
1545253773373,1017.16394
1545253773413,1017.16394
1545253773450,1017.16394
1545253773489,1016.88605
1545253773527,1016.88605
1545253773568,1016.88605
1545253773607,1016.88605
1545253773646,1016.6893
1545253773684,1016.6893
1545253773726,1016.6893
1545253773760,1016.6893
1545253773799,1016.82074
1545253773837,1016.82074
1545253773876,1016.82074
1545253773915,1016.82074
1545253773952,1016.84906
1545253773989,1016.84906
1545253774027,1016.84906
1545253774067,1016.84906
1545253774108,1016.7546
1545253774143,1016.7546
1545253774182,1016.7546
1545253774223,1016.7546
1545253774260,1016.8149
1545253774297,1016.8149
1545253774337,1016.8149
1545253774373,1016.8149
1545253774413,1017.1212
1545253774452,1017.1212
1545253774490,1017.1212
1545253774528,1017.1212
1545253774569,1016.73413
1545253774607,1016.73413
1545253774642,1016.73413
1545253774682,1016.73413
1545253774722,1016.6136
1545253774760,1016.6136
1545253774796,1016.6136
1545253774837,1016.6136
1545253774875,1016.7305
1545253774912,1016.7305
1545253774951,1016.7305
1545253774990,1016.7305
1545253775027,1016.7028
1545253775067,1016.7028
1545253775105,1016.7028
1545253775144,1016.7028
1545253775181,1016.6869
1545253775220,1016.6869
1545253775258,1016.6869
1545253775297,1016.6869
1545253775353,1016.8286
1545253775387,1016.8286
1545253775411,1016.8286
1545253775451,1016.8286
1545253775488,1017.00385
1545253775526,1017.00385
1545253775566,1017.00385
1545253775604,1017.00385
1545253775643,1016.575
1545253775684,1016.575
1545253775721,1016.575
1545253775759,1016.575
1545253775797,1016.5596
1545253775836,1016.5596
1545253775877,1016.5596
1545253775913,1016.5596
1545253775950,1016.6954
1545253775988,1016.6954
1545253776028,1016.6954
1545253776065,1016.6954
1545253776105,1016.6751
1545253776146,1016.6751
1545253776183,1016.6751
1545253776221,1016.6751
1545253776258,1016.6972
1545253776298,1016.6972
1545253776338,1016.6972
1545253776376,1016.6972
1545253776412,1016.941
1545253776453,1016.941
1545253776489,1016.941
1545253776527,1016.941
1545253776566,1017.11194
1545253776604,1017.11194
1545253776645,1017.11194
1545253776681,1017.11194
1545253776720,1016.55585
1545253776758,1016.55585
1545253776797,1016.55585
1545253776836,1016.55585
1545253776876,1016.37213
1545253776915,1016.37213
1545253776954,1016.37213
1545253776989,1016.37213
1545253777027,1016.4985
1545253777065,1016.4985
1545253777105,1016.4985
1545253777144,1016.4985
1545253777182,1016.6814
1545253777219,1016.6814
1545253777256,1016.6814
1545253777296,1016.6814
1545253777339,1016.592
1545253777374,1016.592
1545253777411,1016.592
1545253777451,1016.592
1545253777489,1016.6823
1545253777529,1016.6823
1545253777566,1016.6823
1545253777605,1016.6823
1545253777644,1016.6921
1545253777683,1016.6921
1545253777720,1016.6921
1545253777758,1016.6921
1545253777797,1016.7561
1545253777835,1016.7561
1545253777877,1016.7561
1545253777911,1016.7561
1545253777951,1016.63556
1545253777988,1016.63556
1545253778030,1016.63556
1545253778067,1016.63556
1545253778104,1016.63873
1545253778143,1016.63873
1545253778181,1016.63873
1545253778219,1016.63873
1545253778258,1016.7754
1545253778297,1016.7754
1545253778335,1016.7754
1545253778372,1016.7754
1545253778411,1016.6239
1545253778451,1016.6239
1545253778489,1016.6239
1545253778527,1016.6239
1545253778565,1016.6571
1545253778605,1016.6571
1545253778644,1016.6571
1545253778697,1016.6571
1545253778720,1016.78973
1545253778757,1016.78973
1545253778796,1016.78973
1545253778833,1016.78973
1545253778877,1017.07733
1545253778915,1017.07733
1545253778950,1017.07733
1545253778989,1017.07733
1545253779034,1016.53253
1545253779065,1016.53253
1545253779101,1016.53253
1545253779141,1016.53253
1545253779181,1016.4668
1545253779220,1016.4668
1545253779258,1016.4668
1545253779296,1016.4668
1545253779337,1016.6329
1545253779375,1016.6329
1545253779412,1016.6329
1545253779449,1016.6329
1545253779487,1016.5855
1545253779527,1016.5855
1545253779568,1016.5855
1545253779604,1016.5855
1545253779645,1016.5638
1545253779682,1016.5638
1545253779719,1016.5638
1545253779757,1016.5638
1545253779796,1016.71014
1545253779833,1016.71014
1545253779872,1016.71014
1545253779911,1016.71014
1545253779948,1016.89856
1545253779989,1016.89856
1545253780035,1016.89856
1545253780065,1016.89856
1545253780103,1016.48236
1545253780143,1016.48236
1545253780180,1016.48236
1545253780223,1016.48236
1545253780257,1016.4804
1545253780298,1016.4804
1545253780337,1016.4804
1545253780374,1016.4804
1545253780411,1016.61646
1545253780450,1016.61646
1545253780487,1016.61646
1545253780526,1016.61646
1545253780565,1016.5844
1545253780606,1016.5844
1545253780643,1016.5844
1545253780680,1016.5844
1545253780720,1016.54474
1545253780760,1016.54474
1545253780795,1016.54474
1545253780835,1016.7382
1545253780872,1016.7382
1545253780912,1016.7382
1545253780949,1016.7382
1545253780988,1016.93726
1545253781028,1016.93726
1545253781064,1016.93726
1545253781103,1016.93726
1545253781144,1016.4773
1545253781185,1016.4773
1545253781219,1016.4773
1545253781257,1016.4773
1545253781297,1016.4401
1545253781334,1016.4401
1545253781372,1016.4401
1545253781411,1016.4401
1545253781448,1016.57056
1545253781487,1016.57056
1545253781528,1016.57056
1545253781568,1016.57056
1545253781606,1016.5171
1545253781642,1016.5171
1545253781680,1016.5171
1545253781719,1016.5171
1545253781756,1016.54083
1545253781796,1016.54083
1545253781836,1016.54083
1545253781874,1016.54083
1545253781911,1016.7464
1545253781950,1016.7464
1545253781989,1016.7464
1545253782028,1016.7464
1545253782068,1016.9554
1545253782103,1016.9554
1545253782142,1016.9554
1545253782182,1016.9554
1545253782220,1016.50226
1545253782257,1016.50226
1545253782298,1016.50226
1545253782338,1016.50226
1545253782372,1016.51086
1545253782411,1016.51086
1545253782450,1016.51086
1545253782488,1016.51086
1545253782528,1016.57574
1545253782564,1016.57574
1545253782603,1016.57574
1545253782643,1016.57574
1545253782681,1016.518
1545253782720,1016.518
1545253782757,1016.518
1545253782796,1016.518
1545253782834,1016.5435
1545253782873,1016.5435
1545253782910,1016.5435
1545253782953,1016.5435
1545253782986,1016.8082
1545253783026,1016.8082
1545253783064,1016.8082
1545253783104,1016.8082
1545253783141,1016.66724
1545253783180,1016.66724
1545253783219,1016.66724
1545253783261,1016.66724
1545253783308,1016.44775
1545253783332,1016.44775
1545253783374,1016.44775
1545253783410,1016.44775
1545253783453,1016.5203
1545253783487,1016.5203
1545253783526,1016.5203
1545253783564,1016.5203
1545253783603,1016.5561
1545253783641,1016.5561
1545253783680,1016.5561
1545253783719,1016.5561
1545253783757,1016.4695
1545253783793,1016.4695
1545253783832,1016.4695
1545253783872,1016.4695
1545253783911,1016.4892
1545253783952,1016.4892
1545253783987,1016.4892
1545253784027,1016.4892
1545253784067,1016.74365
1545253784101,1016.74365
1545253784140,1016.74365
1545253784181,1016.74365
1545253784218,1016.5764
1545253784256,1016.5764
1545253784293,1016.5764
1545253784331,1016.5764
1545253784370,1016.2922
1545253784411,1016.2922
1545253784449,1016.2922
1545253784485,1016.2922
1545253784525,1016.2902
1545253784573,1016.2902
1545253784601,1016.2902
1545253784642,1016.2902
1545253784682,1016.39575
1545253784720,1016.39575
1545253784759,1016.39575
1545253784795,1016.39575
1545253784834,1016.4035
1545253784875,1016.4035
1545253784913,1016.4035
1545253784950,1016.4035
1545253784986,1016.4083
1545253785025,1016.4083
1545253785067,1016.4083
1545253785102,1016.4083
1545253785143,1016.4586
1545253785179,1016.4586
1545253785218,1016.4586
1545253785256,1016.4586
1545253785297,1016.4715
1545253785332,1016.4715
1545253785374,1016.4715
1545253785410,1016.4715
1545253785452,1016.408
1545253785486,1016.408
1545253785526,1016.408
1545253785565,1016.408
1545253785602,1016.30316
1545253785643,1016.30316
1545253785682,1016.30316
1545253785719,1016.30316
1545253785756,1016.418
1545253785795,1016.418
1545253785832,1016.418
1545253785874,1016.418
1545253785911,1016.5768
1545253785947,1016.5768
1545253785988,1016.5768
1545253786025,1016.5768
1545253786063,1016.3783
1545253786103,1016.3783
1545253786140,1016.3783
1545253786181,1016.3783
1545253786219,1016.4398
1545253786257,1016.4398
1545253786297,1016.4398
1545253786331,1016.4398
1545253786372,1016.6637
1545253786414,1016.6637
1545253786448,1016.6637
1545253786487,1016.6637
1545253786527,1016.5313
1545253786564,1016.5313
1545253786603,1016.5313
1545253786640,1016.5313
1545253786679,1016.3383
1545253786717,1016.3383
1545253786756,1016.3383
1545253786795,1016.3383
1545253786833,1016.4401
1545253786872,1016.4401
1545253786910,1016.4401
1545253786954,1016.4401
1545253786986,1016.4238
1545253787028,1016.4238
1545253787062,1016.4238
1545253787101,1016.4238
1545253787143,1016.36005
1545253787176,1016.36005
1545253787217,1016.36005
1545253787256,1016.36005
1545253787294,1016.5514
1545253787334,1016.5514
1545253787371,1016.5514
1545253787409,1016.5514
1545253787447,1016.66345
1545253787488,1016.66345
1545253787526,1016.66345
1545253787564,1016.66345
1545253787600,1016.23596
1545253787639,1016.23596
1545253787680,1016.23596
1545253787717,1016.23596
1545253787759,1016.2309
1545253787793,1016.2309
1545253787834,1016.2309
1545253787878,1016.2309
1545253787910,1016.36694
1545253787952,1016.36694
1545253787987,1016.36694
1545253788024,1016.36694
1545253788065,1016.3404
1545253788101,1016.3404
1545253788140,1016.3404
1545253788178,1016.3404
1545253788219,1016.2732
1545253788257,1016.2732
1545253788296,1016.2732
1545253788334,1016.2732
1545253788371,1016.4277
1545253788410,1016.4277
1545253788451,1016.4277
1545253788486,1016.4277
1545253788526,1016.58636
1545253788563,1016.58636
1545253788604,1016.58636
1545253788640,1016.58636
1545253788678,1016.24866
1545253788717,1016.24866
1545253788757,1016.24866
1545253788807,1016.24866
1545253788834,1016.2761
1545253788871,1016.2761
1545253788910,1016.2761
1545253788946,1016.2761
1545253788997,1016.3771
1545253789025,1016.3771
1545253789062,1016.3771
1545253789101,1016.3771
1545253789139,1016.25323
1545253789177,1016.25323
1545253789215,1016.25323
1545253789254,1016.25323
1545253789291,1016.3088
1545253789331,1016.3088
1545253789369,1016.3088
1545253789409,1016.3088
1545253789447,1016.6053
1545253789488,1016.6053
1545253789524,1016.6053
1545253789565,1016.6053
1545253789601,1016.27814
1545253789640,1016.27814
1545253789682,1016.27814
1545253789716,1016.27814
1545253789756,1016.1252
1545253789792,1016.1252
1545253789832,1016.1252
1545253789872,1016.1252
1545253789909,1016.2407
1545253789948,1016.2407
1545253789986,1016.2407
1545253790023,1016.2407
1545253790063,1016.29877
1545253790104,1016.29877
1545253790142,1016.29877
1545253790184,1016.29877
1545253790217,1016.2307
1545253790256,1016.2307
1545253790295,1016.2307
1545253790332,1016.2307
1545253790369,1016.3322
1545253790408,1016.3322
1545253790448,1016.3322
1545253790488,1016.3322
1545253790531,1016.5164
1545253790561,1016.5164
1545253790600,1016.5164
1545253790639,1016.5164
1545253790678,1016.10944
1545253790717,1016.10944
1545253790756,1016.10944
1545253790792,1016.10944
1545253790833,1016.0603
1545253790870,1016.0603
1545253790908,1016.0603
1545253790948,1016.22217
1545253790988,1016.22217
1545253791028,1016.22217
1545253791061,1016.22217
1545253791105,1016.1641
1545253791139,1016.1641
1545253791179,1016.1641
1545253791218,1016.1641
1545253791255,1016.1304
1545253791294,1016.1304
1545253791333,1016.1304
1545253791370,1016.1304
1545253791408,1016.3909
1545253791446,1016.3909
1545253791487,1016.3909
1545253791523,1016.3909
1545253791562,1016.54767
1545253791603,1016.54767
1545253791640,1016.54767
1545253791678,1016.54767
1545253791716,1016.0737
1545253791756,1016.0737
1545253791793,1016.0737
1545253791833,1016.0737
1545253791871,1015.88556
1545253791910,1015.88556
1545253791950,1015.88556
1545253791986,1015.88556
1545253792024,1015.95135
1545253792062,1015.95135
1545253792103,1015.95135
1545253792139,1015.95135
1545253792179,1016.06946
1545253792216,1016.06946
1545253792253,1016.06946
1545253792293,1016.06946
1545253792333,1016.08923
1545253792376,1016.08923
1545253792415,1016.08923
1545253792447,1016.08923
1545253792486,1016.15814
1545253792522,1016.15814
1545253792562,1016.15814
1545253792600,1016.15814
1545253792640,1016.1561
1545253792680,1016.1561
1545253792717,1016.1561
1545253792757,1016.1561
1545253792793,1016.20306
1545253792831,1016.20306
1545253792870,1016.20306
1545253792910,1016.20306
1545253792947,1016.0666
1545253792986,1016.0666
1545253793023,1016.0666
1545253793061,1016.0666
1545253793102,1016.07745
1545253793138,1016.07745
1545253793176,1016.07745
1545253793217,1016.07745
1545253793254,1016.27484
1545253793293,1016.27484
1545253793333,1016.27484
1545253793370,1016.27484
1545253793408,1016.2474
1545253793446,1016.2474
1545253793496,1016.2474
1545253793521,1016.2474
1545253793561,1016.10724
1545253793601,1016.10724
1545253793640,1016.10724
1545253793678,1016.10724
1545253793717,1016.2042
1545253793756,1016.2042
1545253793794,1016.2042
1545253793837,1016.2042
1545253793870,1016.55774
1545253793907,1016.55774
1545253793947,1016.55774
1545253793985,1016.55774
1545253794023,1016.22363
1545253794062,1016.22363
1545253794103,1016.22363
1545253794139,1016.22363
1545253794179,1016.0726
1545253794218,1016.0726
1545253794258,1016.0726
1545253794293,1016.0726
1545253794332,1016.1584
1545253794370,1016.1584
1545253794409,1016.1584
1545253794448,1016.1584
1545253794484,1016.0849
1545253794523,1016.0849
1545253794564,1016.0849
1545253794600,1016.0849
1545253794639,1016.0157
1545253794677,1016.0157
1545253794715,1016.0157
1545253794754,1016.0157
1545253794793,1016.16754
1545253794832,1016.16754
1545253794871,1016.16754
1545253794906,1016.16754
1545253794947,1016.3675
1545253794986,1016.3675
1545253795025,1016.3675
1545253795061,1016.3675
1545253795100,1015.88385
1545253795138,1015.88385
1545253795178,1015.88385
1545253795218,1015.88385
1545253795256,1015.855
1545253795294,1015.855
1545253795333,1015.855
1545253795369,1015.855
1545253795410,1016.0549
1545253795450,1016.0549
1545253795488,1016.0549
1545253795523,1016.0549
1545253795563,1015.9968
1545253795599,1015.9968
1545253795640,1015.9968
1545253795678,1015.9968
1545253795718,1016.01685
1545253795754,1016.01685
1545253795794,1016.01685
1545253795832,1016.01685
1545253795870,1016.25226
1545253795908,1016.25226
1545253795946,1016.25226
1545253795987,1016.25226
1545253796021,1016.15094
1545253796061,1016.15094
1545253796100,1016.15094
1545253796139,1016.15094
1545253796178,1015.919
1545253796215,1015.919
1545253796254,1015.919
1545253796293,1015.919
1545253796329,1016.0151
1545253796382,1016.0151
1545253796420,1016.0151
1545253796453,1016.0151
1545253796483,1015.96564
1545253796520,1015.96564
1545253796560,1015.96564
1545253796598,1015.96564
1545253796637,1015.9419
1545253796675,1015.9419
1545253796714,1015.9419
1545253796758,1015.9419
1545253796792,1016.14557
1545253796830,1016.14557
1545253796870,1016.14557
1545253796910,1016.14557
1545253796945,1016.29254
1545253796986,1016.29254
1545253797026,1016.29254
1545253797062,1016.29254
1545253797099,1015.9213
1545253797138,1015.9213
1545253797176,1015.9213
1545253797217,1015.9213
1545253797255,1015.9353
1545253797295,1015.9353
1545253797331,1015.9353
1545253797370,1015.9353
1545253797406,1015.99567
1545253797449,1015.99567
1545253797485,1015.99567
1545253797521,1015.99567
1545253797563,1015.929
1545253797602,1015.929
1545253797640,1015.929
1545253797677,1015.929
1545253797722,1016.0211
1545253797755,1016.0211
1545253797792,1016.0211
1545253797830,1016.0211
1545253797868,1016.27106
1545253797907,1016.27106
1545253797946,1016.27106
1545253797985,1016.27106
1545253798024,1016.53815
1545253798060,1016.53815
1545253798100,1016.53815
1545253798140,1016.53815
1545253798176,1015.97736
1545253798216,1015.97736
1545253798254,1015.97736
1545253798299,1015.97736
1545253798330,1015.96045
1545253798368,1015.96045
1545253798407,1015.96045
1545253798445,1015.96045
1545253798488,1016.05
1545253798523,1016.05
1545253798563,1016.05
1545253798597,1016.05
1545253798636,1015.94446
1545253798678,1015.94446
1545253798714,1015.94446
1545253798754,1015.94446
1545253798792,1016.0219
1545253798834,1016.0219
1545253798869,1016.0219
1545253798908,1016.0219
1545253798949,1016.2779
1545253798983,1016.2779
1545253799021,1016.2779
1545253799062,1016.2779
1545253799098,1016.30444
1545253799139,1016.30444
1545253799181,1016.30444
1545253799215,1016.30444
1545253799257,1015.8698
1545253799293,1015.8698
1545253799330,1015.8698
1545253799370,1015.8698
1545253799407,1015.7892
1545253799445,1015.7892
1545253799485,1015.7892
1545253799521,1015.7892
1545253799559,1015.86725
1545253799600,1015.86725
1545253799638,1015.86725
1545253799676,1015.86725
1545253799714,1015.8217
1545253799756,1015.8217
1545253799791,1015.8217
1545253799829,1015.8217
1545253799869,1015.96014
1545253799908,1015.96014
1545253799945,1015.96014
1545253799986,1015.96014
1545253800031,1015.98816
1545253800059,1015.98816
1545253800098,1015.98816
1545253800137,1015.98816
1545253800175,1016.06537
1545253800214,1016.06537
1545253800253,1016.06537
1545253800292,1016.06537
1545253800331,1015.93414
1545253800369,1015.93414
1545253800406,1015.93414
1545253800455,1015.93414
1545253800504,1015.89044
1545253800522,1015.89044
1545253800558,1015.89044
1545253800597,1015.89044
1545253800640,1016.0385
1545253800674,1016.0385
1545253800714,1016.0385
1545253800750,1016.0385
1545253800791,1016.03253
1545253800834,1016.03253
1545253800866,1016.03253
1545253800906,1015.84607
1545253800944,1015.84607
1545253800983,1015.84607
1545253801019,1015.84607
1545253801059,1015.9822
1545253801099,1015.9822
1545253801135,1015.9822
1545253801174,1015.9822
1545253801215,1016.18896
1545253801253,1016.18896
1545253801289,1016.18896
1545253801328,1016.18896
1545253801371,1015.9004
1545253801405,1015.9004
1545253801443,1015.9004
1545253801480,1015.9004
1545253801520,1015.8481
1545253801558,1015.8481
1545253801596,1015.8481
1545253801636,1015.8481
1545253801675,1015.94617
1545253801713,1015.94617
1545253801751,1015.94617
1545253801790,1015.94617
1545253801834,1015.8352
1545253801865,1015.8352
1545253801904,1015.8352
1545253801947,1015.8352
1545253801984,1015.8727
1545253802027,1015.8727
1545253802058,1015.8727
1545253802098,1015.8727
1545253802138,1016.1735
1545253802175,1016.1735
1545253802216,1016.1735
1545253802252,1016.1735
1545253802290,1015.91754
1545253802329,1015.91754
1545253802368,1015.91754
1545253802406,1015.91754
1545253802447,1015.81696
1545253802484,1015.81696
1545253802520,1015.81696
1545253802558,1015.81696
1545253802597,1015.9299
1545253802636,1015.9299
1545253802676,1015.9299
1545253802713,1015.9299
1545253802753,1015.87384
1545253802792,1015.87384
1545253802829,1015.87384
1545253802869,1015.87384
1545253802906,1015.8144
1545253802945,1015.8144
1545253802983,1015.8144
1545253803022,1015.8144
1545253803058,1015.9965
1545253803099,1015.9965
1545253803137,1015.9965
1545253803176,1015.9965
1545253803214,1016.1464
1545253803251,1016.1464
1545253803291,1016.1464
1545253803331,1016.1464
1545253803370,1015.74713
1545253803407,1015.74713
1545253803445,1015.74713
1545253803483,1015.74713
1545253803527,1015.7357
1545253803558,1015.7357
1545253803596,1015.7357
1545253803636,1015.7357
1545253803678,1015.881
1545253803714,1015.881
1545253803751,1015.881
1545253803789,1015.881
1545253803830,1015.7912
1545253803866,1015.7912
1545253803905,1015.7912
1545253803946,1015.7912
1545253803981,1015.8381
1545253804020,1015.8381
1545253804059,1015.8381
1545253804097,1015.8381
1545253804136,1016.1395
1545253804176,1016.1395
1545253804216,1016.1395
1545253804254,1016.1395
1545253804289,1016.0969
1545253804327,1016.0969
1545253804366,1016.0969
1545253804408,1016.0969
1545253804443,1015.78687
1545253804483,1015.78687
1545253804525,1015.78687
1545253804558,1015.78687
1545253804599,1015.8252
1545253804639,1015.8252
1545253804675,1015.8252
1545253804712,1015.8252
1545253804753,1015.919
1545253804791,1015.919
1545253804836,1015.919
1545253804867,1015.919
1545253804905,1015.75195
1545253804944,1015.75195
1545253804982,1015.75195
1545253805019,1015.75195
1545253805057,1015.95764
1545253805096,1015.95764
1545253805134,1015.95764
1545253805173,1015.95764
1545253805214,1016.0583
1545253805252,1016.0583
1545253805289,1016.0583
1545253805338,1016.0583
1545253805366,1015.69556
1545253805407,1015.69556
1545253805444,1015.69556
1545253805481,1015.69556
1545253805524,1015.6893
1545253805559,1015.6893
1545253805596,1015.6893
1545253805634,1015.6893
1545253805679,1015.81946
1545253805714,1015.81946
1545253805751,1015.81946
1545253805789,1015.81946
1545253805829,1015.74506
1545253805869,1015.74506
1545253805905,1015.74506
1545253805943,1015.74506
1545253805983,1015.79596
1545253806023,1015.79596
1545253806059,1015.79596
1545253806097,1015.79596
1545253806142,1016.09784
1545253806174,1016.09784
1545253806215,1016.09784
1545253806250,1016.09784
1545253806289,1016.22766
1545253806329,1016.22766
1545253806367,1016.22766
1545253806404,1016.22766
1545253806443,1015.6658
1545253806480,1015.6658
1545253806519,1015.6658
1545253806558,1015.6658
1545253806597,1015.59344
1545253806637,1015.59344
1545253806673,1015.59344
1545253806714,1015.59344
1545253806765,1015.64825
1545253806794,1015.64825
1545253806826,1015.64825
1545253806865,1015.64825
1545253806904,1015.7167
1545253806941,1015.7167
1545253806980,1015.7167
1545253807019,1015.7167
1545253807057,1015.7847
1545253807096,1015.7847
1545253807135,1015.7847
1545253807176,1015.7847
1545253807213,1015.79535
1545253807251,1015.79535
1545253807290,1015.79535
1545253807327,1015.79535
1545253807364,1015.85223
1545253807406,1015.85223
1545253807443,1015.85223
1545253807482,1015.85223
1545253807520,1015.70917
1545253807562,1015.70917
1545253807596,1015.70917
1545253807635,1015.70917
1545253807674,1015.6557
1545253807713,1015.6557
1545253807750,1015.6557
1545253807791,1015.6557
1545253807829,1015.8182
1545253807867,1015.8182
1545253807903,1015.8182
1545253807943,1015.8182
1545253807983,1015.742
1545253808021,1015.742
1545253808069,1015.742
1545253808101,1015.742
1545253808134,1015.6307
1545253808174,1015.6307
1545253808214,1015.6307
1545253808250,1015.6307
1545253808290,1015.797
1545253808327,1015.797
1545253808365,1015.797
1545253808403,1015.797
1545253808442,1015.86646
1545253808482,1015.86646
1545253808520,1015.86646
1545253808562,1015.86646
1545253808599,1015.44006
1545253808635,1015.44006
1545253808674,1015.44006
1545253808733,1015.44006
1545253808751,1015.3991
1545253808788,1015.3991
1545253808826,1015.3991
1545253808865,1015.3991
1545253808905,1015.5482
1545253808943,1015.5482
1545253808981,1015.5482
1545253809019,1015.5482
1545253809063,1015.51154
1545253809095,1015.51154
1545253809138,1015.51154
1545253809174,1015.51154
1545253809216,1015.559
1545253809254,1015.559
1545253809290,1015.559
1545253809326,1015.559
1545253809367,1015.81
1545253809405,1015.81
1545253809443,1015.81
1545253809480,1015.81
1545253809519,1015.90985
1545253809556,1015.90985
1545253809596,1015.90985
1545253809633,1015.90985
1545253809675,1015.5816
1545253809712,1015.5816
1545253809749,1015.5816
1545253809790,1015.5816
1545253809829,1015.61707
1545253809867,1015.61707
1545253809907,1015.61707
1545253809941,1015.61707
1545253809985,1015.69025
1545253810020,1015.69025
1545253810062,1015.69025
1545253810096,1015.69025
1545253810135,1015.4896
1545253810172,1015.4896
1545253810210,1015.4896
1545253810254,1015.4896
1545253810289,1015.637
1545253810327,1015.637
1545253810364,1015.637
1545253810402,1015.637
1545253810441,1015.797
1545253810484,1015.797
1545253810519,1015.797
1545253810558,1015.797
1545253810595,1015.4091
1545253810635,1015.4091
1545253810671,1015.4091
1545253810710,1015.4091
1545253810749,1015.36334
1545253810788,1015.36334
1545253810825,1015.36334
1545253810867,1015.36334
1545253810904,1015.4563
1545253810944,1015.4563
1545253810982,1015.4563
1545253811020,1015.3962
1545253811060,1015.4128
1545253811096,1015.4128
1545253811135,1015.4128
1545253811173,1015.5272
1545253811212,1015.5272
1545253811250,1015.5272
1545253811288,1015.5272
1545253811326,1015.8049
1545253811368,1015.8049
1545253811404,1015.8049
1545253811444,1015.8049
1545253811481,1015.5169
1545253811523,1015.5169
1545253811562,1015.5169
1545253811594,1015.5169
1545253811634,1015.3157
1545253811672,1015.3157
1545253811712,1015.3157
1545253811751,1015.3157
1545253811789,1015.40607
1545253811827,1015.40607
1545253811867,1015.40607
1545253811903,1015.40607
1545253811941,1015.50885
1545253811980,1015.50885
1545253812020,1015.50885
1545253812062,1015.50885
1545253812095,1015.4361
1545253812135,1015.4361
1545253812174,1015.4361
1545253812213,1015.4361
1545253812250,1015.5385
1545253812291,1015.5385
1545253812334,1015.5385
1545253812362,1015.5385
1545253812401,1015.60004
1545253812442,1015.60004
1545253812478,1015.60004
1545253812520,1015.60004
1545253812563,1015.6676
1545253812605,1015.6676
1545253812633,1015.6676
1545253812671,1015.6676
1545253812711,1015.36383
1545253812748,1015.36383
1545253812787,1015.36383
1545253812829,1015.36383
1545253812867,1015.3601
1545253812908,1015.3601
1545253812943,1015.3601
1545253812980,1015.3601
1545253813018,1015.3483
1545253813059,1015.3483
1545253813096,1015.3483
1545253813135,1015.3483
1545253813180,1015.3022
1545253813209,1015.3022
1545253813248,1015.3022
1545253813286,1015.3022
1545253813325,1015.4135
1545253813364,1015.4135
1545253813404,1015.4135
1545253813441,1015.4135
1545253813480,1015.7822
1545253813524,1015.7822
1545253813556,1015.7822
1545253813593,1015.7822
1545253813635,1015.5721
1545253813670,1015.5721
1545253813709,1015.5721
1545253813748,1015.5721
1545253813787,1015.3364
1545253813831,1015.3364
1545253813872,1015.3364
1545253813903,1015.3364
1545253813942,1015.23615
1545253813980,1015.23615
1545253814018,1015.23615
1545253814057,1015.23615
1545253814094,1015.2802
1545253814134,1015.2802
1545253814173,1015.2802
1545253814213,1015.2802
1545253814250,1015.3709
1545253814288,1015.3709
1545253814328,1015.3709
1545253814366,1015.3709
1545253814410,1015.4837
1545253814441,1015.4837
1545253814479,1015.4837
1545253814520,1015.4837
1545253814556,1015.4516
1545253814593,1015.4516
1545253814632,1015.4516
1545253814674,1015.4516
1545253814712,1015.4149
1545253814747,1015.4149
1545253814786,1015.4149
1545253814827,1015.4149
1545253814872,1015.3347
1545253814904,1015.3347
1545253814941,1015.3347
1545253814984,1015.3347
1545253815018,1015.341
1545253815056,1015.341
1545253815097,1015.341
1545253815134,1015.341
1545253815172,1015.2625
1545253815211,1015.2625
1545253815247,1015.2625
1545253815286,1015.2625
1545253815324,1015.2636
1545253815365,1015.2636
1545253815401,1015.2636
1545253815439,1015.2636
1545253815480,1015.23065
1545253815519,1015.23065
1545253815555,1015.23065
1545253815613,1015.23065
1545253815636,1015.2609
1545253815675,1015.2609
1545253815735,1015.2609
1545253815809,1015.2609
1545253815810,1015.3136
1545253815825,1015.3136
1545253815879,1015.3136
1545253815906,1015.3136
1545253815997,1015.2729
1545253815998,1015.2729
1545253816064,1015.2729
1545253816065,1015.2729
1545253816107,1015.2293
1545253816131,1015.2293
1545253816171,1015.2293
1545253816213,1015.2293
1545253816249,1015.2273
1545253816284,1015.2273
1545253816323,1015.2273
1545253816371,1015.2273
1545253816401,1015.25415
1545253816439,1015.25415
1545253816478,1015.25415
1545253816516,1015.25415
1545253816555,1015.25867
1545253816593,1015.25867
1545253816633,1015.25867
1545253816669,1015.25867
1545253816709,1015.2609
1545253816748,1015.2609
1545253816786,1015.2609
1545253816825,1015.2609
1545253816865,1015.2615
1545253816902,1015.2615
1545253816938,1015.2615
1545253816979,1015.2615
1545253817023,1015.27405
1545253817054,1015.27405
1545253817096,1015.27405
1545253817141,1015.27405
1545253817373,1015.2794
1545253817373,1015.2794
1545253817373,1015.2794
1545253817374,1015.2794
1545253817374,1015.27826
1545253817374,1015.27826
1545253817425,1015.27826
1545253817445,1015.27826
1545253817494,1015.27795
1545253817517,1015.27795
1545253817553,1015.27795
1545253817592,1015.27795
1545253817631,1015.27454
1545253817668,1015.27454
1545253817718,1015.27454
1545253817745,1015.27454
1545253817784,1015.273
1545253817822,1015.273
1545253817861,1015.273
1545253817899,1015.273
1545253817938,1015.27905
1545253817977,1015.27905
1545253818015,1015.27905
1545253818054,1015.27905
1545253818097,1015.27704
1545253818136,1015.27704
1545253818169,1015.27704
