1545253191833,1020.7857
1545253191834,1020.7857
1545253191891,1020.7857
1545253191977,1020.7982
1545253191978,1020.7982
1545253191978,1020.7982
1545253192015,1020.7982
1545253192053,1020.81757
1545253192098,1020.81757
1545253192131,1020.81757
1545253192173,1020.81757
1545253192219,1020.82495
1545253192249,1020.82495
1545253192293,1020.82495
1545253192324,1020.82495
1545253192360,1020.87024
1545253192405,1020.87024
1545253192440,1020.87024
1545253192476,1020.87024
1545253192515,1020.88275
1545253192553,1020.88275
1545253192592,1020.88275
1545253192635,1020.88275
1545253192668,1020.89166
1545253192716,1020.89166
1545253192745,1020.89166
1545253192783,1020.89166
1545253192823,1020.8702
1545253192862,1020.8702
1545253192899,1020.8702
1545253192938,1020.8702
1545253192981,1020.8163
1545253193014,1020.8163
1545253193053,1020.8163
1545253193091,1020.8163
1545253193132,1020.6924
1545253193173,1020.6924
1545253193209,1020.6924
1545253193245,1020.6924
1545253193284,1020.71326
1545253193323,1020.71326
1545253193360,1020.71326
1545253193402,1020.71326
1545253193439,1020.7322
1545253193479,1020.7322
1545253193514,1020.7322
1545253193576,1020.7322
1545253193616,1020.7576
1545253193641,1020.7576
1545253193669,1020.7576
1545253193708,1020.7576
1545253193745,1020.7785
1545253193784,1020.7785
1545253193822,1020.7785
1545253193861,1020.7785
1545253193903,1020.794
1545253193938,1020.794
1545253193977,1020.794
1545253194014,1020.794
1545253194052,1020.81494
1545253194091,1020.81494
1545253194128,1020.81494
1545253194173,1020.81494
1545253194206,1020.83044
1545253194246,1020.83044
1545253194286,1020.83044
1545253194325,1020.83044
1545253194363,1020.8388
1545253194399,1020.8388
1545253194437,1020.8388
1545253194475,1020.8388
1545253194515,1020.8392
1545253194552,1020.8392
1545253194591,1020.8392
1545253194631,1020.8392
1545253194668,1020.8598
1545253194706,1020.8598
1545253194745,1020.8598
1545253194784,1020.8598
1545253194822,1020.891
1545253194863,1020.891
1545253194902,1020.891
1545253194936,1020.891
1545253194975,1020.8689
1545253195013,1020.8689
1545253195052,1020.8689
1545253195094,1020.8689
1545253195129,1020.8687
1545253195167,1020.8687
1545253195215,1020.8687
1545253195246,1020.8687
1545253195285,1020.87366
1545253195321,1020.87366
1545253195360,1020.87366
1545253195398,1020.87366
1545253195441,1020.8786
1545253195475,1020.8786
1545253195514,1020.8786
1545253195560,1020.8786
1545253195606,1020.88806
1545253195630,1020.88806
1545253195669,1020.88806
1545253195707,1020.88806
1545253195745,1020.8886
1545253195785,1020.8886
1545253195823,1020.8886
1545253195861,1020.8886
1545253195898,1020.8868
1545253195940,1020.8868
1545253195975,1020.8868
1545253196013,1020.8868
1545253196053,1020.8689
1545253196090,1020.8689
1545253196128,1020.8689
1545253196167,1020.8689
1545253196205,1020.87646
1545253196244,1020.87646
1545253196283,1020.87646
1545253196324,1020.87646
1545253196360,1020.8685
1545253196398,1020.8685
1545253196438,1020.8685
1545253196476,1020.8685
1545253196514,1020.878
1545253196552,1020.878
1545253196594,1020.878
1545253196629,1020.878
1545253196668,1020.8829
1545253196706,1020.8829
1545253196745,1020.8829
1545253196822,1020.8829
1545253196823,1020.8914
1545253196892,1020.8914
1545253196910,1020.8914
1545253196936,1020.8914
1545253196976,1020.88385
1545253197015,1020.88385
1545253197053,1020.88385
1545253197094,1020.88385
1545253197129,1020.89124
1545253197168,1020.89124
1545253197206,1020.89124
1545253197246,1020.89124
1545253197282,1020.8836
1545253197321,1020.8836
1545253197362,1020.8836
1545253197398,1020.8836
1545253197438,1020.87225
1545253197475,1020.87225
1545253197514,1020.87225
1545253197552,1020.87225
1545253197590,1020.8732
1545253197628,1020.8732
1545253197669,1020.8732
1545253197705,1020.8732
1545253197744,1020.9174
1545253197784,1020.9174
1545253197822,1020.9174
1545253197859,1020.9174
1545253197899,1020.90375
1545253197938,1020.90375
1545253197974,1020.90375
1545253198013,1020.90375
1545253198051,1020.9098
1545253198090,1020.9098
1545253198129,1020.9098
1545253198166,1020.9098
1545253198206,1020.92236
1545253198244,1020.92236
1545253198283,1020.92236
1545253198321,1020.92236
1545253198359,1020.91986
1545253198403,1020.91986
1545253198440,1020.91986
1545253198474,1020.91986
1545253198514,1020.91876
1545253198553,1020.91876
1545253198591,1020.91876
1545253198628,1020.91876
1545253198672,1020.9043
1545253198707,1020.9043
1545253198744,1020.9043
1545253198783,1020.9043
1545253198870,1020.9565
1545253198870,1020.9565
1545253198902,1020.9565
1545253198935,1020.9565
1545253198980,1021.12274
1545253199028,1021.12274
1545253199051,1021.12274
1545253199093,1021.12274
1545253199133,1020.88794
1545253199167,1020.88794
1545253199209,1020.88794
1545253199247,1020.88794
1545253199298,1020.83386
1545253199320,1020.83386
1545253199361,1020.83386
1545253199404,1020.83386
1545253199436,1020.85016
1545253199484,1020.85016
1545253199512,1020.85016
1545253199551,1020.85016
1545253199589,1020.88354
1545253199629,1020.88354
1545253199668,1020.88354
1545253199705,1020.88354
1545253199743,1020.8287
1545253199783,1020.8287
1545253199820,1020.8287
1545253199858,1020.8287
1545253199897,1020.8566
1545253199938,1020.8566
1545253199974,1020.8566
1545253200012,1020.8566
1545253200051,1020.9008
1545253200089,1020.9008
1545253200127,1020.9008
1545253200166,1020.9008
1545253200205,1021.188
1545253200243,1021.188
1545253200284,1021.188
1545253200320,1021.188
1545253200359,1020.87177
1545253200397,1020.87177
1545253200446,1020.87177
1545253200475,1020.87177
1545253200513,1020.75543
1545253200553,1020.75543
1545253200590,1020.75543
1545253200632,1020.75543
1545253200667,1020.80475
1545253200705,1020.80475
1545253200747,1020.80475
1545253200781,1020.80475
1545253200820,1020.8347
1545253200859,1020.8347
1545253200897,1020.8347
1545253200935,1020.8347
1545253200974,1020.76447
1545253201013,1020.76447
1545253201051,1020.76447
1545253201090,1020.76447
1545253201127,1020.7927
1545253201166,1020.7927
1545253201205,1020.7927
1545253201243,1020.7927
1545253201283,1020.86945
1545253201321,1020.86945
1545253201358,1020.86945
1545253201402,1020.86945
1545253201435,1021.13403
1545253201474,1021.13403
1545253201515,1021.13403
1545253201551,1021.13403
1545253201589,1020.7375
1545253201627,1020.7375
1545253201667,1020.7375
1545253201705,1020.7375
1545253201744,1020.7502
1545253201781,1020.7502
1545253201819,1020.7502
1545253201859,1020.7331
1545253201896,1020.74146
1545253201936,1020.74146
1545253201973,1020.74146
1545253202012,1020.7788
1545253202050,1020.7788
1545253202089,1020.7788
1545253202128,1020.7788
1545253202168,1020.7752
1545253202205,1020.7752
1545253202243,1020.7752
1545253202281,1020.7752
1545253202320,1020.78357
1545253202360,1020.78357
1545253202396,1020.78357
1545253202436,1020.78357
1545253202476,1021.01666
1545253202512,1021.01666
1545253202551,1021.01666
1545253202589,1021.01666
1545253202627,1020.80804
1545253202667,1020.80804
1545253202704,1020.80804
1545253202742,1020.80804
1545253202782,1020.69196
1545253202819,1020.69196
1545253202858,1020.69196
1545253202898,1020.69196
1545253202935,1020.73846
1545253202974,1020.73846
1545253203011,1020.73846
1545253203051,1020.73846
1545253203088,1020.77246
1545253203127,1020.77246
1545253203165,1020.77246
1545253203204,1020.77246
1545253203244,1020.7282
1545253203281,1020.7282
1545253203320,1020.7282
1545253203358,1020.7282
1545253203396,1020.7536
1545253203434,1020.7536
1545253203473,1020.7536
1545253203511,1020.7536
1545253203550,1020.8782
1545253203589,1020.8782
1545253203627,1020.8782
1545253203666,1020.8782
1545253203704,1021.2026
1545253203743,1021.2026
1545253203784,1021.2026
1545253203819,1021.2026
1545253203857,1020.7872
1545253203897,1020.7872
1545253203936,1020.7872
1545253203974,1020.7872
1545253204011,1020.7879
1545253204050,1020.7879
1545253204088,1020.7879
1545253204130,1020.7879
1545253204167,1020.8006
1545253204204,1020.8006
1545253204242,1020.8006
1545253204281,1020.8006
1545253204319,1020.80554
1545253204359,1020.80554
1545253204396,1020.80554
1545253204436,1020.80554
1545253204474,1020.7569
1545253204513,1020.7569
1545253204549,1020.7569
1545253204588,1020.7569
1545253204626,1020.8285
1545253204668,1020.8285
1545253204705,1020.8285
1545253204743,1020.8285
1545253204780,1021.0351
1545253204824,1021.0351
1545253204857,1021.0351
1545253204897,1021.0351
1545253204936,1020.69824
1545253204973,1020.69824
1545253205011,1020.69824
1545253205056,1020.69824
1545253205089,1020.6359
1545253205127,1020.6359
1545253205165,1020.6359
1545253205206,1020.6359
1545253205244,1020.7007
1545253205284,1020.7007
1545253205319,1020.7007
1545253205357,1020.7007
1545253205397,1020.8662
1545253205436,1020.8662
1545253205475,1020.8662
1545253205511,1020.8662
1545253205550,1020.7601
1545253205589,1020.7601
1545253205626,1020.7601
1545253205665,1020.7601
1545253205704,1020.8385
1545253205742,1020.8385
1545253205780,1020.8385
1545253205819,1020.8385
1545253205857,1020.8933
1545253205895,1020.8933
1545253205934,1020.8933
1545253205972,1020.8933
1545253206012,1021.1358
1545253206050,1021.1358
1545253206091,1021.1358
1545253206127,1021.1358
1545253206165,1020.9032
1545253206204,1020.9032
1545253206244,1020.9032
1545253206280,1020.9032
1545253206318,1020.8952
1545253206357,1020.8952
1545253206395,1020.8952
1545253206435,1020.8952
1545253206473,1020.932
1545253206511,1020.932
1545253206549,1020.932
1545253206588,1020.932
1545253206626,1020.8765
1545253206665,1020.8765
1545253206704,1020.8765
1545253206742,1020.8765
1545253206781,1020.8466
1545253206819,1020.8466
1545253206858,1020.8466
1545253206897,1020.8466
1545253206936,1020.9637
1545253206973,1020.9637
1545253207010,1020.9637
1545253207049,1020.9637
1545253207088,1021.1779
1545253207126,1021.1779
1545253207164,1021.1779
1545253207206,1021.1779
1545253207246,1020.7934
1545253207281,1020.7934
1545253207319,1020.7934
1545253207358,1020.7934
1545253207397,1020.70624
1545253207434,1020.70624
1545253207472,1020.70624
1545253207514,1020.70624
1545253207551,1020.73645
1545253207587,1020.73645
1545253207627,1020.73645
1545253207664,1020.73645
1545253207703,1020.99274
1545253207741,1020.99274
1545253207782,1020.99274
1545253207824,1020.99274
1545253207857,1020.8056
1545253207896,1020.8056
1545253207937,1020.8056
1545253207976,1020.8056
1545253208013,1020.80975
1545253208049,1020.80975
1545253208088,1020.80975
1545253208127,1020.80975
1545253208165,1020.9345
1545253208203,1020.9345
1545253208241,1020.9345
1545253208280,1020.9345
1545253208318,1021.0484
1545253208360,1021.0484
1545253208399,1021.0484
1545253208434,1021.0484
1545253208471,1020.8664
1545253208510,1020.8664
1545253208548,1020.8664
1545253208587,1020.8664
1545253208625,1020.91364
1545253208665,1020.91364
1545253208704,1020.91364
1545253208742,1020.91364
1545253208780,1020.8762
1545253208820,1020.8762
1545253208857,1020.8762
1545253208894,1020.8762
1545253208934,1020.7386
1545253208974,1020.7386
1545253209015,1020.7386
1545253209051,1020.7386
1545253209088,1020.67786
1545253209126,1020.67786
1545253209169,1020.67786
1545253209204,1020.67786
1545253209241,1020.859
1545253209280,1020.859
1545253209318,1020.859
1545253209356,1020.859
1545253209395,1021.25995
1545253209434,1021.25995
1545253209472,1021.25995
1545253209510,1021.25995
1545253209550,1020.87115
1545253209593,1020.87115
1545253209626,1020.87115
1545253209667,1020.87115
1545253209704,1020.815
1545253209741,1020.815
1545253209780,1020.815
1545253209820,1020.815
1545253209856,1020.8055
1545253209896,1020.8055
1545253209933,1020.8055
1545253209972,1020.8055
1545253210010,1020.91486
1545253210049,1020.91486
1545253210086,1020.91486
1545253210126,1020.91486
1545253210164,1020.82544
1545253210203,1020.82544
1545253210241,1020.82544
1545253210280,1020.82544
1545253210317,1020.89716
1545253210356,1020.89716
1545253210395,1020.89716
1545253210433,1020.89716
1545253210471,1021.039
1545253210511,1021.039
1545253210548,1021.039
1545253210586,1021.039
1545253210625,1020.7442
1545253210663,1020.7442
1545253210702,1020.7442
1545253210742,1020.7442
1545253210779,1020.6667
1545253210818,1020.6667
1545253210857,1020.6667
1545253210894,1020.6667
1545253210933,1020.7111
1545253210974,1020.7111
1545253211010,1020.7111
1545253211048,1020.7111
1545253211086,1020.91504
1545253211125,1020.91504
1545253211163,1020.91504
1545253211202,1020.91504
1545253211241,1020.7083
1545253211280,1020.7083
1545253211317,1020.7083
1545253211356,1020.7083
1545253211395,1020.7681
1545253211432,1020.7681
1545253211474,1020.7681
1545253211510,1020.7681
1545253211550,1020.8655
1545253211586,1020.8655
1545253211627,1020.8655
1545253211663,1020.8655
1545253211701,1021.1748
1545253211740,1021.1748
1545253211778,1021.1748
1545253211818,1021.1748
1545253211855,1020.8382
1545253211911,1020.8382
1545253211934,1020.8382
1545253211971,1020.8382
1545253212010,1020.83307
1545253212049,1020.83307
1545253212086,1020.83307
1545253212129,1020.81085
1545253212164,1020.81085
1545253212203,1020.81085
1545253212240,1020.81085
1545253212281,1020.7801
1545253212318,1020.7801
1545253212356,1020.7801
1545253212394,1020.7801
1545253212432,1020.7015
1545253212471,1020.7015
1545253212510,1020.7015
1545253212548,1020.7015
1545253212587,1020.8587
1545253212626,1020.8587
1545253212663,1020.8587
1545253212704,1020.8587
1545253212743,1021.1526
1545253212780,1021.1526
1545253212818,1021.1526
1545253212856,1021.1526
1545253212904,1020.7408
1545253212938,1020.7408
1545253212984,1020.7408
1545253213017,1020.7408
1545253213048,1020.6912
1545253213088,1020.6912
1545253213126,1020.6912
1545253213163,1020.6912
1545253213201,1020.69916
1545253213240,1020.69916
1545253213278,1020.69916
1545253213317,1020.69916
1545253213355,1020.9133
1545253213394,1020.9133
1545253213432,1020.9133
1545253213470,1020.9133
1545253213509,1020.7846
1545253213547,1020.7846
1545253213586,1020.7846
1545253213625,1020.7846
1545253213663,1020.80914
1545253213703,1020.80914
1545253213740,1020.80914
1545253213782,1020.80914
1545253213816,1020.96405
1545253213855,1020.96405
1545253213894,1020.96405
1545253213932,1020.96405
1545253213971,1021.0016
1545253214009,1021.0016
1545253214050,1021.0016
1545253214093,1021.0016
1545253214124,1020.73505
1545253214164,1020.73505
1545253214204,1020.73505
1545253214240,1020.73505
1545253214279,1020.7795
1545253214327,1020.7795
1545253214357,1020.7795
1545253214393,1020.7795
1545253214433,1020.841
1545253214470,1020.841
1545253214510,1020.841
1545253214547,1020.841
1545253214586,1020.69574
1545253214624,1020.69574
1545253214663,1020.69574
1545253214701,1020.69574
1545253214742,1020.7127
1545253214779,1020.7127
1545253214817,1020.7127
1545253214855,1020.7127
1545253214895,1020.83746
1545253214932,1020.83746
1545253214971,1020.83746
1545253215009,1020.83746
1545253215047,1021.2646
1545253215086,1021.2646
1545253215123,1021.2646
1545253215163,1021.2646
1545253215201,1020.75885
1545253215239,1020.75885
1545253215279,1020.75885
1545253215317,1020.75885
1545253215356,1020.70355
1545253215393,1020.70355
1545253215432,1020.70355
1545253215470,1020.70355
1545253215510,1020.7155
1545253215549,1020.7155
1545253215586,1020.7155
1545253215625,1020.7155
1545253215662,1020.8342
1545253215702,1020.8342
1545253215739,1020.8342
1545253215778,1020.8342
1545253215816,1020.7009
1545253215854,1020.7009
1545253215894,1020.7009
1545253215932,1020.7009
1545253215971,1020.78217
1545253216010,1020.78217
1545253216047,1020.78217
1545253216086,1020.78217
1545253216125,1021.0922
1545253216163,1021.0922
1545253216201,1021.0922
1545253216239,1021.0922
1545253216279,1020.6679
1545253216317,1020.6679
1545253216356,1020.6679
1545253216393,1020.6679
1545253216432,1020.5677
1545253216471,1020.5677
1545253216508,1020.5677
1545253216548,1020.5677
1545253216585,1020.6206
1545253216623,1020.6206
1545253216662,1020.6206
1545253216700,1020.6206
1545253216739,1020.87445
1545253216777,1020.87445
1545253216815,1020.87445
1545253216856,1020.87445
1545253216895,1020.7351
1545253216931,1020.7351
1545253216970,1020.7351
1545253217009,1020.7351
1545253217047,1020.7463
1545253217086,1020.7463
1545253217124,1020.7463
1545253217162,1020.7463
1545253217200,1020.9143
1545253217238,1020.9143
1545253217279,1020.9143
1545253217316,1020.9143
1545253217355,1020.9443
1545253217392,1020.9443
1545253217433,1020.9443
1545253217471,1020.9443
1545253217508,1020.7846
1545253217546,1020.7846
1545253217586,1020.7846
1545253217624,1020.7846
1545253217662,1020.863
1545253217709,1020.863
1545253217739,1020.863
1545253217778,1020.863
1545253217815,1020.9619
1545253217854,1020.9619
1545253217895,1020.9619
1545253217932,1020.9619
1545253217970,1020.7885
1545253218009,1020.7885
1545253218049,1020.7885
1545253218085,1020.7885
1545253218125,1020.7266
1545253218165,1020.7266
1545253218201,1020.7266
1545253218241,1020.7266
1545253218284,1020.8666
1545253218316,1020.8666
1545253218354,1020.8666
1545253218402,1020.8666
1545253218432,1021.2552
1545253218470,1021.2552
1545253218515,1021.2552
1545253218546,1021.2552
1545253218587,1020.7996
1545253218628,1020.7996
1545253218665,1020.7996
1545253218700,1020.7996
1545253218738,1020.70776
1545253218777,1020.70776
1545253218816,1020.70776
1545253218857,1020.70776
1545253218893,1020.7085
1545253218930,1020.7085
1545253218970,1020.7085
1545253219008,1020.7085
1545253219046,1020.85675
1545253219085,1020.85675
1545253219124,1020.85675
1545253219162,1020.85675
1545253219211,1020.7667
1545253219241,1020.7667
1545253219277,1020.7667
1545253219316,1020.7667
1545253219355,1020.8316
1545253219393,1020.8316
1545253219437,1020.8316
1545253219470,1020.8316
1545253219508,1021.0158
1545253219546,1021.0158
1545253219584,1021.0158
1545253219624,1021.0158
1545253219661,1020.6428
1545253219701,1020.6428
1545253219738,1020.6428
1545253219777,1020.6428
1545253219820,1020.56476
1545253219855,1020.56476
1545253219893,1020.56476
1545253219931,1020.56476
1545253219971,1020.62787
1545253220008,1020.62787
1545253220047,1020.62787
1545253220085,1020.62787
1545253220123,1020.82666
1545253220161,1020.82666
1545253220199,1020.82666
1545253220239,1020.82666
1545253220276,1020.7004
1545253220315,1020.7004
1545253220353,1020.7004
1545253220392,1020.7004
1545253220432,1020.76166
1545253220469,1020.76166
1545253220509,1020.76166
1545253220546,1020.76166
1545253220584,1020.85675
1545253220624,1020.85675
1545253220661,1020.85675
1545253220699,1020.85675
1545253220738,1021.1197
1545253220777,1021.1197
1545253220816,1021.1197
1545253220854,1021.1197
1545253220893,1020.7972
1545253220931,1020.7972
1545253220968,1020.7972
1545253221008,1020.7972
1545253221045,1020.8581
1545253221085,1020.8581
1545253221122,1020.8581
1545253221163,1020.8581
1545253221207,1020.9116
1545253221257,1020.9116
1545253221278,1020.9116
1545253221315,1020.9116
1545253221354,1020.75146
1545253221398,1020.75146
1545253221431,1020.75146
1545253221469,1020.75146
1545253221507,1020.7059
1545253221546,1020.7059
1545253221584,1020.7059
1545253221622,1020.7059
1545253221663,1020.83795
1545253221699,1020.83795
1545253221738,1020.83795
1545253221776,1020.83795
1545253221822,1021.16595
1545253221854,1021.16595
1545253221892,1021.16595
1545253221931,1021.16595
1545253221969,1020.73224
1545253222009,1020.73224
1545253222046,1020.73224
1545253222084,1020.73224
1545253222124,1020.73334
1545253222161,1020.73334
1545253222201,1020.73334
1545253222239,1020.7304
1545253222280,1020.7304
1545253222314,1020.7304
1545253222353,1020.7304
1545253222391,1020.7164
1545253222430,1020.7164
1545253222469,1020.7164
1545253222514,1020.7164
1545253222546,1020.65533
1545253222584,1020.65533
1545253222622,1020.65533
1545253222660,1020.65533
1545253222699,1020.7698
1545253222738,1020.7698
1545253222776,1020.7698
1545253222814,1020.7698
1545253222853,1021.0805
1545253222891,1021.0805
1545253222931,1021.0805
1545253222968,1021.0805
1545253223007,1020.7519
1545253223046,1020.7519
1545253223086,1020.7519
1545253223122,1020.7519
1545253223161,1020.6851
1545253223199,1020.6851
1545253223237,1020.6851
1545253223276,1020.6851
1545253223314,1020.7128
1545253223353,1020.7128
1545253223391,1020.7128
1545253223429,1020.7128
1545253223468,1020.97174
1545253223508,1020.97174
1545253223545,1020.97174
1545253223585,1020.97174
1545253223622,1020.82367
1545253223663,1020.82367
1545253223700,1020.82367
1545253223739,1020.82367
1545253223778,1020.8466
1545253223823,1020.8466
1545253223852,1020.8466
1545253223891,1020.8466
1545253223931,1020.98584
1545253223969,1020.98584
1545253224008,1020.98584
1545253224046,1020.98584
1545253224084,1020.8874
1545253224122,1020.8874
1545253224160,1020.8874
1545253224200,1020.8874
1545253224237,1020.72986
1545253224276,1020.72986
1545253224315,1020.72986
1545253224353,1020.72986
1545253224392,1020.8152
1545253224429,1020.8152
1545253224470,1020.8152
1545253224514,1020.8152
1545253224554,1020.89056
1545253224586,1020.89056
1545253224625,1020.89056
1545253224663,1020.89056
1545253224703,1020.70734
1545253224740,1020.70734
1545253224789,1020.70734
1545253224836,1020.70734
1545253224855,1020.67126
1545253224893,1020.67126
1545253224933,1020.67126
1545253224976,1020.67126
1545253225015,1020.8044
1545253225045,1020.8044
1545253225085,1020.8044
1545253225153,1020.8044
1545253225167,1021.12854
1545253225214,1021.12854
1545253225239,1021.12854
1545253225282,1021.12854
1545253225324,1020.7008
1545253225363,1020.7008
1545253225399,1020.7008
1545253225461,1020.7008
1545253225468,1020.6989
1545253225510,1020.6989
1545253225548,1020.6989
1545253225589,1020.6989
1545253225633,1020.7118
1545253225666,1020.7118
1545253225699,1020.7118
1545253225738,1020.7118
1545253225775,1020.73553
1545253225814,1020.73553
1545253225853,1020.73553
1545253225891,1020.73553
1545253225932,1020.6609
1545253225968,1020.6609
1545253226008,1020.6609
1545253226046,1020.6609
1545253226084,1020.73114
1545253226122,1020.73114
1545253226161,1020.73114
1545253226205,1020.73114
1545253226240,1021.0002
1545253226276,1021.0002
1545253226314,1021.0002
1545253226358,1021.0002
1545253226390,1020.6169
1545253226429,1020.6169
1545253226467,1020.6169
1545253226507,1020.6169
1545253226545,1020.5597
1545253226583,1020.5597
1545253226623,1020.5597
1545253226664,1020.5597
1545253226698,1020.6201
1545253226737,1020.6201
1545253226775,1020.6201
1545253226814,1020.6201
1545253226852,1020.86993
1545253226891,1020.86993
1545253226930,1020.86993
1545253226967,1020.86993
1545253227007,1020.71924
1545253227044,1020.71924
1545253227084,1020.71924
1545253227126,1020.71924
1545253227160,1020.79846
1545253227198,1020.79846
1545253227236,1020.79846
1545253227276,1020.79846
1545253227313,1020.8892
1545253227352,1020.8892
1545253227392,1020.8892
1545253227428,1020.8892
1545253227468,1020.8565
1545253227506,1020.8565
1545253227546,1020.8565
1545253227584,1020.8565
1545253227621,1020.70074
1545253227660,1020.70074
1545253227698,1020.70074
1545253227739,1020.70074
1545253227775,1020.75696
1545253227814,1020.75696
1545253227853,1020.75696
1545253227891,1020.75696
1545253227929,1020.81085
1545253227967,1020.81085
1545253228007,1020.81085
1545253228045,1020.81085
1545253228083,1020.6482
1545253228120,1020.6482
1545253228159,1020.6482
1545253228203,1020.6482
1545253228236,1020.601
1545253228276,1020.601
1545253228313,1020.601
1545253228351,1020.601
1545253228391,1020.7042
1545253228436,1020.7042
1545253228468,1020.7042
1545253228505,1020.7042
1545253228544,1021.07263
1545253228583,1021.07263
1545253228621,1021.07263
1545253228659,1021.07263
1545253228698,1020.6602
1545253228737,1020.6602
1545253228775,1020.6602
1545253228813,1020.6602
1545253228851,1020.61896
1545253228891,1020.61896
1545253228928,1020.61896
1545253228967,1020.61896
1545253229005,1020.6735
1545253229046,1020.6735
1545253229082,1020.6735
1545253229120,1020.6735
1545253229159,1020.689
1545253229197,1020.689
1545253229236,1020.689
1545253229276,1020.689
1545253229313,1020.6261
1545253229351,1020.6261
1545253229390,1020.6261
1545253229429,1020.6261
1545253229470,1020.7397
1545253229507,1020.7397
1545253229548,1020.7397
1545253229585,1020.7397
1545253229620,1020.9867
1545253229661,1020.9867
1545253229698,1020.9867
1545253229737,1020.9867
1545253229777,1020.5838
1545253229814,1020.5838
1545253229851,1020.5838
1545253229892,1020.5838
1545253229929,1020.526
1545253229966,1020.526
1545253230008,1020.526
1545253230043,1020.526
1545253230085,1020.5575
1545253230120,1020.5575
1545253230160,1020.5575
1545253230197,1020.5575
1545253230237,1020.81964
1545253230274,1020.81964
1545253230317,1020.81964
1545253230352,1020.81964
1545253230389,1020.6758
1545253230428,1020.6758
1545253230467,1020.6758
1545253230505,1020.6758
1545253230543,1020.6928
1545253230584,1020.6928
1545253230621,1020.6928
1545253230659,1020.6928
1545253230697,1020.78986
1545253230738,1020.78986
1545253230774,1020.78986
1545253230813,1020.78986
1545253230851,1020.8938
1545253230891,1020.8938
1545253230930,1020.8938
1545253230967,1020.8938
1545253231006,1020.64056
1545253231047,1020.64056
1545253231082,1020.64056
1545253231120,1020.64056
1545253231159,1020.7188
1545253231197,1020.7188
1545253231236,1020.7188
1545253231274,1020.7188
1545253231312,1020.8022
1545253231351,1020.8022
1545253231389,1020.8022
1545253231430,1020.8022
1545253231467,1020.6721
1545253231504,1020.6721
1545253231543,1020.6721
1545253231582,1020.6721
1545253231620,1020.68195
1545253231659,1020.68195
1545253231697,1020.68195
1545253231736,1020.68195
1545253231777,1020.77673
1545253231814,1020.77673
1545253231851,1020.77673
1545253231891,1020.77673
1545253231933,1021.104
1545253231972,1021.104
1545253232005,1021.104
1545253232043,1020.7238
1545253232082,1020.7238
1545253232120,1020.7238
1545253232159,1020.7238
1545253232197,1020.7319
1545253232237,1020.7319
1545253232275,1020.7319
1545253232314,1020.7319
1545253232354,1020.73865
1545253232392,1020.73865
1545253232430,1020.73865
1545253232468,1020.73865
1545253232508,1020.7759
1545253232546,1020.7759
1545253232582,1020.7759
1545253232625,1020.7759
1545253232661,1020.71216
1545253232698,1020.71216
1545253232736,1020.71216
1545253232775,1020.71216
1545253232813,1020.82324
1545253232852,1020.82324
1545253232889,1020.82324
1545253232929,1020.82324
1545253232968,1020.9144
1545253233007,1020.9144
1545253233045,1020.9144
1545253233085,1020.9144
1545253233120,1020.5758
1545253233164,1020.5758
1545253233198,1020.5758
1545253233237,1020.5758
1545253233278,1020.50385
1545253233312,1020.50385
1545253233352,1020.50385
1545253233396,1020.50385
1545253233428,1020.56934
1545253233470,1020.56934
1545253233507,1020.56934
1545253233546,1020.56934
1545253233586,1020.73145
1545253233621,1020.73145
1545253233661,1020.73145
1545253233698,1020.73145
1545253233737,1020.5694
1545253233777,1020.5694
1545253233814,1020.5694
1545253233853,1020.5694
1545253233890,1020.6612
1545253233929,1020.6612
1545253233969,1020.6612
1545253234006,1020.6612
1545253234044,1020.7535
1545253234082,1020.7535
1545253234124,1020.7535
1545253234159,1020.7535
1545253234197,1020.8275
1545253234237,1020.8275
1545253234277,1020.8275
1545253234318,1020.8275
1545253234353,1020.6141
1545253234392,1020.6141
1545253234431,1020.6141
1545253234469,1020.6141
1545253234506,1020.6753
1545253234545,1020.6753
1545253234582,1020.6753
1545253234620,1020.6753
1545253234662,1020.7271
1545253234698,1020.7271
1545253234737,1020.7271
1545253234779,1020.7271
1545253234814,1020.6112
1545253234850,1020.6112
1545253234890,1020.6112
1545253234929,1020.6112
1545253234968,1020.6193
1545253235006,1020.6193
1545253235045,1020.6193
1545253235081,1020.6193
1545253235121,1020.71735
1545253235159,1020.71735
1545253235198,1020.71735
1545253235235,1020.71735
1545253235274,1021.0592
1545253235313,1021.0592
1545253235360,1021.0592
1545253235391,1021.0592
1545253235429,1020.6455
1545253235466,1020.6455
1545253235504,1020.6455
1545253235555,1020.6455
1545253235586,1020.6719
1545253235622,1020.6719
1545253235659,1020.6719
1545253235696,1020.6719
1545253235734,1020.6834
1545253235774,1020.6834
1545253235811,1020.6834
1545253235856,1020.6834
1545253235888,1020.67303
1545253235929,1020.67303
1545253235965,1020.67303
1545253236006,1020.67303
1545253236045,1020.5608
1545253236081,1020.5608
1545253236120,1020.5608
1545253236159,1020.5608
1545253236199,1020.6887
1545253236235,1020.6887
1545253236275,1020.6887
1545253236321,1020.6887
1545253236351,1020.9478
1545253236389,1020.9478
1545253236427,1020.9478
1545253236466,1020.9478
1545253236505,1020.6213
1545253236554,1020.6213
1545253236587,1020.6213
1545253236618,1020.6213
1545253236658,1020.51874
1545253236697,1020.51874
1545253236736,1020.51874
1545253236774,1020.51874
1545253236812,1020.6047
1545253236852,1020.6047
1545253236890,1020.6047
1545253236928,1020.6047
1545253236967,1020.8501
1545253237009,1020.8501
1545253237046,1020.8501
1545253237081,1020.8501
1545253237119,1020.64026
1545253237158,1020.64026
1545253237198,1020.64026
1545253237236,1020.64026
1545253237276,1020.67865
1545253237314,1020.67865
1545253237350,1020.67865
1545253237389,1020.67865
1545253237427,1020.78455
1545253237466,1020.78455
1545253237510,1020.78455
1545253237550,1020.78455
1545253237582,1020.83966
1545253237621,1020.83966
1545253237658,1020.83966
1545253237697,1020.83966
1545253237735,1020.61273
1545253237778,1020.61273
1545253237815,1020.61273
1545253237851,1020.61273
1545253237890,1020.68353
1545253237928,1020.68353
1545253237968,1020.68353
1545253238006,1020.68353
1545253238043,1020.68677
1545253238081,1020.68677
1545253238119,1020.68677
1545253238160,1020.68677
1545253238197,1020.5471
1545253238238,1020.5471
1545253238273,1020.5471
1545253238313,1020.5471
1545253238353,1020.5273
1545253238389,1020.5273
1545253238430,1020.5273
1545253238468,1020.5273
1545253238504,1020.72614
1545253238544,1020.72614
1545253238587,1020.72614
1545253238621,1020.72614
1545253238658,1021.11316
1545253238698,1021.11316
1545253238739,1021.11316
1545253238773,1021.11316
1545253238812,1020.67017
1545253238850,1020.67017
1545253238889,1020.67017
1545253238926,1020.67017
1545253238965,1020.6429
1545253239004,1020.6429
1545253239043,1020.6429
1545253239087,1020.6429
1545253239120,1020.62897
1545253239158,1020.62897
1545253239197,1020.62897
1545253239235,1020.62897
1545253239274,1020.6926
1545253239314,1020.6926
1545253239350,1020.6926
1545253239389,1020.6926
1545253239426,1020.62256
1545253239467,1020.62256
1545253239505,1020.62256
1545253239544,1020.62256
1545253239595,1020.664
1545253239620,1020.664
1545253239660,1020.664
1545253239695,1020.664
1545253239735,1020.8764
1545253239773,1020.8764
1545253239811,1020.8764
1545253239850,1020.8764
1545253239887,1020.56976
1545253239926,1020.56976
1545253239965,1020.56976
1545253240004,1020.56976
1545253240042,1020.4651
1545253240081,1020.4651
1545253240118,1020.4651
1545253240157,1020.4651
1545253240197,1020.5295
1545253240235,1020.5295
1545253240273,1020.5295
1545253240312,1020.5295
1545253240352,1020.7518
1545253240391,1020.7518
1545253240427,1020.7518
1545253240465,1020.7518
1545253240505,1020.6318
1545253240553,1020.6318
1545253240588,1020.6318
1545253240618,1020.6318
1545253240658,1020.5887
1545253240695,1020.5887
1545253240735,1020.5887
1545253240775,1020.5887
1545253240812,1020.6904
1545253240851,1020.6904
1545253240889,1020.6904
1545253240930,1020.6904
1545253240966,1021.0617
1545253241004,1021.0617
1545253241043,1021.0617
1545253241085,1021.0617
1545253241120,1020.77155
1545253241158,1020.77155
1545253241196,1020.77155
1545253241237,1020.77155
1545253241275,1020.7756
1545253241310,1020.7756
1545253241350,1020.7756
1545253241391,1020.7756
1545253241428,1020.8661
1545253241465,1020.8661
1545253241505,1020.8661
1545253241543,1020.8661
1545253241583,1020.6461
1545253241618,1020.6461
1545253241660,1020.6461
1545253241697,1020.6461
1545253241734,1020.63336
1545253241773,1020.63336
1545253241828,1020.63336
1545253241849,1020.63336
1545253241886,1020.705
1545253241928,1020.705
1545253241966,1020.705
1545253242005,1020.705
1545253242042,1021.0735
1545253242082,1021.0735
1545253242118,1021.0735
1545253242158,1021.0735
1545253242198,1020.57196
1545253242236,1020.57196
1545253242272,1020.57196
1545253242312,1020.57196
1545253242350,1020.562
1545253242388,1020.562
1545253242426,1020.562
1545253242464,1020.562
1545253242504,1020.597
1545253242542,1020.597
1545253242589,1020.597
1545253242618,1020.6909
1545253242662,1020.6909
1545253242697,1020.6909
1545253242735,1020.6909
1545253242774,1020.582
1545253242810,1020.582
1545253242848,1020.582
1545253242887,1020.582
1545253242925,1020.66144
1545253242965,1020.66144
1545253243003,1020.66144
1545253243042,1020.66144
1545253243079,1020.85736
1545253243119,1020.85736
1545253243156,1020.85736
1545253243196,1020.85736
1545253243236,1020.4582
1545253243276,1020.4582
1545253243311,1020.4582
1545253243349,1020.4582
1545253243393,1020.3886
1545253243432,1020.3886
1545253243464,1020.3886
1545253243502,1020.3886
1545253243541,1020.45404
1545253243579,1020.45404
1545253243618,1020.45404
1545253243658,1020.45404
1545253243697,1020.6876
1545253243740,1020.6876
1545253243772,1020.6876
1545253243811,1020.6876
1545253243849,1020.5667
1545253243888,1020.5667
1545253243927,1020.5667
1545253243965,1020.5667
1545253244007,1020.6205
1545253244043,1020.6205
1545253244080,1020.6205
1545253244117,1020.6205
1545253244156,1020.75555
1545253244197,1020.75555
1545253244233,1020.75555
1545253244274,1020.75555
1545253244312,1020.60693
1545253244351,1020.60693
1545253244388,1020.60693
1545253244428,1020.60693
1545253244465,1020.49115
1545253244506,1020.49115
1545253244544,1020.49115
1545253244584,1020.49115
1545253244618,1020.55347
1545253244658,1020.55347
1545253244696,1020.55347
1545253244737,1020.55347
1545253244772,1020.7031
1545253244811,1020.7031
1545253244850,1020.7031
1545253244887,1020.7031
1545253244927,1020.5562
1545253244963,1020.5562
1545253245002,1020.5562
1545253245040,1020.5562
1545253245080,1020.62885
1545253245117,1020.62885
1545253245157,1020.62885
1545253245196,1020.62885
1545253245236,1020.6963
1545253245276,1020.6963
1545253245311,1020.6963
1545253245350,1020.6963
1545253245386,1021.0058
1545253245428,1021.0058
1545253245465,1021.0058
1545253245503,1021.0058
1545253245544,1020.6058
1545253245580,1020.6058
1545253245619,1020.6058
1545253245658,1020.6058
1545253245695,1020.6413
1545253245735,1020.6413
1545253245772,1020.6413
1545253245811,1020.6413
1545253245850,1020.6617
1545253245890,1020.6617
1545253245929,1020.6617
1545253245964,1020.6617
1545253246001,1020.5431
1545253246041,1020.5431
1545253246080,1020.5431
1545253246118,1020.5431
1545253246157,1020.477
1545253246197,1020.477
1545253246233,1020.477
1545253246274,1020.477
1545253246312,1020.581
1545253246351,1020.581
1545253246387,1020.581
1545253246428,1020.581
1545253246464,1020.93274
1545253246503,1020.93274
1545253246541,1020.93274
1545253246579,1020.93274
1545253246618,1020.5806
1545253246657,1020.5806
1545253246701,1020.5806
1545253246735,1020.5806
1545253246772,1020.5425
1545253246811,1020.5425
1545253246851,1020.5425
1545253246887,1020.5425
1545253246927,1020.5831
1545253246964,1020.5831
1545253247003,1020.5831
1545253247042,1020.5831
1545253247084,1020.7431
1545253247116,1020.7431
1545253247155,1020.7431
1545253247194,1020.7431
1545253247236,1020.61017
1545253247271,1020.61017
1545253247310,1020.61017
1545253247348,1020.61017
1545253247395,1020.6777
1545253247426,1020.6777
1545253247464,1020.6777
1545253247503,1020.6777
1545253247540,1020.9307
1545253247582,1020.9307
1545253247617,1020.9307
1545253247656,1020.9307
1545253247695,1020.5391
1545253247733,1020.5391
1545253247771,1020.5391
1545253247811,1020.5391
1545253247848,1020.513
1545253247887,1020.513
1545253247928,1020.513
1545253247964,1020.513
1545253248002,1020.5382
1545253248041,1020.5382
1545253248080,1020.5382
1545253248116,1020.5382
1545253248156,1020.7556
1545253248195,1020.7556
1545253248238,1020.7556
1545253248273,1020.7556
1545253248310,1020.6532
1545253248349,1020.6532
1545253248389,1020.6532
1545253248426,1020.6532
1545253248464,1020.6805
1545253248502,1020.6805
1545253248542,1020.6805
1545253248579,1020.6805
1545253248617,1020.877
1545253248657,1020.877
1545253248694,1020.877
1545253248731,1020.877
1545253248771,1020.43976
1545253248808,1020.43976
1545253248849,1020.43976
1545253248896,1020.43976
1545253248925,1020.3907
1545253248963,1020.3907
1545253249001,1020.3907
1545253249039,1020.3907
1545253249078,1020.50195
1545253249117,1020.50195
1545253249154,1020.50195
1545253249195,1020.50195
1545253249234,1020.7413
1545253249271,1020.7413
1545253249309,1020.7413
1545253249349,1020.7413
1545253249387,1020.5981
1545253249427,1020.5981
1545253249464,1020.5981
1545253249503,1020.5981
1545253249540,1020.5813
1545253249579,1020.5813
1545253249627,1020.5813
1545253249656,1020.5813
1545253249694,1020.7028
1545253249732,1020.7028
1545253249772,1020.7028
1545253249810,1020.7028
1545253249848,1020.7343
1545253249886,1020.7343
1545253249924,1020.7343
1545253249964,1020.7343
1545253250001,1020.5334
1545253250042,1020.5334
1545253250080,1020.5334
1545253250125,1020.5334
1545253250154,1020.62317
1545253250194,1020.62317
1545253250231,1020.62317
1545253250270,1020.62317
1545253250310,1020.6844
1545253250347,1020.6844
1545253250387,1020.6844
1545253250427,1020.6844
1545253250464,1020.5246
1545253250502,1020.5246
1545253250540,1020.5246
1545253250580,1020.5246
1545253250617,1020.56384
1545253250656,1020.56384
1545253250696,1020.56384
1545253250734,1020.56384
1545253250771,1020.6618
1545253250811,1020.6618
1545253250848,1020.6618
1545253250886,1020.6618
1545253250926,1020.98724
1545253250968,1020.98724
1545253251002,1020.98724
1545253251039,1020.98724
1545253251077,1020.63116
1545253251116,1020.63116
1545253251154,1020.63116
1545253251198,1020.63116
1545253251232,1020.6676
1545253251270,1020.6676
1545253251308,1020.6676
1545253251353,1020.6676
1545253251386,1020.68463
1545253251423,1020.68463
1545253251462,1020.68463
1545253251500,1020.68463
1545253251539,1020.5933
1545253251577,1020.5933
1545253251617,1020.5933
1545253251654,1020.5933
1545253251693,1020.51324
1545253251733,1020.51324
1545253251773,1020.51324
1545253251809,1020.51324
1545253251847,1020.6319
1545253251886,1020.6319
1545253251925,1020.6319
1545253251962,1020.6319
1545253252004,1020.9648
1545253252041,1020.9648
1545253252077,1020.9648
1545253252116,1020.9648
1545253252155,1020.6284
1545253252194,1020.6284
1545253252237,1020.6284
1545253252271,1020.6284
1545253252309,1020.55005
1545253252349,1020.55005
1545253252388,1020.55005
1545253252425,1020.55005
1545253252463,1020.5505
1545253252503,1020.5505
1545253252540,1020.5505
1545253252578,1020.5505
1545253252617,1020.6897
1545253252653,1020.6897
1545253252693,1020.6897
1545253252731,1020.6897
1545253252770,1020.5496
1545253252809,1020.5496
1545253252847,1020.5496
1545253252886,1020.5496
1545253252926,1020.5689
1545253252965,1020.5689
1545253253000,1020.5689
1545253253042,1020.5689
1545253253077,1020.8161
1545253253115,1020.8161
1545253253154,1020.8161
1545253253192,1020.8161
1545253253234,1020.37494
1545253253270,1020.37494
1545253253307,1020.37494
1545253253348,1020.37494
1545253253386,1020.378
1545253253428,1020.378
1545253253464,1020.378
1545253253500,1020.43286
1545253253538,1020.45386
1545253253577,1020.45386
1545253253621,1020.45386
1545253253655,1020.75476
1545253253693,1020.75476
1545253253731,1020.75476
1545253253772,1020.75476
1545253253809,1020.56274
1545253253846,1020.56274
1545253253885,1020.56274
1545253253925,1020.56274
1545253253964,1020.53235
1545253254001,1020.53235
1545253254039,1020.53235
1545253254077,1020.53235
1545253254118,1020.6756
1545253254157,1020.6756
1545253254200,1020.6756
1545253254230,1020.6756
1545253254269,1020.6392
1545253254309,1020.6392
1545253254349,1020.6392
1545253254385,1020.6392
1545253254423,1020.4888
1545253254464,1020.4888
1545253254501,1020.4888
1545253254540,1020.4888
1545253254577,1020.56866
1545253254617,1020.56866
1545253254654,1020.56866
1545253254694,1020.56866
1545253254732,1020.66766
1545253254771,1020.66766
1545253254808,1020.66766
1545253254846,1020.66766
1545253254885,1020.5109
1545253254924,1020.5109
1545253254964,1020.5109
1545253255001,1020.5109
1545253255040,1020.482
1545253255080,1020.482
1545253255116,1020.482
1545253255159,1020.482
1545253255193,1020.6273
1545253255232,1020.6273
1545253255269,1020.6273
1545253255308,1020.6273
1545253255346,1020.6643
1545253255385,1020.6643
1545253255424,1020.6643
1545253255465,1020.6643
1545253255500,1020.445
1545253255539,1020.445
1545253255577,1020.445
1545253255615,1020.445
1545253255653,1020.5226
1545253255692,1020.5226
1545253255732,1020.5226
1545253255769,1020.5226
1545253255807,1020.6045
1545253255850,1020.6045
1545253255885,1020.6045
1545253255923,1020.6045
1545253255963,1020.4763
1545253256000,1020.4763
1545253256039,1020.4763
1545253256078,1020.4763
1545253256116,1020.40356
1545253256154,1020.40356
1545253256191,1020.40356
1545253256238,1020.40356
1545253256268,1020.5203
1545253256307,1020.5203
1545253256345,1020.5203
1545253256384,1020.5203
1545253256422,1020.9349
1545253256460,1020.9349
1545253256499,1020.9349
1545253256537,1020.9349
1545253256578,1020.64435
1545253256616,1020.64435
1545253256654,1020.64435
1545253256692,1020.64435
1545253256731,1020.57196
1545253256770,1020.57196
1545253256809,1020.57196
1545253256845,1020.57196
1545253256886,1020.5964
1545253256923,1020.5964
1545253256961,1020.5964
1545253257009,1020.5964
1545253257040,1020.7105
1545253257079,1020.7105
1545253257118,1020.7105
1545253257153,1020.7105
1545253257194,1020.6141
1545253257231,1020.6141
1545253257270,1020.6141
1545253257308,1020.6141
1545253257345,1020.59106
1545253257385,1020.59106
1545253257422,1020.59106
1545253257461,1020.59106
1545253257500,1020.7776
1545253257537,1020.7776
1545253257577,1020.7776
1545253257617,1020.7776
1545253257652,1020.50415
1545253257691,1020.50415
1545253257731,1020.50415
1545253257770,1020.50415
1545253257808,1020.3803
1545253257845,1020.3803
1545253257884,1020.3803
1545253257924,1020.3803
1545253257963,1020.4527
1545253258001,1020.4527
1545253258039,1020.4527
1545253258081,1020.4527
1545253258120,1020.56976
1545253258154,1020.56976
1545253258191,1020.56976
1545253258233,1020.56976
1545253258268,1020.46783
1545253258306,1020.46783
1545253258345,1020.46783
1545253258383,1020.46783
1545253258423,1020.48364
1545253258461,1020.48364
1545253258500,1020.48364
1545253258538,1020.48364
1545253258576,1020.5961
1545253258620,1020.5961
1545253258654,1020.5961
1545253258691,1020.5961
1545253258731,1020.9216
1545253258769,1020.9216
1545253258808,1020.9216
1545253258847,1020.9216
1545253258884,1020.50745
1545253258923,1020.50745
1545253258961,1020.50745
1545253259000,1020.50745
1545253259037,1020.5181
1545253259077,1020.5181
1545253259115,1020.5181
1545253259152,1020.5181
1545253259191,1020.522
1545253259230,1020.522
1545253259269,1020.522
1545253259307,1020.522
1545253259347,1020.5027
1545253259386,1020.5027
1545253259422,1020.5027
1545253259461,1020.5027
1545253259499,1020.4036
1545253259538,1020.4036
1545253259577,1020.4036
1545253259616,1020.4036
1545253259654,1020.5281
1545253259691,1020.5281
1545253259736,1020.5281
1545253259769,1020.5281
1545253259807,1020.8673
1545253259845,1020.8673
1545253259884,1020.8673
1545253259922,1020.8673
1545253259961,1020.5629
1545253259999,1020.5629
1545253260043,1020.5629
1545253260081,1020.5629
1545253260113,1020.51874
1545253260152,1020.51874
1545253260190,1020.51874
1545253260228,1020.51874
1545253260266,1020.5294
1545253260309,1020.5294
1545253260345,1020.5294
1545253260383,1020.5294
1545253260424,1020.6053
1545253260461,1020.6053
1545253260501,1020.6053
1545253260539,1020.6053
1545253260577,1020.5002
1545253260615,1020.5002
1545253260652,1020.5002
1545253260690,1020.5002
1545253260729,1020.54236
1545253260769,1020.54236
1545253260807,1020.54236
1545253260847,1020.54236
1545253260887,1020.73065
1545253260922,1020.73065
1545253260960,1020.73065
1545253260999,1020.73065
1545253261039,1020.3841
1545253261075,1020.3841
1545253261114,1020.3841
1545253261154,1020.3841
1545253261191,1020.3622
1545253261230,1020.3622
1545253261269,1020.3622
1545253261312,1020.3622
1545253261348,1020.4184
1545253261384,1020.4184
1545253261424,1020.4184
1545253261462,1020.4184
1545253261501,1020.70874
1545253261537,1020.70874
1545253261576,1020.70874
1545253261615,1020.70874
1545253261664,1020.56366
1545253261690,1020.56366
1545253261730,1020.56366
1545253261768,1020.56366
1545253261807,1020.53656
1545253261846,1020.53656
1545253261885,1020.53656
1545253261923,1020.53656
1545253261959,1020.74
1545253261998,1020.74
1545253262039,1020.74
1545253262075,1020.74
1545253262115,1020.3775
1545253262154,1020.3775
1545253262190,1020.3775
1545253262229,1020.3775
1545253262269,1020.34753
1545253262307,1020.34753
1545253262346,1020.34753
1545253262382,1020.34753
1545253262424,1020.4383
1545253262462,1020.4383
1545253262500,1020.4383
1545253262537,1020.4383
1545253262579,1020.6366
1545253262616,1020.6366
1545253262652,1020.6366
1545253262691,1020.6366
1545253262729,1020.4963
1545253262768,1020.4963
1545253262805,1020.4963
1545253262845,1020.4963
1545253262883,1020.52325
1545253262922,1020.52325
1545253262960,1020.52325
1545253262999,1020.52325
1545253263036,1020.61285
1545253263075,1020.61285
1545253263114,1020.61285
1545253263153,1020.61285
1545253263191,1020.6939
1545253263229,1020.6939
1545253263268,1020.6939
1545253263305,1020.6939
1545253263345,1020.48834
1545253263382,1020.48834
1545253263423,1020.48834
1545253263460,1020.48834
1545253263499,1020.58655
1545253263536,1020.58655
1545253263574,1020.58655
1545253263612,1020.58655
1545253263653,1020.6127
1545253263690,1020.6127
1545253263730,1020.6127
1545253263767,1020.6127
1545253263806,1020.46027
1545253263845,1020.46027
1545253263883,1020.46027
1545253263921,1020.46027
1545253263960,1020.43317
1545253264003,1020.43317
1545253264038,1020.43317
1545253264075,1020.43317
1545253264116,1020.54
1545253264155,1020.54
1545253264190,1020.54
1545253264229,1020.54
1545253264269,1020.8536
1545253264308,1020.8536
1545253264345,1020.8536
1545253264384,1020.8536
1545253264421,1020.4583
1545253264461,1020.4583
1545253264498,1020.4583
1545253264537,1020.4587
1545253264576,1020.4587
1545253264614,1020.4587
1545253264657,1020.4587
1545253264692,1020.48395
1545253264731,1020.48395
1545253264768,1020.48395
1545253264805,1020.48395
1545253264846,1020.4989
1545253264884,1020.4989
1545253264921,1020.4989
1545253264960,1020.4989
1545253264998,1020.4186
1545253265042,1020.4186
1545253265076,1020.4186
1545253265114,1020.4186
1545253265155,1020.491
1545253265189,1020.491
1545253265227,1020.491
1545253265265,1020.491
1545253265304,1020.7978
1545253265345,1020.7978
1545253265384,1020.7978
1545253265423,1020.7978
1545253265460,1020.3933
1545253265497,1020.3933
1545253265537,1020.3933
1545253265575,1020.3933
1545253265613,1020.38336
1545253265651,1020.38336
1545253265689,1020.38336
1545253265730,1020.38336
1545253265768,1020.46014
1545253265807,1020.46014
1545253265847,1020.46014
1545253265884,1020.46014
1545253265920,1020.69684
1545253265959,1020.69684
1545253265999,1020.69684
1545253266037,1020.69684
1545253266084,1020.5298
1545253266112,1020.5298
1545253266156,1020.5298
1545253266190,1020.5298
1545253266227,1020.5422
1545253266268,1020.5422
1545253266306,1020.5422
1545253266356,1020.5422
1545253266383,1020.68414
1545253266421,1020.68414
1545253266461,1020.68414
1545253266496,1020.68414
1545253266535,1020.3755
1545253266573,1020.3755
1545253266612,1020.3755
1545253266654,1020.3755
1545253266690,1020.32684
1545253266728,1020.32684
1545253266767,1020.32684
1545253266808,1020.32684
1545253266845,1020.3936
1545253266887,1020.3936
1545253266921,1020.3936
1545253266960,1020.3936
1545253267001,1020.5219
1545253267038,1020.5219
1545253267076,1020.5219
1545253267114,1020.5219
1545253267151,1020.4118
1545253267189,1020.4118
1545253267230,1020.4118
1545253267268,1020.4118
1545253267305,1020.4387
1545253267344,1020.4387
1545253267381,1020.4387
1545253267422,1020.4387
1545253267459,1020.5201
1545253267497,1020.5201
1545253267537,1020.5201
1545253267575,1020.5201
1545253267617,1020.79083
1545253267651,1020.79083
1545253267689,1020.79083
1545253267727,1020.79083
1545253267767,1020.5562
1545253267806,1020.5562
1545253267845,1020.5562
1545253267884,1020.5562
1545253267922,1020.58405
1545253267959,1020.58405
1545253267997,1020.58405
1545253268036,1020.58405
1545253268075,1020.6464
1545253268111,1020.6464
1545253268153,1020.6464
1545253268189,1020.6464
1545253268227,1020.4848
1545253268267,1020.4848
1545253268306,1020.4848
1545253268344,1020.4848
1545253268382,1020.4869
1545253268419,1020.4869
1545253268460,1020.4869
1545253268497,1020.4869
1545253268535,1020.5811
1545253268574,1020.5811
1545253268615,1020.5811
1545253268655,1020.5811
1545253268688,1020.70764
1545253268729,1020.70764
1545253268766,1020.70764
1545253268805,1020.70764
1545253268845,1020.50476
1545253268884,1020.50476
1545253268923,1020.50476
1545253268960,1020.50476
1545253268998,1020.5758
1545253269034,1020.5758
1545253269075,1020.5758
1545253269119,1020.5758
1545253269152,1020.6606
1545253269188,1020.6606
1545253269227,1020.6606
1545253269267,1020.6606
1545253269305,1020.52203
1545253269344,1020.52203
1545253269383,1020.52203
1545253269420,1020.52203
1545253269469,1020.48737
1545253269497,1020.48737
1545253269535,1020.48737
1545253269574,1020.48737
1545253269613,1020.54755
1545253269653,1020.54755
1545253269688,1020.54755
1545253269727,1020.54755
1545253269768,1020.81946
1545253269807,1020.81946
1545253269844,1020.81946
1545253269881,1020.81946
1545253269922,1020.41394
1545253269957,1020.41394
1545253269997,1020.41394
1545253270037,1020.41394
1545253270073,1020.4629
1545253270111,1020.4629
1545253270149,1020.4629
1545253270188,1020.4629
1545253270226,1020.448
1545253270267,1020.448
1545253270306,1020.448
1545253270343,1020.448
1545253270380,1020.3888
1545253270419,1020.3888
1545253270459,1020.3888
1545253270497,1020.3888
1545253270535,1020.33813
1545253270576,1020.33813
1545253270612,1020.33813
1545253270650,1020.33813
1545253270688,1020.46234
1545253270727,1020.46234
1545253270766,1020.46234
1545253270805,1020.46234
1545253270843,1020.7354
1545253270881,1020.7354
1545253270919,1020.7354
1545253270958,1020.7354
1545253270999,1020.4478
1545253271038,1020.4478
1545253271075,1020.4478
1545253271113,1020.4478
1545253271149,1020.37225
1545253271195,1020.37225
1545253271227,1020.37225
1545253271267,1020.37225
1545253271305,1020.4255
1545253271343,1020.4255
1545253271382,1020.4255
1545253271419,1020.4255
1545253271457,1020.6779
1545253271497,1020.6779
1545253271537,1020.6779
1545253271575,1020.6779
1545253271613,1020.5319
1545253271650,1020.5319
1545253271691,1020.5319
1545253271727,1020.5319
1545253271766,1020.4881
1545253271805,1020.4881
1545253271843,1020.4881
1545253271881,1020.4881
1545253271934,1020.58374
1545253271960,1020.58374
1545253271995,1020.58374
1545253272035,1020.58374
1545253272073,1020.4721
1545253272111,1020.4721
1545253272151,1020.4721
1545253272191,1020.4721
1545253272227,1020.34845
1545253272266,1020.34845
1545253272304,1020.34845
1545253272342,1020.34845
1545253272380,1020.4111
1545253272420,1020.4111
1545253272458,1020.4111
1545253272498,1020.4111
1545253272535,1020.49207
1545253272574,1020.49207
1545253272613,1020.49207
1545253272651,1020.49207
1545253272687,1020.40533
1545253272727,1020.40533
1545253272766,1020.40533
1545253272804,1020.40533
1545253272843,1020.48114
1545253272883,1020.48114
1545253272922,1020.48114
1545253272965,1020.48114
1545253272996,1020.5699
1545253273034,1020.5699
1545253273073,1020.5699
1545253273112,1020.5699
1545253273151,1020.81805
1545253273189,1020.81805
1545253273229,1020.81805
1545253273271,1020.81805
1545253273304,1020.41473
1545253273344,1020.41473
1545253273380,1020.41473
1545253273419,1020.41473
1545253273459,1020.43787
1545253273498,1020.43787
1545253273535,1020.43787
1545253273572,1020.43787
1545253273619,1020.4665
1545253273649,1020.4665
1545253273687,1020.4665
1545253273726,1020.4665
1545253273766,1020.45874
1545253273804,1020.45874
1545253273842,1020.45874
1545253273880,1020.45874
1545253273921,1020.3737
1545253273957,1020.3737
1545253273996,1020.3737
1545253274036,1020.3737
1545253274073,1020.50195
1545253274114,1020.50195
1545253274150,1020.50195
1545253274189,1020.50195
1545253274226,1020.82587
1545253274267,1020.82587
1545253274303,1020.82587
1545253274343,1020.82587
1545253274381,1020.63556
1545253274419,1020.63556
1545253274459,1020.63556
1545253274497,1020.63556
1545253274536,1020.5345
1545253274573,1020.5345
1545253274611,1020.5345
1545253274652,1020.5345
1545253274687,1020.5691
1545253274727,1020.5691
1545253274765,1020.5691
1545253274805,1020.5691
1545253274844,1020.69525
1545253274881,1020.69525
1545253274919,1020.69525
1545253274958,1020.69525
1545253274997,1020.5467
1545253275033,1020.5467
1545253275075,1020.5467
1545253275112,1020.5467
1545253275150,1020.5358
1545253275193,1020.5358
1545253275225,1020.5358
1545253275266,1020.5358
1545253275304,1020.6843
1545253275343,1020.6843
1545253275379,1020.6843
1545253275417,1020.6843
1545253275456,1020.4525
1545253275494,1020.4525
1545253275534,1020.4525
1545253275573,1020.4525
1545253275611,1020.3283
1545253275649,1020.3283
1545253275689,1020.3283
1545253275726,1020.3283
1545253275766,1020.3892
1545253275804,1020.3892
1545253275843,1020.3892
1545253275879,1020.3892
1545253275918,1020.62134
1545253275956,1020.62134
1545253275995,1020.62134
1545253276035,1020.62134
1545253276071,1020.46075
1545253276113,1020.46075
1545253276149,1020.46075
1545253276186,1020.51227
1545253276228,1020.51227
1545253276265,1020.51227
1545253276304,1020.51227
1545253276342,1020.6001
1545253276381,1020.6001
1545253276419,1020.6001
1545253276457,1020.6001
1545253276496,1020.93494
1545253276534,1020.93494
1545253276571,1020.93494
1545253276611,1020.93494
1545253276648,1020.5076
1545253276687,1020.5076
1545253276726,1020.5076
1545253276767,1020.5076
1545253276804,1020.57886
1545253276841,1020.57886
1545253276886,1020.57886
1545253276919,1020.57886
1545253276956,1020.59454
1545253276996,1020.59454
1545253277034,1020.59454
1545253277073,1020.59454
1545253277110,1020.40857
1545253277149,1020.40857
1545253277190,1020.40857
1545253277225,1020.40857
1545253277265,1020.4678
1545253277304,1020.4678
1545253277341,1020.4678
1545253277380,1020.4678
1545253277420,1020.59314
1545253277458,1020.59314
1545253277495,1020.59314
1545253277534,1020.59314
1545253277614,1020.9995
1545253277615,1020.9995
1545253277648,1020.9995
1545253277692,1020.9995
1545253277724,1020.49896
1545253277768,1020.49896
1545253277803,1020.49896
1545253277843,1020.49896
1545253277880,1020.486
1545253277918,1020.486
1545253277957,1020.486
1545253277995,1020.486
1545253278033,1020.56104
1545253278074,1020.56104
1545253278112,1020.56104
1545253278149,1020.56104
1545253278188,1020.4743
1545253278224,1020.4743
1545253278265,1020.4743
1545253278303,1020.4743
1545253278344,1020.4107
1545253278379,1020.4107
1545253278418,1020.4107
1545253278456,1020.4107
1545253278497,1020.51465
1545253278533,1020.51465
1545253278572,1020.51465
1545253278610,1020.51465
1545253278649,1020.88556
1545253278686,1020.88556
1545253278725,1020.88556
1545253278765,1020.88556
1545253278803,1020.585
1545253278841,1020.585
1545253278881,1020.585
1545253278918,1020.585
1545253278956,1020.4689
1545253278996,1020.4689
1545253279036,1020.4689
1545253279074,1020.4689
1545253279110,1020.523
1545253279150,1020.523
1545253279198,1020.523
1545253279225,1020.523
1545253279266,1020.71875
1545253279303,1020.71875
1545253279342,1020.71875
1545253279379,1020.71875
1545253279419,1020.55536
1545253279460,1020.55536
1545253279496,1020.55536
1545253279536,1020.55536
1545253279573,1020.58716
1545253279609,1020.58716
1545253279649,1020.58716
1545253279703,1020.58716
1545253279725,1020.73193
1545253279764,1020.73193
1545253279804,1020.73193
1545253279841,1020.73193
1545253279881,1020.3625
1545253279925,1020.3625
1545253279956,1020.3625
1545253279994,1020.3625
1545253280032,1020.24066
1545253280071,1020.24066
1545253280111,1020.24066
1545253280148,1020.24066
1545253280186,1020.35626
1545253280225,1020.35626
1545253280265,1020.35626
1545253280302,1020.35626
1545253280341,1020.58185
1545253280379,1020.58185
1545253280419,1020.58185
1545253280456,1020.58185
1545253280495,1020.4305
1545253280535,1020.4305
1545253280571,1020.4305
1545253280609,1020.4305
1545253280649,1020.4637
1545253280688,1020.4637
1545253280725,1020.4637
1545253280763,1020.4637
1545253280801,1020.6214
1545253280840,1020.6214
1545253280880,1020.6214
1545253280917,1020.6214
1545253280956,1020.85046
1545253280997,1020.85046
1545253281033,1020.85046
1545253281073,1020.85046
1545253281112,1020.52997
1545253281149,1020.52997
1545253281188,1020.52997
1545253281223,1020.52997
1545253281264,1020.5766
1545253281303,1020.5766
1545253281344,1020.5766
1545253281384,1020.5766
1545253281419,1020.6983
1545253281454,1020.6983
1545253281493,1020.6983
1545253281533,1020.6983
1545253281573,1020.49457
1545253281610,1020.49457
1545253281648,1020.49457
1545253281688,1020.49457
1545253281726,1020.5398
1545253281766,1020.5398
1545253281801,1020.5398
1545253281842,1020.5398
1545253281878,1020.6366
1545253281917,1020.6366
1545253281956,1020.6366
1545253281996,1020.6366
1545253282036,1021.04224
1545253282071,1021.04224
1545253282110,1021.04224
1545253282148,1021.04224
1545253282190,1020.57227
1545253282226,1020.57227
1545253282263,1020.57227
1545253282302,1020.57227
1545253282341,1020.5866
1545253282378,1020.5866
1545253282418,1020.5866
1545253282455,1020.5866
1545253282494,1020.59467
1545253282532,1020.59467
1545253282572,1020.59467
1545253282609,1020.59467
1545253282648,1020.50604
1545253282690,1020.50604
1545253282726,1020.50604
1545253282762,1020.50604
1545253282803,1020.41907
1545253282841,1020.41907
1545253282879,1020.41907
1545253282918,1020.41907
1545253282956,1020.5141
1545253282993,1020.5141
1545253283031,1020.5141
1545253283071,1020.5141
1545253283109,1020.9129
1545253283150,1020.9129
1545253283186,1020.9129
1545253283226,1020.9129
1545253283263,1020.49274
1545253283308,1020.49274
1545253283339,1020.49274
1545253283379,1020.49274
1545253283417,1020.47614
1545253283456,1020.47614
1545253283500,1020.47614
1545253283532,1020.47614
1545253283570,1020.5308
1545253283609,1020.5308
1545253283647,1020.5308
1545253283686,1020.5308
1545253283724,1020.65173
1545253283761,1020.65173
1545253283800,1020.65173
1545253283839,1020.65173
1545253283880,1020.49945
1545253283917,1020.49945
1545253283956,1020.49945
1545253283994,1020.49945
1545253284032,1020.59595
1545253284070,1020.59595
1545253284109,1020.59595
1545253284149,1020.59595
1545253284186,1020.8765
1545253284225,1020.8765
1545253284262,1020.8765
1545253284302,1020.8765
1545253284340,1020.49927
1545253284377,1020.49927
1545253284415,1020.49927
1545253284455,1020.49927
1545253284496,1020.39166
1545253284533,1020.39166
1545253284569,1020.39166
1545253284609,1020.39166
1545253284647,1020.44354
1545253284689,1020.44354
1545253284733,1020.44354
1545253284762,1020.44354
1545253284799,1020.7267
1545253284839,1020.7267
1545253284876,1020.7267
1545253284914,1020.7267
1545253284953,1020.5813
1545253284991,1020.5813
1545253285032,1020.5813
1545253285071,1020.5813
1545253285108,1020.57794
1545253285147,1020.57794
1545253285185,1020.57794
1545253285226,1020.57794
1545253285262,1020.78265
1545253285302,1020.78265
1545253285340,1020.78265
1545253285379,1020.78265
1545253285417,1020.4088
1545253285458,1020.4088
1545253285494,1020.4088
1545253285531,1020.4088
1545253285569,1020.32184
1545253285609,1020.32184
1545253285650,1020.32184
1545253285685,1020.32184
1545253285725,1020.38086
1545253285761,1020.38086
1545253285801,1020.38086
1545253285838,1020.38086
1545253285878,1020.67834
1545253285916,1020.67834
1545253285955,1020.67834
1545253285994,1020.67834
1545253286032,1020.5312
1545253286069,1020.5312
1545253286108,1020.5312
1545253286147,1020.5312
1545253286185,1020.54095
1545253286226,1020.54095
1545253286262,1020.54095
1545253286302,1020.54095
1545253286338,1020.7641
1545253286378,1020.7641
1545253286418,1020.7641
1545253286457,1020.7641
1545253286493,1020.41254
1545253286533,1020.41254
1545253286570,1020.41254
1545253286609,1020.41254
1545253286647,1020.25653
1545253286686,1020.25653
1545253286730,1020.25653
1545253286761,1020.25653
1545253286802,1020.33014
1545253286839,1020.33014
1545253286884,1020.33014
1545253286918,1020.33014
1545253286955,1020.6182
1545253286993,1020.6182
1545253287032,1020.6182
1545253287071,1020.6182
1545253287107,1020.4631
1545253287148,1020.4631
1545253287187,1020.4631
1545253287223,1020.4631
1545253287261,1020.4852
1545253287302,1020.4852
1545253287342,1020.4852
1545253287377,1020.6685
1545253287418,1020.6685
1545253287461,1020.6685
1545253287494,1020.6685
1545253287531,1020.37415
1545253287569,1020.37415
1545253287608,1020.37415
1545253287648,1020.37415
1545253287686,1020.2571
1545253287728,1020.2571
1545253287762,1020.2571
1545253287800,1020.2571
1545253287838,1020.3459
1545253287876,1020.3459
1545253287914,1020.3459
1545253287955,1020.3459
1545253287991,1020.67865
1545253288031,1020.67865
1545253288069,1020.67865
1545253288108,1020.67865
1545253288145,1020.51605
1545253288186,1020.51605
1545253288224,1020.51605
1545253288261,1020.51605
1545253288300,1020.5356
1545253288341,1020.5356
1545253288377,1020.5356
1545253288414,1020.5356
1545253288456,1020.6582
1545253288497,1020.6582
1545253288530,1020.6582
1545253288570,1020.6582
1545253288607,1020.3913
1545253288647,1020.3913
1545253288685,1020.3913
1545253288733,1020.3913
1545253288760,1020.24817
1545253288799,1020.24817
1545253288838,1020.24817
1545253288878,1020.24817
1545253288916,1020.33466
1545253288954,1020.33466
1545253288992,1020.33466
1545253289032,1020.33466
1545253289075,1020.64343
1545253289109,1020.64343
1545253289146,1020.64343
1545253289185,1020.64343
1545253289228,1020.49457
1545253289261,1020.49457
1545253289299,1020.49457
1545253289339,1020.49457
1545253289377,1020.4854
1545253289418,1020.4854
1545253289455,1020.4854
1545253289494,1020.4854
1545253289531,1020.6296
1545253289569,1020.6296
1545253289609,1020.6296
1545253289649,1020.6296
1545253289687,1020.5207
1545253289723,1020.5207
1545253289763,1020.5207
1545253289802,1020.5207
1545253289838,1020.36725
1545253289877,1020.36725
1545253289914,1020.36725
1545253289953,1020.36725
1545253289992,1020.42456
1545253290035,1020.42456
1545253290068,1020.42456
1545253290107,1020.42456
1545253290148,1020.7311
1545253290183,1020.7311
1545253290221,1020.7311
1545253290261,1020.7311
1545253290300,1020.5598
1545253290338,1020.5598
1545253290375,1020.5598
1545253290416,1020.5598
1545253290452,1020.585
1545253290490,1020.585
1545253290529,1020.585
1545253290568,1020.585
1545253290609,1020.7254
1545253290645,1020.7254
1545253290686,1020.7254
1545253290726,1020.7254
1545253290760,1020.54474
1545253290799,1020.54474
1545253290839,1020.54474
1545253290877,1020.54474
1545253290915,1020.39813
1545253290957,1020.39813
1545253290994,1020.39813
1545253291030,1020.39813
1545253291068,1020.48126
1545253291107,1020.48126
1545253291146,1020.48126
1545253291184,1020.48126
1545253291225,1020.71387
1545253291264,1020.71387
1545253291299,1020.71387
1545253291340,1020.71387
1545253291375,1020.54144
1545253291416,1020.54144
1545253291453,1020.54144
1545253291491,1020.54144
1545253291532,1020.6005
1545253291569,1020.6005
1545253291609,1020.6005
1545253291655,1020.6005
1545253291689,1020.69275
1545253291725,1020.69275
1545253291764,1020.69275
1545253291799,1020.69275
1545253291838,1020.9753
1545253291875,1020.9753
1545253291915,1020.9753
1545253291954,1020.9753
1545253291994,1020.58966
1545253292031,1020.58966
1545253292070,1020.58966
1545253292108,1020.58966
1545253292147,1020.6247
1545253292185,1020.6247
1545253292222,1020.6247
1545253292260,1020.6247
1545253292298,1020.6628
1545253292337,1020.6628
1545253292376,1020.6628
1545253292414,1020.6628
1545253292454,1020.56085
1545253292493,1020.56085
1545253292533,1020.56085
1545253292569,1020.56085
1545253292607,1020.5219
1545253292645,1020.5219
1545253292685,1020.5219
1545253292722,1020.5219
1545253292761,1020.62103
1545253292799,1020.62103
1545253292837,1020.62103
1545253292884,1020.62103
1545253292915,1021.1022
1545253292953,1021.1022
1545253292991,1021.1022
1545253293029,1021.1022
1545253293068,1020.6753
1545253293106,1020.6753
1545253293147,1020.6753
1545253293186,1020.6753
1545253293222,1020.6541
1545253293260,1020.6541
1545253293297,1020.6541
1545253293336,1020.6541
1545253293375,1020.6547
1545253293414,1020.6547
1545253293453,1020.6547
1545253293491,1020.6547
1545253293531,1020.5871
1545253293571,1020.5871
1545253293607,1020.5871
1545253293648,1020.5871
1545253293684,1020.5413
1545253293722,1020.5413
1545253293760,1020.5413
1545253293797,1020.5413
1545253293836,1020.6605
1545253293876,1020.6605
1545253293915,1020.6605
1545253293953,1020.6605
1545253293993,1021.1354
1545253294033,1021.1354
1545253294068,1021.1354
1545253294107,1021.1354
1545253294145,1020.57513
1545253294184,1020.57513
1545253294222,1020.57513
1545253294265,1020.57513
1545253294298,1020.5526
1545253294337,1020.5526
1545253294375,1020.5526
1545253294415,1020.5526
1545253294453,1020.60016
1545253294492,1020.60016
1545253294529,1020.60016
1545253294568,1020.60016
1545253294606,1020.5961
1545253294645,1020.5961
1545253294683,1020.5961
1545253294721,1020.5961
1545253294761,1020.5194
1545253294797,1020.5194
1545253294839,1020.5194
1545253294876,1020.5194
1545253294914,1020.61115
1545253294951,1020.61115
1545253294991,1020.61115
1545253295030,1020.61115
1545253295069,1020.9476
1545253295107,1020.9476
1545253295145,1020.9476
1545253295184,1020.9476
1545253295223,1020.68085
1545253295264,1020.68085
1545253295299,1020.68085
1545253295338,1020.68085
1545253295376,1020.584
1545253295414,1020.584
1545253295451,1020.584
1545253295490,1020.584
1545253295529,1020.5903
1545253295567,1020.5903
1545253295607,1020.5903
1545253295644,1020.5903
1545253295689,1020.7714
1545253295724,1020.7714
1545253295764,1020.7714
1545253295797,1020.7714
1545253295838,1020.6471
1545253295875,1020.6471
1545253295913,1020.6471
1545253295953,1020.6471
1545253295991,1020.658
1545253296030,1020.658
1545253296069,1020.658
1545253296106,1020.658
1545253296146,1020.89166
1545253296183,1020.89166
1545253296222,1020.89166
1545253296267,1020.89166
1545253296297,1020.51794
1545253296338,1020.51794
1545253296376,1020.51794
1545253296415,1020.51794
1545253296452,1020.46924
1545253296489,1020.46924
1545253296528,1020.46924
1545253296567,1020.46924
1545253296605,1020.5197
1545253296644,1020.5197
1545253296685,1020.5197
1545253296721,1020.5197
1545253296761,1020.71515
1545253296797,1020.71515
1545253296836,1020.71515
1545253296876,1020.71515
1545253296915,1020.6301
1545253296951,1020.6301
1545253296990,1020.6301
1545253297029,1020.6301
1545253297067,1020.6187
1545253297105,1020.6187
1545253297145,1020.6187
1545253297184,1020.6187
1545253297220,1020.7746
1545253297265,1020.7746
1545253297298,1020.7746
1545253297336,1020.7746
1545253297373,1020.6184
1545253297414,1020.6184
1545253297452,1020.6184
1545253297490,1020.6184
1545253297529,1020.4786
1545253297572,1020.4786
1545253297606,1020.4786
1545253297644,1020.4786
1545253297683,1020.5248
1545253297723,1020.5248
1545253297766,1020.5248
1545253297806,1020.5248
1545253297836,1020.7942
1545253297874,1020.7942
1545253297913,1020.7942
1545253297951,1020.7942
1545253297991,1020.63196
1545253298028,1020.63196
1545253298069,1020.63196
1545253298111,1020.63196
1545253298165,1020.618
1545253298181,1020.618
1545253298219,1020.618
1545253298258,1020.618
1545253298296,1020.7636
1545253298336,1020.7636
1545253298374,1020.7636
1545253298413,1020.7636
1545253298452,1020.7725
1545253298491,1020.7725
1545253298529,1020.7725
1545253298569,1020.7725
1545253298605,1020.56555
1545253298645,1020.56555
1545253298685,1020.56555
1545253298726,1020.56555
1545253298760,1020.58765
1545253298798,1020.58765
1545253298837,1020.58765
1545253298874,1020.65155
1545253298913,1020.65155
1545253298952,1020.65155
1545253298989,1020.65155
1545253299031,1020.5464
1545253299067,1020.5464
1545253299107,1020.5464
1545253299144,1020.5464
1545253299185,1020.5992
1545253299220,1020.5992
1545253299264,1020.5992
1545253299297,1020.5992
1545253299335,1020.7138
1545253299377,1020.7138
1545253299415,1020.7138
1545253299451,1020.7138
1545253299490,1021.1528
1545253299528,1021.1528
1545253299567,1021.1528
1545253299603,1021.1528
1545253299642,1020.7233
1545253299682,1020.7233
1545253299719,1020.7233
1545253299766,1020.7233
1545253299797,1020.7176
1545253299836,1020.7176
1545253299874,1020.7176
1545253299914,1020.7176
1545253299952,1020.695
1545253299989,1020.695
1545253300033,1020.695
1545253300068,1020.695
1545253300105,1020.5683
1545253300143,1020.5683
1545253300183,1020.5683
1545253300221,1020.5683
1545253300259,1020.5333
1545253300296,1020.5333
1545253300335,1020.5333
1545253300373,1020.5333
1545253300412,1020.63885
1545253300450,1020.63885
1545253300492,1020.63885
1545253300527,1020.63885
1545253300565,1021.07263
1545253300604,1021.07263
1545253300646,1021.07263
1545253300683,1021.07263
1545253300722,1020.64923
1545253300760,1020.64923
1545253300796,1020.64923
1545253300836,1020.64923
1545253300875,1020.6555
1545253300913,1020.6555
1545253300953,1020.6555
1545253300990,1020.6555
1545253301028,1020.6182
1545253301067,1020.6182
1545253301105,1020.6182
1545253301144,1020.6182
1545253301187,1020.5053
1545253301220,1020.5053
1545253301265,1020.5053
1545253301296,1020.5053
1545253301337,1020.4763
1545253301376,1020.4763
1545253301413,1020.4763
1545253301452,1020.4763
1545253301488,1020.5999
1545253301529,1020.5999
1545253301564,1020.5999
1545253301605,1020.5999
1545253301644,1021.0131
1545253301684,1021.0131
1545253301719,1021.0131
1545253301758,1021.0131
1545253301804,1020.54004
1545253301835,1020.54004
1545253301873,1020.54004
1545253301911,1020.54004
1545253301950,1020.5489
1545253301989,1020.5489
1545253302028,1020.5489
1545253302068,1020.5489
1545253302105,1020.59247
1545253302142,1020.59247
1545253302182,1020.59247
1545253302219,1020.59247
1545253302261,1020.49896
1545253302298,1020.49896
1545253302338,1020.49896
1545253302373,1020.49896
1545253302412,1020.4698
1545253302469,1020.4698
1545253302495,1020.4698
1545253302527,1020.4698
1545253302565,1020.58105
1545253302603,1020.58105
1545253302643,1020.58105
1545253302680,1020.58105
1545253302720,1021.0281
1545253302757,1021.0281
1545253302796,1021.0281
1545253302835,1021.0281
1545253302874,1020.5699
1545253302911,1020.5699
1545253302949,1020.5699
1545253302989,1020.5699
1545253303029,1020.5429
1545253303070,1020.5429
1545253303107,1020.5429
1545253303145,1020.5429
1545253303186,1020.6347
1545253303220,1020.6347
1545253303258,1020.6347
1545253303301,1020.6347
1545253303335,1020.65765
1545253303373,1020.65765
1545253303413,1020.65765
1545253303452,1020.65765
1545253303489,1020.5616
1545253303528,1020.5616
1545253303567,1020.5616
1545253303606,1020.5616
1545253303643,1020.6516
1545253303680,1020.6516
1545253303725,1020.6516
1545253303758,1020.6516
1545253303795,1021.0566
1545253303836,1021.0566
1545253303872,1021.0566
1545253303914,1021.0566
1545253303949,1020.57367
1545253303990,1020.57367
1545253304026,1020.57367
1545253304066,1020.57367
1545253304104,1020.5837
1545253304147,1020.5837
1545253304183,1020.5837
1545253304221,1020.5837
1545253304257,1020.6032
1545253304296,1020.6032
1545253304335,1020.6032
1545253304373,1020.6032
1545253304413,1020.53064
1545253304449,1020.53064
1545253304488,1020.53064
1545253304527,1020.53064
1545253304566,1020.4882
1545253304605,1020.4882
1545253304644,1020.4882
1545253304680,1020.4882
1545253304720,1020.6049
1545253304765,1020.6049
1545253304795,1020.6049
1545253304836,1020.6049
1545253304876,1021.0319
1545253304918,1021.0319
1545253304952,1021.0319
1545253304987,1021.0319
1545253305026,1020.53296
1545253305063,1020.53296
1545253305102,1020.53296
1545253305141,1020.53296
1545253305181,1020.49994
1545253305219,1020.49994
1545253305259,1020.49994
1545253305296,1020.49994
1545253305335,1020.6132
1545253305378,1020.6132
1545253305412,1020.6132
1545253305452,1020.6132
1545253305491,1020.5527
1545253305527,1020.5527
1545253305568,1020.5527
1545253305606,1020.5527
1545253305640,1020.4759
1545253305680,1020.4759
1545253305720,1020.4759
1545253305758,1020.4759
1545253305800,1020.62274
1545253305836,1020.62274
1545253305874,1020.62274
1545253305913,1020.62274
1545253305951,1021.0618
1545253305988,1021.0618
1545253306026,1021.0618
1545253306066,1021.0618
1545253306106,1020.72626
1545253306142,1020.72626
1545253306181,1020.72626
1545253306220,1020.72626
1545253306257,1020.6302
1545253306296,1020.6302
1545253306335,1020.6302
1545253306374,1020.6302
1545253306413,1020.6543
1545253306451,1020.6543
1545253306489,1020.6543
1545253306526,1020.6543
1545253306565,1020.7526
1545253306604,1020.7526
1545253306641,1020.7526
1545253306680,1020.7526
1545253306718,1020.5923
1545253306757,1020.5923
1545253306798,1020.5923
1545253306834,1020.5923
1545253306871,1020.6371
1545253306912,1020.6371
1545253306950,1020.6371
1545253306991,1020.6371
1545253307028,1020.9208
1545253307066,1020.9208
1545253307103,1020.9208
1545253307144,1020.9208
1545253307181,1020.71735
1545253307219,1020.71735
1545253307258,1020.71735
1545253307306,1020.71735
1545253307334,1020.5605
1545253307374,1020.5605
1545253307412,1020.5605
1545253307449,1020.5605
1545253307488,1020.60266
1545253307526,1020.60266
1545253307564,1020.60266
1545253307604,1020.60266
1545253307644,1020.74866
1545253307680,1020.74866
1545253307719,1020.74866
1545253307758,1020.74866
1545253307801,1020.59686
1545253307834,1020.59686
1545253307872,1020.59686
1545253307911,1020.59686
1545253307949,1020.6474
1545253307988,1020.6474
1545253308025,1020.6474
1545253308071,1020.6474
1545253308102,1020.91046
1545253308141,1020.91046
1545253308180,1020.91046
1545253308218,1020.91046
1545253308257,1020.6709
1545253308295,1020.6709
1545253308335,1020.6709
1545253308376,1020.6709
1545253308413,1020.56335
1545253308449,1020.56335
1545253308489,1020.56335
1545253308526,1020.56335
1545253308565,1020.6078
1545253308642,1020.6078
1545253308643,1020.6078
1545253308680,1020.6078
1545253308717,1020.8355
1545253308757,1020.8355
1545253308796,1020.8355
1545253308834,1020.8355
1545253308872,1020.6454
1545253308911,1020.6454
1545253308948,1020.6454
1545253308989,1020.6454
1545253309025,1020.7105
1545253309064,1020.7105
1545253309104,1020.7105
1545253309141,1020.7105
1545253309187,1021.00653
1545253309219,1021.00653
1545253309256,1021.00653
1545253309294,1021.00653
1545253309334,1020.6047
1545253309372,1020.6047
1545253309411,1020.6047
1545253309450,1020.6047
1545253309488,1020.5243
1545253309526,1020.5243
1545253309566,1020.5243
1545253309604,1020.5243
1545253309641,1020.55444
1545253309680,1020.55444
1545253309717,1020.55444
1545253309757,1020.55444
1545253309797,1020.8393
1545253309833,1020.8393
1545253309871,1020.8393
1545253309910,1020.8393
1545253309949,1020.6672
1545253309992,1020.6672
1545253310026,1020.6672
1545253310064,1020.6672
1545253310102,1020.72797
1545253310141,1020.72797
1545253310179,1020.72797
1545253310219,1020.72797
1545253310257,1020.9053
1545253310298,1020.9053
1545253310332,1020.9053
1545253310371,1020.57996
1545253310411,1020.5843
1545253310450,1020.5843
1545253310487,1020.5843
1545253310525,1020.5662
1545253310564,1020.5662
1545253310604,1020.5662
1545253310642,1020.5662
1545253310680,1020.6342
1545253310720,1020.6342
1545253310764,1020.6342
1545253310796,1020.6342
1545253310833,1020.8786
1545253310870,1020.8786
1545253310909,1020.8786
1545253310947,1020.8786
1545253310988,1020.7082
1545253311026,1020.7082
1545253311063,1020.7082
1545253311102,1020.7082
1545253311142,1020.67896
1545253311180,1020.67896
1545253311222,1020.67896
1545253311256,1020.67896
1545253311301,1020.93713
1545253311332,1020.93713
1545253311371,1020.93713
1545253311411,1020.93713
1545253311448,1020.62384
1545253311486,1020.62384
1545253311526,1020.62384
1545253311563,1020.62384
1545253311602,1020.5206
1545253311646,1020.5206
1545253311678,1020.5206
1545253311715,1020.5206
1545253311755,1020.6032
1545253311796,1020.6032
1545253311833,1020.6032
1545253311871,1020.6032
1545253311910,1020.8588
1545253311949,1020.8588
1545253311986,1020.8588
1545253312025,1020.8588
1545253312067,1020.68756
1545253312101,1020.68756
1545253312140,1020.68756
1545253312179,1020.68756
1545253312217,1020.67554
1545253312256,1020.67554
1545253312297,1020.67554
1545253312332,1020.67554
1545253312372,1020.81146
1545253312409,1020.81146
1545253312449,1020.81146
1545253312490,1020.81146
1545253312526,1020.6729
1545253312566,1020.6729
1545253312616,1020.6729
1545253312640,1020.6729
1545253312679,1020.53864
1545253312717,1020.53864
1545253312758,1020.53864
1545253312795,1020.53864
1545253312832,1020.6052
1545253312871,1020.6052
1545253312910,1020.6052
1545253312948,1020.6052
1545253312986,1020.80664
1545253313025,1020.80664
1545253313065,1020.80664
1545253313102,1020.80664
1545253313140,1020.6431
1545253313181,1020.6431
1545253313218,1020.6431
1545253313255,1020.6431
1545253313297,1020.61127
1545253313331,1020.61127
1545253313371,1020.61127
1545253313409,1020.61127
1545253313449,1020.73004
1545253313486,1020.73004
1545253313525,1020.73004
1545253313563,1020.73004
1545253313601,1020.9348
1545253313640,1020.9348
1545253313679,1020.9348
1545253313717,1020.9348
1545253313756,1020.6663
1545253313794,1020.6663
1545253313831,1020.6663
1545253313872,1020.6663
1545253313910,1020.6672
1545253313951,1020.6672
1545253313986,1020.6672
1545253314025,1020.6672
1545253314064,1020.8267
1545253314102,1020.8267
1545253314141,1020.8267
1545253314179,1020.8267
1545253314217,1020.65283
1545253314255,1020.65283
1545253314296,1020.65283
1545253314331,1020.65283
1545253314371,1020.69586
1545253314413,1020.69586
1545253314447,1020.69586
1545253314487,1020.69586
1545253314524,1020.77936
1545253314563,1020.77936
1545253314602,1020.77936
1545253314640,1020.77936
1545253314678,1021.1287
1545253314719,1021.1287
1545253314758,1021.1287
1545253314794,1021.1287
1545253314833,1020.7105
1545253314871,1020.7105
1545253314907,1020.7105
1545253314947,1020.7105
1545253314990,1020.7053
1545253315025,1020.7053
1545253315064,1020.7053
1545253315101,1020.7053
1545253315138,1020.6898
1545253315178,1020.6898
1545253315218,1020.6898
1545253315255,1020.6898
1545253315294,1020.58655
1545253315331,1020.58655
1545253315370,1020.58655
1545253315417,1020.58655
1545253315449,1020.5504
1545253315484,1020.5504
1545253315523,1020.5504
1545253315561,1020.5504
1545253315600,1020.6832
1545253315638,1020.6832
1545253315677,1020.6832
1545253315715,1020.6832
1545253315754,1021.0335
1545253315792,1021.0335
1545253315830,1021.0335
1545253315869,1021.0335
1545253315910,1020.654
1545253315947,1020.654
1545253315988,1020.654
1545253316025,1020.654
1545253316069,1020.6901
1545253316104,1020.6901
1545253316140,1020.6901
1545253316181,1020.6901
1545253316223,1020.7099
1545253316254,1020.7099
1545253316295,1020.7099
1545253316333,1020.7099
1545253316370,1020.7082
1545253316409,1020.7082
1545253316447,1020.7082
1545253316486,1020.7082
1545253316524,1020.5774
1545253316561,1020.5774
1545253316601,1020.5774
1545253316638,1020.5774
1545253316678,1020.6359
1545253316717,1020.6359
1545253316756,1020.6359
1545253316796,1020.6359
1545253316834,1020.9552
1545253316870,1020.9552
1545253316910,1020.9552
1545253316947,1020.9552
1545253316985,1020.833
1545253317024,1020.833
1545253317064,1020.833
1545253317102,1020.833
1545253317140,1020.6557
1545253317178,1020.6557
1545253317216,1020.6557
1545253317255,1020.6557
1545253317297,1020.71075
1545253317331,1020.71075
1545253317369,1020.71075
1545253317408,1020.71075
1545253317446,1020.78394
1545253317487,1020.78394
1545253317528,1020.78394
1545253317563,1020.78394
1545253317603,1020.67377
1545253317639,1020.67377
1545253317678,1020.67377
1545253317716,1020.67377
1545253317758,1020.67035
1545253317794,1020.67035
1545253317834,1020.67035
1545253317870,1020.67035
1545253317908,1020.94403
1545253317955,1020.94403
1545253317985,1020.94403
1545253318027,1020.94403
1545253318061,1020.73285
1545253318101,1020.73285
1545253318139,1020.73285
1545253318179,1020.73285
1545253318215,1020.6795
1545253318256,1020.6795
1545253318295,1020.6795
1545253318339,1020.6795
1545253318369,1020.68555
1545253318408,1020.68555
1545253318447,1020.68555
1545253318486,1020.68555
1545253318529,1020.7785
1545253318562,1020.7785
1545253318600,1020.7785
1545253318641,1020.7785
1545253318680,1020.6511
1545253318718,1020.6511
1545253318756,1020.6511
1545253318795,1020.6511
1545253318832,1020.705
1545253318870,1020.705
1545253318907,1020.705
1545253318947,1020.705
1545253318985,1020.80316
1545253319024,1020.80316
1545253319062,1020.80316
1545253319100,1020.80316
1545253319140,1020.5524
1545253319178,1020.5524
1545253319215,1020.5524
1545253319254,1020.5524
1545253319294,1020.50854
1545253319330,1020.50854
1545253319369,1020.50854
1545253319408,1020.50854
1545253319446,1020.5521
1545253319486,1020.5521
1545253319527,1020.5521
1545253319562,1020.5521
1545253319601,1020.5668
1545253319639,1020.5668
1545253319679,1020.5668
1545253319715,1020.5668
1545253319754,1020.56995
1545253319793,1020.56995
1545253319831,1020.56995
1545253319869,1020.56995
1545253319910,1020.5846
1545253319946,1020.5846
1545253319986,1020.5846
1545253320024,1020.5846
1545253320062,1020.6342
1545253320099,1020.6342
1545253320139,1020.6342
1545253320178,1020.6342
1545253320216,1020.71826
1545253320254,1020.71826
1545253320294,1020.71826
1545253320333,1020.71826
1545253320369,1020.6864
1545253320410,1020.6864
1545253320446,1020.6864
1545253320485,1020.6864
1545253320524,1020.637
1545253320564,1020.637
1545253320602,1020.637
1545253320639,1020.637
1545253320677,1020.6591
1545253320716,1020.6591
1545253320753,1020.6591
1545253320792,1020.6591
1545253320838,1020.6135
1545253320870,1020.6135
1545253320908,1020.6135
1545253320950,1020.6135
1545253320984,1020.61755
1545253321024,1020.61755
1545253321060,1020.61755
1545253321098,1020.61755
1545253321137,1020.6749
1545253321175,1020.6749
1545253321214,1020.6749
1545253321253,1020.6749
1545253321292,1020.69696
1545253321332,1020.69696
1545253321369,1020.69696
1545253321407,1020.69696
1545253321446,1020.76245
1545253321486,1020.76245
1545253321524,1020.76245
1545253321564,1020.76245
1545253321600,1020.74664
1545253321638,1020.74664
1545253321679,1020.74664
1545253321716,1020.74664
1545253321754,1020.7317
1545253321792,1020.7317
1545253321830,1020.7317
1545253321868,1020.6732
1545253321907,1020.6732
1545253321945,1020.6732
1545253321983,1020.6732
1545253322022,1020.6681
1545253322061,1020.6681
1545253322100,1020.6681
1545253322140,1020.6681
1545253322178,1020.6953
1545253322215,1020.6953
1545253322256,1020.6953
1545253322293,1020.6953
1545253322335,1020.66315
1545253322370,1020.66315
1545253322407,1020.66315
1545253322448,1020.66315
1545253322486,1020.6357
1545253322523,1020.6357
1545253322561,1020.6357
1545253322600,1020.6357
1545253322638,1020.60834
1545253322677,1020.60834
1545253322715,1020.60834
1545253322752,1020.60834
1545253322793,1020.5981
1545253322830,1020.5981
1545253322867,1020.5981
1545253322907,1020.5981
1545253322945,1020.57367
1545253322985,1020.57367
1545253323022,1020.57367
1545253323061,1020.57367
1545253323102,1020.5567
1545253323138,1020.5567
1545253323178,1020.5567
1545253323215,1020.5567
1545253323254,1020.5619
1545253323292,1020.5619
1545253323330,1020.5619
1545253323367,1020.5619
1545253323406,1020.57245
1545253323445,1020.57245
1545253323485,1020.57245
1545253323521,1020.57245
1545253323561,1020.58453
1545253323603,1020.58453
1545253323637,1020.58453
1545253323676,1020.58453
1545253323714,1020.5808
1545253323752,1020.5808
1545253323791,1020.5808
1545253323845,1020.5808
1545253323868,1020.58966
1545253323906,1020.58966
1545253323945,1020.58966
1545253323982,1020.58966
1545253324020,1020.5966
1545253324060,1020.5966
1545253324100,1020.5966
1545253324136,1020.5966
1545253324175,1020.5937
1545253324214,1020.5937
1545253324252,1020.5937
1545253324290,1020.5937
1545253324329,1020.58307
1545253324369,1020.58307
1545253324406,1020.58307
1545253324445,1020.58307
1545253324483,1020.5839
1545253324520,1020.5839
1545253324559,1020.5839
1545253324598,1020.5839
1545253324640,1020.5888
1545253324674,1020.5888
1545253324713,1020.5888
