1545254081221,1011.4
1545254081221,1011.4
1545254081259,1011.4
1545254081297,1011.4
1545254081336,1011.40546
1545254081375,1011.40546
1545254081413,1011.40546
1545254081453,1011.40546
1545254081490,1011.4914
1545254081528,1011.4914
1545254081566,1011.4914
1545254081605,1011.4914
1545254081647,1011.68634
1545254081703,1011.68634
1545254081721,1011.68634
1545254081761,1011.68634
1545254081800,1011.5505
1545254081838,1011.5505
1545254081876,1011.5505
1545254081916,1011.5505
1545254081953,1011.5049
1545254081991,1011.5049
1545254082033,1011.5049
1545254082068,1011.5049
1545254082108,1011.4757
1545254082144,1011.4757
1545254082184,1011.4757
1545254082221,1011.4757
1545254082258,1011.47156
1545254082297,1011.47156
1545254082336,1011.47156
1545254082376,1011.47156
1545254082425,1011.4864
1545254082455,1011.4864
1545254082489,1011.4864
1545254082528,1011.4864
1545254082567,1011.4782
1545254082605,1011.4782
1545254082643,1011.4782
1545254082686,1011.4782
1545254082725,1011.4943
1545254082759,1011.4943
1545254082801,1011.4943
1545254082836,1011.4943
1545254082874,1011.5026
1545254082913,1011.5026
1545254082955,1011.5026
1545254082990,1011.5026
1545254083029,1011.5385
1545254083068,1011.5385
1545254083105,1011.5385
1545254083145,1011.5385
1545254083184,1011.53296
1545254083239,1011.53296
1545254083279,1011.53296
1545254083298,1011.53296
1545254083337,1011.54596
1545254083375,1011.54596
1545254083412,1011.54596
1545254083451,1011.54596
1545254083490,1011.564
1545254083529,1011.564
1545254083567,1011.564
1545254083609,1011.564
1545254083644,1011.58704
1545254083682,1011.58704
1545254083721,1011.58704
1545254083769,1011.58704
1545254083798,1011.64996
1545254083835,1011.64996
1545254083875,1011.64996
1545254083914,1011.64996
1545254083953,1011.6712
1545254083991,1011.6712
1545254084028,1011.6712
1545254084068,1011.6712
1545254084108,1011.7054
1545254084144,1011.7054
1545254084182,1011.7054
1545254084231,1011.7054
1545254084260,1011.7269
1545254084304,1011.7269
1545254084336,1011.7269
1545254084375,1011.7269
1545254084414,1011.7499
1545254084451,1011.7499
1545254084491,1011.7499
1545254084530,1011.7499
1545254084568,1011.7784
1545254084610,1011.7784
1545254084646,1011.7784
1545254084687,1011.7784
1545254084720,1011.8082
1545254084773,1011.8082
1545254084798,1011.8082
1545254084836,1011.8082
1545254084875,1011.8238
1545254084914,1011.8238
1545254084953,1011.8238
1545254084992,1011.8238
1545254085028,1011.82294
1545254085067,1011.82294
1545254085104,1011.82294
1545254085143,1011.82294
1545254085185,1011.84595
1545254085220,1011.84595
1545254085297,1011.84595
1545254085297,1011.84595
1545254085340,1011.8675
1545254085374,1011.8675
1545254085412,1011.8675
1545254085453,1011.8675
1545254085490,1011.8982
1545254085527,1011.8982
1545254085565,1011.8982
1545254085606,1011.8982
1545254085655,1011.94476
1545254085681,1011.94476
1545254085722,1011.94476
1545254085758,1011.94476
1545254085796,1011.9384
1545254085835,1011.9384
1545254085877,1011.9384
1545254085912,1011.9384
1545254085950,1011.94495
1545254085989,1011.94495
1545254086029,1011.94495
1545254086067,1011.94495
1545254086106,1011.9484
1545254086144,1011.9484
1545254086181,1011.9484
1545254086220,1011.9484
1545254086258,1011.95966
1545254086299,1011.95966
1545254086337,1011.95966
1545254086377,1011.9568
1545254086413,1011.9568
1545254086455,1011.9568
1545254086488,1011.9568
1545254086529,1011.9633
1545254086566,1011.9633
1545254086604,1011.9633
1545254086645,1011.9633
1545254086680,1011.9599
1545254086719,1011.9599
1545254086758,1011.9599
1545254086796,1011.9599
1545254086835,1011.9591
1545254086875,1011.9591
1545254086912,1011.9591
1545254086950,1011.9591
1545254086988,1011.9631
1545254087028,1011.9631
1545254087066,1011.9631
1545254087106,1011.9631
1545254087144,1011.9553
1545254087185,1011.9553
1545254087221,1011.9553
1545254087280,1011.9553
1545254087297,1011.9605
1545254087336,1011.9605
1545254087376,1011.9605
1545254087412,1011.9605
1545254087451,1011.968
1545254087489,1011.968
1545254087527,1011.968
1545254087565,1011.968
1545254087605,1011.9836
1545254087643,1011.9836
1545254087682,1011.9836
1545254087722,1011.9836
1545254087758,1011.98785
1545254087796,1011.98785
1545254087835,1011.98785
1545254087873,1011.98785
1545254087912,1011.9781
1545254087950,1011.9781
1545254087991,1011.9781
1545254088026,1011.9781
1545254088066,1011.9643
1545254088106,1011.9643
1545254088148,1011.9643
1545254088182,1011.9643
1545254088220,1011.9721
1545254088259,1011.9721
1545254088297,1011.9721
1545254088335,1011.9721
1545254088373,1012.00714
1545254088410,1012.00714
1545254088450,1012.00714
1545254088493,1012.00714
1545254088530,1011.9968
1545254088567,1011.9968
1545254088608,1011.9968
1545254088645,1011.9968
1545254088681,1012.00336
1545254088720,1012.00336
1545254088758,1012.00336
1545254088796,1012.00336
1545254088835,1012.0042
1545254088873,1012.0042
1545254088912,1012.0042
1545254088950,1012.0042
1545254088990,1011.9858
1545254089036,1011.9858
1545254089065,1011.9858
1545254089104,1011.9858
1545254089144,1011.9496
1545254089182,1011.9496
1545254089224,1011.9496
1545254089269,1011.9496
1545254089296,1011.8952
1545254089334,1011.8952
1545254089372,1011.8952
1545254089411,1011.8952
1545254089449,1011.88544
1545254089488,1011.88544
1545254089527,1011.88544
1545254089568,1011.88544
1545254089610,1011.8914
1545254089642,1011.8914
1545254089680,1011.8914
1545254089735,1011.8914
1545254089757,1011.8868
1545254089796,1011.8868
1545254089835,1011.8868
1545254089873,1011.8868
1545254089911,1011.9162
1545254089950,1011.9162
1545254089988,1011.9162
1545254090028,1011.9162
1545254090066,1011.8946
1545254090104,1011.8946
1545254090143,1011.8946
1545254090181,1011.8946
1545254090223,1011.896
1545254090258,1011.896
1545254090297,1011.896
1545254090335,1011.896
1545254090376,1011.9072
1545254090411,1011.9072
1545254090450,1011.9072
1545254090493,1011.9072
1545254090527,1011.92847
1545254090565,1011.92847
1545254090603,1011.92847
1545254090643,1011.92847
1545254090680,1011.93024
1545254090720,1011.93024
1545254090758,1011.93024
1545254090797,1011.93024
1545254090835,1011.93365
1545254090873,1011.93365
1545254090913,1011.93365
1545254090950,1011.93365
1545254090992,1011.9406
1545254091027,1011.9406
1545254091065,1011.9406
1545254091104,1011.9406
1545254091144,1011.9441
1545254091185,1011.9441
1545254091220,1011.9441
1545254091258,1011.9441
1545254091297,1011.951
1545254091334,1011.951
1545254091374,1011.951
1545254091410,1011.951
1545254091451,1011.95624
1545254091488,1011.95624
1545254091526,1011.95624
1545254091566,1011.95624
1545254091606,1011.94934
1545254091643,1011.94934
1545254091681,1011.94934
1545254091722,1011.94934
1545254091757,1011.9511
1545254091795,1011.9511
1545254091835,1011.9511
1545254091874,1011.9511
1545254091912,1011.9459
1545254091949,1011.9459
1545254091989,1011.9459
1545254092029,1011.9459
1545254092065,1011.9442
1545254092104,1011.9442
1545254092143,1011.9442
1545254092181,1011.9442
1545254092222,1011.94
1545254092256,1011.94
1545254092297,1011.94
1545254092334,1011.94
1545254092376,1011.9417
1545254092411,1011.9417
1545254092450,1011.9417
1545254092491,1011.9417
1545254092527,1011.9455
1545254092566,1011.9455
1545254092606,1011.9455
1545254092644,1011.9455
1545254092680,1011.95294
1545254092722,1011.95294
1545254092760,1011.95294
1545254092797,1011.95294
1545254092837,1011.95123
1545254092872,1011.95123
1545254092912,1011.95123
1545254092950,1011.95123
1545254092987,1011.9473
1545254093028,1011.9473
1545254093065,1011.9473
1545254093106,1011.9473
1545254093143,1011.9525
1545254093181,1011.9525
1545254093226,1011.9525
1545254093256,1011.9525
1545254093297,1011.94995
1545254093334,1011.94995
1545254093372,1011.94995
1545254093412,1011.94995
1545254093450,1011.9526
1545254093488,1011.9526
1545254093527,1011.9526
1545254093566,1011.9526
1545254093610,1011.9504
1545254093641,1011.9504
1545254093680,1011.9504
1545254093723,1011.9504
1545254093757,1011.9496
1545254093795,1011.9496
1545254093833,1011.9496
1545254093873,1011.9496
1545254093913,1011.9488
1545254093949,1011.9488
1545254093989,1011.9488
1545254094027,1011.9488
1545254094064,1011.9454
1545254094105,1011.9454
1545254094142,1011.9454
1545254094179,1011.9454
1545254094224,1011.9449
1545254094256,1011.9449
1545254094295,1011.9449
1545254094334,1011.9449
1545254094372,1011.9445
1545254094410,1011.9445
1545254094448,1011.9445
1545254094492,1011.9445
1545254094526,1011.94324
1545254094568,1011.94324
1545254094605,1011.94324
1545254094643,1011.94324
1545254094680,1011.95013
1545254094718,1011.95013
1545254094771,1011.95013
1545254094794,1011.95013
1545254094833,1011.94415
1545254094872,1011.94415
1545254094912,1011.94415
1545254094949,1011.94415
1545254094988,1011.94366
1545254095027,1011.94366
1545254095065,1011.94366
1545254095104,1011.94366
1545254095143,1011.9429
1545254095182,1011.9429
1545254095221,1011.9429
1545254095258,1011.9429
1545254095296,1011.94806
1545254095334,1011.94806
1545254095372,1011.94806
1545254095411,1011.94806
1545254095451,1011.9433
1545254095488,1011.9433
1545254095526,1011.9433
1545254095565,1011.9433
1545254095604,1011.9373
1545254095641,1011.9373
1545254095682,1011.9373
1545254095729,1011.9373
1545254095756,1011.93646
1545254095795,1011.93646
1545254095836,1011.93646
1545254095872,1011.93646
1545254095911,1011.93427
1545254095950,1011.93427
1545254095988,1011.93427
1545254096026,1011.93427
1545254096067,1011.9421
1545254096103,1011.9421
1545254096143,1011.9421
1545254096179,1011.9421
1545254096222,1011.9399
1545254096257,1011.9399
1545254096294,1011.9399
1545254096335,1011.9399
1545254096374,1011.93475
1545254096411,1011.93475
1545254096453,1011.93475
1545254096487,1011.93475
1545254096526,1011.93945
1545254096565,1011.93945
1545254096603,1011.93945
1545254096641,1011.93945
1545254096680,1011.9421
1545254096719,1011.9421
1545254096756,1011.9421
1545254096796,1011.9421
1545254096833,1011.9425
1545254096875,1011.9425
1545254096911,1011.9425
1545254096949,1011.9434
1545254096988,1011.9434
1545254097024,1011.9434
1545254097068,1011.9434
1545254097105,1011.94086
1545254097145,1011.94086
1545254097181,1011.94086
1545254097218,1011.94086
1545254097257,1011.9361
1545254097295,1011.9361
1545254097334,1011.9361
1545254097385,1011.9361
1545254097409,1011.943
1545254097448,1011.943
1545254097488,1011.943
1545254097525,1011.943
1545254097567,1011.95685
1545254097604,1011.95685
1545254097640,1011.95685
1545254097680,1011.95685
1545254097717,1011.9521
1545254097757,1011.9521
1545254097794,1011.9521
1545254097833,1011.9521
1545254097870,1011.94604
1545254097910,1011.94604
1545254097947,1011.94604
1545254097986,1011.94604
1545254098025,1011.95044
1545254098066,1011.95044
1545254098110,1011.95044
1545254098141,1011.95044
1545254098179,1011.95166
1545254098217,1011.95166
1545254098255,1011.95166
1545254098295,1011.95166
1545254098335,1011.9526
1545254098372,1011.9526
1545254098411,1011.9526
1545254098450,1011.9526
1545254098486,1011.95294
1545254098524,1011.95294
1545254098567,1011.95294
1545254098603,1011.95294
1545254098640,1011.9551
1545254098678,1011.9551
1545254098718,1011.9551
1545254098756,1011.9551
1545254098794,1011.9508
1545254098833,1011.9508
1545254098872,1011.9508
1545254098909,1011.9508
1545254098948,1011.9517
1545254098988,1011.9517
1545254099027,1011.9517
1545254099065,1011.9517
1545254099105,1011.94604
1545254099142,1011.94604
1545254099179,1011.94604
1545254099218,1011.94604
1545254099256,1011.9323
1545254099295,1011.9323
1545254099335,1011.9323
1545254099372,1011.9323
1545254099410,1011.92316
1545254099449,1011.92316
1545254099486,1011.92316
1545254099526,1011.92316
1545254099565,1011.9146
1545254099602,1011.9146
1545254099640,1011.9146
1545254099681,1011.9146
1545254099718,1011.90985
1545254099755,1011.90985
1545254099793,1011.90985
1545254099833,1011.90985
1545254099872,1011.8991
1545254099910,1011.8991
1545254099948,1011.8991
1545254099989,1011.8991
1545254100024,1011.8943
1545254100065,1011.8943
1545254100100,1011.8943
1545254100142,1011.8943
1545254100178,1011.8986
1545254100219,1011.8986
1545254100256,1011.8986
1545254100295,1011.8986
1545254100333,1011.9008
1545254100371,1011.9008
1545254100415,1011.9008
1545254100449,1011.9008
1545254100488,1011.91064
1545254100525,1011.91064
1545254100562,1011.91064
1545254100601,1011.91064
1545254100640,1011.9125
1545254100680,1011.9125
1545254100720,1011.9125
1545254100755,1011.9125
1545254100794,1011.9129
1545254100832,1011.9129
1545254100870,1011.9129
1545254100910,1011.9129
1545254100947,1011.91547
1545254100986,1011.91547
1545254101025,1011.91547
1545254101064,1011.91547
1545254101107,1011.9102
1545254101141,1011.9102
1545254101178,1011.9102
1545254101218,1011.9102
1545254101255,1011.91205
1545254101294,1011.91205
1545254101336,1011.91205
1545254101371,1011.91205
1545254101412,1011.9072
1545254101448,1011.9072
1545254101486,1011.9072
1545254101529,1011.9072
1545254101562,1011.9047
1545254101601,1011.9047
1545254101643,1011.9047
1545254101679,1011.9047
1545254101718,1011.9017
1545254101767,1011.9017
1545254101793,1011.9017
1545254101832,1011.9017
1545254101870,1011.89514
1545254101909,1011.89514
1545254101958,1011.89514
1545254101990,1011.89514
1545254102024,1011.8913
1545254102064,1011.8913
1545254102101,1011.8913
1545254102142,1011.8913
1545254102179,1011.88824
1545254102219,1011.88824
1545254102256,1011.88824
1545254102295,1011.88824
1545254102334,1011.8886
1545254102369,1011.8886
1545254102410,1011.8886
1545254102449,1011.8886
1545254102485,1011.88904
1545254102526,1011.88904
1545254102562,1011.88904
1545254102600,1011.88904
1545254102639,1011.8842
1545254102679,1011.8842
1545254102718,1011.8842
1545254102754,1011.8842
1545254102792,1011.88293
1545254102831,1011.88293
1545254102872,1011.88293
1545254102909,1011.88293
1545254102946,1011.8756
1545254102986,1011.8756
1545254103024,1011.8756
1545254103066,1011.8756
1545254103102,1011.87946
1545254103140,1011.87946
1545254103181,1011.87946
1545254103216,1011.87946
1545254103255,1011.88556
1545254103294,1011.88556
1545254103331,1011.88556
1545254103373,1011.88556
1545254103409,1011.8851
1545254103449,1011.8851
1545254103487,1011.8851
1545254103532,1011.8851
1545254103562,1011.8846
1545254103600,1011.8846
1545254103641,1011.8846
1545254103679,1011.8846
1545254103716,1011.8864
1545254103754,1011.8864
1545254103793,1011.8864
1545254103832,1011.8864
1545254103870,1011.8868
1545254103911,1011.8868
1545254103950,1011.8868
1545254103987,1011.8868
1545254104026,1011.8889
1545254104065,1011.8889
1545254104101,1011.8889
1545254104140,1011.8889
1545254104180,1011.88763
1545254104216,1011.88763
1545254104258,1011.88763
1545254104292,1011.88763
1545254104332,1011.88544
1545254104370,1011.88544
1545254104408,1011.88544
1545254104448,1011.88544
1545254104485,1011.88934
1545254104526,1011.88934
1545254104565,1011.88934
1545254104601,1011.88934
1545254104641,1011.8929
1545254104680,1011.8929
1545254104715,1011.8929
1545254104755,1011.8929
1545254104792,1011.8838
1545254104832,1011.8838
1545254104878,1011.8838
1545254104908,1011.8838
1545254104948,1011.88763
1545254104987,1011.88763
1545254105023,1011.88763
1545254105061,1011.88763
1545254105103,1011.88806
1545254105137,1011.88806
1545254105177,1011.88806
1545254105215,1011.88806
1545254105256,1011.8884
1545254105292,1011.8884
1545254105332,1011.8884
1545254105373,1011.8884
1545254105411,1011.88336
1545254105447,1011.88336
1545254105484,1011.88336
1545254105523,1011.88336
1545254105567,1011.888
1545254105600,1011.888
1545254105638,1011.888
1545254105678,1011.888
1545254105716,1011.88153
1545254105754,1011.88153
1545254105792,1011.88153
1545254105830,1011.88153
1545254105870,1011.8764
1545254105907,1011.8764
1545254105947,1011.8764
1545254105987,1011.8764
1545254106025,1011.8768
1545254106069,1011.8768
1545254106101,1011.8768
1545254106139,1011.8768
1545254106177,1011.8824
1545254106218,1011.8824
1545254106253,1011.8824
1545254106292,1011.8824
1545254106330,1011.88275
1545254106369,1011.88275
1545254106407,1011.88275
1545254106446,1011.88275
1545254106485,1011.88885
1545254106529,1011.88885
1545254106563,1011.88885
1545254106600,1011.88885
1545254106638,1011.8875
1545254106676,1011.8875
1545254106717,1011.8875
1545254106754,1011.8875
1545254106792,1011.8789
1545254106833,1011.8789
1545254106870,1011.8789
1545254106912,1011.8789
1545254106948,1011.8776
1545254106986,1011.8776
1545254107024,1011.8776
1545254107062,1011.8776
1545254107102,1011.8746
1545254107140,1011.8746
1545254107178,1011.8746
1545254107216,1011.8746
1545254107255,1011.8732
1545254107291,1011.8732
1545254107332,1011.8732
1545254107369,1011.868
1545254107408,1011.8802
1545254107446,1011.8802
1545254107486,1011.8802
1545254107524,1011.8866
1545254107562,1011.8866
1545254107600,1011.8866
1545254107639,1011.8866
1545254107683,1011.8956
1545254107715,1011.8956
1545254107755,1011.8956
1545254107794,1011.8956
1545254107830,1011.90686
1545254107869,1011.90686
1545254107907,1011.90686
1545254107948,1011.90686
1545254107987,1011.91296
1545254108025,1011.91296
1545254108062,1011.91296
1545254108099,1011.91296
1545254108138,1011.9168
1545254108179,1011.9168
1545254108217,1011.9168
1545254108253,1011.9168
1545254108292,1011.931
1545254108333,1011.931
1545254108369,1011.931
1545254108407,1011.931
1545254108446,1011.94666
1545254108487,1011.94666
1545254108525,1011.94666
1545254108561,1011.94666
1545254108600,1011.9678
1545254108639,1011.9678
1545254108676,1011.9678
1545254108718,1011.9678
1545254108760,1011.982
1545254108792,1011.982
1545254108830,1011.982
1545254108870,1011.982
1545254108909,1012.0031
1545254108949,1012.0031
1545254108985,1012.0031
1545254109022,1012.0031
1545254109062,1012.0274
1545254109100,1012.0274
1545254109141,1012.0274
1545254109176,1012.0274
1545254109217,1012.0515
1545254109260,1012.0515
1545254109292,1012.0515
1545254109331,1012.0515
1545254109371,1012.07574
1545254109409,1012.07574
1545254109446,1012.07574
1545254109486,1012.07574
1545254109523,1012.10333
1545254109564,1012.10333
1545254109601,1012.10333
1545254109638,1012.10333
1545254109677,1012.12976
1545254109715,1012.12976
1545254109755,1012.12976
1545254109791,1012.12976
1545254109831,1012.1639
1545254109870,1012.1639
1545254109907,1012.1639
1545254109946,1012.1639
1545254109985,1012.1924
1545254110023,1012.1924
1545254110061,1012.1924
1545254110100,1012.1924
1545254110137,1012.2188
1545254110177,1012.2188
1545254110215,1012.2188
1545254110256,1012.2188
1545254110291,1012.2447
1545254110330,1012.2447
1545254110369,1012.2447
1545254110407,1012.2447
1545254110445,1012.2724
1545254110483,1012.2724
1545254110524,1012.2724
1545254110562,1012.2724
1545254110599,1012.30005
1545254110638,1012.30005
1545254110677,1012.30005
1545254110714,1012.30005
1545254110752,1012.3381
1545254110791,1012.3381
1545254110830,1012.3381
1545254110869,1012.3381
1545254110910,1012.3778
1545254110947,1012.3778
1545254110984,1012.3778
1545254111023,1012.3778
1545254111060,1012.40674
1545254111102,1012.40674
1545254111140,1012.40674
1545254111177,1012.40674
1545254111217,1012.4318
1545254111260,1012.4318
1545254111292,1012.4318
1545254111330,1012.4318
1545254111369,1012.46295
1545254111410,1012.46295
1545254111446,1012.46295
1545254111484,1012.46295
1545254111524,1012.497
1545254111563,1012.497
1545254111599,1012.497
1545254111639,1012.497
1545254111677,1012.53375
1545254111716,1012.53375
1545254111752,1012.53375
1545254111791,1012.53375
1545254111832,1012.5701
1545254111868,1012.5701
1545254111907,1012.5701
1545254111946,1012.5701
1545254111984,1012.6103
1545254112021,1012.6103
1545254112062,1012.6103
1545254112100,1012.6103
1545254112140,1012.653
1545254112182,1012.653
1545254112214,1012.653
1545254112254,1012.653
1545254112290,1012.6929
1545254112328,1012.6929
1545254112366,1012.6929
1545254112405,1012.6929
1545254112445,1012.7408
1545254112482,1012.7408
1545254112522,1012.7408
1545254112561,1012.7408
1545254112601,1012.77496
1545254112638,1012.77496
1545254112681,1012.77496
1545254112715,1012.77496
1545254112752,1012.816
1545254112789,1012.816
1545254112828,1012.816
1545254112867,1012.816
1545254112906,1012.8398
1545254112945,1012.8398
1545254112983,1012.8398
1545254113020,1012.8398
1545254113060,1012.8713
1545254113098,1012.8713
1545254113137,1012.8713
1545254113177,1012.8713
1545254113214,1012.90027
1545254113255,1012.90027
1545254113292,1012.90027
1545254113329,1012.90027
1545254113368,1012.93176
1545254113406,1012.93176
1545254113446,1012.93176
1545254113489,1012.93176
1545254113521,1012.9616
1545254113560,1012.9616
1545254113599,1012.9616
1545254113637,1012.9616
1545254113675,1013.00226
1545254113714,1013.00226
1545254113754,1013.00226
1545254113790,1013.00226
1545254113832,1013.0278
1545254113868,1013.0278
1545254113907,1013.0278
1545254113946,1013.0278
1545254113982,1013.0584
1545254114021,1013.0584
1545254114064,1013.0584
1545254114099,1013.0584
1545254114139,1013.0861
1545254114174,1013.0861
1545254114214,1013.0861
1545254114251,1013.0861
1545254114292,1013.12366
1545254114333,1013.12366
1545254114367,1013.12366
1545254114407,1013.12366
1545254114445,1013.15393
1545254114484,1013.15393
1545254114524,1013.15393
1545254114561,1013.15393
1545254114598,1013.1932
1545254114636,1013.1932
1545254114678,1013.1932
1545254114715,1013.1932
1545254114756,1013.2304
1545254114790,1013.2304
1545254114829,1013.2304
1545254114868,1013.2304
1545254114907,1013.26965
1545254114947,1013.26965
1545254114984,1013.26965
1545254115022,1013.26965
1545254115060,1013.2982
1545254115099,1013.2982
1545254115138,1013.2982
1545254115176,1013.2982
1545254115217,1013.33453
1545254115252,1013.33453
1545254115290,1013.33453
1545254115329,1013.33453
1545254115378,1013.3691
1545254115406,1013.3691
1545254115444,1013.3691
1545254115482,1013.3691
1545254115520,1013.4054
1545254115561,1013.4054
1545254115598,1013.4054
1545254115636,1013.4054
1545254115679,1013.44165
1545254115713,1013.44165
1545254115752,1013.44165
1545254115790,1013.44165
1545254115830,1013.4745
1545254115870,1013.4745
1545254115906,1013.4745
1545254115945,1013.4745
1545254115982,1013.50214
1545254116021,1013.50214
1545254116059,1013.50214
1545254116099,1013.50214
1545254116136,1013.53235
1545254116174,1013.53235
1545254116213,1013.53235
1545254116251,1013.53235
1545254116292,1013.5652
1545254116328,1013.5652
1545254116367,1013.5652
1545254116413,1013.5652
1545254116446,1013.5933
1545254116484,1013.5933
1545254116522,1013.5933
1545254116560,1013.5933
1545254116599,1013.634
1545254116637,1013.634
1545254116676,1013.634
1545254116713,1013.634
1545254116753,1013.6777
1545254116795,1013.6777
1545254116829,1013.6777
1545254116867,1013.6777
1545254116905,1013.7234
1545254116943,1013.7234
1545254116981,1013.7234
1545254117019,1013.7234
1545254117058,1013.7593
1545254117100,1013.7593
1545254117136,1013.7593
1545254117177,1013.7593
1545254117213,1013.80554
1545254117251,1013.80554
1545254117304,1013.80554
1545254117328,1013.80554
1545254117367,1013.83923
1545254117409,1013.83923
1545254117446,1013.83923
1545254117484,1013.83923
1545254117521,1013.8622
1545254117560,1013.8622
1545254117598,1013.8622
1545254117637,1013.8622
1545254117674,1013.89496
1545254117714,1013.89496
1545254117752,1013.89496
1545254117791,1013.89496
1545254117829,1013.9196
1545254117868,1013.9196
1545254117907,1013.9196
1545254117943,1013.95294
1545254117985,1013.95294
1545254118021,1013.95294
1545254118058,1013.95294
1545254118098,1013.98706
1545254118137,1013.98706
1545254118175,1013.98706
1545254118214,1013.98706
1545254118250,1014.01086
1545254118290,1014.01086
1545254118327,1014.01086
1545254118367,1014.01086
1545254118405,1014.03467
1545254118443,1014.03467
1545254118484,1014.03467
1545254118521,1014.03467
1545254118559,1014.06226
1545254118598,1014.06226
1545254118638,1014.06226
1545254118674,1014.06226
1545254118715,1014.08606
1545254118751,1014.08606
1545254118790,1014.08606
1545254118828,1014.08606
1545254118867,1014.12415
1545254118906,1014.12415
1545254118946,1014.12415
1545254118983,1014.12415
1545254119022,1014.1626
1545254119059,1014.1626
1545254119097,1014.1626
1545254119135,1014.1626
1545254119176,1014.1916
1545254119213,1014.1916
1545254119250,1014.1916
1545254119292,1014.1916
1545254119328,1014.2231
1545254119366,1014.2231
1545254119404,1014.2231
1545254119444,1014.2231
1545254119483,1014.25464
1545254119527,1014.25464
1545254119559,1014.25464
1545254119596,1014.25464
1545254119636,1014.2815
1545254119674,1014.2815
1545254119716,1014.2815
1545254119752,1014.2815
1545254119792,1014.31647
1545254119828,1014.31647
1545254119868,1014.31647
1545254119910,1014.31647
1545254119945,1014.3584
1545254119983,1014.3584
1545254120020,1014.3584
1545254120059,1014.3584
1545254120097,1014.37787
1545254120137,1014.37787
1545254120176,1014.37787
1545254120211,1014.37787
1545254120255,1014.3952
1545254120291,1014.3952
1545254120328,1014.3952
1545254120366,1014.3952
1545254120405,1014.4354
1545254120443,1014.4354
1545254120480,1014.4354
1545254120521,1014.4354
1545254120559,1014.47266
1545254120597,1014.47266
1545254120635,1014.47266
1545254120673,1014.47266
1545254120714,1014.5085
1545254120752,1014.5085
1545254120789,1014.5085
1545254120826,1014.5085
1545254120867,1014.54224
1545254120906,1014.54224
1545254120943,1014.54224
1545254120983,1014.54224
1545254121019,1014.5807
1545254121060,1014.5807
1545254121099,1014.5807
1545254121135,1014.5807
1545254121178,1014.61053
1545254121218,1014.61053
1545254121250,1014.61053
1545254121292,1014.61053
1545254121327,1014.646
1545254121366,1014.646
1545254121406,1014.646
1545254121444,1014.646
1545254121483,1014.68494
1545254121519,1014.68494
1545254121557,1014.68494
1545254121607,1014.68494
1545254121641,1014.72424
1545254121673,1014.72424
1545254121711,1014.72424
1545254121749,1014.72424
1545254121789,1014.7528
1545254121828,1014.7528
1545254121865,1014.7528
1545254121902,1014.7528
1545254121943,1014.7918
1545254121980,1014.7918
1545254122019,1014.7918
1545254122057,1014.7918
1545254122098,1014.8216
1545254122134,1014.8216
1545254122173,1014.8216
1545254122214,1014.8216
1545254122250,1014.85486
1545254122288,1014.85486
1545254122326,1014.85486
1545254122367,1014.85486
1545254122403,1014.8852
1545254122441,1014.8852
1545254122483,1014.8852
1545254122519,1014.8852
1545254122557,1014.918
1545254122597,1014.918
1545254122637,1014.918
1545254122674,1014.918
1545254122711,1014.9432
1545254122751,1014.9432
1545254122788,1014.9432
1545254122826,1014.9432
1545254122867,1014.9738
1545254122904,1014.9738
1545254122942,1014.9738
1545254122982,1014.9738
1545254123019,1015.0007
1545254123058,1015.0007
1545254123096,1015.0007
1545254123138,1015.0007
1545254123180,1015.03705
1545254123211,1015.03705
1545254123248,1015.03705
1545254123289,1015.03705
1545254123327,1015.0708
1545254123366,1015.0708
1545254123405,1015.0708
1545254123444,1015.0708
1545254123481,1015.1122
1545254123519,1015.1122
1545254123560,1015.1122
1545254123600,1015.1122
1545254123635,1015.14594
1545254123673,1015.14594
1545254123711,1015.14594
1545254123749,1015.14594
1545254123788,1015.18146
1545254123829,1015.18146
1545254123868,1015.18146
1545254123905,1015.18146
1545254123944,1015.2087
1545254123982,1015.2087
1545254124019,1015.2087
1545254124060,1015.2087
1545254124097,1015.2347
1545254124136,1015.2347
1545254124172,1015.2347
1545254124215,1015.2347
1545254124251,1015.2653
1545254124287,1015.2653
1545254124327,1015.2653
1545254124365,1015.2653
1545254124406,1015.29913
1545254124452,1015.29913
1545254124483,1015.29913
1545254124518,1015.29913
1545254124557,1015.32947
1545254124596,1015.32947
1545254124642,1015.32947
1545254124673,1015.32947
1545254124715,1015.3688
1545254124750,1015.3688
1545254124789,1015.3688
1545254124827,1015.3688
1545254124865,1015.4034
1545254124903,1015.4034
1545254124941,1015.4034
1545254124981,1015.4034
1545254125026,1015.43286
1545254125058,1015.43286
1545254125097,1015.43286
1545254125136,1015.43286
1545254125173,1015.47565
1545254125212,1015.47565
1545254125251,1015.47565
1545254125298,1015.47565
1545254125326,1015.51807
1545254125365,1015.51807
1545254125404,1015.51807
1545254125444,1015.51807
1545254125481,1015.5462
1545254125519,1015.5462
1545254125558,1015.5462
1545254125601,1015.5462
1545254125634,1015.5743
1545254125671,1015.5743
1545254125711,1015.5743
1545254125749,1015.5743
1545254125791,1015.60803
1545254125825,1015.60803
1545254125865,1015.60803
1545254125905,1015.60803
1545254125941,1015.64874
1545254125980,1015.64874
1545254126018,1015.64874
1545254126059,1015.64874
1545254126095,1015.6786
1545254126134,1015.6786
1545254126172,1015.6786
1545254126212,1015.6786
1545254126249,1015.69977
1545254126287,1015.69977
1545254126327,1015.69977
1545254126366,1015.69977
1545254126403,1015.7296
1545254126442,1015.7296
1545254126481,1015.7296
1545254126520,1015.7296
1545254126557,1015.77203
1545254126597,1015.77203
1545254126639,1015.77203
1545254126684,1015.77203
1545254126716,1015.80365
1545254126750,1015.80365
1545254126788,1015.80365
1545254126830,1015.80365
1545254126865,1015.8392
1545254126902,1015.8392
1545254126941,1015.8392
1545254126980,1015.8392
1545254127021,1015.8776
1545254127057,1015.8776
1545254127099,1015.8776
1545254127133,1015.8776
1545254127174,1015.9123
1545254127210,1015.9123
1545254127250,1015.9123
1545254127289,1015.9123
1545254127325,1015.9439
1545254127367,1015.9439
1545254127403,1015.9439
1545254127441,1015.9439
1545254127480,1015.9737
1545254127526,1015.9737
1545254127557,1015.9737
1545254127594,1015.9737
1545254127636,1016.00616
1545254127677,1016.00616
1545254127710,1016.00616
1545254127750,1016.00616
1545254127792,1016.0421
1545254127825,1016.0421
1545254127864,1016.0421
1545254127903,1016.0421
1545254127941,1016.0694
1545254127979,1016.0694
1545254128018,1016.0694
1545254128057,1016.0694
1545254128097,1016.09875
1545254128134,1016.09875
1545254128174,1016.09875
1545254128213,1016.09875
1545254128251,1016.1235
1545254128288,1016.1235
1545254128326,1016.1235
1545254128364,1016.1511
1545254128402,1016.15546
1545254128444,1016.15546
1545254128481,1016.15546
1545254128518,1016.18536
1545254128561,1016.18536
1545254128596,1016.18536
1545254128635,1016.18536
1545254128672,1016.2156
1545254128711,1016.2156
1545254128749,1016.2156
1545254128788,1016.2156
1545254128830,1016.2562
1545254128864,1016.2562
1545254128903,1016.2562
1545254128941,1016.2562
1545254128980,1016.29
1545254129018,1016.29
1545254129056,1016.29
1545254129098,1016.29
1545254129133,1016.3211
1545254129171,1016.3211
1545254129210,1016.3211
1545254129250,1016.3211
1545254129288,1016.354
1545254129326,1016.354
1545254129363,1016.354
1545254129407,1016.354
1545254129440,1016.3955
1545254129480,1016.3955
1545254129518,1016.3955
1545254129556,1016.3955
1545254129595,1016.4345
1545254129634,1016.4345
1545254129675,1016.4345
1545254129712,1016.4345
1545254129750,1016.46686
1545254129787,1016.46686
1545254129830,1016.46686
1545254129866,1016.46686
1545254129904,1016.4954
1545254129943,1016.4954
1545254129979,1016.4954
1545254130020,1016.4954
1545254130056,1016.53046
1545254130104,1016.53046
1545254130137,1016.53046
1545254130173,1016.53046
1545254130210,1016.5625
1545254130253,1016.5625
1545254130288,1016.5625
1545254130325,1016.5625
1545254130363,1016.60266
1545254130402,1016.60266
1545254130442,1016.60266
1545254130480,1016.60266
1545254130518,1016.63025
1545254130558,1016.63025
1545254130596,1016.63025
1545254130633,1016.63025
1545254130671,1016.6696
1545254130710,1016.6696
1545254130750,1016.6696
1545254130788,1016.6696
1545254130824,1016.7029
1545254130865,1016.7029
1545254130906,1016.7029
1545254130940,1016.7029
1545254130979,1016.7319
1545254131018,1016.7319
1545254131056,1016.7319
1545254131096,1016.7319
1545254131135,1016.76166
1545254131172,1016.76166
1545254131209,1016.76166
1545254131249,1016.76166
1545254131287,1016.79584
1545254131325,1016.79584
1545254131364,1016.79584
1545254131411,1016.79584
1545254131440,1016.8352
1545254131480,1016.8352
1545254131518,1016.8352
1545254131557,1016.8352
1545254131595,1016.88226
1545254131636,1016.88226
1545254131670,1016.88226
1545254131710,1016.88226
1545254131753,1016.9073
1545254131790,1016.9073
1545254131824,1016.9073
1545254131862,1016.9073
1545254131901,1016.9449
1545254131940,1016.9449
1545254131978,1016.9449
1545254132018,1016.9449
1545254132056,1016.9839
1545254132094,1016.9839
1545254132133,1016.9839
1545254132172,1016.9839
1545254132210,1017.0201
1545254132248,1017.0201
1545254132288,1017.0201
1545254132327,1017.0201
1545254132362,1017.05475
1545254132401,1017.05475
1545254132439,1017.05475
1545254132479,1017.05475
1545254132519,1017.0863
1545254132557,1017.0863
1545254132594,1017.0863
1545254132632,1017.0863
1545254132672,1017.1178
1545254132713,1017.1178
1545254132748,1017.1178
1545254132787,1017.1178
1545254132828,1017.15454
1545254132864,1017.15454
1545254132900,1017.15454
1545254132939,1017.15454
1545254132983,1017.1783
1545254133015,1017.1783
1545254133054,1017.1783
1545254133092,1017.1783
1545254133131,1017.2107
1545254133171,1017.2107
1545254133211,1017.2107
1545254133248,1017.2107
1545254133286,1017.24097
1545254133327,1017.24097
1545254133368,1017.24097
1545254133403,1017.24097
1545254133440,1017.26556
1545254133477,1017.26556
1545254133517,1017.26556
1545254133555,1017.26556
1545254133594,1017.29193
1545254133632,1017.29193
1545254133670,1017.29193
1545254133710,1017.29193
1545254133748,1017.32745
1545254133785,1017.32745
1545254133829,1017.32745
1545254133861,1017.32745
1545254133901,1017.356
1545254133941,1017.356
1545254133979,1017.356
1545254134018,1017.356
1545254134056,1017.39355
1545254134096,1017.39355
1545254134132,1017.39355
1545254134171,1017.39355
1545254134210,1017.4308
1545254134247,1017.4308
1545254134287,1017.4308
1545254134325,1017.4308
1545254134362,1017.4588
1545254134401,1017.4588
1545254134440,1017.4588
1545254134478,1017.4588
1545254134517,1017.48865
1545254134557,1017.48865
1545254134595,1017.48865
1545254134633,1017.48865
1545254134673,1017.51843
1545254134711,1017.51843
1545254134747,1017.51843
1545254134787,1017.51843
1545254134825,1017.5534
1545254134861,1017.5534
1545254134901,1017.5534
1545254134939,1017.5534
1545254134977,1017.5898
1545254135017,1017.5898
1545254135057,1017.5898
1545254135093,1017.5898
1545254135130,1017.62213
1545254135172,1017.62213
1545254135209,1017.62213
1545254135249,1017.62213
1545254135285,1017.64246
1545254135327,1017.64246
1545254135364,1017.64246
1545254135400,1017.64246
1545254135441,1017.66797
1545254135479,1017.66797
1545254135516,1017.66797
1545254135556,1017.66797
1545254135594,1017.70123
1545254135631,1017.70123
1545254135670,1017.70123
1545254135709,1017.70123
1545254135747,1017.7379
1545254135786,1017.7379
1545254135824,1017.7379
1545254135862,1017.7379
1545254135901,1017.78326
1545254135940,1017.78326
1545254135978,1017.78326
1545254136018,1017.78326
1545254136054,1017.82086
1545254136093,1017.82086
1545254136131,1017.82086
1545254136169,1017.82086
1545254136209,1017.85846
1545254136248,1017.85846
1545254136286,1017.85846
1545254136335,1017.85846
1545254136361,1017.8986
1545254136401,1017.8986
1545254136439,1017.8986
1545254136478,1017.8986
1545254136516,1017.9414
1545254136555,1017.9414
1545254136592,1017.9414
1545254136630,1017.9414
1545254136671,1017.9725
1545254136709,1017.9725
1545254136746,1017.9725
1545254136788,1017.9725
1545254136826,1018.00653
1545254136862,1018.00653
1545254136900,1018.00653
1545254136940,1018.00653
1545254136979,1018.0476
1545254137016,1018.0476
1545254137059,1018.0476
1545254137094,1018.0476
1545254137132,1018.08
1545254137170,1018.08
1545254137209,1018.08
1545254137247,1018.08
1545254137286,1018.11163
1545254137330,1018.11163
1545254137362,1018.11163
1545254137401,1018.11163
1545254137439,1018.1418
1545254137477,1018.1418
1545254137516,1018.1418
1545254137555,1018.1418
1545254137594,1018.1724
1545254137651,1018.1724
1545254137670,1018.1724
1545254137708,1018.1724
1545254137746,1018.2043
1545254137785,1018.2043
1545254137826,1018.2043
1545254137861,1018.2043
1545254137899,1018.2359
1545254137940,1018.2359
1545254137987,1018.2359
1545254138015,1018.2359
1545254138055,1018.26776
1545254138093,1018.26776
1545254138134,1018.26776
1545254138170,1018.26776
1545254138209,1018.2967
1545254138247,1018.2967
1545254138287,1018.2967
1545254138324,1018.2967
1545254138361,1018.32513
1545254138402,1018.32513
1545254138438,1018.32513
1545254138476,1018.32513
1545254138517,1018.3605
1545254138556,1018.3605
1545254138593,1018.3605
1545254138631,1018.4141
1545254138669,1018.3972
1545254138707,1018.3972
1545254138746,1018.3972
1545254138785,1018.4265
1545254138822,1018.4265
1545254138863,1018.4265
1545254138901,1018.4265
1545254138944,1018.461
1545254138978,1018.461
1545254139016,1018.461
1545254139058,1018.461
1545254139091,1018.5107
1545254139130,1018.5107
1545254139170,1018.5107
1545254139210,1018.5107
1545254139247,1018.5284
1545254139287,1018.5284
1545254139324,1018.5284
1545254139362,1018.5284
1545254139400,1018.54816
1545254139440,1018.54816
1545254139479,1018.54816
1545254139515,1018.54816
1545254139556,1018.5766
1545254139593,1018.5766
1545254139631,1018.5766
1545254139668,1018.5766
1545254139708,1018.6124
1545254139748,1018.6124
1545254139798,1018.6124
1545254139823,1018.6124
1545254139861,1018.63824
1545254139900,1018.63824
1545254139938,1018.63824
1545254139977,1018.63824
1545254140017,1018.658
1545254140053,1018.658
1545254140094,1018.658
1545254140132,1018.658
1545254140169,1018.6839
1545254140206,1018.6839
1545254140246,1018.6839
1545254140285,1018.6839
1545254140323,1018.7054
1545254140360,1018.7054
1545254140399,1018.7054
1545254140438,1018.7054
1545254140477,1018.73
1545254140517,1018.73
1545254140554,1018.73
1545254140591,1018.73
1545254140630,1018.748
1545254140669,1018.748
1545254140707,1018.748
1545254140745,1018.748
1545254140788,1018.7717
1545254140822,1018.7717
1545254140861,1018.7717
1545254140899,1018.7717
1545254140940,1018.7846
1545254140976,1018.7846
1545254141015,1018.7846
1545254141055,1018.7846
1545254141093,1018.78674
1545254141135,1018.78674
1545254141169,1018.78674
1545254141206,1018.78674
1545254141246,1018.79694
1545254141284,1018.79694
1545254141325,1018.79694
1545254141365,1018.79694
1545254141403,1018.80426
1545254141440,1018.80426
1545254141477,1018.80426
1545254141516,1018.80426
1545254141555,1018.80676
1545254141592,1018.80676
1545254141629,1018.80676
1545254141670,1018.80676
1545254141711,1018.8127
1545254141745,1018.8127
1545254141786,1018.8127
1545254141823,1018.8127
1545254141874,1018.8166
1545254141898,1018.8166
1545254141939,1018.8166
1545254141977,1018.8166
1545254142017,1018.82245
1545254142054,1018.82245
1545254142092,1018.82245
1545254142131,1018.82245
1545254142169,1018.8232
1545254142207,1018.8232
1545254142247,1018.8232
1545254142285,1018.8232
1545254142325,1018.82965
1545254142364,1018.82965
1545254142399,1018.82965
1545254142439,1018.82965
1545254142476,1018.8321
1545254142516,1018.8321
1545254142554,1018.8321
1545254142590,1018.8321
1545254142631,1018.836
1545254142668,1018.836
1545254142708,1018.836
1545254142746,1018.836
1545254142784,1018.8459
1545254142823,1018.8459
1545254142860,1018.8459
1545254142899,1018.8459
1545254142939,1018.8466
1545254142989,1018.8466
1545254143015,1018.8466
1545254143057,1018.8466
1545254143091,1018.8577
1545254143130,1018.8577
1545254143169,1018.8577
1545254143208,1018.8577
1545254143245,1018.8642
1545254143283,1018.8642
1545254143329,1018.8642
1545254143361,1018.8642
1545254143398,1018.8718
1545254143438,1018.8718
1545254143478,1018.8718
1545254143514,1018.8718
1545254143555,1018.8688
1545254143591,1018.8688
1545254143630,1018.8688
1545254143667,1018.8688
1545254143708,1018.8652
1545254143745,1018.8652
1545254143784,1018.8652
1545254143823,1018.8652
1545254143861,1018.85345
1545254143898,1018.85345
1545254143937,1018.85345
1545254143976,1018.85345
1545254144014,1018.8525
1545254144053,1018.8525
1545254144092,1018.8525
1545254144129,1018.8525
1545254144169,1018.85626
1545254144208,1018.85626
1545254144245,1018.85626
1545254144284,1018.85626
1545254144325,1018.82733
1545254144362,1018.82733
1545254144397,1018.82733
1545254144437,1018.82733
1545254144475,1018.8306
1545254144515,1018.8306
1545254144554,1018.8306
1545254144590,1018.8306
1545254144629,1018.82666
1545254144671,1018.82666
1545254144709,1018.82666
1545254144745,1018.82666
1545254144785,1018.8867
1545254144821,1018.8867
1545254144864,1018.8867
1545254144898,1018.8867
1545254144938,1018.93585
1545254144976,1018.93585
1545254145016,1018.93585
1545254145054,1018.93585
1545254145090,1018.85065
1545254145128,1018.85065
1545254145167,1018.85065
1545254145206,1018.85065
1545254145245,1018.841
1545254145284,1018.841
1545254145321,1018.841
1545254145364,1018.841
1545254145399,1018.83966
1545254145437,1018.83966
1545254145475,1018.83966
1545254145513,1018.83966
1545254145553,1018.8655
1545254145590,1018.8655
1545254145629,1018.8655
1545254145666,1018.8655
1545254145705,1018.8771
1545254145744,1018.8771
1545254145786,1018.8771
1545254145823,1018.8771
1545254145863,1018.7776
1545254145899,1018.7776
1545254145937,1018.7776
1545254145977,1018.7776
1545254146015,1018.76843
1545254146053,1018.76843
1545254146094,1018.76843
1545254146129,1018.76843
1545254146169,1018.78436
1545254146205,1018.78436
1545254146248,1018.78436
1545254146284,1018.78436
1545254146321,1018.8361
1545254146364,1018.8361
1545254146398,1018.8361
1545254146438,1018.8361
1545254146476,1018.81055
1545254146514,1018.81055
1545254146552,1018.81055
1545254146589,1018.81055
1545254146629,1018.84894
1545254146671,1018.84894
1545254146705,1018.84894
1545254146745,1018.84894
1545254146783,1018.9107
1545254146821,1018.9107
1545254146859,1018.9107
1545254146898,1018.9107
1545254146937,1018.9028
1545254146975,1018.9028
1545254147015,1018.9028
1545254147054,1018.9028
1545254147091,1018.8288
1545254147129,1018.8288
1545254147167,1018.8288
1545254147205,1018.8288
1545254147244,1018.8729
1545254147281,1018.8729
1545254147320,1018.8729
1545254147367,1018.8729
1545254147396,1018.8293
1545254147438,1018.8293
1545254147477,1018.8293
1545254147516,1018.8293
1545254147552,1018.8498
1545254147590,1018.8498
1545254147628,1018.8498
1545254147669,1018.8498
1545254147705,1018.8343
1545254147745,1018.8343
1545254147786,1018.8343
1545254147837,1018.8343
1545254147861,1018.9176
1545254147896,1018.9176
1545254147935,1018.9176
1545254147975,1018.9176
1545254148013,1018.9102
1545254148053,1018.9102
1545254148094,1018.9102
1545254148127,1018.9102
1545254148167,1018.8691
1545254148207,1018.8691
1545254148246,1018.8691
1545254148283,1018.8691
1545254148322,1018.7896
1545254148361,1018.7896
1545254148399,1018.7896
1545254148435,1018.7896
1545254148475,1018.77405
1545254148513,1018.77405
1545254148551,1018.77405
1545254148593,1018.77405
1545254148627,1018.7684
1545254148667,1018.7684
1545254148705,1018.7684
1545254148746,1018.7684
1545254148783,1018.7779
1545254148822,1018.7779
1545254148861,1018.7779
1545254148897,1018.7779
1545254148938,1018.7969
1545254148977,1018.7969
1545254149013,1018.7969
1545254149051,1018.7969
1545254149089,1018.828
1545254149129,1018.828
1545254149168,1018.828
1545254149205,1018.828
1545254149245,1018.81537
1545254149283,1018.81537
1545254149323,1018.81537
1545254149365,1018.7946
1545254149410,1018.7946
1545254149434,1018.7946
1545254149473,1018.7946
1545254149513,1018.79
1545254149549,1018.79
1545254149588,1018.79
1545254149626,1018.79
1545254149666,1018.82196
1545254149706,1018.82196
1545254149744,1018.82196
1545254149782,1018.82196
1545254149822,1018.8397
1545254149860,1018.8397
1545254149896,1018.8397
1545254149936,1018.8397
1545254149975,1018.84314
1545254150013,1018.84314
1545254150056,1018.84314
1545254150092,1018.84314
1545254150128,1018.7936
1545254150167,1018.7936
1545254150205,1018.7936
1545254150243,1018.7936
1545254150283,1018.78284
1545254150324,1018.78284
1545254150362,1018.78284
1545254150396,1018.78284
1545254150435,1018.7911
1545254150474,1018.7911
1545254150513,1018.7911
1545254150552,1018.7911
1545254150589,1018.79974
1545254150630,1018.79974
1545254150670,1018.79974
1545254150712,1018.79974
1545254150745,1018.79504
1545254150783,1018.79504
1545254150819,1018.79504
1545254150858,1018.79504
1545254150897,1018.799
1545254150934,1018.799
1545254150973,1018.799
1545254151011,1018.799
1545254151059,1018.8046
1545254151091,1018.8046
1545254151126,1018.8046
1545254151164,1018.8046
1545254151204,1018.80634
1545254151241,1018.80634
1545254151280,1018.80634
1545254151318,1018.80634
1545254151357,1018.80597
1545254151399,1018.80597
1545254151435,1018.80597
1545254151474,1018.80597
1545254151511,1018.80994
1545254151549,1018.80994
1545254151588,1018.80994
1545254151626,1018.80994
1545254151666,1018.8104
1545254151703,1018.8104
1545254151742,1018.8104
1545254151780,1018.8104
1545254151818,1018.8149
1545254151857,1018.8149
1545254151895,1018.8149
1545254151934,1018.8149
1545254151973,1018.8136
1545254152012,1018.8136
1545254152054,1018.8136
1545254152088,1018.8136
1545254152127,1018.8207
1545254152166,1018.8207
1545254152205,1018.8207
1545254152245,1018.8207
1545254152281,1018.83466
1545254152319,1018.83466
1545254152362,1018.83466
1545254152397,1018.83466
1545254152435,1018.84283
1545254152472,1018.84283
1545254152524,1018.84283
1545254152549,1018.84283
1545254152588,1018.83264
1545254152627,1018.83264
1545254152666,1018.83264
1545254152705,1018.83264
1545254152744,1018.82794
1545254152783,1018.82794
1545254152819,1018.82794
1545254152858,1018.82794
1545254152898,1018.8246
1545254152934,1018.8246
1545254152973,1018.8246
1545254153014,1018.8246
1545254153051,1018.82904
1545254153091,1018.82904
1545254153126,1018.82904
1545254153165,1018.82904
1545254153205,1018.833
1545254153243,1018.833
1545254153280,1018.833
1545254153318,1018.833
1545254153358,1018.83954
1545254153399,1018.83954
1545254153435,1018.83954
1545254153475,1018.83954
1545254153510,1018.8474
1545254153550,1018.8474
1545254153589,1018.8474
1545254153629,1018.8474
1545254153665,1018.8432
1545254153705,1018.8432
1545254153745,1018.8432
1545254153781,1018.8432
1545254153820,1018.8316
1545254153858,1018.8316
1545254153896,1018.8316
1545254153935,1018.8316
1545254153973,1018.8183
1545254154011,1018.8183
1545254154050,1018.8183
1545254154088,1018.8183
1545254154128,1018.8123
1545254154168,1018.8123
1545254154204,1018.8123
1545254154241,1018.8123
1545254154282,1018.8042
1545254154319,1018.8042
1545254154357,1018.8042
1545254154397,1018.8042
1545254154435,1018.8099
1545254154474,1018.8099
1545254154512,1018.8099
1545254154549,1018.8099
1545254154589,1018.7979
1545254154628,1018.7979
1545254154665,1018.7979
1545254154703,1018.7979
1545254154744,1018.79266
1545254154780,1018.79266
1545254154820,1018.79266
1545254154857,1018.79266
1545254154897,1018.7889
1545254154934,1018.7889
1545254154974,1018.7889
1545254155011,1018.7889
1545254155049,1018.79767
1545254155094,1018.79767
1545254155129,1018.79767
1545254155168,1018.79767
1545254155206,1018.7924
1545254155243,1018.7924
1545254155282,1018.7924
1545254155319,1018.7924
1545254155360,1018.78687
1545254155417,1018.78687
1545254155434,1018.78687
1545254155473,1018.78687
1545254155511,1018.7882
1545254155550,1018.7882
1545254155589,1018.7882
1545254155628,1018.7882
1545254155665,1018.78784
1545254155703,1018.78784
1545254155744,1018.78784
1545254155784,1018.78784
1545254155820,1018.7736
1545254155858,1018.7736
1545254155905,1018.7736
1545254155936,1018.7736
1545254155974,1018.77966
1545254156010,1018.77966
1545254156050,1018.77966
1545254156087,1018.77966
1545254156128,1018.7793
1545254156165,1018.7793
1545254156203,1018.7793
1545254156241,1018.7793
1545254156280,1018.77203
1545254156317,1018.77203
1545254156356,1018.77203
1545254156395,1018.77203
1545254156435,1018.77686
1545254156473,1018.77686
1545254156510,1018.77686
1545254156548,1018.77686
1545254156590,1018.79236
1545254156626,1018.79236
1545254156666,1018.79236
1545254156704,1018.79236
1545254156745,1018.79767
1545254156780,1018.79767
1545254156821,1018.79767
1545254156857,1018.79767
1545254156900,1018.8037
1545254156934,1018.8037
1545254156973,1018.8037
1545254157011,1018.8037
1545254157051,1018.81976
1545254157094,1018.81976
1545254157135,1018.81976
1545254157165,1018.81976
1545254157204,1018.8315
1545254157241,1018.8315
1545254157281,1018.8315
1545254157317,1018.8315
1545254157357,1018.8415
1545254157400,1018.8415
1545254157434,1018.8415
1545254157472,1018.8415
1545254157511,1018.85236
1545254157550,1018.85236
1545254157590,1018.85236
1545254157628,1018.85236
1545254157665,1018.8732
1545254157705,1018.8732
1545254157741,1018.8732
1545254157781,1018.8732
1545254157821,1018.8905
1545254157857,1018.8905
1545254157896,1018.8905
1545254157933,1018.8905
1545254157972,1018.89874
1545254158012,1018.89874
1545254158049,1018.89874
1545254158087,1018.89874
1545254158126,1018.90875
1545254158166,1018.90875
1545254158202,1018.90875
1545254158241,1018.90875
1545254158284,1018.9352
1545254158320,1018.9352
1545254158359,1018.9352
1545254158396,1018.9352
1545254158435,1018.9578
1545254158472,1018.9578
1545254158510,1018.9578
1545254158553,1018.9578
1545254158587,1018.96985
1545254158626,1018.96985
1545254158666,1018.96985
1545254158706,1018.96985
1545254158741,1018.9925
1545254158779,1018.9925
1545254158821,1018.9925
1545254158859,1018.9925
1545254158898,1019.01886
1545254158934,1019.01886
1545254158972,1019.01886
1545254159010,1019.01886
1545254159048,1019.0436
1545254159092,1019.0436
1545254159128,1019.0436
1545254159165,1019.0436
1545254159201,1019.06305
1545254159242,1019.06305
1545254159281,1019.06305
1545254159318,1019.06305
1545254159357,1019.0904
1545254159395,1019.0904
1545254159433,1019.0904
1545254159474,1019.0904
1545254159510,1019.1038
1545254159548,1019.1038
1545254159595,1019.1038
1545254159628,1019.1038
1545254159663,1019.1242
1545254159705,1019.1242
1545254159742,1019.1242
1545254159781,1019.1242
1545254159818,1019.15753
1545254159856,1019.15753
1545254159896,1019.15753
1545254159933,1019.1788
1545254159973,1019.1788
1545254160014,1019.1788
1545254160047,1019.1788
1545254160087,1019.1957
1545254160125,1019.1957
1545254160164,1019.1957
1545254160203,1019.1957
1545254160241,1019.21515
1545254160287,1019.21515
1545254160317,1019.21515
1545254160357,1019.21515
1545254160393,1019.22516
1545254160432,1019.22516
1545254160471,1019.22516
1545254160509,1019.22516
1545254160548,1019.2481
1545254160586,1019.2481
1545254160627,1019.2481
1545254160665,1019.2481
1545254160704,1019.2564
1545254160742,1019.2564
1545254160782,1019.2564
1545254160818,1019.2564
1545254160857,1019.26294
1545254160895,1019.26294
1545254160933,1019.26294
1545254160971,1019.26294
1545254161011,1019.2703
1545254161048,1019.2703
1545254161089,1019.2703
1545254161126,1019.2703
1545254161163,1019.2553
1545254161204,1019.2553
1545254161242,1019.2553
1545254161279,1019.2553
1545254161318,1019.2575
1545254161357,1019.2575
1545254161396,1019.2575
1545254161432,1019.2575
1545254161472,1019.2568
1545254161509,1019.2568
1545254161551,1019.2568
1545254161588,1019.2568
1545254161629,1019.2616
1545254161662,1019.2616
1545254161702,1019.2616
1545254161743,1019.2616
1545254161779,1019.27765
1545254161818,1019.27765
1545254161855,1019.27765
1545254161898,1019.27765
1545254161932,1019.28674
1545254161971,1019.28674
1545254162010,1019.28674
1545254162054,1019.28674
1545254162086,1019.28204
1545254162124,1019.28204
1545254162164,1019.28204
1545254162202,1019.28204
1545254162240,1019.2977
1545254162279,1019.2977
1545254162317,1019.2977
1545254162355,1019.2977
1545254162397,1019.2999
1545254162431,1019.2999
1545254162471,1019.2999
1545254162511,1019.2999
1545254162551,1019.3091
1545254162587,1019.3091
1545254162626,1019.3091
1545254162663,1019.3091
1545254162701,1019.33374
1545254162739,1019.33374
1545254162779,1019.33374
1545254162820,1019.33374
1545254162857,1019.33563
1545254162893,1019.33563
1545254162933,1019.33563
1545254162971,1019.33563
1545254163010,1019.3335
1545254163051,1019.3335
1545254163087,1019.3335
1545254163126,1019.3335
1545254163165,1019.34314
1545254163202,1019.34314
1545254163242,1019.34314
1545254163280,1019.34314
1545254163317,1019.3389
1545254163356,1019.3389
1545254163395,1019.3389
1545254163433,1019.3389
1545254163470,1019.3437
1545254163509,1019.3437
1545254163548,1019.3437
1545254163587,1019.3437
1545254163625,1019.3654
1545254163664,1019.3654
1545254163704,1019.3654
1545254163741,1019.3654
1545254163783,1019.3892
1545254163817,1019.3892
1545254163855,1019.3892
1545254163893,1019.3892
1545254163932,1019.3859
1545254163969,1019.3859
1545254164010,1019.3859
1545254164046,1019.3859
1545254164085,1019.3824
1545254164125,1019.3824
1545254164165,1019.3824
1545254164203,1019.3824
1545254164240,1019.37726
1545254164278,1019.37726
1545254164317,1019.37726
1545254164355,1019.37726
1545254164400,1019.40076
1545254164434,1019.40076
1545254164470,1019.40076
1545254164509,1019.40076
1545254164549,1019.4272
1545254164587,1019.4272
1545254164632,1019.4272
1545254164663,1019.4272
1545254164701,1019.4074
1545254164741,1019.4074
1545254164779,1019.4074
1545254164816,1019.4074
1545254164856,1019.4361
1545254164894,1019.4361
1545254164948,1019.4361
1545254164971,1019.4361
1545254165009,1019.44257
1545254165048,1019.44257
1545254165086,1019.44257
1545254165125,1019.44257
1545254165164,1019.54736
1545254165202,1019.54736
1545254165240,1019.54736
1545254165278,1019.54736
1545254165317,1019.2828
1545254165354,1019.2828
1545254165394,1019.2828
1545254165433,1019.2828
1545254165471,1019.2829
1545254165508,1019.2829
1545254165546,1019.2829
1545254165587,1019.2829
1545254165625,1019.2769
1545254165663,1019.2769
1545254165703,1019.2769
1545254165748,1019.2769
1545254165777,1019.3039
1545254165817,1019.3039
1545254165858,1019.3039
1545254165894,1019.3039
1545254165933,1019.3995
1545254165971,1019.3995
1545254166012,1019.3995
1545254166047,1019.3995
1545254166086,1019.3771
1545254166125,1019.3771
1545254166164,1019.3771
1545254166202,1019.3771
1545254166240,1019.3836
1545254166279,1019.3836
1545254166316,1019.3836
1545254166355,1019.3836
1545254166393,1019.5368
1545254166431,1019.5368
1545254166469,1019.5368
1545254166511,1019.5368
1545254166547,1019.5222
1545254166588,1019.5222
1545254166628,1019.5222
1545254166661,1019.5222
1545254166701,1019.46124
1545254166740,1019.46124
1545254166779,1019.46124
1545254166818,1019.46124
1545254166855,1019.40686
1545254166893,1019.40686
1545254166936,1019.40686
1545254166972,1019.40686
1545254167008,1019.3848
1545254167047,1019.3848
1545254167085,1019.3848
1545254167127,1019.3848
1545254167163,1019.3815
1545254167202,1019.3815
1545254167241,1019.3815
1545254167277,1019.3815
1545254167321,1019.37726
1545254167356,1019.37726
1545254167394,1019.37726
1545254167433,1019.37726
1545254167470,1019.4085
1545254167509,1019.4085
1545254167547,1019.4085
1545254167586,1019.4085
1545254167626,1019.4072
1545254167662,1019.4072
1545254167705,1019.4072
1545254167746,1019.4072
1545254167777,1019.39264
1545254167816,1019.39264
1545254167857,1019.39264
1545254167894,1019.39264
1545254167932,1019.391
1545254167970,1019.391
1545254168010,1019.391
1545254168048,1019.391
1545254168086,1019.3902
1545254168124,1019.3902
1545254168165,1019.3902
1545254168201,1019.3902
1545254168240,1019.36993
1545254168280,1019.36993
1545254168315,1019.36993
1545254168357,1019.36993
1545254168394,1019.38995
1545254168437,1019.38995
1545254168469,1019.38995
1545254168508,1019.38995
1545254168546,1019.3687
1545254168584,1019.3687
1545254168627,1019.3687
1545254168661,1019.3687
1545254168701,1019.3472
1545254168739,1019.3472
1545254168779,1019.3472
1545254168816,1019.3472
1545254168855,1019.31964
1545254168893,1019.31964
1545254168934,1019.31964
1545254168969,1019.31964
1545254169008,1019.29987
1545254169050,1019.29987
1545254169085,1019.29987
1545254169123,1019.29987
1545254169163,1019.3254
1545254169205,1019.3254
1545254169238,1019.3254
1545254169279,1019.3254
1545254169316,1019.33844
1545254169359,1019.33844
1545254169394,1019.33844
1545254169435,1019.33844
1545254169469,1019.32733
1545254169507,1019.32733
1545254169546,1019.32733
1545254169584,1019.32733
1545254169624,1019.31305
1545254169663,1019.31305
1545254169700,1019.31305
1545254169738,1019.31305
1545254169776,1019.3062
1545254169820,1019.3062
1545254169856,1019.3062
