1545253834050,1015.2734
1545253834050,1015.2734
1545253834092,1015.2734
1545253834129,1015.27704
1545253834168,1015.27704
1545253834204,1015.27704
1545253834243,1015.27704
1545253834281,1015.2803
1545253834321,1015.2803
1545253834363,1015.2803
1545253834398,1015.2803
1545253834437,1015.28015
1545253834487,1015.28015
1545253834513,1015.28015
1545253834553,1015.28015
1545253834590,1015.30133
1545253834628,1015.30133
1545253834666,1015.30133
1545253834706,1015.30133
1545253834743,1015.3149
1545253834784,1015.3149
1545253834820,1015.3149
1545253834858,1015.3149
1545253834898,1015.3138
1545253834937,1015.3138
1545253834976,1015.3138
1545253835017,1015.3138
1545253835052,1015.29517
1545253835091,1015.29517
1545253835128,1015.29517
1545253835168,1015.29517
1545253835208,1015.311
1545253835243,1015.311
1545253835283,1015.311
1545253835321,1015.311
1545253835365,1015.3127
1545253835398,1015.3127
1545253835436,1015.3127
1545253835476,1015.3127
1545253835513,1015.33673
1545253835555,1015.33673
1545253835591,1015.33673
1545253835631,1015.33673
1545253835667,1015.35565
1545253835737,1015.35565
1545253835761,1015.35565
1545253835794,1015.35565
1545253835823,1015.3041
1545253835858,1015.3041
1545253835896,1015.3041
1545253835935,1015.3041
1545253835975,1015.3015
1545253836011,1015.3015
1545253836050,1015.3015
1545253836097,1015.3015
1545253836128,1015.30835
1545253836165,1015.30835
1545253836205,1015.30835
1545253836242,1015.30835
1545253836281,1015.3264
1545253836324,1015.3264
1545253836358,1015.3264
1545253836398,1015.3264
1545253836437,1015.3212
1545253836473,1015.3212
1545253836513,1015.3212
1545253836553,1015.3212
1545253836589,1015.32983
1545253836630,1015.32983
1545253836666,1015.32983
1545253836706,1015.32983
1545253836743,1015.33844
1545253836785,1015.33844
1545253836821,1015.33844
1545253836860,1015.33844
1545253836897,1015.3264
1545253836937,1015.3264
1545253836975,1015.3264
1545253837014,1015.3264
1545253837051,1015.3264
1545253837089,1015.3264
1545253837128,1015.3264
1545253837165,1015.3264
1545253837208,1015.3424
1545253837243,1015.3424
1545253837283,1015.3424
1545253837320,1015.3424
1545253837362,1015.3493
1545253837396,1015.3493
1545253837435,1015.3493
1545253837502,1015.3493
1545253837523,1015.3124
1545253837560,1015.3124
1545253837587,1015.3124
1545253837627,1015.3124
1545253837669,1015.3373
1545253837711,1015.3373
1545253837755,1015.3373
1545253837780,1015.3373
1545253837820,1015.3124
1545253837858,1015.3124
1545253837895,1015.3124
1545253837934,1015.3124
1545253837975,1015.31665
1545253838016,1015.31665
1545253838050,1015.31665
1545253838089,1015.31665
1545253838126,1015.31146
1545253838165,1015.31146
1545253838209,1015.31146
1545253838243,1015.31146
1545253838281,1015.3141
1545253838319,1015.3141
1545253838358,1015.3141
1545253838398,1015.3141
1545253838434,1015.3129
1545253838476,1015.3129
1545253838515,1015.3129
1545253838552,1015.3129
1545253838589,1015.31464
1545253838629,1015.31464
1545253838665,1015.31464
1545253838707,1015.31464
1545253838744,1015.31116
1545253838781,1015.31116
1545253838820,1015.31116
1545253838861,1015.31116
1545253838897,1015.3258
1545253838936,1015.3258
1545253838974,1015.3258
1545253839017,1015.3258
1545253839049,1015.3223
1545253839089,1015.3223
1545253839136,1015.3223
1545253839167,1015.3223
1545253839204,1015.3246
1545253839243,1015.3246
1545253839281,1015.3246
1545253839322,1015.3246
1545253839358,1015.3315
1545253839395,1015.3315
1545253839435,1015.3315
1545253839475,1015.3315
1545253839510,1015.3435
1545253839551,1015.3435
1545253839591,1015.3435
1545253839626,1015.3435
1545253839665,1015.3616
1545253839762,1015.3616
1545253839763,1015.3616
1545253839779,1015.3616
1545253839821,1015.3676
1545253839857,1015.3676
1545253839896,1015.3676
1545253839937,1015.3676
1545253839974,1015.4071
1545253840011,1015.4071
1545253840050,1015.4071
1545253840091,1015.4071
1545253840130,1015.4111
1545253840164,1015.4111
1545253840204,1015.4111
1545253840244,1015.4111
1545253840279,1015.39557
1545253840319,1015.39557
1545253840357,1015.39557
1545253840395,1015.39557
1545253840436,1015.39215
1545253840475,1015.39215
1545253840512,1015.39215
1545253840550,1015.39215
1545253840587,1015.39215
1545253840627,1015.39215
1545253840669,1015.39215
1545253840704,1015.39215
1545253840742,1015.3982
1545253840782,1015.3982
1545253840820,1015.3982
1545253840858,1015.3982
1545253840896,1015.36725
1545253840935,1015.36725
1545253840976,1015.36725
1545253841014,1015.36725
1545253841051,1015.38104
1545253841089,1015.38104
1545253841127,1015.38104
1545253841168,1015.38104
1545253841206,1015.37067
1545253841245,1015.37067
1545253841280,1015.37067
1545253841322,1015.37067
1545253841357,1015.4377
1545253841396,1015.4377
1545253841435,1015.4377
1545253841475,1015.4377
1545253841512,1015.38153
1545253841553,1015.38153
1545253841590,1015.38153
1545253841628,1015.38153
1545253841667,1015.3068
1545253841704,1015.3068
1545253841741,1015.3068
1545253841781,1015.3068
1545253841820,1015.36523
1545253841857,1015.36523
1545253841896,1015.36523
1545253841934,1015.3618
1545253841973,1015.3618
1545253842010,1015.3618
1545253842051,1015.3618
1545253842089,1015.30084
1545253842129,1015.30084
1545253842166,1015.30084
1545253842204,1015.30084
1545253842243,1015.2928
1545253842281,1015.2928
1545253842319,1015.2928
1545253842358,1015.2928
1545253842396,1015.4491
1545253842438,1015.4491
1545253842473,1015.4491
1545253842517,1015.4491
1545253842550,1015.34344
1545253842589,1015.34344
1545253842626,1015.34344
1545253842665,1015.34344
1545253842712,1015.26447
1545253842746,1015.26447
1545253842780,1015.26447
1545253842817,1015.26447
1545253842856,1015.24725
1545253842894,1015.24725
1545253842932,1015.24725
1545253842973,1015.24725
1545253843011,1015.33624
1545253843051,1015.33624
1545253843088,1015.33624
1545253843126,1015.33624
1545253843167,1015.34485
1545253843205,1015.34485
1545253843245,1015.34485
1545253843287,1015.34485
1545253843317,1015.30414
1545253843359,1015.30414
1545253843397,1015.30414
1545253843442,1015.30414
1545253843479,1015.2939
1545253843513,1015.2939
1545253843549,1015.2939
1545253843588,1015.2939
1545253843626,1015.45276
1545253843668,1015.45276
1545253843704,1015.45276
1545253843743,1015.45276
1545253843792,1015.41125
1545253843821,1015.41125
1545253843857,1015.41125
1545253843898,1015.41125
1545253843936,1015.4018
1545253843974,1015.4018
1545253844010,1015.4018
1545253844047,1015.4018
1545253844086,1015.4212
1545253844125,1015.4212
1545253844164,1015.4212
1545253844201,1015.4212
1545253844241,1015.3353
1545253844280,1015.3353
1545253844320,1015.3353
1545253844357,1015.3353
1545253844396,1015.3499
1545253844433,1015.3499
1545253844472,1015.3499
1545253844520,1015.3499
1545253844549,1015.42126
1545253844587,1015.42126
1545253844626,1015.42126
1545253844665,1015.42126
1545253844702,1015.5123
1545253844741,1015.5123
1545253844780,1015.5123
1545253844821,1015.5123
1545253844855,1015.4401
1545253844894,1015.4401
1545253844935,1015.4401
1545253844971,1015.4401
1545253845028,1015.34106
1545253845048,1015.34106
1545253845086,1015.34106
1545253845125,1015.34106
1545253845165,1015.2629
1545253845202,1015.2629
1545253845241,1015.2629
1545253845282,1015.2629
1545253845319,1015.29895
1545253845357,1015.29895
1545253845395,1015.29895
1545253845439,1015.29895
1545253845475,1015.3442
1545253845510,1015.3442
1545253845550,1015.3442
1545253845588,1015.3442
1545253845627,1015.4808
1545253845666,1015.4808
1545253845702,1015.4808
1545253845744,1015.4808
1545253845781,1015.589
1545253845820,1015.589
1545253845858,1015.589
1545253845895,1015.589
1545253845934,1015.45325
1545253845972,1015.45325
1545253846011,1015.45325
1545253846050,1015.45325
1545253846088,1015.44696
1545253846126,1015.44696
1545253846166,1015.44696
1545253846204,1015.44696
1545253846242,1015.5483
1545253846279,1015.5483
1545253846322,1015.5483
1545253846356,1015.5483
1545253846395,1015.46844
1545253846434,1015.46844
1545253846473,1015.46844
1545253846510,1015.46844
1545253846552,1015.477
1545253846590,1015.477
1545253846626,1015.477
1545253846667,1015.477
1545253846704,1015.6969
1545253846741,1015.6969
1545253846780,1015.6969
1545253846819,1015.6969
1545253846857,1015.54913
1545253846894,1015.54913
1545253846933,1015.54913
1545253846973,1015.54913
1545253847011,1015.477
1545253847050,1015.477
1545253847089,1015.477
1545253847127,1015.477
1545253847165,1015.5586
1545253847205,1015.5586
1545253847242,1015.5586
1545253847279,1015.5586
1545253847321,1015.60846
1545253847356,1015.60846
1545253847395,1015.60846
1545253847432,1015.60846
1545253847471,1015.5621
1545253847509,1015.5621
1545253847548,1015.5621
1545253847588,1015.5621
1545253847628,1015.56836
1545253847664,1015.56836
1545253847704,1015.56836
1545253847741,1015.56836
1545253847783,1015.58984
1545253847820,1015.58984
1545253847856,1015.58984
1545253847894,1015.58984
1545253847934,1015.62195
1545253847971,1015.62195
1545253848012,1015.62195
1545253848051,1015.62195
1545253848088,1015.7225
1545253848126,1015.7225
1545253848166,1015.7225
1545253848204,1015.7225
1545253848241,1015.47504
1545253848280,1015.47504
1545253848320,1015.47504
1545253848355,1015.47504
1545253848396,1015.54065
1545253848435,1015.54065
1545253848471,1015.54065
1545253848510,1015.54065
1545253848550,1015.56036
1545253848586,1015.56036
1545253848626,1015.56036
1545253848665,1015.56036
1545253848703,1015.5633
1545253848740,1015.5633
1545253848779,1015.5633
1545253848818,1015.5633
1545253848855,1015.504
1545253848895,1015.504
1545253848933,1015.504
1545253848977,1015.504
1545253849013,1015.5825
1545253849047,1015.5825
1545253849086,1015.5825
1545253849126,1015.5825
1545253849165,1015.7225
1545253849203,1015.7225
1545253849241,1015.7225
1545253849282,1015.7225
1545253849317,1015.5189
1545253849355,1015.5189
1545253849394,1015.5189
1545253849433,1015.5189
1545253849472,1015.502
1545253849511,1015.502
1545253849549,1015.502
1545253849588,1015.502
1545253849625,1015.60284
1545253849664,1015.60284
1545253849702,1015.60284
1545253849739,1015.60284
1545253849778,1015.7085
1545253849817,1015.7085
1545253849854,1015.7085
1545253849894,1015.7085
1545253849932,1015.7475
1545253849971,1015.7475
1545253850011,1015.7475
1545253850061,1015.7475
1545253850087,1015.7037
1545253850125,1015.7037
1545253850164,1015.7037
1545253850201,1015.7037
1545253850250,1015.6461
1545253850279,1015.6461
1545253850319,1015.6461
1545253850355,1015.6461
1545253850400,1015.7028
1545253850433,1015.7028
1545253850472,1015.7028
1545253850509,1015.7028
1545253850549,1015.79675
1545253850587,1015.79675
1545253850627,1015.79675
1545253850664,1015.79675
1545253850701,1015.7426
1545253850741,1015.7426
1545253850778,1015.7426
1545253850817,1015.7426
1545253850856,1015.7713
1545253850895,1015.7713
1545253850938,1015.7713
1545253850971,1015.7713
1545253851009,1015.6699
1545253851048,1015.6699
1545253851086,1015.6699
1545253851126,1015.6699
1545253851163,1015.61237
1545253851203,1015.61237
1545253851240,1015.61237
1545253851279,1015.61237
1545253851319,1015.68964
1545253851355,1015.68964
1545253851394,1015.68964
1545253851435,1015.68964
1545253851469,1015.70514
1545253851507,1015.70514
1545253851546,1015.70514
1545253851587,1015.70514
1545253851625,1015.9388
1545253851664,1015.9388
1545253851704,1015.9388
1545253851741,1015.9388
1545253851777,1015.7609
1545253851831,1015.7609
1545253851855,1015.7609
1545253851893,1015.7609
1545253851931,1015.81934
1545253851973,1015.81934
1545253852009,1015.81934
1545253852046,1015.81934
1545253852086,1015.836
1545253852124,1015.836
1545253852164,1015.836
1545253852204,1015.836
1545253852241,1015.9107
1545253852302,1015.9107
1545253852315,1015.9107
1545253852355,1016.0098
1545253852393,1016.0098
1545253852432,1016.0098
1545253852471,1016.0098
1545253852508,1015.82684
1545253852546,1015.82684
1545253852585,1015.82684
1545253852623,1015.82684
1545253852664,1015.92474
1545253852699,1015.92474
1545253852738,1015.92474
1545253852777,1015.92474
1545253852815,1016.0041
1545253852854,1016.0041
1545253852903,1016.0041
1545253852932,1016.0041
1545253852973,1016.01355
1545253853011,1016.01355
1545253853050,1016.01355
1545253853086,1016.01355
1545253853125,1016.25433
1545253853163,1016.25433
1545253853201,1016.25433
1545253853241,1016.25433
1545253853279,1016.07
1545253853317,1016.07
1545253853354,1016.07
1545253853394,1016.07
1545253853432,1015.9437
1545253853472,1015.9437
1545253853509,1015.9437
1545253853546,1015.9437
1545253853587,1015.9354
1545253853625,1015.9354
1545253853662,1015.9354
1545253853701,1015.9354
1545253853747,1016.0445
1545253853778,1016.0445
1545253853816,1016.0445
1545253853854,1016.0445
1545253853894,1016.0663
1545253853932,1016.0663
1545253853970,1016.0663
1545253854008,1016.0663
1545253854048,1016.0079
1545253854087,1016.0079
1545253854125,1016.0079
1545253854164,1016.0079
1545253854200,1016.10925
1545253854240,1016.10925
1545253854278,1016.10925
1545253854323,1016.10925
1545253854355,1016.0362
1545253854393,1016.0362
1545253854432,1016.0362
1545253854470,1016.0362
1545253854509,1016.1066
1545253854547,1016.1066
1545253854585,1016.1066
1545253854626,1016.1066
1545253854662,1016.113
1545253854702,1016.113
1545253854740,1016.113
1545253854778,1016.113
1545253854820,1016.11554
1545253854854,1016.11554
1545253854895,1016.11554
1545253854932,1016.11554
1545253854970,1016.2521
1545253855009,1016.2521
1545253855057,1016.2521
1545253855087,1016.2521
1545253855125,1016.0099
1545253855162,1016.0099
1545253855201,1016.0099
1545253855239,1016.0099
1545253855279,1015.9515
1545253855315,1015.9515
1545253855353,1015.9515
1545253855393,1015.9515
1545253855431,1015.9535
1545253855469,1015.9535
1545253855510,1015.9535
1545253855547,1015.9535
1545253855586,1015.9856
1545253855627,1015.9856
1545253855660,1015.9856
1545253855700,1015.9856
1545253855738,1015.9272
1545253855777,1015.9272
1545253855818,1015.9272
1545253855853,1015.9272
1545253855892,1015.9572
1545253855934,1015.9572
1545253855971,1015.9572
1545253856009,1015.9572
1545253856048,1016.0165
1545253856087,1016.0165
1545253856124,1016.0165
1545253856162,1016.0165
1545253856204,1016.0074
1545253856240,1016.0074
1545253856276,1016.0074
1545253856317,1016.0074
1545253856356,1015.8278
1545253856393,1015.8278
1545253856431,1015.8278
1545253856480,1015.8278
1545253856508,1015.9218
1545253856546,1015.9218
1545253856587,1015.9218
1545253856624,1015.9218
1545253856665,1015.87915
1545253856701,1015.87915
1545253856740,1015.87915
1545253856778,1015.87915
1545253856826,1015.8284
1545253856854,1015.8284
1545253856892,1015.8284
1545253856931,1015.8284
1545253856969,1015.90314
1545253857008,1015.90314
1545253857046,1015.90314
1545253857084,1015.90314
1545253857126,1015.91724
1545253857161,1015.91724
1545253857201,1015.91724
1545253857241,1015.91724
1545253857279,1015.8892
1545253857317,1015.8892
1545253857352,1015.8892
1545253857392,1015.8892
1545253857430,1015.88055
1545253857470,1015.88055
1545253857507,1015.88055
1545253857546,1015.88055
1545253857585,1015.8139
1545253857623,1015.8139
1545253857661,1015.8139
1545253857700,1015.8139
1545253857739,1015.9044
1545253857777,1015.9044
1545253857815,1015.9044
1545253857853,1015.9044
1545253857892,1015.89233
1545253857931,1015.89233
1545253857971,1015.89233
1545253858009,1015.89233
1545253858047,1015.76556
1545253858087,1015.76556
1545253858123,1015.76556
1545253858163,1015.76556
1545253858200,1015.8612
1545253858239,1015.8612
1545253858277,1015.8612
1545253858317,1015.8612
1545253858352,1015.8065
1545253858390,1015.8065
1545253858431,1015.8065
1545253858469,1015.8065
1545253858509,1015.8392
1545253858547,1015.8392
1545253858584,1015.8392
1545253858623,1015.8392
1545253858663,1016.0739
1545253858700,1016.0739
1545253858739,1016.0739
1545253858777,1016.0739
1545253858817,1015.90765
1545253858883,1015.90765
1545253858890,1015.90765
1545253858930,1015.90765
1545253858968,1015.9505
1545253859006,1015.9505
1545253859045,1015.9505
1545253859084,1015.9505
1545253859121,1015.9972
1545253859160,1015.9972
1545253859200,1015.9972
1545253859240,1015.9972
1545253859278,1015.9958
1545253859325,1015.9958
1545253859355,1015.9958
1545253859391,1015.9958
1545253859431,1016.1138
1545253859469,1016.1138
1545253859512,1016.1138
1545253859547,1016.1138
1545253859584,1015.96515
1545253859624,1015.96515
1545253859661,1015.96515
1545253859703,1015.96515
1545253859741,1015.8664
1545253859778,1015.8664
1545253859824,1015.8664
1545253859854,1015.8664
1545253859891,1015.9277
1545253859929,1015.9277
1545253859974,1015.9277
1545253860010,1015.9277
1545253860045,1015.9019
1545253860083,1015.9019
1545253860121,1015.9019
1545253860160,1015.9019
1545253860200,1015.9414
1545253860239,1015.9414
1545253860277,1015.9414
1545253860317,1015.9414
1545253860352,1016.1578
1545253860392,1016.1578
1545253860433,1016.1578
1545253860468,1016.1578
1545253860508,1016.0135
1545253860547,1016.0135
1545253860586,1016.0135
1545253860623,1016.0135
1545253860666,1016.04785
1545253860700,1016.04785
1545253860737,1016.04785
1545253860776,1016.04785
1545253860814,1016.1641
1545253860855,1016.1641
1545253860890,1016.1641
1545253860930,1016.1641
1545253860969,1016.09766
1545253861007,1016.09766
1545253861049,1016.09766
1545253861083,1016.09766
1545253861121,1016.1235
1545253861159,1016.1235
1545253861199,1016.1235
1545253861239,1016.1235
1545253861277,1016.2222
1545253861318,1016.2222
1545253861352,1016.2222
1545253861393,1016.2222
1545253861432,1016.0676
1545253861473,1016.0676
1545253861506,1016.0676
1545253861546,1016.0676
1545253861584,1016.1103
1545253861624,1016.1103
1545253861660,1016.1103
1545253861700,1016.1103
1545253861739,1016.1082
1545253861777,1016.1082
1545253861817,1016.1082
1545253861860,1016.1082
1545253861891,1016.0816
1545253861929,1016.0816
1545253861968,1016.0816
1545253862007,1016.0816
1545253862046,1016.1103
1545253862083,1016.1103
1545253862123,1016.1103
1545253862161,1016.1103
1545253862200,1016.0671
1545253862238,1016.0671
1545253862277,1016.0671
1545253862313,1016.0671
1545253862351,1016.0685
1545253862390,1016.0685
1545253862429,1016.0685
1545253862471,1016.2048
1545253862507,1016.2048
1545253862549,1016.2048
1545253862584,1016.2048
1545253862621,1016.07904
1545253862661,1016.07904
1545253862700,1016.07904
1545253862736,1016.07904
1545253862775,1016.0659
1545253862813,1016.0659
1545253862852,1016.0659
1545253862891,1016.0659
1545253862931,1016.1194
1545253862968,1016.1194
1545253863011,1016.1194
1545253863046,1016.1194
1545253863083,1016.11566
1545253863122,1016.11566
1545253863159,1016.11566
1545253863206,1016.11566
1545253863236,1016.0484
1545253863274,1016.0484
1545253863312,1016.0484
1545253863351,1016.0484
1545253863391,1016.0369
1545253863431,1016.0369
1545253863467,1016.0369
1545253863507,1016.0369
1545253863545,1016.099
1545253863588,1016.099
1545253863621,1016.099
1545253863661,1016.099
1545253863699,1016.24725
1545253863738,1016.24725
1545253863776,1016.24725
1545253863813,1016.24725
1545253863857,1016.09296
1545253863890,1016.09296
1545253863928,1016.09296
1545253863969,1016.09296
1545253864006,1016.0815
1545253864044,1016.0815
1545253864083,1016.0815
1545253864124,1016.0815
1545253864161,1016.0964
1545253864203,1016.0964
1545253864238,1016.0964
1545253864277,1016.0964
1545253864315,1016.10864
1545253864353,1016.10864
1545253864392,1016.10864
1545253864428,1016.10864
1545253864469,1016.2111
1545253864506,1016.2111
1545253864544,1016.2111
1545253864582,1016.2111
1545253864621,1016.2211
1545253864661,1016.2211
1545253864699,1016.2211
1545253864736,1016.2211
1545253864775,1016.17413
1545253864814,1016.17413
1545253864855,1016.17413
1545253864891,1016.17413
1545253864932,1016.13226
1545253864968,1016.13226
1545253865008,1016.13226
1545253865044,1016.13226
1545253865082,1016.16864
1545253865120,1016.16864
1545253865161,1016.16864
1545253865198,1016.16864
1545253865238,1016.12537
1545253865275,1016.12537
1545253865313,1016.12537
1545253865355,1016.12537
1545253865389,1016.07837
1545253865432,1016.07837
1545253865467,1016.07837
1545253865506,1016.07837
1545253865545,1016.375
1545253865583,1016.375
1545253865621,1016.375
1545253865661,1016.375
1545253865699,1016.1399
1545253865736,1016.1399
1545253865776,1016.1399
1545253865813,1016.1399
1545253865858,1016.06744
1545253865890,1016.06744
1545253865928,1016.06744
1545253865968,1016.06744
1545253866007,1016.0994
1545253866046,1016.0994
1545253866081,1016.0994
1545253866121,1016.0994
1545253866161,1016.0275
1545253866198,1016.0275
1545253866236,1016.0275
1545253866291,1016.0275
1545253866313,1016.0936
1545253866355,1016.0936
1545253866389,1016.0936
1545253866428,1016.0936
1545253866468,1016.3631
1545253866511,1016.3631
1545253866544,1016.3631
1545253866584,1016.3631
1545253866622,1016.17004
1545253866659,1016.17004
1545253866698,1016.17004
1545253866741,1016.17004
1545253866777,1016.2227
1545253866813,1016.2227
1545253866851,1016.2227
1545253866888,1016.2227
1545253866929,1016.2808
1545253866967,1016.2808
1545253867005,1016.2808
1545253867045,1016.2808
1545253867084,1016.2725
1545253867121,1016.2725
1545253867160,1016.2725
1545253867199,1016.2725
1545253867237,1016.34576
1545253867274,1016.34576
1545253867315,1016.34576
1545253867357,1016.34576
1545253867389,1016.4234
1545253867430,1016.4234
1545253867469,1016.4234
1545253867517,1016.4234
1545253867556,1016.24835
1545253867583,1016.24835
1545253867622,1016.24835
1545253867657,1016.24835
1545253867700,1016.2417
1545253867736,1016.2417
1545253867776,1016.2417
1545253867813,1016.2417
1545253867853,1016.3279
1545253867890,1016.3279
1545253867930,1016.3279
1545253867967,1016.3279
1545253868006,1016.30865
1545253868045,1016.30865
1545253868083,1016.30865
1545253868119,1016.30865
1545253868158,1016.30804
1545253868199,1016.30804
1545253868235,1016.30804
1545253868274,1016.30804
1545253868313,1016.4905
1545253868352,1016.4905
1545253868392,1016.4905
1545253868430,1016.4905
1545253868468,1016.3567
1545253868507,1016.3567
1545253868543,1016.3567
1545253868583,1016.3567
1545253868621,1016.3128
1545253868661,1016.3128
1545253868697,1016.3128
1545253868737,1016.3128
1545253868776,1016.3022
1545253868813,1016.3022
1545253868852,1016.3022
1545253868888,1016.3022
1545253868927,1016.244
1545253868965,1016.244
1545253869008,1016.244
1545253869044,1016.244
1545253869083,1016.22015
1545253869119,1016.22015
1545253869159,1016.22015
1545253869196,1016.22015
1545253869235,1016.42926
1545253869274,1016.42926
1545253869316,1016.42926
1545253869353,1016.42926
1545253869389,1016.5292
1545253869428,1016.5292
1545253869466,1016.5292
1545253869506,1016.5292
1545253869546,1016.3318
1545253869585,1016.3318
1545253869621,1016.3318
1545253869660,1016.3318
1545253869697,1016.2323
1545253869736,1016.2323
1545253869774,1016.2323
1545253869813,1016.2323
1545253869852,1016.5334
1545253869889,1016.5334
1545253869927,1016.5334
1545253869967,1016.5334
1545253870006,1016.3944
1545253870044,1016.3944
1545253870081,1016.3944
1545253870121,1016.3944
1545253870159,1016.41956
1545253870197,1016.41956
1545253870237,1016.41956
1545253870276,1016.41956
1545253870322,1016.4232
1545253870350,1016.4232
1545253870389,1016.4232
1545253870428,1016.4232
1545253870467,1016.4054
1545253870505,1016.4054
1545253870541,1016.4054
1545253870581,1016.4054
1545253870620,1016.54266
1545253870657,1016.54266
1545253870699,1016.54266
1545253870736,1016.54266
1545253870777,1016.4549
1545253870813,1016.4549
1545253870852,1016.4549
1545253870887,1016.4549
1545253870928,1016.3807
1545253870968,1016.3807
1545253871005,1016.3807
1545253871042,1016.3807
1545253871081,1016.3921
1545253871123,1016.3921
1545253871159,1016.3921
1545253871198,1016.3921
1545253871235,1016.3935
1545253871273,1016.3935
1545253871313,1016.3935
1545253871360,1016.3935
1545253871389,1016.3482
1545253871428,1016.3482
1545253871467,1016.3482
1545253871505,1016.3482
1545253871542,1016.30743
1545253871582,1016.30743
1545253871621,1016.30743
1545253871660,1016.30743
1545253871697,1016.373
1545253871736,1016.373
1545253871773,1016.373
1545253871812,1016.373
1545253871856,1016.54034
1545253871889,1016.54034
1545253871927,1016.54034
1545253871966,1016.54034
1545253872005,1016.36035
1545253872043,1016.36035
1545253872085,1016.36035
1545253872119,1016.36035
1545253872158,1016.28357
1545253872198,1016.28357
1545253872235,1016.28357
1545253872274,1016.28357
1545253872313,1016.3004
1545253872353,1016.3004
1545253872387,1016.3004
1545253872426,1016.3004
1545253872467,1016.3285
1545253872506,1016.3285
1545253872545,1016.3285
1545253872581,1016.34393
1545253872620,1016.3526
1545253872657,1016.3526
1545253872696,1016.3526
1545253872737,1016.4021
1545253872776,1016.4021
1545253872812,1016.4021
1545253872850,1016.4021
1545253872888,1016.36566
1545253872928,1016.36566
1545253872965,1016.36566
1545253873004,1016.36566
1545253873044,1016.4161
1545253873082,1016.4161
1545253873120,1016.4161
1545253873161,1016.4161
1545253873197,1016.46765
1545253873234,1016.46765
1545253873275,1016.46765
1545253873312,1016.46765
1545253873350,1016.45685
1545253873389,1016.45685
1545253873427,1016.45685
1545253873467,1016.45685
1545253873505,1016.5385
1545253873544,1016.5385
1545253873582,1016.5385
1545253873626,1016.5385
1545253873657,1016.3657
1545253873695,1016.3657
1545253873735,1016.3657
1545253873773,1016.3657
1545253873811,1016.4259
1545253873850,1016.4259
1545253873888,1016.4259
1545253873928,1016.4259
1545253873965,1016.4224
1545253874006,1016.4224
1545253874044,1016.4224
1545253874080,1016.4224
1545253874119,1016.4964
1545253874159,1016.4964
1545253874196,1016.4964
1545253874234,1016.4964
1545253874273,1016.47406
1545253874312,1016.47406
1545253874351,1016.47406
1545253874393,1016.47406
1545253874430,1016.3451
1545253874476,1016.3451
1545253874501,1016.3451
1545253874540,1016.3451
1545253874579,1016.4259
1545253874617,1016.4259
1545253874656,1016.4259
1545253874700,1016.4259
1545253874733,1016.3559
1545253874772,1016.3559
1545253874809,1016.3559
1545253874847,1016.3559
1545253874886,1016.4276
1545253874924,1016.4276
1545253874963,1016.4276
1545253875003,1016.4276
1545253875042,1016.56775
1545253875079,1016.56775
1545253875119,1016.56775
1545253875157,1016.56775
1545253875194,1016.34076
1545253875232,1016.34076
1545253875273,1016.34076
1545253875311,1016.34076
1545253875358,1016.25824
1545253875389,1016.25824
1545253875426,1016.25824
1545253875465,1016.25824
1545253875504,1016.3594
1545253875544,1016.3594
1545253875581,1016.3594
1545253875620,1016.3594
1545253875662,1016.41266
1545253875698,1016.41266
1545253875735,1016.41266
1545253875772,1016.41266
1545253875813,1016.69696
1545253875850,1016.69696
1545253875888,1016.69696
1545253875926,1016.69696
1545253875968,1016.4098
1545253876005,1016.4098
1545253876042,1016.4098
1545253876081,1016.4098
1545253876118,1016.4975
1545253876158,1016.4975
1545253876196,1016.4975
1545253876235,1016.4975
1545253876274,1016.541
1545253876312,1016.541
1545253876351,1016.541
1545253876387,1016.541
1545253876426,1016.59686
1545253876470,1016.59686
1545253876504,1016.59686
1545253876543,1016.59686
1545253876581,1016.78485
1545253876622,1016.78485
1545253876656,1016.78485
1545253876694,1016.78485
1545253876733,1016.56616
1545253876773,1016.56616
1545253876810,1016.56616
1545253876849,1016.56616
1545253876888,1016.60834
1545253876925,1016.60834
1545253876967,1016.60834
1545253877002,1016.60834
1545253877044,1016.6527
1545253877080,1016.6527
1545253877118,1016.6527
1545253877158,1016.6527
1545253877196,1016.62604
1545253877234,1016.62604
1545253877273,1016.62604
1545253877312,1016.62604
1545253877350,1016.679
1545253877388,1016.679
1545253877426,1016.679
1545253877467,1016.679
1545253877502,1016.65985
1545253877545,1016.65985
1545253877590,1016.65985
1545253877616,1016.65985
1545253877655,1016.62164
1545253877695,1016.62164
1545253877735,1016.62164
1545253877771,1016.62164
1545253877813,1016.8045
1545253877848,1016.8045
1545253877886,1016.8045
1545253877926,1016.8045
1545253877966,1016.54364
1545253878010,1016.54364
1545253878042,1016.54364
1545253878080,1016.54364
1545253878118,1016.48663
1545253878158,1016.48663
1545253878196,1016.48663
1545253878234,1016.48663
1545253878274,1016.53564
1545253878312,1016.53564
1545253878348,1016.53564
1545253878387,1016.53564
1545253878425,1016.5921
1545253878464,1016.5921
1545253878503,1016.5921
1545253878541,1016.5921
1545253878581,1016.6038
1545253878618,1016.6038
1545253878658,1016.6038
1545253878696,1016.6038
1545253878734,1016.61035
1545253878771,1016.61035
1545253878811,1016.61035
1545253878847,1016.61035
1545253878893,1016.6462
1545253878926,1016.6462
1545253878963,1016.6462
1545253879004,1016.6462
1545253879042,1016.917
1545253879080,1016.917
1545253879119,1016.917
1545253879160,1016.917
1545253879196,1016.6949
1545253879233,1016.6949
1545253879272,1016.6949
1545253879313,1016.6949
1545253879350,1016.64465
1545253879392,1016.64465
1545253879425,1016.64465
1545253879464,1016.64465
1545253879501,1016.6246
1545253879540,1016.6246
1545253879579,1016.6246
1545253879617,1016.6246
1545253879655,1016.60016
1545253879718,1016.60016
1545253879734,1016.60016
1545253879770,1016.60016
1545253879810,1016.62
1545253879851,1016.62
1545253879886,1016.62
1545253879926,1016.62
1545253879963,1016.67816
1545253880004,1016.67816
1545253880046,1016.67816
1545253880080,1016.67816
1545253880119,1016.6503
1545253880157,1016.6503
1545253880193,1016.6503
1545253880234,1016.6503
1545253880271,1016.61676
1545253880312,1016.61676
1545253880350,1016.61676
1545253880389,1016.61676
1545253880425,1016.6268
1545253880463,1016.6268
1545253880502,1016.6268
1545253880540,1016.6268
1545253880579,1016.5938
1545253880624,1016.5938
1545253880657,1016.5938
1545253880695,1016.5938
1545253880734,1016.5978
1545253880771,1016.5978
1545253880811,1016.5978
1545253880849,1016.5978
1545253880887,1016.93335
1545253880924,1016.93335
1545253880963,1016.93335
1545253881003,1016.93335
1545253881041,1016.6745
1545253881081,1016.6745
1545253881117,1016.6745
1545253881155,1016.6745
1545253881194,1016.7447
1545253881234,1016.7447
1545253881271,1016.7447
1545253881310,1016.7447
1545253881348,1016.8218
1545253881385,1016.8218
1545253881426,1016.8218
1545253881463,1016.8218
1545253881501,1016.7212
1545253881543,1016.7212
1545253881584,1016.7212
1545253881617,1016.7212
1545253881656,1016.77423
1545253881693,1016.77423
1545253881734,1016.77423
1545253881773,1016.77423
1545253881810,1016.9161
1545253881849,1016.9161
1545253881886,1016.9161
1545253881927,1016.9161
1545253881966,1016.7111
1545253882002,1016.7111
1545253882041,1016.7111
1545253882078,1016.7111
1545253882118,1016.7194
1545253882156,1016.7194
1545253882204,1016.7194
1545253882238,1016.7194
1545253882271,1016.8464
1545253882309,1016.8464
1545253882348,1016.8464
1545253882388,1016.8464
1545253882426,1016.7532
1545253882462,1016.7532
1545253882506,1016.7532
1545253882541,1016.78925
1545253882578,1016.7979
1545253882617,1016.7979
1545253882654,1016.7979
1545253882695,1016.8526
1545253882732,1016.8526
1545253882776,1016.8526
1545253882809,1016.8526
1545253882850,1016.7207
1545253882886,1016.7207
1545253882924,1016.7207
1545253882963,1016.7207
1545253883002,1016.6516
1545253883041,1016.6516
1545253883080,1016.6516
1545253883118,1016.6516
1545253883157,1016.66705
1545253883196,1016.66705
1545253883235,1016.66705
1545253883270,1016.66705
1545253883309,1016.696
1545253883350,1016.696
1545253883389,1016.696
1545253883424,1016.696
1545253883465,1016.8918
1545253883504,1016.8918
1545253883541,1016.8918
1545253883579,1016.8918
1545253883617,1016.786
1545253883655,1016.786
1545253883695,1016.786
1545253883734,1016.786
1545253883770,1016.6808
1545253883809,1016.6808
1545253883847,1016.6808
1545253883889,1016.6808
1545253883923,1016.6684
1545253883964,1016.6684
1545253884001,1016.6684
1545253884040,1016.6684
1545253884080,1016.7042
1545253884117,1016.7042
1545253884156,1016.7042
1545253884194,1016.7042
1545253884232,1016.72107
1545253884270,1016.72107
1545253884308,1016.72107
1545253884350,1016.72107
1545253884388,1016.8653
1545253884424,1016.8653
1545253884463,1016.8653
1545253884503,1016.8653
1545253884541,1016.84204
1545253884579,1016.84204
1545253884619,1016.84204
1545253884661,1016.84204
1545253884693,1016.754
1545253884732,1016.754
1545253884772,1016.754
1545253884809,1016.754
1545253884848,1016.8001
1545253884888,1016.8001
1545253884924,1016.8001
1545253884962,1016.8001
1545253885002,1016.82904
1545253885040,1016.82904
1545253885078,1016.82904
1545253885118,1016.82904
1545253885157,1016.87726
1545253885194,1016.87726
1545253885231,1016.87726
1545253885270,1016.87726
1545253885307,1016.8382
1545253885349,1016.8382
1545253885386,1016.8382
1545253885426,1016.8382
1545253885466,1016.9273
1545253885500,1016.9273
1545253885541,1016.9273
1545253885579,1016.9273
1545253885617,1017.05896
1545253885654,1017.05896
1545253885692,1017.05896
1545253885732,1017.05896
1545253885768,1016.95197
1545253885810,1016.95197
1545253885847,1016.95197
1545253885889,1016.95197
1545253885924,1016.83984
1545253885969,1016.83984
1545253886002,1016.83984
1545253886039,1016.83984
1545253886094,1016.90607
1545253886116,1016.90607
1545253886156,1016.90607
1545253886193,1016.90607
1545253886231,1016.90576
1545253886270,1016.90576
1545253886308,1016.90576
1545253886348,1016.90576
1545253886385,1016.9118
1545253886423,1016.9118
1545253886462,1016.9118
1545253886504,1016.9118
1545253886538,1016.89856
1545253886579,1016.89856
1545253886616,1016.89856
1545253886657,1016.89856
1545253886692,1016.9958
1545253886731,1016.9958
1545253886776,1016.9958
1545253886809,1016.9958
1545253886851,1017.10895
1545253886888,1017.10895
1545253886922,1017.10895
1545253886964,1017.10895
1545253887001,1016.85095
1545253887040,1016.85095
1545253887076,1016.85095
1545253887118,1016.85095
1545253887155,1016.8678
1545253887196,1016.8678
1545253887232,1016.8678
1545253887268,1016.8678
1545253887308,1016.9375
1545253887347,1016.9375
1545253887388,1016.9375
1545253887422,1016.9375
1545253887462,1016.9306
1545253887500,1016.9306
1545253887539,1016.9306
1545253887579,1016.9306
1545253887619,1016.9475
1545253887654,1016.9475
1545253887691,1016.9475
1545253887731,1016.9475
1545253887771,1016.96295
1545253887808,1016.96295
1545253887847,1016.96295
1545253887888,1016.96295
1545253887923,1017.01886
1545253887961,1017.01886
1545253888001,1017.01886
1545253888039,1017.01886
1545253888079,1016.9621
1545253888115,1016.9621
1545253888153,1016.9621
1545253888194,1016.9621
1545253888233,1016.8646
1545253888270,1016.8646
1545253888310,1016.8646
1545253888347,1016.8646
1545253888385,1016.8543
1545253888423,1016.8543
1545253888463,1016.8543
1545253888502,1016.8543
1545253888537,1016.8474
1545253888580,1016.8474
1545253888614,1016.8474
1545253888656,1016.8474
1545253888693,1016.98334
1545253888732,1016.98334
1545253888768,1016.98334
1545253888811,1016.98334
1545253888846,1016.8543
1545253888889,1016.8543
1545253888923,1016.8543
1545253888961,1016.8543
1545253889001,1016.83826
1545253889038,1016.83826
1545253889078,1016.83826
1545253889117,1016.83826
1545253889155,1017.00684
1545253889192,1017.00684
1545253889231,1017.00684
1545253889272,1017.00684
1545253889309,1016.91223
1545253889347,1016.91223
1545253889387,1016.91223
1545253889424,1016.91223
1545253889460,1016.9303
1545253889500,1016.9303
1545253889541,1016.9303
1545253889580,1016.9303
1545253889614,1017.1892
1545253889652,1017.1892
1545253889692,1017.1892
1545253889731,1017.1892
1545253889770,1016.98737
1545253889809,1016.98737
1545253889846,1016.98737
1545253889884,1016.98737
1545253889931,1017.0639
1545253889961,1017.0639
1545253889999,1017.0639
1545253890037,1017.0639
1545253890077,1017.1219
1545253890117,1017.1219
1545253890158,1017.1219
1545253890191,1017.1219
1545253890231,1017.1098
1545253890269,1017.1098
1545253890308,1017.1098
1545253890348,1017.1098
1545253890386,1017.1816
1545253890426,1017.1816
1545253890461,1017.1816
1545253890498,1017.1816
1545253890539,1017.1411
1545253890577,1017.1411
1545253890616,1017.1411
1545253890656,1017.1411
1545253890695,1017.0649
1545253890731,1017.0649
1545253890768,1017.0649
1545253890808,1017.0649
1545253890846,1017.0451
1545253890883,1017.0451
1545253890922,1017.0451
1545253890959,1017.0451
1545253891000,1017.0652
1545253891049,1017.0652
1545253891076,1017.0652
1545253891115,1017.0652
1545253891158,1017.128
1545253891224,1017.128
1545253891234,1017.128
1545253891268,1017.128
1545253891309,1017.1925
1545253891345,1017.1925
1545253891387,1017.1925
1545253891422,1017.1925
1545253891462,1017.08527
1545253891498,1017.08527
1545253891539,1017.08527
1545253891577,1017.08527
1545253891615,1017.0638
1545253891654,1017.0638
1545253891692,1017.0638
1545253891732,1017.0638
1545253891772,1017.0624
1545253891806,1017.0624
1545253891852,1017.0624
1545253891883,1017.0624
1545253891923,1017.1286
1545253891960,1017.1286
1545253892000,1017.1286
1545253892038,1017.1286
1545253892077,1017.3316
1545253892113,1017.3316
1545253892153,1017.3316
1545253892192,1017.147
1545253892231,1017.147
1545253892274,1017.147
1545253892310,1017.147
1545253892343,1017.0326
1545253892384,1017.0326
1545253892421,1017.0326
1545253892460,1017.0326
1545253892500,1017.14557
1545253892540,1017.14557
1545253892577,1017.14557
1545253892616,1017.14557
1545253892655,1017.1318
1545253892692,1017.1318
1545253892731,1017.1318
1545253892769,1017.1318
1545253892807,1017.27405
1545253892846,1017.27405
1545253892883,1017.27405
1545253892922,1017.27405
1545253892962,1017.25165
1545253893000,1017.25165
1545253893039,1017.25165
1545253893077,1017.25165
1545253893114,1017.2121
1545253893152,1017.2121
1545253893192,1017.2121
1545253893230,1017.2121
1545253893268,1017.4469
1545253893308,1017.4469
1545253893347,1017.4469
1545253893385,1017.4469
1545253893421,1017.1751
1545253893460,1017.1751
1545253893500,1017.1751
1545253893537,1017.1751
1545253893577,1017.07654
1545253893613,1017.07654
1545253893652,1017.07654
1545253893692,1017.07654
1545253893730,1017.0946
1545253893768,1017.0946
1545253893808,1017.0946
1545253893845,1017.0946
1545253893883,1017.1754
1545253893924,1017.1754
1545253893959,1017.1754
1545253893998,1017.1754
1545253894037,1017.258
1545253894076,1017.258
1545253894114,1017.258
1545253894152,1017.258
1545253894194,1017.31476
1545253894231,1017.31476
1545253894270,1017.31476
1545253894305,1017.31476
1545253894346,1017.3173
1545253894383,1017.3173
1545253894425,1017.3173
1545253894459,1017.3173
1545253894499,1017.473
1545253894538,1017.473
1545253894577,1017.473
1545253894615,1017.473
1545253894655,1017.1772
1545253894691,1017.1772
1545253894730,1017.1772
1545253894767,1017.1772
1545253894813,1017.15393
1545253894844,1017.15393
1545253894888,1017.15393
1545253894923,1017.15393
1545253894960,1017.16595
1545253894998,1017.16595
1545253895038,1017.16595
1545253895075,1017.16595
1545253895120,1017.2331
1545253895154,1017.2331
1545253895194,1017.2331
1545253895241,1017.2331
1545253895267,1017.2004
1545253895309,1017.2004
1545253895344,1017.2004
1545253895386,1017.2004
1545253895425,1017.2107
1545253895459,1017.2107
1545253895499,1017.2107
1545253895537,1017.2107
1545253895576,1017.2425
1545253895614,1017.2425
1545253895652,1017.2425
1545253895690,1017.2425
1545253895727,1017.25287
1545253895767,1017.25287
1545253895806,1017.25287
1545253895845,1017.25287
1545253895883,1017.295
1545253895921,1017.295
1545253895959,1017.295
1545253895999,1017.295
1545253896037,1017.25885
1545253896077,1017.25885
1545253896116,1017.25885
1545253896152,1017.25885
1545253896190,1017.37067
1545253896229,1017.37067
1545253896268,1017.37067
1545253896306,1017.37067
1545253896347,1017.2869
1545253896384,1017.2869
1545253896425,1017.2869
1545253896461,1017.2869
1545253896500,1017.1545
1545253896537,1017.1545
1545253896576,1017.1545
1545253896616,1017.1545
1545253896665,1017.22156
1545253896690,1017.22156
1545253896730,1017.22156
1545253896775,1017.22156
1545253896807,1017.1433
1545253896843,1017.1433
1545253896882,1017.1433
1545253896923,1017.1433
1545253896960,1017.25165
1545253897000,1017.25165
1545253897035,1017.25165
1545253897076,1017.25165
1545253897116,1017.23846
1545253897151,1017.23846
1545253897190,1017.23846
1545253897230,1017.23846
1545253897268,1017.0639
1545253897311,1017.0639
1545253897347,1017.0639
1545253897386,1017.0639
1545253897420,1017.22125
1545253897459,1017.22125
1545253897496,1017.22125
1545253897534,1017.22125
1545253897573,1017.14215
1545253897612,1017.14215
1545253897651,1017.14215
1545253897689,1017.14215
1545253897728,1017.25446
1545253897768,1017.25446
1545253897806,1017.25446
1545253897847,1017.25446
1545253897885,1017.36804
1545253897925,1017.36804
1545253897961,1017.36804
1545253897997,1017.36804
1545253898037,1017.23126
1545253898077,1017.23126
1545253898114,1017.23126
1545253898152,1017.23126
1545253898192,1017.14874
1545253898230,1017.14874
1545253898269,1017.14874
1545253898307,1017.14874
1545253898344,1017.1252
1545253898383,1017.1252
1545253898423,1017.1252
1545253898458,1017.1252
1545253898497,1017.2155
1545253898536,1017.2155
1545253898577,1017.2155
1545253898614,1017.2155
1545253898652,1017.36774
1545253898691,1017.36774
1545253898728,1017.36774
1545253898769,1017.36774
1545253898808,1017.22205
1545253898843,1017.22205
1545253898881,1017.22205
1545253898924,1017.22205
1545253898959,1017.2109
1545253898999,1017.2109
1545253899036,1017.2109
1545253899075,1017.2109
1545253899114,1017.2966
1545253899151,1017.2966
1545253899190,1017.2966
1545253899228,1017.2966
1545253899266,1017.3204
1545253899306,1017.3204
1545253899343,1017.3204
1545253899383,1017.3204
1545253899421,1017.47656
1545253899459,1017.47656
1545253899498,1017.47656
1545253899537,1017.47656
1545253899575,1017.31744
1545253899613,1017.31744
1545253899652,1017.31744
1545253899691,1017.31744
1545253899727,1017.269
1545253899766,1017.269
1545253899806,1017.269
1545253899845,1017.269
1545253899884,1017.2922
1545253899920,1017.2922
1545253899958,1017.2922
1545253899999,1017.2922
1545253900037,1017.26953
1545253900074,1017.26953
1545253900116,1017.26953
1545253900152,1017.26953
1545253900199,1017.2623
1545253900231,1017.2623
1545253900268,1017.2623
1545253900306,1017.2623
1545253900345,1017.3566
1545253900382,1017.3566
1545253900421,1017.3566
1545253900458,1017.3566
1545253900498,1017.44666
1545253900538,1017.44666
1545253900575,1017.44666
1545253900613,1017.44666
1545253900652,1017.393
1545253900690,1017.393
1545253900729,1017.393
1545253900765,1017.393
1545253900809,1017.6834
1545253900843,1017.6834
1545253900883,1017.6834
1545253900924,1017.6834
1545253900958,1017.3046
1545253900996,1017.3046
1545253901036,1017.3046
1545253901076,1017.3046
1545253901114,1017.30865
1545253901150,1017.30865
1545253901192,1017.30865
1545253901228,1017.30865
1545253901268,1017.3304
1545253901304,1017.3304
1545253901344,1017.3304
1545253901381,1017.3304
1545253901420,1017.4284
1545253901459,1017.4284
1545253901496,1017.4284
1545253901535,1017.3682
1545253901574,1017.3805
1545253901613,1017.3805
1545253901658,1017.3805
1545253901690,1017.43524
1545253901726,1017.43524
1545253901766,1017.43524
1545253901807,1017.43524
1545253901844,1017.5037
1545253901883,1017.5037
1545253901921,1017.5037
1545253901957,1017.5037
1545253901998,1017.4928
1545253902035,1017.4928
1545253902076,1017.4928
1545253902114,1017.4928
1545253902151,1017.3419
1545253902191,1017.3419
1545253902228,1017.3419
1545253902275,1017.3419
1545253902306,1017.3614
1545253902343,1017.3614
1545253902381,1017.3614
1545253902428,1017.3614
1545253902458,1017.3169
1545253902496,1017.3169
1545253902535,1017.3169
1545253902574,1017.3169
1545253902614,1017.42584
1545253902651,1017.42584
1545253902689,1017.42584
1545253902731,1017.42584
1545253902770,1017.37823
1545253902806,1017.37823
1545253902843,1017.37823
1545253902880,1017.37823
1545253902919,1017.4189
1545253902956,1017.4189
1545253902996,1017.4189
1545253903033,1017.4189
1545253903072,1017.52954
1545253903110,1017.52954
1545253903149,1017.52954
1545253903191,1017.52954
1545253903229,1017.37866
1545253903265,1017.37866
1545253903306,1017.37866
1545253903343,1017.37866
1545253903381,1017.35736
1545253903423,1017.35736
1545253903457,1017.35736
1545253903498,1017.35736
1545253903537,1017.358
1545253903572,1017.358
1545253903611,1017.358
1545253903649,1017.358
1545253903689,1017.40326
1545253903728,1017.40326
1545253903766,1017.40326
1545253903806,1017.40326
1545253903847,1017.61255
1545253903881,1017.61255
1545253903920,1017.61255
1545253903958,1017.61255
1545253903995,1017.4467
1545253904033,1017.4467
1545253904073,1017.4467
1545253904112,1017.4467
1545253904152,1017.4034
1545253904190,1017.4034
1545253904227,1017.4034
1545253904266,1017.4034
1545253904305,1017.4096
1545253904345,1017.4096
1545253904381,1017.4096
1545253904418,1017.4096
1545253904460,1017.31085
1545253904496,1017.31085
1545253904539,1017.31085
1545253904573,1017.31085
1545253904614,1017.35876
1545253904650,1017.35876
1545253904689,1017.35876
1545253904729,1017.35876
1545253904766,1017.6765
1545253904804,1017.6765
1545253904844,1017.6765
1545253904880,1017.6765
1545253904920,1017.4533
1545253904957,1017.4533
1545253904999,1017.4533
1545253905034,1017.4533
1545253905073,1017.45557
1545253905111,1017.45557
1545253905151,1017.45557
1545253905190,1017.45557
1545253905228,1017.5152
1545253905265,1017.5152
1545253905302,1017.5152
1545253905341,1017.5152
1545253905379,1017.41644
1545253905418,1017.41644
1545253905457,1017.41644
1545253905495,1017.41644
1545253905533,1017.4652
1545253905572,1017.4652
1545253905614,1017.4652
1545253905651,1017.4652
1545253905688,1017.6757
1545253905726,1017.6757
1545253905765,1017.6757
1545253905805,1017.6757
1545253905841,1017.4711
1545253905881,1017.4711
1545253905920,1017.4711
1545253905958,1017.4711
1545253905997,1017.5078
1545253906036,1017.5078
1545253906074,1017.5078
1545253906111,1017.5078
1545253906151,1017.46014
1545253906188,1017.46014
1545253906227,1017.46014
1545253906267,1017.46014
1545253906305,1017.47156
1545253906344,1017.47156
1545253906380,1017.47156
1545253906420,1017.47156
1545253906456,1017.4669
1545253906496,1017.4669
1545253906534,1017.4669
1545253906574,1017.4669
1545253906611,1017.67834
1545253906649,1017.67834
1545253906690,1017.67834
1545253906727,1017.67834
1545253906766,1017.4617
1545253906806,1017.4617
1545253906841,1017.4617
1545253906881,1017.4617
1545253906920,1017.482
1545253906959,1017.482
1545253906994,1017.482
1545253907033,1017.482
1545253907073,1017.521
1545253907113,1017.521
1545253907149,1017.521
1545253907189,1017.521
1545253907226,1017.4957
1545253907266,1017.4957
1545253907305,1017.4957
1545253907343,1017.4957
1545253907382,1017.5708
1545253907419,1017.5708
1545253907458,1017.5708
1545253907495,1017.5708
1545253907534,1017.666
1545253907571,1017.666
1545253907612,1017.666
1545253907650,1017.666
1545253907689,1017.52594
1545253907725,1017.52594
1545253907766,1017.52594
1545253907803,1017.52594
1545253907840,1017.4886
1545253907880,1017.4886
1545253907920,1017.4886
1545253907966,1017.4886
1545253907996,1017.6475
1545253908034,1017.6475
1545253908074,1017.6475
1545253908111,1017.6475
1545253908150,1017.6555
1545253908186,1017.6555
1545253908226,1017.6555
1545253908265,1017.6555
1545253908303,1017.8752
1545253908343,1017.8752
1545253908379,1017.8752
1545253908422,1017.8752
1545253908457,1017.6451
1545253908495,1017.6451
1545253908533,1017.6451
1545253908574,1017.6451
1545253908610,1017.52167
1545253908651,1017.52167
1545253908688,1017.52167
1545253908726,1017.52167
1545253908765,1017.653
1545253908804,1017.653
1545253908841,1017.653
1545253908882,1017.653
1545253908920,1017.6481
1545253908956,1017.6481
1545253908996,1017.6481
1545253909033,1017.6481
1545253909074,1017.64294
1545253909109,1017.64294
1545253909149,1017.64294
1545253909187,1017.64294
1545253909225,1017.64056
1545253909265,1017.64056
1545253909302,1017.64056
1545253909343,1017.64056
1545253909378,1017.6747
1545253909418,1017.6747
1545253909456,1017.6747
1545253909496,1017.6747
1545253909534,1017.84735
1545253909574,1017.84735
1545253909609,1017.84735
1545253909648,1017.84735
1545253909686,1017.76184
1545253909725,1017.76184
1545253909763,1017.76184
1545253909805,1017.76184
1545253909845,1017.6961
1545253909879,1017.6961
1545253909918,1017.6961
1545253909959,1017.6961
1545253909995,1017.6665
1545253910034,1017.6665
1545253910073,1017.6665
1545253910112,1017.6665
1545253910151,1017.68
1545253910188,1017.68
1545253910227,1017.68
1545253910266,1017.68
1545253910303,1017.7858
1545253910341,1017.7858
1545253910380,1017.7858
1545253910418,1017.7858
1545253910458,1017.7563
1545253910494,1017.7563
1545253910533,1017.7563
1545253910572,1017.7563
1545253910611,1017.7499
1545253910648,1017.7499
1545253910687,1017.7499
1545253910726,1017.7499
1545253910773,1017.7585
1545253910803,1017.7585
1545253910842,1017.7585
1545253910880,1017.7585
1545253910918,1017.85406
1545253910958,1017.85406
1545253910995,1017.85406
1545253911034,1017.85406
1545253911072,1017.60956
1545253911113,1017.60956
1545253911149,1017.60956
1545253911186,1017.62506
1545253911228,1017.62506
1545253911264,1017.62506
1545253911302,1017.62506
1545253911340,1017.60443
1545253911380,1017.60443
1545253911419,1017.60443
1545253911462,1017.60443
1545253911494,1017.6156
1545253911532,1017.6156
1545253911571,1017.6156
1545253911609,1017.6156
1545253911652,1017.68274
1545253911688,1017.68274
1545253911726,1017.68274
1545253911764,1017.68274
1545253911804,1017.68396
1545253911843,1017.68396
1545253911880,1017.68396
1545253911918,1017.68396
1545253911960,1017.62024
1545253911995,1017.62024
1545253912032,1017.62024
1545253912071,1017.62024
1545253912109,1017.6607
1545253912147,1017.6607
1545253912186,1017.6607
1545253912227,1017.6607
1545253912263,1017.7308
1545253912302,1017.7308
1545253912340,1017.7308
1545253912379,1017.7308
1545253912419,1017.6403
1545253912455,1017.6403
1545253912493,1017.6403
1545253912534,1017.6403
1545253912573,1017.6011
1545253912612,1017.6011
1545253912655,1017.6011
1545253912687,1017.6011
1545253912724,1017.7357
1545253912766,1017.7357
1545253912802,1017.7357
1545253912840,1017.7357
1545253912879,1017.7486
1545253912918,1017.7486
1545253912959,1017.7486
1545253912995,1017.7486
1545253913032,1017.662
1545253913071,1017.662
1545253913110,1017.662
1545253913147,1017.662
1545253913186,1017.67834
1545253913223,1017.67834
1545253913264,1017.67834
1545253913301,1017.67834
1545253913342,1017.74805
1545253913379,1017.74805
1545253913417,1017.74805
1545253913457,1017.74805
1545253913494,1017.72687
1545253913533,1017.72687
1545253913572,1017.72687
1545253913610,1017.72687
1545253913647,1017.6967
1545253913687,1017.6967
1545253913727,1017.6967
1545253913766,1017.6967
1545253913802,1018.0104
1545253913843,1018.0104
1545253913880,1018.0104
1545253913919,1018.0104
1545253913957,1017.7754
1545253913994,1017.7754
1545253914032,1017.7754
1545253914073,1017.7754
1545253914112,1017.75507
1545253914147,1017.75507
1545253914186,1017.75507
1545253914225,1017.75507
1545253914265,1017.83026
1545253914301,1017.83026
1545253914349,1017.83026
1545253914379,1017.83026
1545253914417,1017.7726
1545253914457,1017.7726
1545253914493,1017.7726
1545253914532,1017.7726
1545253914570,1017.77637
1545253914609,1017.77637
1545253914649,1017.77637
1545253914687,1017.77637
1545253914725,1017.892
1545253914762,1017.892
1545253914802,1017.892
1545253914839,1017.892
1545253914879,1017.7225
1545253914917,1017.7225
1545253914956,1017.7225
1545253914994,1017.7225
1545253915034,1017.74084
1545253915078,1017.74084
1545253915111,1017.74084
1545253915152,1017.74084
1545253915186,1017.7985
1545253915226,1017.7985
1545253915263,1017.7985
1545253915300,1017.7985
1545253915340,1017.7282
1545253915380,1017.7282
1545253915417,1017.7282
1545253915459,1017.7282
1545253915492,1017.7575
1545253915531,1017.7575
1545253915571,1017.7575
1545253915611,1017.7575
1545253915648,1018.02435
1545253915686,1018.02435
1545253915724,1018.02435
1545253915767,1018.02435
1545253915801,1017.84015
1545253915840,1017.84015
1545253915879,1017.84015
1545253915918,1017.84015
1545253915957,1017.85394
1545253915993,1017.85394
1545253916031,1017.85394
1545253916070,1017.85394
1545253916112,1017.87115
1545253916146,1017.87115
1545253916185,1017.87115
1545253916223,1017.87115
1545253916262,1017.81604
1545253916302,1017.81604
1545253916341,1017.81604
1545253916379,1017.81604
1545253916416,1017.7851
1545253916456,1017.7851
1545253916492,1017.7851
1545253916531,1017.7851
1545253916570,1017.99164
1545253916608,1017.99164
1545253916647,1017.99164
1545253916686,1017.99164
1545253916724,1017.9727
1545253916763,1017.9727
1545253916801,1017.9727
1545253916840,1017.9727
1545253916880,1017.86945
1545253916916,1017.86945
1545253916954,1017.86945
1545253916993,1017.86945
1545253917031,1017.9681
1545253917070,1017.9681
1545253917109,1017.9681
1545253917148,1017.9681
1545253917185,1017.90265
1545253917224,1017.90265
1545253917262,1017.90265
1545253917300,1017.90265
1545253917339,1017.86017
1545253917377,1017.86017
1545253917418,1017.86017
1545253917455,1017.86017
1545253917494,1018.0074
1545253917530,1018.0074
1545253917570,1018.0074
1545253917607,1018.0074
1545253917646,1017.9356
1545253917685,1017.9356
1545253917724,1017.9356
1545253917763,1017.9356
1545253917799,1017.94855
1545253917841,1017.94855
1545253917878,1017.94855
1545253917916,1017.94855
1545253917955,1018.2438
1545253917991,1018.2438
1545253918032,1018.2438
1545253918069,1018.2438
1545253918108,1017.87506
1545253918149,1017.87506
1545253918186,1017.87506
1545253918224,1017.87506
1545253918263,1017.8515
1545253918302,1017.8515
1545253918339,1017.8515
1545253918377,1017.8515
1545253918417,1017.85803
1545253918457,1017.85803
1545253918493,1017.85803
1545253918529,1017.85803
1545253918569,1017.9622
1545253918609,1017.9622
1545253918648,1017.9622
1545253918685,1017.9622
1545253918724,1017.96185
1545253918763,1017.96185
1545253918801,1017.96185
1545253918838,1017.96185
1545253918878,1018.00287
1545253918917,1018.00287
1545253918967,1018.00287
1545253918994,1018.00287
1545253919031,1018.06366
1545253919069,1018.06366
1545253919109,1018.06366
1545253919146,1018.06366
1545253919184,1018.1202
1545253919222,1018.1202
1545253919263,1018.1202
1545253919300,1018.1202
1545253919340,1017.8206
1545253919379,1017.8206
1545253919417,1017.8206
1545253919456,1017.8206
1545253919494,1017.8381
1545253919529,1017.8381
1545253919569,1017.8381
1545253919608,1017.8381
1545253919646,1017.8188
1545253919685,1017.8188
1545253919722,1017.8188
1545253919761,1017.8188
1545253919800,1017.8205
1545253919843,1017.8205
1545253919877,1017.8205
1545253919916,1017.8205
1545253919954,1017.856
1545253919992,1017.856
1545253920030,1017.856
1545253920069,1017.856
1545253920106,1017.8927
1545253920148,1017.8927
1545253920185,1017.8927
1545253920228,1017.8927
1545253920262,1017.8137
1545253920300,1017.8137
1545253920339,1017.8137
1545253920379,1017.8137
1545253920417,1017.8918
1545253920453,1017.8918
1545253920492,1017.8918
1545253920532,1017.8622
1545253920568,1017.8622
1545253920607,1017.8622
1545253920648,1017.8622
1545253920684,1017.83826
1545253920722,1017.83826
1545253920766,1017.83826
1545253920799,1017.83826
1545253920842,1017.96967
1545253920876,1017.96967
1545253920918,1017.96967
1545253920955,1017.96967
1545253920995,1017.86053
1545253921030,1017.86053
1545253921074,1017.86053
1545253921107,1017.86053
1545253921146,1017.80426
1545253921184,1017.80426
1545253921223,1017.80426
1545253921263,1017.80426
1545253921307,1017.8587
1545253921337,1017.8587
1545253921375,1017.8587
1545253921414,1017.8587
1545253921453,1017.8395
1545253921493,1017.8395
1545253921530,1017.8395
1545253921568,1017.8395
1545253921606,1017.8371
1545253921645,1017.8371
1545253921685,1017.8371
1545253921722,1017.8371
1545253921761,1018.1602
1545253921805,1018.1602
1545253921846,1018.1602
1545253921876,1018.1602
1545253921915,1017.98474
1545253921956,1017.98474
1545253921991,1017.98474
1545253922028,1017.98474
1545253922070,1017.97034
1545253922110,1017.97034
1545253922147,1017.97034
1545253922187,1017.97034
1545253922228,1018.0472
1545253922259,1018.0472
1545253922298,1018.0472
1545253922337,1018.0472
1545253922378,1017.98834
1545253922414,1017.98834
1545253922454,1017.98834
1545253922490,1017.98834
1545253922530,1018.0324
1545253922568,1018.0324
1545253922607,1018.0324
1545253922646,1018.0324
1545253922687,1018.136
1545253922723,1018.136
1545253922760,1018.136
1545253922807,1018.136
1545253922839,1017.99756
1545253922876,1017.99756
1545253922914,1017.99756
1545253922957,1017.99756
1545253922994,1017.95764
1545253923028,1017.95764
1545253923068,1017.95764
1545253923107,1017.95764
1545253923147,1018.0293
1545253923189,1018.0293
1545253923223,1018.0293
1545253923260,1018.0293
1545253923298,1018.03125
1545253923336,1018.03125
1545253923374,1018.03125
1545253923413,1018.03125
1545253923453,1018.14166
1545253923493,1018.14166
1545253923529,1018.14166
1545253923567,1018.14166
1545253923605,1018.12726
1545253923644,1018.12726
1545253923683,1018.12726
1545253923724,1018.12726
1545253923762,1018.0336
1545253923801,1018.0336
1545253923840,1018.0336
1545253923877,1018.0336
1545253923916,1018.0028
1545253923953,1018.0028
1545253923994,1018.0028
1545253924029,1018.0028
1545253924068,1017.9577
1545253924107,1017.9577
1545253924146,1017.9577
1545253924187,1017.9577
1545253924225,1017.9958
1545253924260,1017.9958
1545253924301,1017.9958
1545253924342,1017.9958
1545253924375,1018.1619
1545253924415,1018.1619
1545253924454,1018.1619
1545253924494,1018.1619
1545253924528,1018.10785
1545253924568,1018.10785
1545253924606,1018.10785
1545253924647,1018.10785
1545253924684,1018.096
1545253924722,1018.096
1545253924762,1018.096
1545253924798,1018.096
1545253924837,1018.2254
1545253924878,1018.2254
1545253924913,1018.2254
1545253924953,1018.2254
1545253924994,1018.1648
1545253925029,1018.1648
1545253925068,1018.1648
1545253925106,1018.1648
1545253925144,1018.1641
1545253925184,1018.1641
1545253925224,1018.1641
1545253925261,1018.1641
1545253925298,1018.2471
1545253925338,1018.2471
1545253925377,1018.2471
1545253925414,1018.2471
1545253925453,1018.2395
1545253925495,1018.2395
1545253925530,1018.2395
1545253925568,1018.2395
1545253925607,1018.26556
1545253925645,1018.26556
1545253925685,1018.26556
1545253925723,1018.26556
1545253925761,1018.21783
1545253925800,1018.21783
1545253925837,1018.21783
1545253925876,1018.21783
1545253925918,1018.1655
1545253925954,1018.1655
1545253925992,1018.1655
1545253926028,1018.1655
1545253926067,1018.1695
1545253926107,1018.1695
1545253926145,1018.1695
1545253926183,1018.1695
1545253926223,1018.14557
1545253926259,1018.14557
1545253926299,1018.14557
1545253926338,1018.14557
1545253926375,1018.13116
1545253926417,1018.13116
1545253926455,1018.13116
1545253926497,1018.13116
1545253926530,1018.11273
1545253926567,1018.11273
1545253926606,1018.11273
1545253926647,1018.11273
1545253926684,1018.1827
1545253926724,1018.1827
1545253926760,1018.1827
1545253926798,1018.1827
1545253926837,1018.3013
1545253926876,1018.3013
1545253926915,1018.3013
1545253926952,1018.3013
1545253926991,1018.2162
1545253927028,1018.2162
1545253927067,1018.2162
1545253927105,1018.2162
1545253927144,1018.0277
1545253927182,1018.0277
1545253927224,1018.0277
1545253927265,1018.0277
1545253927300,1018.0868
1545253927337,1018.0868
1545253927379,1018.0868
1545253927413,1018.0868
1545253927453,1018.0727
1545253927495,1018.0727
1545253927529,1018.0727
1545253927566,1018.0727
1545253927607,1018.0884
1545253927649,1018.0884
1545253927683,1018.0884
1545253927722,1018.0884
1545253927759,1018.1937
1545253927799,1018.1937
1545253927836,1018.1937
1545253927875,1018.1937
1545253927913,1018.1891
1545253927953,1018.1891
1545253927990,1018.1891
1545253928029,1018.1891
1545253928067,1018.1453
1545253928107,1018.1453
1545253928145,1018.1453
1545253928184,1018.1453
1545253928222,1018.1441
1545253928269,1018.1441
1545253928310,1018.1441
1545253928335,1018.1441
1545253928379,1018.1624
1545253928415,1018.1624
1545253928452,1018.1624
1545253928492,1018.1624
1545253928528,1018.1164
1545253928569,1018.1164
1545253928605,1018.1164
1545253928654,1018.1164
1545253928684,1018.1833
1545253928721,1018.1833
1545253928760,1018.1833
1545253928798,1018.1833
1545253928836,1018.28864
1545253928876,1018.28864
1545253928914,1018.28864
1545253928956,1018.28864
1545253928993,1018.0694
1545253929029,1018.0694
1545253929067,1018.0694
1545253929118,1018.0694
1545253929146,1018.10236
1545253929182,1018.10236
1545253929222,1018.10236
1545253929258,1018.10236
1545253929299,1018.1546
1545253929349,1018.1546
1545253929375,1018.1546
1545253929414,1018.1546
1545253929453,1018.0853
1545253929496,1018.0853
1545253929530,1018.0853
1545253929568,1018.0853
1545253929607,1018.1005
1545253929645,1018.1005
1545253929682,1018.1005
1545253929723,1018.1005
1545253929761,1018.3859
1545253929799,1018.3859
1545253929838,1018.3859
1545253929876,1018.3859
1545253929913,1018.1779
1545253929951,1018.1779
1545253929993,1018.1779
1545253930032,1018.1779
1545253930066,1018.123
1545253930107,1018.123
1545253930145,1018.123
1545253930183,1018.123
1545253930222,1018.18726
1545253930259,1018.18726
1545253930297,1018.18726
1545253930337,1018.18726
1545253930375,1018.27826
1545253930413,1018.27826
1545253930453,1018.27826
1545253930499,1018.27826
1545253930531,1018.23883
1545253930565,1018.23883
1545253930603,1018.23883
1545253930644,1018.23883
1545253930684,1018.2747
1545253930725,1018.2747
1545253930759,1018.2747
1545253930797,1018.38324
1545253930835,1018.4002
1545253930881,1018.4002
1545253930912,1018.4002
1545253930953,1018.2404
1545253930989,1018.2404
1545253931027,1018.2404
1545253931065,1018.2404
1545253931109,1018.2647
1545253931143,1018.2647
1545253931182,1018.2647
1545253931221,1018.2647
1545253931259,1018.19977
1545253931299,1018.19977
1545253931335,1018.19977
1545253931374,1018.19977
1545253931413,1018.1684
1545253931451,1018.1684
1545253931490,1018.1684
1545253931527,1018.1684
1545253931565,1018.18616
1545253931607,1018.18616
1545253931644,1018.18616
1545253931682,1018.18616
1545253931723,1018.44354
1545253931761,1018.44354
1545253931798,1018.44354
1545253931837,1018.44354
1545253931875,1018.26825
1545253931913,1018.26825
1545253931951,1018.26825
1545253931991,1018.26825
1545253932026,1018.2736
1545253932068,1018.2736
1545253932109,1018.2736
1545253932143,1018.2736
1545253932181,1018.22156
1545253932220,1018.22156
1545253932260,1018.22156
1545253932297,1018.22156
1545253932337,1018.09796
1545253932375,1018.09796
1545253932411,1018.09796
1545253932452,1018.09796
1545253932490,1018.1864
1545253932526,1018.1864
1545253932567,1018.1864
1545253932606,1018.1864
1545253932643,1018.29895
1545253932685,1018.29895
1545253932720,1018.29895
1545253932759,1018.29895
1545253932797,1018.21814
1545253932837,1018.21814
1545253932876,1018.21814
1545253932915,1018.21814
1545253932953,1018.19794
1545253932990,1018.19794
1545253933027,1018.19794
1545253933066,1018.19794
1545253933105,1018.1451
1545253933143,1018.1451
1545253933181,1018.1451
1545253933223,1018.1451
1545253933260,1018.26105
1545253933297,1018.26105
1545253933335,1018.26105
1545253933375,1018.26105
1545253933415,1018.38196
1545253933452,1018.38196
1545253933491,1018.38196
1545253933527,1018.38196
1545253933565,1018.41296
1545253933604,1018.41296
1545253933644,1018.41296
1545253933681,1018.41296
1545253933719,1018.52814
1545253933758,1018.52814
1545253933797,1018.52814
1545253933838,1018.52814
1545253933878,1018.27783
1545253933913,1018.27783
1545253933950,1018.27783
1545253933993,1018.27783
1545253934027,1018.2154
1545253934067,1018.2154
1545253934107,1018.2154
1545253934143,1018.2154
1545253934180,1018.2806
1545253934221,1018.2806
1545253934262,1018.2806
1545253934298,1018.2806
1545253934334,1018.29236
1545253934373,1018.29236
1545253934412,1018.29236
1545253934450,1018.29236
1545253934487,1018.32684
1545253934527,1018.32684
1545253934566,1018.32684
1545253934604,1018.32684
1545253934645,1018.3222
1545253934682,1018.3222
1545253934722,1018.3222
1545253934759,1018.3222
1545253934797,1018.36096
1545253934836,1018.36096
1545253934874,1018.36096
1545253934913,1018.36096
1545253934968,1018.4615
1545253934988,1018.4615
1545253935029,1018.4615
1545253935066,1018.4615
1545253935104,1018.2606
1545253935143,1018.2606
1545253935181,1018.2606
1545253935220,1018.2606
1545253935258,1018.3132
1545253935300,1018.3132
1545253935335,1018.3132
1545253935374,1018.3132
1545253935413,1018.3569
1545253935450,1018.3569
1545253935487,1018.3569
1545253935527,1018.3569
1545253935563,1018.37067
1545253935603,1018.37067
1545253935641,1018.37067
1545253935684,1018.37067
1545253935720,1018.381
1545253935757,1018.381
1545253935795,1018.381
1545253935836,1018.381
1545253935873,1018.3586
1545253935911,1018.3586
1545253935952,1018.3586
1545253935989,1018.3586
1545253936026,1018.40686
1545253936065,1018.40686
1545253936107,1018.40686
1545253936144,1018.40686
1545253936181,1018.3379
1545253936220,1018.3379
1545253936257,1018.3379
1545253936297,1018.3379
1545253936336,1018.3603
1545253936375,1018.3603
1545253936411,1018.3603
1545253936451,1018.3603
1545253936488,1018.3753
1545253936527,1018.3753
1545253936565,1018.3753
1545253936605,1018.3753
1545253936646,1018.3313
1545253936681,1018.3313
1545253936724,1018.3313
1545253936757,1018.3313
1545253936796,1018.48737
1545253936836,1018.48737
1545253936875,1018.48737
1545253936913,1018.48737
1545253936951,1018.33685
1545253936990,1018.33685
1545253937027,1018.33685
1545253937066,1018.33685
1545253937105,1018.30664
1545253937143,1018.30664
1545253937181,1018.30664
1545253937220,1018.30664
1545253937257,1018.41907
1545253937296,1018.41907
1545253937336,1018.41907
1545253937373,1018.41907
1545253937415,1018.38495
1545253937451,1018.38495
1545253937488,1018.38495
1545253937525,1018.38495
1545253937566,1018.5507
1545253937605,1018.5507
1545253937646,1018.5507
1545253937680,1018.5507
1545253937720,1018.4154
1545253937758,1018.4154
1545253937796,1018.4154
1545253937836,1018.4154
1545253937875,1018.38904
1545253937915,1018.38904
1545253937949,1018.38904
1545253937986,1018.38904
1545253938026,1018.5066
1545253938065,1018.5066
1545253938104,1018.5066
1545253938143,1018.5066
1545253938180,1018.52246
1545253938219,1018.52246
1545253938258,1018.52246
1545253938296,1018.52246
1545253938336,1018.65125
1545253938375,1018.65125
1545253938412,1018.65125
1545253938452,1018.65125
1545253938492,1018.4792
1545253938528,1018.4792
1545253938564,1018.4792
1545253938604,1018.4792
1545253938641,1018.4769
1545253938680,1018.4769
1545253938725,1018.4769
1545253938756,1018.4769
1545253938795,1018.5457
1545253938834,1018.5457
1545253938872,1018.5457
1545253938910,1018.5457
1545253938950,1018.56415
1545253938987,1018.56415
1545253939028,1018.56415
1545253939066,1018.56415
1545253939108,1018.82996
1545253939142,1018.82996
1545253939181,1018.82996
1545253939218,1018.82996
1545253939258,1018.6639
1545253939296,1018.6639
1545253939337,1018.6639
1545253939374,1018.6639
1545253939411,1018.50476
1545253939453,1018.50476
1545253939489,1018.50476
1545253939526,1018.50476
1545253939566,1018.4853
1545253939603,1018.4853
1545253939644,1018.4853
1545253939683,1018.4853
1545253939718,1018.5678
1545253939756,1018.5678
1545253939797,1018.5678
1545253939835,1018.5678
1545253939872,1018.6932
1545253939912,1018.6932
1545253939949,1018.6932
1545253939987,1018.6932
1545253940026,1018.534
1545253940066,1018.534
1545253940105,1018.534
1545253940140,1018.534
1545253940179,1018.6059
1545253940218,1018.6059
1545253940257,1018.6059
1545253940297,1018.6059
1545253940337,1018.539
1545253940372,1018.539
1545253940410,1018.539
1545253940448,1018.539
1545253940486,1018.5784
1545253940527,1018.5784
1545253940564,1018.5784
1545253940602,1018.5784
1545253940643,1018.5578
1545253940680,1018.5578
1545253940718,1018.5578
1545253940756,1018.5578
1545253940795,1018.565
1545253940835,1018.565
1545253940871,1018.565
1545253940912,1018.565
1545253940951,1018.62134
1545253940987,1018.62134
1545253941025,1018.62134
1545253941064,1018.5941
1545253941103,1018.5941
1545253941141,1018.5941
1545253941179,1018.5941
1545253941219,1018.50134
1545253941258,1018.50134
1545253941294,1018.50134
1545253941336,1018.50134
1545253941373,1018.5491
1545253941410,1018.5491
1545253941450,1018.5491
1545253941486,1018.5491
1545253941528,1018.5472
1545253941566,1018.5472
1545253941602,1018.5472
1545253941642,1018.5472
1545253941678,1018.6449
1545253941719,1018.6449
1545253941758,1018.6449
1545253941795,1018.6449
1545253941833,1018.59436
1545253941871,1018.59436
1545253941911,1018.59436
1545253941950,1018.59436
1545253941986,1018.6145
1545253942026,1018.6145
1545253942063,1018.6145
1545253942103,1018.6145
1545253942142,1018.6884
1545253942180,1018.6884
1545253942219,1018.6884
1545253942258,1018.6884
1545253942297,1018.843
1545253942336,1018.843
1545253942374,1018.843
1545253942415,1018.843
1545253942447,1018.571
1545253942489,1018.571
1545253942529,1018.571
1545253942564,1018.571
1545253942603,1018.5533
1545253942641,1018.5533
1545253942679,1018.5533
1545253942719,1018.5533
1545253942758,1018.6208
1545253942794,1018.6208
1545253942835,1018.6208
1545253942872,1018.6208
1545253942911,1018.6254
1545253942948,1018.6254
1545253942988,1018.6254
1545253943027,1018.6254
1545253943065,1018.67834
1545253943102,1018.67834
1545253943156,1018.67834
1545253943178,1018.67834
1545253943216,1018.60834
1545253943254,1018.60834
1545253943294,1018.60834
1545253943332,1018.60834
1545253943370,1018.6423
1545253943407,1018.6423
1545253943450,1018.6423
1545253943489,1018.6423
1545253943524,1018.6262
1545253943564,1018.6262
1545253943601,1018.6262
1545253943640,1018.6262
1545253943677,1018.65875
1545253943715,1018.65875
1545253943755,1018.65875
1545253943793,1018.65875
1545253943831,1018.772
1545253943869,1018.772
1545253943909,1018.772
1545253943947,1018.772
1545253943987,1018.57324
1545253944024,1018.57324
1545253944065,1018.57324
1545253944102,1018.57324
1545253944142,1018.5727
1545253944179,1018.5727
1545253944217,1018.5727
1545253944256,1018.5727
1545253944296,1018.881
1545253944334,1018.881
1545253944373,1018.881
1545253944413,1018.881
1545253944449,1018.6776
1545253944486,1018.6776
1545253944525,1018.6776
1545253944563,1018.6776
1545253944601,1018.6193
1545253944639,1018.6193
1545253944680,1018.6193
1545253944719,1018.6193
1545253944756,1018.55505
1545253944794,1018.55505
1545253944832,1018.55505
1545253944872,1018.55505
1545253944912,1018.4968
1545253944947,1018.4968
1545253944986,1018.4968
1545253945027,1018.4968
1545253945067,1018.52435
1545253945101,1018.52435
1545253945140,1018.52435
1545253945181,1018.52435
1545253945216,1018.6505
1545253945256,1018.6505
1545253945299,1018.6505
1545253945333,1018.6505
1545253945372,1018.71545
1545253945411,1018.71545
1545253945447,1018.71545
1545253945487,1018.71545
1545253945524,1018.56464
1545253945563,1018.56464
1545253945602,1018.56464
1545253945642,1018.56464
1545253945679,1018.6448
1545253945717,1018.6448
1545253945756,1018.6448
1545253945796,1018.6448
1545253945833,1018.7873
1545253945870,1018.7873
1545253945909,1018.7873
1545253945950,1018.7873
1545253945987,1018.75714
1545253946026,1018.75714
1545253946064,1018.75714
1545253946103,1018.75714
1545253946141,1018.7807
1545253946180,1018.7807
1545253946217,1018.7807
1545253946256,1018.7807
1545253946303,1018.922
1545253946331,1018.922
1545253946370,1018.922
1545253946412,1018.922
1545253946451,1018.7359
1545253946486,1018.7359
1545253946525,1018.7359
1545253946562,1018.7359
1545253946600,1018.76263
1545253946638,1018.76263
1545253946678,1018.76263
1545253946717,1018.76263
1545253946756,1018.97284
1545253946793,1018.97284
1545253946834,1018.97284
1545253946871,1018.97284
1545253946910,1018.8927
1545253946947,1018.8927
1545253946987,1018.8927
1545253947028,1018.8927
1545253947061,1018.9332
1545253947101,1018.9332
1545253947140,1018.9332
1545253947181,1018.9332
1545253947216,1018.92804
1545253947256,1018.92804
1545253947294,1018.92804
1545253947332,1018.92804
1545253947370,1018.77814
1545253947410,1018.77814
1545253947450,1018.77814
1545253947490,1018.77814
1545253947528,1018.7756
1545253947561,1018.7756
1545253947601,1018.7756
1545253947640,1018.7756
1545253947679,1018.81
1545253947718,1018.81
1545253947757,1018.81
1545253947795,1018.81
1545253947834,1018.8272
1545253947871,1018.8272
1545253947911,1018.8272
1545253947949,1018.8272
1545253947994,1018.9484
1545253948024,1018.9484
1545253948061,1018.9484
1545253948102,1018.9484
1545253948142,1018.851
1545253948177,1018.851
1545253948215,1018.851
1545253948255,1018.851
1545253948293,1018.8114
1545253948332,1018.8114
1545253948369,1018.8114
1545253948408,1018.8114
1545253948446,1018.7701
1545253948488,1018.7701
1545253948526,1018.7701
1545253948562,1018.7701
1545253948602,1018.74817
1545253948639,1018.74817
1545253948678,1018.74817
1545253948716,1018.74817
1545253948757,1018.87054
1545253948793,1018.87054
1545253948833,1018.87054
1545253948870,1018.87054
1545253948910,1018.9205
1545253948948,1018.9205
1545253948986,1018.9205
1545253949024,1018.9205
1545253949063,1018.847
1545253949102,1018.847
1545253949143,1018.847
1545253949179,1018.847
1545253949217,1018.9805
1545253949256,1018.9805
1545253949294,1018.9805
1545253949330,1018.9805
1545253949370,1018.80475
1545253949407,1018.80475
1545253949450,1018.80475
1545253949488,1018.80475
1545253949525,1018.8863
1545253949561,1018.8863
1545253949601,1018.8863
1545253949641,1018.8863
1545253949678,1018.8061
1545253949717,1018.8061
1545253949755,1018.8061
1545253949795,1018.8061
1545253949834,1018.79926
1545253949871,1018.79926
1545253949908,1018.79926
1545253949948,1018.79926
1545253949988,1018.8561
1545253950025,1018.8561
1545253950061,1018.8561
1545253950101,1018.8561
1545253950139,1018.8213
1545253950177,1018.8213
1545253950218,1018.8213
1545253950256,1018.8213
1545253950291,1018.88763
1545253950332,1018.88763
1545253950371,1018.88763
1545253950408,1018.88763
1545253950446,1018.9864
1545253950486,1018.9864
1545253950526,1018.9864
1545253950574,1018.9864
1545253950599,1018.7138
1545253950638,1018.7138
1545253950685,1018.7138
1545253950715,1018.69055
1545253950754,1018.69055
1545253950792,1018.69055
1545253950832,1018.69055
1545253950870,1018.7914
1545253950907,1018.7914
1545253950946,1018.7914
1545253950985,1018.7914
1545253951024,1018.8272
1545253951061,1018.8272
1545253951105,1018.8272
1545253951139,1018.8272
1545253951177,1018.82776
1545253951217,1018.82776
1545253951254,1018.82776
1545253951292,1018.82776
1545253951331,1018.8786
1545253951370,1018.8786
1545253951410,1018.8786
1545253951448,1018.8786
1545253951487,1018.94324
1545253951524,1018.94324
1545253951566,1018.94324
1545253951601,1018.94324
1545253951640,1018.86365
1545253951678,1018.86365
1545253951715,1018.86365
1545253951755,1018.86365
1545253951794,1018.84985
1545253951830,1018.84985
1545253951869,1018.84985
1545253951908,1018.84985
1545253951946,1018.8883
1545253951984,1018.8883
1545253952024,1018.8883
1545253952060,1018.8883
1545253952100,1018.93567
1545253952139,1018.93567
1545253952177,1018.93567
1545253952215,1018.93567
1545253952257,1019.13873
1545253952293,1019.13873
1545253952334,1019.13873
1545253952368,1019.13873
1545253952406,1018.9
1545253952446,1018.9
1545253952483,1018.9
1545253952522,1018.9
1545253952560,1018.7937
1545253952599,1018.7937
1545253952639,1018.7937
1545253952677,1018.7937
1545253952715,1018.935
1545253952753,1018.935
1545253952792,1018.935
1545253952830,1018.935
1545253952872,1018.9037
1545253952909,1018.9037
1545253952946,1018.9037
1545253952986,1018.9037
1545253953024,1019.0924
1545253953061,1019.0924
1545253953100,1019.0924
1545253953138,1019.0924
1545253953176,1018.95764
1545253953216,1018.95764
1545253953254,1018.95764
1545253953293,1018.95764
1545253953332,1019.0154
1545253953367,1019.0154
1545253953407,1019.0154
1545253953447,1019.0154
1545253953485,1019.08057
1545253953526,1019.08057
1545253953563,1019.08057
1545253953598,1019.08057
1545253953645,1019.07764
1545253953677,1019.07764
1545253953715,1019.07764
1545253953753,1019.07764
1545253953796,1019.3422
1545253953829,1019.3422
1545253953868,1019.3422
1545253953906,1019.3422
1545253953947,1019.1661
1545253953985,1019.1661
1545253954023,1019.1661
1545253954064,1019.1661
1545253954100,1019.0606
1545253954138,1019.0606
1545253954177,1019.0606
1545253954215,1019.0606
1545253954253,1018.99945
1545253954292,1018.99945
1545253954331,1018.99945
1545253954370,1018.99945
1545253954406,1019.1072
1545253954447,1019.1072
1545253954485,1019.1072
1545253954523,1019.1072
1545253954562,1019.13354
1545253954600,1019.13354
1545253954637,1019.13354
1545253954678,1019.13354
1545253954715,1019.035
1545253954755,1019.035
1545253954792,1019.035
1545253954838,1019.035
1545253954868,1019.041
1545253954908,1019.041
1545253954948,1019.041
1545253954984,1019.041
1545253955023,1018.9692
1545253955067,1018.9692
1545253955099,1018.9692
1545253955139,1018.9692
1545253955177,1019.05365
1545253955217,1019.05365
1545253955255,1019.05365
1545253955293,1019.05365
1545253955331,1019.37646
1545253955368,1019.37646
1545253955406,1019.37646
1545253955447,1019.37646
1545253955484,1019.15845
1545253955522,1019.15845
1545253955564,1019.15845
1545253955598,1019.15845
1545253955641,1019.09174
1545253955678,1019.09174
1545253955716,1019.09174
1545253955751,1019.09174
1545253955789,1019.0409
1545253955831,1019.0409
1545253955872,1019.0409
1545253955906,1019.0409
1545253955945,1019.0409
1545253955983,1019.0409
1545253956022,1019.0409
1545253956062,1019.0409
1545253956100,1019.2572
1545253956141,1019.2572
1545253956177,1019.2572
1545253956217,1019.2572
1545253956254,1019.22675
1545253956292,1019.22675
1545253956330,1019.22675
1545253956367,1019.22675
1545253956406,1019.2362
1545253956444,1019.2362
1545253956484,1019.2362
1545253956524,1019.2362
1545253956561,1019.41425
1545253956600,1019.41425
1545253956637,1019.41425
1545253956675,1019.41425
1545253956715,1019.19965
1545253956752,1019.19965
1545253956794,1019.19965
1545253956830,1019.19965
1545253956872,1019.21606
1545253956906,1019.21606
1545253956946,1019.21606
1545253956986,1019.21606
1545253957023,1019.2178
1545253957061,1019.2178
1545253957097,1019.2178
1545253957138,1019.2178
1545253957175,1019.2419
1545253957214,1019.2419
1545253957254,1019.2419
1545253957290,1019.2419
1545253957332,1019.2379
1545253957369,1019.2379
1545253957406,1019.2379
1545253957448,1019.2379
1545253957483,1019.2207
1545253957523,1019.2207
1545253957562,1019.2207
1545253957599,1019.2207
1545253957637,1019.25946
1545253957676,1019.25946
1545253957718,1019.25946
1545253957753,1019.25946
1545253957791,1019.3508
1545253957830,1019.3508
1545253957870,1019.3508
1545253957906,1019.3508
1545253957947,1019.1176
1545253957985,1019.1176
1545253958023,1019.1176
1545253958060,1019.1176
1545253958097,1019.0805
1545253958137,1019.0805
1545253958178,1019.0805
1545253958217,1019.0805
1545253958253,1019.10895
1545253958290,1019.10895
1545253958329,1019.10895
1545253958370,1019.10895
1545253958407,1019.12915
1545253958447,1019.12915
1545253958483,1019.12915
1545253958521,1019.12915
1545253958561,1019.13635
1545253958598,1019.13635
1545253958635,1019.13635
1545253958676,1019.13635
1545253958714,1019.1872
1545253958759,1019.1872
1545253958790,1019.1872
1545253958829,1019.1872
1545253958873,1019.20874
1545253958909,1019.20874
1545253958946,1019.20874
1545253958984,1019.20874
1545253959021,1019.14703
1545253959065,1019.14703
1545253959097,1019.14703
1545253959137,1019.14703
1545253959176,1019.1827
1545253959215,1019.1827
1545253959253,1019.1827
1545253959291,1019.1827
1545253959331,1019.29675
1545253959368,1019.29675
1545253959406,1019.29675
1545253959444,1019.29675
1545253959482,1019.29846
1545253959521,1019.29846
1545253959566,1019.29846
1545253959597,1019.29846
1545253959638,1019.4255
1545253959676,1019.4255
1545253959715,1019.4255
1545253959752,1019.4255
1545253959791,1019.17413
1545253959829,1019.17413
1545253959867,1019.17413
1545253959907,1019.17413
1545253959944,1019.0966
1545253959982,1019.0966
1545253960021,1019.0966
1545253960065,1019.0966
1545253960100,1019.1159
1545253960137,1019.1159
1545253960175,1019.1159
1545253960214,1019.1159
1545253960251,1019.18085
1545253960294,1019.18085
1545253960329,1019.18085
1545253960367,1019.18085
1545253960405,1019.21735
1545253960445,1019.21735
1545253960481,1019.21735
1545253960522,1019.21735
1545253960561,1019.14154
1545253960599,1019.14154
1545253960636,1019.14154
1545253960676,1019.14154
1545253960714,1019.1065
1545253960752,1019.1065
1545253960790,1019.1065
1545253960828,1019.13666
1545253960869,1019.13666
1545253960906,1019.13666
1545253960944,1019.13666
1545253960982,1019.26624
1545253961020,1019.26624
1545253961059,1019.26624
1545253961098,1019.26624
1545253961138,1019.1597
1545253961175,1019.1597
1545253961214,1019.1597
1545253961251,1019.1597
1545253961289,1019.1721
1545253961331,1019.1721
1545253961367,1019.1721
1545253961406,1019.1721
1545253961445,1019.2919
1545253961483,1019.2919
1545253961521,1019.2919
1545253961560,1019.2919
1545253961597,1019.3534
1545253961637,1019.3534
1545253961679,1019.3534
1545253961712,1019.3534
1545253961753,1019.5645
1545253961792,1019.5645
1545253961831,1019.5645
1545253961867,1019.5645
1545253961906,1019.32184
1545253961945,1019.32184
1545253961983,1019.32184
1545253962020,1019.32184
1545253962061,1019.24805
1545253962097,1019.24805
1545253962137,1019.24805
1545253962176,1019.24805
1545253962214,1019.36005
1545253962253,1019.36005
1545253962289,1019.36005
1545253962329,1019.36005
1545253962367,1019.3552
1545253962406,1019.3552
1545253962445,1019.3552
1545253962483,1019.3552
1545253962520,1019.527
1545253962569,1019.527
1545253962597,1019.527
1545253962639,1019.527
1545253962675,1019.3624
1545253962712,1019.3624
1545253962751,1019.3624
1545253962791,1019.3624
1545253962830,1019.37134
1545253962868,1019.37134
1545253962906,1019.37134
1545253962947,1019.37134
1545253962981,1019.3613
1545253963021,1019.3613
1545253963067,1019.3613
1545253963097,1019.3613
1545253963135,1019.3393
1545253963174,1019.3393
1545253963214,1019.3393
1545253963253,1019.3393
1545253963291,1019.4478
1545253963330,1019.4478
1545253963368,1019.4478
1545253963407,1019.4478
1545253963444,1019.3344
1545253963481,1019.3344
1545253963521,1019.3344
1545253963558,1019.3344
1545253963599,1019.2779
1545253963637,1019.2779
1545253963677,1019.2779
1545253963712,1019.2779
1545253963754,1019.3195
1545253963791,1019.3195
1545253963830,1019.3195
1545253963866,1019.3195
1545253963904,1019.298
1545253963945,1019.298
1545253963983,1019.298
1545253964030,1019.298
1545253964058,1019.4391
1545253964096,1019.4391
1545253964133,1019.4391
1545253964172,1019.4391
1545253964211,1019.5494
1545253964250,1019.5494
1545253964288,1019.5494
1545253964326,1019.5494
1545253964365,1019.5549
1545253964404,1019.5549
1545253964444,1019.5549
1545253964481,1019.5549
1545253964522,1019.6008
1545253964559,1019.6008
1545253964597,1019.6008
1545253964636,1019.6008
1545253964674,1019.5951
1545253964718,1019.5951
1545253964750,1019.5951
1545253964791,1019.5951
1545253964827,1019.5291
1545253964864,1019.5291
1545253964911,1019.5291
1545253964942,1019.5291
1545253964981,1019.49664
1545253965020,1019.49664
1545253965059,1019.49664
1545253965096,1019.49664
1545253965135,1019.5061
1545253965174,1019.5061
1545253965213,1019.5061
1545253965253,1019.5061
1545253965291,1019.5676
1545253965327,1019.5676
1545253965367,1019.5676
1545253965404,1019.5676
1545253965444,1019.3505
1545253965483,1019.3505
1545253965527,1019.3505
1545253965560,1019.3505
1545253965595,1019.43524
1545253965636,1019.43524
1545253965675,1019.43524
1545253965712,1019.43524
1545253965750,1019.414
1545253965788,1019.414
1545253965826,1019.414
1545253965864,1019.414
1545253965907,1019.3649
1545253965942,1019.3649
1545253965980,1019.3649
1545253966021,1019.3649
1545253966056,1019.3179
1545253966094,1019.3179
1545253966134,1019.3179
1545253966174,1019.3179
1545253966213,1019.3325
1545253966251,1019.3325
1545253966290,1019.3325
1545253966329,1019.3325
1545253966365,1019.26447
1545253966404,1019.26447
1545253966444,1019.26447
1545253966483,1019.26447
1545253966521,1019.2283
1545253966559,1019.2283
1545253966596,1019.2283
1545253966634,1019.2283
1545253966673,1019.2507
1545253966722,1019.2507
1545253966750,1019.2507
1545253966788,1019.2507
1545253966827,1019.2782
1545253966865,1019.2782
1545253966904,1019.2782
1545253966944,1019.2782
1545253966983,1019.2949
1545253967018,1019.2949
