1545253451654,1020.48114
1545253451654,1020.48114
1545253451681,1020.48114
1545253451721,1020.4256
1545253451762,1020.4256
1545253451797,1020.4256
1545253451836,1020.4256
1545253451876,1020.3668
1545253451919,1020.3668
1545253451953,1020.3668
1545253451991,1020.3668
1545253452030,1020.3299
1545253452069,1020.3299
1545253452106,1020.3299
1545253452145,1020.3299
1545253452184,1020.2948
1545253452222,1020.2948
1545253452263,1020.2948
1545253452300,1020.2948
1545253452340,1020.3205
1545253452375,1020.3205
1545253452417,1020.3205
1545253452454,1020.3205
1545253452495,1020.3148
1545253452530,1020.3148
1545253452569,1020.3148
1545253452605,1020.3148
1545253452646,1020.4347
1545253452712,1020.4347
1545253452721,1020.4347
1545253452761,1020.4347
1545253452799,1020.24756
1545253452852,1020.24756
1545253452877,1020.24756
1545253452913,1020.24756
1545253452971,1020.2564
1545253452989,1020.2564
1545253453048,1020.2564
1545253453067,1020.2564
1545253453106,1020.2217
1545253453143,1020.2217
1545253453182,1020.2217
1545253453220,1020.2217
1545253453262,1020.2199
1545253453298,1020.2199
1545253453336,1020.2199
1545253453374,1020.2199
1545253453414,1020.21967
1545253453451,1020.21967
1545253453490,1020.21967
1545253453532,1020.21967
1545253453569,1020.2193
1545253453606,1020.2193
1545253453644,1020.2193
1545253453684,1020.2193
1545253453721,1020.2359
1545253453761,1020.2359
1545253453800,1020.2359
1545253453843,1020.2359
1545253453875,1020.25195
1545253453916,1020.25195
1545253453952,1020.25195
1545253453995,1020.25195
1545253454033,1020.27264
1545253454068,1020.27264
1545253454104,1020.27264
1545253454145,1020.27264
1545253454184,1020.27716
1545253454225,1020.27716
1545253454261,1020.27716
1545253454297,1020.27716
1545253454337,1020.2491
1545253454378,1020.2491
1545253454418,1020.2491
1545253454454,1020.2491
1545253454495,1020.23846
1545253454529,1020.23846
1545253454575,1020.23846
1545253454608,1020.23846
1545253454645,1020.22327
1545253454685,1020.22327
1545253454746,1020.22327
1545253454763,1020.22327
1545253454803,1020.2292
1545253454836,1020.2292
1545253454874,1020.2292
1545253454913,1020.2292
1545253454950,1020.2316
1545253454989,1020.2316
1545253455028,1020.2316
1545253455066,1020.2316
1545253455107,1020.23694
1545253455153,1020.23694
1545253455182,1020.23694
1545253455219,1020.23694
1545253455261,1020.2346
1545253455296,1020.2346
1545253455337,1020.2346
1545253455374,1020.2346
1545253455414,1020.2482
1545253455454,1020.2482
1545253455494,1020.2482
1545253455527,1020.2482
1545253455566,1020.2481
1545253455606,1020.2481
1545253455681,1020.2481
1545253455681,1020.2481
1545253455720,1020.25494
1545253455759,1020.25494
1545253455798,1020.25494
1545253455836,1020.25494
1545253455875,1020.2424
1545253455915,1020.2424
1545253455951,1020.2424
1545253455990,1020.2424
1545253456028,1020.2653
1545253456070,1020.2653
1545253456108,1020.2653
1545253456142,1020.2653
1545253456188,1020.2689
1545253456220,1020.2689
1545253456258,1020.2689
1545253456297,1020.2689
1545253456338,1020.2689
1545253456374,1020.2689
1545253456414,1020.2689
1545253456453,1020.2689
1545253456499,1020.2785
1545253456527,1020.2785
1545253456566,1020.2785
1545253456606,1020.2785
1545253456646,1020.2844
1545253456685,1020.2844
1545253456724,1020.2844
1545253456758,1020.2844
1545253456797,1020.2681
1545253456837,1020.2681
1545253456875,1020.2681
1545253456913,1020.2681
1545253456951,1020.288
1545253456990,1020.288
1545253457030,1020.288
1545253457072,1020.288
1545253457106,1020.28986
1545253457145,1020.28986
1545253457186,1020.28986
1545253457233,1020.28986
1545253457260,1020.28894
1545253457314,1020.28894
1545253457337,1020.28894
1545253457374,1020.28894
1545253457413,1020.2857
1545253457453,1020.2857
1545253457490,1020.2857
1545253457531,1020.2857
1545253457569,1020.2893
1545253457607,1020.2893
1545253457644,1020.2893
1545253457785,1020.2893
1545253457785,1020.32355
1545253457786,1020.32355
1545253457811,1020.32355
1545253457836,1020.32355
1545253457873,1020.3439
1545253457915,1020.3439
1545253457950,1020.3439
1545253457989,1020.3439
1545253458027,1020.3372
1545253458068,1020.3372
1545253458108,1020.3372
1545253458143,1020.3372
1545253458186,1020.33057
1545253458220,1020.33057
1545253458258,1020.33057
1545253458296,1020.33057
1545253458336,1020.31024
1545253458376,1020.31024
1545253458411,1020.31024
1545253458451,1020.31024
1545253458495,1020.2951
1545253458528,1020.2951
1545253458567,1020.2951
1545253458611,1020.2951
1545253458644,1020.2932
1545253458680,1020.2932
1545253458722,1020.2932
1545253458757,1020.2932
1545253458797,1020.28827
1545253458837,1020.28827
1545253458874,1020.28827
1545253458911,1020.28827
1545253458949,1020.2833
1545253458989,1020.2833
1545253459027,1020.2833
1545253459065,1020.2833
1545253459105,1020.2801
1545253459144,1020.2801
1545253459180,1020.2801
1545253459220,1020.2801
1545253459263,1020.2708
1545253459297,1020.2708
1545253459338,1020.2708
1545253459375,1020.2708
1545253459416,1020.2846
1545253459451,1020.2846
1545253459490,1020.2846
1545253459530,1020.2846
1545253459570,1020.2848
1545253459610,1020.2848
1545253459646,1020.2848
1545253459684,1020.2848
1545253459720,1020.285
1545253459759,1020.285
1545253459798,1020.285
1545253459841,1020.285
1545253459875,1020.26886
1545253459911,1020.26886
1545253459950,1020.26886
1545253459988,1020.26886
1545253460028,1020.2605
1545253460068,1020.2605
1545253460105,1020.2605
1545253460144,1020.2605
1545253460184,1020.2512
1545253460223,1020.2512
1545253460260,1020.2512
1545253460302,1020.2512
1545253460338,1020.2452
1545253460373,1020.2452
1545253460411,1020.2452
1545253460452,1020.2452
1545253460490,1020.2379
1545253460529,1020.2379
1545253460570,1020.2379
1545253460606,1020.2379
1545253460642,1020.24207
1545253460683,1020.24207
1545253460721,1020.24207
1545253460759,1020.24207
1545253460798,1020.2474
1545253460841,1020.2474
1545253460875,1020.2474
1545253460912,1020.2364
1545253460950,1020.2364
1545253460993,1020.2364
1545253461026,1020.2364
1545253461068,1020.2305
1545253461105,1020.2305
1545253461144,1020.2305
1545253461183,1020.2305
1545253461221,1020.23004
1545253461258,1020.23004
1545253461294,1020.23004
1545253461337,1020.23004
1545253461373,1020.2532
1545253461413,1020.2532
1545253461450,1020.2532
1545253461488,1020.2532
1545253461528,1020.2285
1545253461567,1020.2285
1545253461608,1020.2285
1545253461645,1020.2285
1545253461681,1020.2168
1545253461720,1020.2168
1545253461763,1020.2168
1545253461798,1020.2168
1545253461844,1020.22266
1545253461873,1020.22266
1545253461912,1020.22266
1545253461954,1020.22266
1545253461992,1020.22565
1545253462028,1020.22565
1545253462067,1020.22565
1545253462107,1020.22565
1545253462143,1020.22144
1545253462183,1020.22144
1545253462221,1020.22144
1545253462258,1020.22144
1545253462296,1020.2359
1545253462340,1020.2359
1545253462375,1020.2359
1545253462412,1020.2359
1545253462450,1020.2303
1545253462496,1020.2303
1545253462529,1020.2303
1545253462571,1020.2303
1545253462604,1020.2243
1545253462642,1020.2243
1545253462680,1020.2243
1545253462719,1020.2243
1545253462758,1020.23126
1545253462794,1020.23126
1545253462838,1020.23126
1545253462873,1020.23126
1545253462913,1020.2184
1545253462950,1020.2184
1545253462988,1020.2184
1545253463029,1020.2184
1545253463066,1020.21515
1545253463105,1020.21515
1545253463142,1020.21515
1545253463181,1020.21515
1545253463222,1020.2051
1545253463265,1020.2051
1545253463298,1020.2051
1545253463335,1020.2051
1545253463373,1020.1967
1545253463413,1020.1967
1545253463455,1020.1967
1545253463488,1020.1967
1545253463529,1020.1867
1545253463569,1020.1867
1545253463604,1020.1867
1545253463644,1020.1867
1545253463683,1020.1712
1545253463722,1020.1712
1545253463759,1020.1712
1545253463798,1020.1712
1545253463837,1020.1628
1545253463872,1020.1628
1545253463913,1020.1628
1545253463949,1020.1628
1545253463991,1020.1554
1545253464029,1020.1554
1545253464065,1020.1554
1545253464104,1020.1554
1545253464144,1020.1647
1545253464188,1020.1647
1545253464220,1020.1647
1545253464258,1020.1647
1545253464296,1020.16223
1545253464334,1020.16223
1545253464374,1020.16223
1545253464415,1020.16223
1545253464449,1020.1599
1545253464488,1020.1599
1545253464527,1020.1599
1545253464568,1020.1599
1545253464604,1020.1556
1545253464645,1020.1556
1545253464683,1020.1556
1545253464720,1020.1556
1545253464759,1020.1641
1545253464796,1020.1641
1545253464841,1020.1641
1545253464876,1020.1641
1545253464913,1020.1771
1545253464953,1020.1771
1545253464988,1020.1771
1545253465026,1020.1771
1545253465065,1020.1847
1545253465105,1020.1847
1545253465144,1020.1847
1545253465182,1020.1847
1545253465219,1020.18146
1545253465258,1020.18146
1545253465298,1020.18146
1545253465340,1020.18146
1545253465377,1020.2019
1545253465418,1020.2019
1545253465450,1020.2019
1545253465489,1020.2019
1545253465527,1020.19696
1545253465566,1020.19696
1545253465604,1020.19696
1545253465644,1020.19696
1545253465682,1020.2002
1545253465721,1020.2002
1545253465758,1020.2002
1545253465797,1020.2002
1545253465836,1020.21155
1545253465879,1020.21155
1545253465911,1020.21155
1545253465955,1020.21155
1545253465987,1020.214
1545253466027,1020.214
1545253466066,1020.214
1545253466104,1020.214
1545253466141,1020.2193
1545253466181,1020.2193
1545253466217,1020.2193
1545253466258,1020.2193
1545253466297,1020.2255
1545253466335,1020.2255
1545253466373,1020.2255
1545253466410,1020.2255
1545253466449,1020.2213
1545253466490,1020.2213
1545253466526,1020.2213
1545253466565,1020.2213
1545253466603,1020.2221
1545253466642,1020.2221
1545253466683,1020.2221
1545253466720,1020.2221
1545253466758,1020.2213
1545253466798,1020.2213
1545253466839,1020.2213
1545253466877,1020.2213
1545253466913,1020.2164
1545253466951,1020.2164
1545253466993,1020.2164
1545253467026,1020.2164
1545253467067,1020.21313
1545253467107,1020.21313
1545253467143,1020.21313
1545253467180,1020.21313
1545253467219,1020.20557
1545253467257,1020.20557
1545253467298,1020.20557
1545253467335,1020.20557
1545253467373,1020.2034
1545253467419,1020.2034
1545253467449,1020.2034
1545253467488,1020.2034
1545253467526,1020.20496
1545253467565,1020.20496
1545253467605,1020.20496
1545253467641,1020.20496
1545253467682,1020.20795
1545253467719,1020.20795
1545253467758,1020.20795
1545253467797,1020.20795
1545253467835,1020.2105
1545253467873,1020.2105
1545253467912,1020.2105
1545253467949,1020.2105
1545253467987,1020.2132
1545253468026,1020.2132
1545253468065,1020.2132
1545253468104,1020.2132
1545253468143,1020.2124
1545253468181,1020.2124
1545253468220,1020.2124
1545253468257,1020.2124
1545253468295,1020.20935
1545253468338,1020.20935
1545253468372,1020.20935
1545253468412,1020.20935
1545253468452,1020.2137
1545253468487,1020.2137
1545253468529,1020.2137
1545253468565,1020.2137
1545253468605,1020.2174
1545253468642,1020.2174
1545253468682,1020.2174
1545253468720,1020.2174
1545253468756,1020.22174
1545253468794,1020.22174
1545253468833,1020.22174
1545253468876,1020.22174
1545253468921,1020.21356
1545253468952,1020.21356
1545253468986,1020.21356
1545253469024,1020.21356
1545253469064,1020.2071
1545253469102,1020.2071
1545253469142,1020.2071
1545253469180,1020.2071
1545253469219,1020.2037
1545253469258,1020.2037
1545253469296,1020.2037
1545253469335,1020.2037
1545253469377,1020.1972
1545253469411,1020.1972
1545253469451,1020.1972
1545253469487,1020.1972
1545253469525,1020.1924
1545253469564,1020.1924
1545253469604,1020.1924
1545253469648,1020.1924
1545253469681,1020.1848
1545253469718,1020.1848
1545253469756,1020.1848
1545253469798,1020.1848
1545253469852,1020.18756
1545253469872,1020.18756
1545253469909,1020.18756
1545253469948,1020.18756
1545253469988,1020.1802
1545253470024,1020.1802
1545253470064,1020.1802
1545253470106,1020.1802
1545253470140,1020.18463
1545253470180,1020.18463
1545253470220,1020.18463
1545253470256,1020.18463
1545253470298,1020.19183
1545253470335,1020.19183
1545253470373,1020.19183
1545253470409,1020.19183
1545253470450,1020.1929
1545253470490,1020.1929
1545253470525,1020.1929
1545253470564,1020.1929
1545253470606,1020.1929
1545253470643,1020.1929
1545253470678,1020.1929
1545253470719,1020.1929
1545253470756,1020.1983
1545253470795,1020.1983
1545253470835,1020.1983
1545253470872,1020.1983
1545253470910,1020.1977
1545253470947,1020.1977
1545253470992,1020.1977
1545253471024,1020.1977
1545253471064,1020.1997
1545253471106,1020.1997
1545253471147,1020.1997
1545253471182,1020.1997
1545253471216,1020.2
1545253471254,1020.2
1545253471292,1020.2
1545253471331,1020.2
1545253471373,1020.1994
1545253471408,1020.1994
1545253471448,1020.1994
1545253471487,1020.1994
1545253471527,1020.2045
1545253471564,1020.2045
1545253471615,1020.2045
1545253471640,1020.2045
1545253471681,1020.19806
1545253471717,1020.19806
1545253471756,1020.19806
1545253471795,1020.19806
1545253471835,1020.20233
1545253471872,1020.20233
1545253471909,1020.20233
1545253471949,1020.20233
1545253471993,1020.2044
1545253472024,1020.2044
1545253472064,1020.2044
1545253472104,1020.2044
1545253472142,1020.2095
1545253472178,1020.2095
1545253472218,1020.2095
1545253472257,1020.2166
1545253472300,1020.2166
1545253472334,1020.2166
1545253472372,1020.2166
1545253472410,1020.2124
1545253472451,1020.2124
1545253472487,1020.2124
1545253472525,1020.2124
1545253472563,1020.21106
1545253472602,1020.21106
1545253472640,1020.21106
1545253472679,1020.21106
1545253472717,1020.2087
1545253472755,1020.2087
1545253472795,1020.2087
1545253472833,1020.2087
1545253472872,1020.21246
1545253472915,1020.21246
1545253472947,1020.21246
1545253472987,1020.21246
1545253473026,1020.22266
1545253473065,1020.22266
1545253473104,1020.22266
1545253473147,1020.22266
1545253473179,1020.24
1545253473218,1020.24
1545253473259,1020.24
1545253473297,1020.24
1545253473334,1020.2539
1545253473373,1020.2539
1545253473411,1020.2539
1545253473447,1020.2539
1545253473486,1020.2692
1545253473525,1020.2692
1545253473566,1020.2692
1545253473602,1020.2692
1545253473641,1020.27637
1545253473679,1020.27637
1545253473717,1020.27637
1545253473755,1020.27637
1545253473799,1020.2678
1545253473836,1020.2678
1545253473872,1020.2678
1545253473909,1020.2678
1545253473946,1020.2621
1545253473987,1020.2621
1545253474026,1020.2621
1545253474063,1020.2621
1545253474102,1020.2647
1545253474145,1020.2647
1545253474180,1020.2647
1545253474218,1020.2647
1545253474257,1020.27356
1545253474294,1020.27356
1545253474332,1020.27356
1545253474373,1020.27356
1545253474408,1020.2786
1545253474447,1020.2786
1545253474486,1020.2786
1545253474529,1020.2786
1545253474564,1020.2746
1545253474601,1020.2746
1545253474640,1020.2746
1545253474680,1020.2746
1545253474719,1020.28
1545253474756,1020.28
1545253474808,1020.28
1545253474833,1020.28
1545253474874,1020.2735
1545253474908,1020.2735
1545253474947,1020.2735
1545253474986,1020.2735
1545253475026,1020.2684
1545253475062,1020.2684
1545253475101,1020.2684
1545253475139,1020.2684
1545253475182,1020.2577
1545253475217,1020.2577
1545253475255,1020.2577
1545253475294,1020.2577
1545253475332,1020.2552
1545253475370,1020.2552
1545253475408,1020.2552
1545253475447,1020.2552
1545253475487,1020.2442
1545253475524,1020.2442
1545253475564,1020.2442
1545253475602,1020.2442
1545253475641,1020.23834
1545253475680,1020.23834
1545253475721,1020.23834
1545253475759,1020.23834
1545253475795,1020.23505
1545253475838,1020.23505
1545253475876,1020.23505
1545253475910,1020.23505
1545253475947,1020.2437
1545253475990,1020.2437
1545253476025,1020.2437
1545253476064,1020.2437
1545253476105,1020.2439
1545253476140,1020.2439
1545253476178,1020.2439
1545253476217,1020.2439
1545253476258,1020.2414
1545253476296,1020.2414
1545253476332,1020.2414
1545253476369,1020.2414
1545253476409,1020.23987
1545253476449,1020.23987
1545253476487,1020.23987
1545253476525,1020.23987
1545253476562,1020.23566
1545253476601,1020.23566
1545253476640,1020.23566
1545253476677,1020.23566
1545253476717,1020.2301
1545253476755,1020.2301
1545253476794,1020.2301
1545253476833,1020.2301
1545253476872,1020.2291
1545253476911,1020.2291
1545253476948,1020.2291
1545253476994,1020.2291
1545253477024,1020.2266
1545253477062,1020.2266
1545253477102,1020.2266
1545253477139,1020.2266
1545253477178,1020.2302
1545253477217,1020.2302
1545253477254,1020.2302
1545253477294,1020.2302
1545253477334,1020.2423
1545253477370,1020.2423
1545253477407,1020.2423
1545253477446,1020.2423
1545253477486,1020.2483
1545253477524,1020.2483
1545253477563,1020.2483
1545253477601,1020.2483
1545253477641,1020.2475
1545253477677,1020.2475
1545253477716,1020.2475
1545253477756,1020.2475
1545253477795,1020.246
1545253477832,1020.246
1545253477871,1020.246
1545253477909,1020.246
1545253477946,1020.2469
1545253477987,1020.2469
1545253478024,1020.2469
1545253478062,1020.2469
1545253478102,1020.247
1545253478140,1020.247
1545253478178,1020.247
1545253478221,1020.247
1545253478254,1020.2599
1545253478296,1020.2599
1545253478330,1020.2599
1545253478373,1020.2599
1545253478416,1020.26514
1545253478447,1020.26514
1545253478485,1020.26514
1545253478524,1020.26514
1545253478564,1020.2603
1545253478601,1020.2603
1545253478640,1020.2603
1545253478677,1020.2603
1545253478717,1020.26294
1545253478755,1020.26294
1545253478794,1020.26294
1545253478832,1020.26294
1545253478877,1020.2682
1545253478911,1020.2682
1545253478946,1020.2682
1545253478986,1020.2682
1545253479022,1020.27576
1545253479062,1020.27576
1545253479101,1020.27576
1545253479137,1020.27576
1545253479176,1020.27594
1545253479215,1020.27594
1545253479252,1020.27594
1545253479291,1020.27594
1545253479329,1020.27545
1545253479368,1020.27545
1545253479407,1020.27545
1545253479444,1020.27545
1545253479483,1020.2813
1545253479524,1020.2813
1545253479561,1020.2813
1545253479600,1020.2813
1545253479640,1020.27637
1545253479679,1020.27637
1545253479721,1020.27637
1545253479757,1020.27637
1545253479794,1020.2697
1545253479834,1020.2697
1545253479872,1020.2697
1545253479911,1020.2697
1545253479947,1020.26953
1545253479984,1020.26953
1545253480025,1020.26953
1545253480061,1020.26953
1545253480105,1020.2691
1545253480139,1020.2691
1545253480176,1020.2691
1545253480217,1020.2691
1545253480257,1020.27094
1545253480293,1020.27094
1545253480331,1020.27094
1545253480377,1020.27094
1545253480415,1020.27246
1545253480445,1020.27246
1545253480485,1020.27246
1545253480523,1020.27246
1545253480563,1020.2896
1545253480601,1020.2896
1545253480639,1020.2896
1545253480677,1020.2896
1545253480715,1020.28467
1545253480753,1020.28467
1545253480824,1020.28467
1545253480832,1020.28467
1545253480871,1020.2729
1545253480911,1020.2729
1545253480945,1020.2729
1545253480987,1020.2729
1545253481023,1020.273
1545253481062,1020.273
1545253481100,1020.273
1545253481138,1020.273
1545253481178,1020.26807
1545253481215,1020.26807
1545253481254,1020.26807
1545253481291,1020.26807
1545253481335,1020.2679
1545253481368,1020.2679
1545253481411,1020.2679
1545253481448,1020.2679
1545253481484,1020.2775
1545253481524,1020.2775
1545253481560,1020.2775
1545253481599,1020.2775
1545253481640,1020.27765
1545253481679,1020.27765
1545253481717,1020.27765
1545253481753,1020.27765
1545253481791,1020.27673
1545253481829,1020.27673
1545253481868,1020.27673
1545253481910,1020.27673
1545253481943,1020.27856
1545253481987,1020.27856
1545253482022,1020.27856
1545253482070,1020.27856
1545253482097,1020.28613
1545253482137,1020.28613
1545253482177,1020.28613
1545253482216,1020.28613
1545253482253,1020.2778
1545253482293,1020.2778
1545253482330,1020.2778
1545253482370,1020.2778
1545253482406,1020.2823
1545253482447,1020.2823
1545253482483,1020.2823
1545253482523,1020.2823
1545253482563,1020.2779
1545253482601,1020.2779
1545253482640,1020.2779
1545253482677,1020.2779
1545253482718,1020.2781
1545253482753,1020.2781
1545253482791,1020.2781
1545253482829,1020.2781
1545253482867,1020.2822
1545253482906,1020.2822
1545253482945,1020.2822
1545253482983,1020.2822
1545253483023,1020.2909
1545253483066,1020.2909
1545253483099,1020.2909
1545253483139,1020.2909
1545253483178,1020.29956
1545253483216,1020.29956
1545253483254,1020.29956
1545253483294,1020.29956
1545253483332,1020.3031
1545253483371,1020.3031
1545253483410,1020.3031
1545253483450,1020.3031
1545253483484,1020.29645
1545253483522,1020.29645
1545253483561,1020.29645
1545253483602,1020.29645
1545253483638,1020.287
1545253483675,1020.287
1545253483717,1020.287
1545253483754,1020.2861
1545253483792,1020.2861
1545253483830,1020.2861
1545253483869,1020.2861
1545253483909,1020.25214
1545253483947,1020.25214
1545253483983,1020.25214
1545253484021,1020.25214
1545253484059,1020.2209
1545253484098,1020.2209
1545253484138,1020.2209
1545253484177,1020.2209
1545253484216,1020.2105
1545253484256,1020.2105
1545253484291,1020.2105
1545253484345,1020.2105
1545253484371,1020.1988
1545253484419,1020.1988
1545253484446,1020.1988
1545253484484,1020.1988
1545253484521,1020.20667
1545253484561,1020.20667
1545253484600,1020.20667
1545253484645,1020.20667
1545253484678,1020.2074
1545253484714,1020.2074
1545253484755,1020.2074
1545253484792,1020.2074
1545253484835,1020.1973
1545253484867,1020.1973
1545253484907,1020.1973
1545253484948,1020.1973
1545253484983,1020.21515
1545253485024,1020.21515
1545253485061,1020.21515
1545253485097,1020.21515
1545253485137,1020.21454
1545253485176,1020.21454
1545253485213,1020.21454
1545253485254,1020.21454
1545253485291,1020.217
1545253485334,1020.217
1545253485368,1020.217
1545253485408,1020.217
1545253485475,1020.23
1545253485483,1020.23
1545253485523,1020.23
1545253485559,1020.23
1545253485598,1020.24603
1545253485637,1020.24603
1545253485680,1020.24603
1545253485721,1020.24603
1545253485753,1020.2468
1545253485792,1020.2468
1545253485828,1020.2468
1545253485867,1020.2468
1545253485907,1020.24854
1545253485947,1020.24854
1545253485985,1020.24854
1545253486022,1020.24854
1545253486059,1020.2496
1545253486099,1020.2496
1545253486137,1020.2496
1545253486176,1020.2496
1545253486215,1020.253
1545253486253,1020.253
1545253486290,1020.253
1545253486330,1020.253
1545253486368,1020.2479
1545253486406,1020.2479
1545253486446,1020.2479
1545253486482,1020.2479
1545253486524,1020.257
1545253486563,1020.257
1545253486599,1020.257
1545253486638,1020.257
1545253486677,1020.26666
1545253486717,1020.26666
1545253486753,1020.26666
1545253486793,1020.26666
1545253486832,1020.27
1545253486869,1020.27
1545253486908,1020.27
1545253486950,1020.27
1545253486982,1020.2793
1545253487024,1020.2793
1545253487060,1020.2793
1545253487099,1020.2793
1545253487137,1020.2912
1545253487176,1020.2912
1545253487215,1020.2912
1545253487252,1020.2912
1545253487296,1020.2889
1545253487328,1020.2889
1545253487368,1020.2889
1545253487406,1020.2889
1545253487443,1020.2906
1545253487486,1020.2906
1545253487521,1020.2906
1545253487560,1020.2906
1545253487598,1020.29913
1545253487639,1020.29913
1545253487676,1020.29913
1545253487718,1020.29913
1545253487759,1020.29987
1545253487790,1020.29987
1545253487830,1020.29987
1545253487870,1020.29987
1545253487905,1020.30743
1545253487944,1020.30743
1545253487982,1020.30743
1545253488021,1020.30743
1545253488061,1020.30743
1545253488098,1020.30743
1545253488138,1020.30743
1545253488179,1020.30743
1545253488216,1020.3
1545253488252,1020.3
1545253488291,1020.3
1545253488335,1020.3
1545253488367,1020.28204
1545253488406,1020.28204
1545253488446,1020.28204
1545253488483,1020.28204
1545253488521,1020.27295
1545253488561,1020.27295
1545253488600,1020.27295
1545253488638,1020.27295
1545253488675,1020.26447
1545253488715,1020.26447
1545253488752,1020.26447
1545253488796,1020.26447
1545253488832,1020.2652
1545253488867,1020.2652
1545253488910,1020.2652
1545253488956,1020.2652
1545253488981,1020.2646
1545253489020,1020.2646
1545253489062,1020.2646
1545253489097,1020.2646
1545253489138,1020.27386
1545253489217,1020.27386
1545253489218,1020.27386
1545253489251,1020.27386
1545253489288,1020.2797
1545253489329,1020.2797
1545253489368,1020.2797
1545253489405,1020.2797
1545253489443,1020.2764
1545253489481,1020.2764
1545253489521,1020.2764
1545253489561,1020.2764
1545253489599,1020.2758
1545253489638,1020.2758
1545253489675,1020.2758
1545253489717,1020.2758
1545253489752,1020.2596
1545253489791,1020.2596
1545253489827,1020.2596
1545253489867,1020.2596
1545253489906,1020.2569
1545253489945,1020.2569
1545253489984,1020.2569
1545253490024,1020.2569
1545253490059,1020.2563
1545253490098,1020.2563
1545253490138,1020.2563
1545253490175,1020.2563
1545253490214,1020.26215
1545253490252,1020.26215
1545253490293,1020.26215
1545253490327,1020.26215
1545253490367,1020.26575
1545253490408,1020.26575
1545253490446,1020.26575
1545253490481,1020.26575
1545253490524,1020.26746
1545253490559,1020.26746
1545253490601,1020.26746
1545253490637,1020.26746
1545253490680,1020.2727
1545253490716,1020.2727
1545253490752,1020.2727
1545253490792,1020.2727
1545253490831,1020.26324
1545253490870,1020.26324
1545253490915,1020.26324
1545253490962,1020.26324
1545253490980,1020.23785
1545253491021,1020.23785
1545253491062,1020.23785
1545253491099,1020.23785
1545253491137,1020.22595
1545253491175,1020.22595
1545253491216,1020.22595
1545253491253,1020.22595
1545253491291,1020.1921
1545253491330,1020.1921
1545253491366,1020.1921
1545253491405,1020.1921
1545253491446,1020.14856
1545253491481,1020.14856
1545253491522,1020.14856
1545253491559,1020.14856
1545253491597,1020.1548
1545253491639,1020.1548
1545253491675,1020.1548
1545253491714,1020.1548
1545253491754,1020.15985
1545253491791,1020.15985
1545253491828,1020.15985
1545253491866,1020.15985
1545253491904,1020.1453
1545253491946,1020.1453
1545253491980,1020.1453
1545253492023,1020.1453
1545253492059,1020.13446
1545253492096,1020.13446
1545253492139,1020.13446
1545253492176,1020.13446
1545253492215,1020.13275
1545253492251,1020.13275
1545253492289,1020.13275
1545253492332,1020.13275
1545253492367,1020.1403
1545253492406,1020.1403
1545253492444,1020.1403
1545253492481,1020.1403
1545253492522,1020.14996
1545253492562,1020.14996
1545253492597,1020.14996
1545253492635,1020.14996
1545253492678,1020.1677
1545253492715,1020.1677
1545253492751,1020.1677
1545253492792,1020.1677
1545253492830,1020.1662
1545253492868,1020.1662
1545253492903,1020.1662
1545253492947,1020.1662
1545253492980,1020.18054
1545253493023,1020.18054
1545253493058,1020.18054
1545253493097,1020.18054
1545253493138,1020.19415
1545253493173,1020.19415
1545253493212,1020.19415
1545253493251,1020.19415
1545253493289,1020.1858
1545253493327,1020.1858
1545253493370,1020.1858
1545253493406,1020.1858
1545253493443,1020.1746
1545253493480,1020.1746
1545253493521,1020.1746
1545253493559,1020.1746
1545253493606,1020.1536
1545253493638,1020.1536
1545253493676,1020.1536
1545253493716,1020.1536
1545253493751,1020.1519
1545253493791,1020.1519
1545253493829,1020.1519
1545253493867,1020.1519
1545253493907,1020.1459
1545253493945,1020.1459
1545253493982,1020.1459
1545253494020,1020.1459
1545253494057,1020.14185
1545253494097,1020.14185
1545253494136,1020.14185
1545253494176,1020.14185
1545253494212,1020.1477
1545253494252,1020.1477
1545253494289,1020.1477
1545253494329,1020.1477
1545253494366,1020.15216
1545253494406,1020.15216
1545253494449,1020.15216
1545253494481,1020.15216
1545253494519,1020.1471
1545253494558,1020.1471
1545253494596,1020.1471
1545253494643,1020.1471
1545253494675,1020.1318
1545253494717,1020.1318
1545253494751,1020.1318
1545253494788,1020.1318
1545253494828,1020.11725
1545253494868,1020.11725
1545253494906,1020.11725
1545253494944,1020.1121
1545253494980,1020.1121
1545253495020,1020.1121
1545253495057,1020.1121
1545253495099,1020.11896
1545253495138,1020.11896
1545253495178,1020.11896
1545253495212,1020.11896
1545253495252,1020.1104
1545253495288,1020.1104
1545253495330,1020.1104
1545253495366,1020.1104
1545253495404,1020.1087
1545253495442,1020.1087
1545253495480,1020.1087
1545253495518,1020.1087
1545253495558,1020.12744
1545253495597,1020.12744
1545253495635,1020.12744
1545253495675,1020.12744
1545253495730,1020.13763
1545253495751,1020.13763
1545253495788,1020.13763
1545253495826,1020.13763
1545253495865,1020.1462
1545253495905,1020.1462
1545253495948,1020.1462
1545253495979,1020.1462
1545253496018,1020.1598
1545253496059,1020.1598
1545253496099,1020.1598
1545253496136,1020.1598
1545253496174,1020.16315
1545253496215,1020.16315
1545253496251,1020.16315
1545253496293,1020.16315
1545253496326,1020.1335
1545253496365,1020.1335
1545253496405,1020.1335
1545253496443,1020.1335
1545253496481,1020.12836
1545253496520,1020.12836
1545253496562,1020.12836
1545253496599,1020.12836
1545253496638,1020.12836
1545253496673,1020.12836
1545253496711,1020.12836
1545253496749,1020.12836
1545253496790,1020.1352
1545253496828,1020.1352
1545253496868,1020.1352
1545253496903,1020.1352
1545253496948,1020.1426
1545253496982,1020.1426
1545253497018,1020.1426
1545253497064,1020.1426
1545253497097,1020.12897
1545253497134,1020.12897
1545253497175,1020.12897
1545253497216,1020.12897
1545253497249,1020.1256
1545253497288,1020.1256
1545253497327,1020.1256
1545253497372,1020.1256
1545253497405,1020.1324
1545253497440,1020.1324
1545253497483,1020.1324
1545253497519,1020.1324
1545253497558,1020.14014
1545253497594,1020.14014
1545253497635,1020.14014
1545253497671,1020.14014
1545253497713,1020.1367
1545253497750,1020.1367
1545253497790,1020.1367
1545253497827,1020.1367
1545253497867,1020.14014
1545253497905,1020.14014
1545253497944,1020.14014
1545253497981,1020.14014
1545253498020,1020.12994
1545253498056,1020.12994
1545253498096,1020.12994
1545253498136,1020.12994
1545253498172,1020.1265
1545253498210,1020.1265
1545253498250,1020.1265
1545253498288,1020.1265
1545253498326,1020.1231
1545253498368,1020.1231
1545253498405,1020.1231
1545253498447,1020.1231
1545253498496,1020.13336
1545253498519,1020.13336
1545253498559,1020.13336
1545253498594,1020.13336
1545253498638,1020.1503
1545253498672,1020.1503
1545253498713,1020.1503
1545253498750,1020.1503
1545253498788,1020.15717
1545253498826,1020.15717
1545253498864,1020.15717
1545253498907,1020.15717
1545253498943,1020.16644
1545253498980,1020.16644
1545253499019,1020.16644
1545253499057,1020.16644
1545253499096,1020.17834
1545253499133,1020.17834
1545253499174,1020.17834
1545253499210,1020.17834
1545253499248,1020.16815
1545253499289,1020.16815
1545253499335,1020.16815
1545253499364,1020.16815
1545253499402,1020.1562
1545253499443,1020.1562
1545253499484,1020.1562
1545253499519,1020.1562
1545253499556,1020.1596
1545253499594,1020.1596
1545253499634,1020.1596
1545253499671,1020.1596
1545253499716,1020.1471
1545253499748,1020.1471
1545253499786,1020.1471
1545253499826,1020.1471
1545253499864,1020.1488
1545253499901,1020.1488
1545253499940,1020.1488
1545253499978,1020.1488
1545253500018,1020.15393
1545253500054,1020.15393
1545253500094,1020.15393
1545253500132,1020.15393
1545253500173,1020.15125
1545253500210,1020.15125
1545253500248,1020.15125
1545253500287,1020.15125
1545253500327,1020.1564
1545253500366,1020.1564
1545253500403,1020.1564
1545253500440,1020.1564
1545253500486,1020.16223
1545253500516,1020.16223
1545253500556,1020.16223
1545253500596,1020.16223
1545253500633,1020.17755
1545253500674,1020.17755
1545253500713,1020.17755
1545253500749,1020.17755
1545253500788,1020.17694
1545253500827,1020.17694
1545253500869,1020.17694
1545253500904,1020.17694
1545253500942,1020.1928
1545253500985,1020.1928
1545253501017,1020.1928
1545253501057,1020.1928
1545253501098,1020.1956
1545253501136,1020.1956
1545253501170,1020.1956
1545253501210,1020.1956
1545253501249,1020.20074
1545253501288,1020.20074
1545253501328,1020.20074
1545253501364,1020.20074
1545253501403,1020.21
1545253501442,1020.21
1545253501483,1020.21
1545253501518,1020.21
1545253501557,1020.21515
1545253501600,1020.21515
1545253501637,1020.21515
1545253501671,1020.21515
1545253501712,1020.2185
1545253501751,1020.2185
1545253501787,1020.2185
1545253501827,1020.2185
1545253501863,1020.2168
1545253501903,1020.2168
1545253501943,1020.2168
1545253501986,1020.2168
1545253502018,1020.2032
1545253502058,1020.2032
1545253502096,1020.2032
1545253502136,1020.2032
1545253502171,1020.2066
1545253502209,1020.2066
1545253502252,1020.2066
1545253502288,1020.2066
1545253502325,1020.21436
1545253502364,1020.21436
1545253502401,1020.21436
1545253502443,1020.21436
1545253502481,1020.2211
1545253502516,1020.2211
1545253502569,1020.2211
1545253502597,1020.2211
1545253502634,1020.22516
1545253502675,1020.22516
1545253502717,1020.22516
1545253502749,1020.22516
1545253502788,1020.22455
1545253502825,1020.22455
1545253502863,1020.22455
1545253502903,1020.22455
1545253502944,1020.2371
1545253502984,1020.2371
1545253503016,1020.2371
1545253503056,1020.2371
1545253503097,1020.2337
1545253503134,1020.2337
1545253503173,1020.2337
1545253503210,1020.2337
1545253503249,1020.2337
1545253503291,1020.2337
1545253503329,1020.2337
1545253503368,1020.2337
1545253503404,1020.2331
1545253503439,1020.2331
1545253503479,1020.2331
1545253503516,1020.2331
1545253503557,1020.2541
1545253503596,1020.2541
1545253503634,1020.2541
1545253503673,1020.2541
1545253503710,1020.2592
1545253503748,1020.2592
1545253503786,1020.2592
1545253503829,1020.2592
1545253503866,1020.2688
1545253503904,1020.2688
1545253503940,1020.2688
1545253503979,1020.2688
1545253504017,1020.2688
1545253504059,1020.2688
1545253504095,1020.2688
1545253504133,1020.2688
1545253504174,1020.2671
1545253504210,1020.2671
1545253504250,1020.2671
1545253504287,1020.2671
1545253504329,1020.26544
1545253504369,1020.26544
1545253504403,1020.26544
1545253504441,1020.26544
1545253504479,1020.25006
1545253504517,1020.25006
1545253504555,1020.25006
1545253504597,1020.25006
1545253504636,1020.23895
1545253504671,1020.23895
1545253504712,1020.23895
1545253504748,1020.23895
1545253504788,1020.2332
1545253504826,1020.2332
1545253504866,1020.2332
1545253504902,1020.2332
1545253504941,1020.24347
1545253504980,1020.24347
1545253505022,1020.24347
1545253505055,1020.24347
1545253505093,1020.25366
1545253505137,1020.25366
1545253505172,1020.25366
1545253505214,1020.25366
1545253505247,1020.2544
1545253505286,1020.2544
1545253505328,1020.2544
1545253505363,1020.2544
1545253505404,1020.2552
1545253505438,1020.2552
1545253505480,1020.2552
1545253505517,1020.2552
1545253505555,1020.27045
1545253505595,1020.27045
1545253505631,1020.27045
1545253505674,1020.27045
1545253505713,1020.2767
1545253505747,1020.2767
1545253505786,1020.2767
1545253505828,1020.2767
1545253505867,1020.292
1545253505902,1020.292
1545253505940,1020.292
1545253505980,1020.292
1545253506020,1020.28937
1545253506056,1020.28937
1545253506094,1020.28937
1545253506132,1020.2808
1545253506172,1020.2808
1545253506207,1020.2808
1545253506251,1020.2808
1545253506287,1020.26154
1545253506324,1020.26154
1545253506363,1020.26154
1545253506402,1020.26154
1545253506445,1020.24866
1545253506482,1020.24866
1545253506518,1020.24866
1545253506555,1020.24866
1545253506594,1020.25037
1545253506632,1020.25037
1545253506672,1020.25037
1545253506708,1020.25037
1545253506746,1020.2395
1545253506786,1020.2395
1545253506824,1020.2395
1545253506863,1020.2395
1545253506902,1020.2412
1545253506942,1020.2412
1545253506978,1020.2412
1545253507016,1020.2412
1545253507054,1020.23175
1545253507095,1020.23175
1545253507132,1020.23175
1545253507171,1020.23175
1545253507208,1020.2149
1545253507249,1020.2149
1545253507289,1020.2149
1545253507326,1020.2149
1545253507365,1020.2149
1545253507403,1020.2149
1545253507438,1020.2149
1545253507480,1020.2149
1545253507518,1020.20715
1545253507555,1020.20715
1545253507594,1020.20715
1545253507635,1020.20715
1545253507672,1020.19464
1545253507710,1020.19464
1545253507748,1020.19464
1545253507790,1020.19464
1545253507827,1020.1886
1545253507865,1020.1886
1545253507903,1020.1886
1545253507939,1020.1886
1545253507980,1020.18176
1545253508020,1020.18176
1545253508054,1020.18176
1545253508093,1020.18176
1545253508133,1020.18085
1545253508170,1020.18085
1545253508210,1020.18085
1545253508246,1020.18085
1545253508286,1020.18427
1545253508325,1020.18427
1545253508368,1020.18427
1545253508399,1020.18427
1545253508438,1020.1955
1545253508477,1020.1955
1545253508524,1020.1955
1545253508555,1020.1955
1545253508595,1020.20135
1545253508631,1020.20135
1545253508670,1020.20135
1545253508707,1020.20135
1545253508752,1020.20306
1545253508791,1020.20306
1545253508826,1020.20306
1545253508865,1020.20306
1545253508900,1020.19135
1545253508941,1020.19135
1545253508977,1020.19135
1545253509017,1020.19135
1545253509056,1020.17676
1545253509094,1020.17676
1545253509133,1020.17676
1545253509170,1020.17676
1545253509213,1020.17444
1545253509248,1020.17444
1545253509286,1020.17444
1545253509327,1020.17444
1545253509361,1020.1633
1545253509404,1020.1633
1545253509440,1020.1633
1545253509477,1020.1633
1545253509516,1020.1412
1545253509554,1020.1412
1545253509592,1020.1412
1545253509634,1020.1412
1545253509671,1020.1423
1545253509707,1020.1423
1545253509748,1020.1423
1545253509786,1020.1423
1545253509825,1020.14813
1545253509861,1020.14813
1545253509901,1020.14813
1545253509943,1020.14813
1545253509985,1020.15094
1545253510019,1020.15094
1545253510056,1020.15094
1545253510093,1020.15094
1545253510130,1020.1551
1545253510168,1020.1551
1545253510207,1020.1551
1545253510246,1020.1551
1545253510286,1020.16095
1545253510324,1020.16095
1545253510361,1020.16095
1545253510401,1020.16095
1545253510441,1020.1672
1545253510480,1020.1672
1545253510522,1020.1672
1545253510554,1020.1672
1545253510591,1020.1696
1545253510633,1020.1696
1545253510669,1020.1696
1545253510717,1020.1696
1545253510748,1020.169
1545253510799,1020.169
1545253510826,1020.169
1545253510861,1020.169
1545253510903,1020.1639
1545253510939,1020.1639
1545253510979,1020.1639
1545253511032,1020.1639
1545253511053,1020.16046
1545253511094,1020.16046
1545253511133,1020.16046
1545253511170,1020.16046
1545253511209,1020.1561
1545253511248,1020.1561
1545253511286,1020.1561
1545253511324,1020.1561
1545253511361,1020.1646
1545253511400,1020.1646
1545253511440,1020.1646
1545253511478,1020.1646
1545253511530,1020.1705
1545253511553,1020.1705
1545253511592,1020.1705
1545253511631,1020.1705
1545253511671,1020.1739
1545253511707,1020.1739
1545253511747,1020.1739
1545253511788,1020.1739
1545253511823,1020.16815
1545253511863,1020.16815
1545253511901,1020.16815
1545253511937,1020.16815
1545253511975,1020.15796
1545253512019,1020.15796
1545253512052,1020.15796
1545253512092,1020.15796
1545253512129,1020.1665
1545253512168,1020.1665
1545253512205,1020.1665
1545253512252,1020.1665
1545253512282,1020.1631
1545253512321,1020.1631
1545253512363,1020.1631
1545253512400,1020.1631
1545253512439,1020.16876
1545253512478,1020.16876
1545253512514,1020.16876
1545253512554,1020.16876
1545253512593,1020.17316
1545253512641,1020.17316
1545253512669,1020.17316
1545253512709,1020.17316
1545253512747,1020.1639
1545253512787,1020.1639
1545253512823,1020.1639
1545253512863,1020.1639
1545253512903,1020.1458
1545253512939,1020.1458
1545253512977,1020.1458
1545253513026,1020.1458
1545253513054,1020.1422
1545253513091,1020.1422
1545253513131,1020.1422
1545253513172,1020.1422
1545253513206,1020.1305
1545253513247,1020.1305
1545253513286,1020.1305
1545253513325,1020.1305
1545253513364,1020.1174
1545253513399,1020.1174
1545253513438,1020.1174
1545253513476,1020.1174
1545253513520,1020.13763
1545253513554,1020.13763
1545253513592,1020.13763
1545253513631,1020.13763
1545253513671,1020.1344
1545253513711,1020.1344
1545253513751,1020.1344
1545253513785,1020.1344
1545253513823,1020.13995
1545253513863,1020.13995
1545253513901,1020.13995
1545253513939,1020.13995
1545253513980,1020.13153
1545253514018,1020.13153
1545253514053,1020.13153
1545253514092,1020.13153
1545253514130,1020.1408
1545253514171,1020.1408
1545253514206,1020.1408
1545253514248,1020.1408
1545253514286,1020.1294
1545253514323,1020.1294
1545253514361,1020.1294
1545253514401,1020.1294
1545253514440,1020.1328
1545253514480,1020.1328
1545253514517,1020.1328
1545253514553,1020.1328
1545253514590,1020.1282
1545253514631,1020.1282
1545253514667,1020.1282
1545253514709,1020.1282
1545253514745,1020.10614
1545253514785,1020.10614
1545253514823,1020.10614
1545253514861,1020.10614
1545253514901,1020.0837
1545253514937,1020.0837
1545253514978,1020.0837
1545253515015,1020.0837
1545253515055,1020.0647
1545253515095,1020.0647
1545253515131,1020.0647
1545253515168,1020.0647
1545253515208,1020.0687
1545253515246,1020.0687
1545253515282,1020.0687
1545253515321,1020.0687
1545253515359,1020.05853
1545253515400,1020.05853
1545253515442,1020.05853
1545253515476,1020.05853
1545253515523,1020.0592
1545253515565,1020.0592
1545253515591,1020.0592
1545253515629,1020.0592
1545253515669,1020.06976
1545253515708,1020.06976
1545253515749,1020.06976
1545253515783,1020.06976
1545253515823,1020.06866
1545253515860,1020.06866
1545253515902,1020.06866
1545253515938,1020.06866
1545253515976,1020.05664
1545253516021,1020.05664
1545253516052,1020.05664
1545253516093,1020.05664
1545253516130,1020.06226
1545253516169,1020.06226
1545253516208,1020.06226
1545253516249,1020.06226
1545253516289,1020.0612
1545253516324,1020.0612
1545253516361,1020.0612
1545253516399,1020.0612
1545253516438,1020.0601
1545253516484,1020.0601
1545253516513,1020.0601
1545253516552,1020.0601
1545253516590,1020.0631
1545253516630,1020.0631
1545253516671,1020.0631
1545253516707,1020.0631
1545253516746,1020.05865
1545253516785,1020.05865
1545253516822,1020.05865
1545253516860,1020.05865
1545253516899,1020.0653
1545253516938,1020.0653
1545253516976,1020.0653
1545253517018,1020.0653
1545253517053,1020.07166
1545253517091,1020.07166
1545253517130,1020.07166
1545253517169,1020.08514
1545253517210,1020.08514
1545253517245,1020.08514
1545253517285,1020.08514
1545253517322,1020.0875
1545253517361,1020.0875
1545253517399,1020.0875
1545253517437,1020.0875
1545253517479,1020.07855
1545253517518,1020.07855
1545253517551,1020.07855
1545253517590,1020.07855
1545253517628,1020.07684
1545253517675,1020.07684
1545253517709,1020.07684
1545253517754,1020.07684
1545253517783,1020.08905
1545253517821,1020.08905
1545253517862,1020.08905
1545253517899,1020.08905
1545253517937,1020.0925
1545253517978,1020.0925
1545253518016,1020.0925
1545253518055,1020.0925
1545253518092,1020.1017
1545253518130,1020.1017
1545253518168,1020.1017
1545253518208,1020.1017
1545253518246,1020.1014
1545253518285,1020.1014
1545253518322,1020.1014
1545253518365,1020.1014
1545253518399,1020.113
1545253518439,1020.113
1545253518487,1020.113
1545253518517,1020.113
1545253518549,1020.1181
1545253518589,1020.1181
1545253518627,1020.1181
1545253518666,1020.1181
1545253518707,1020.1152
1545253518744,1020.1152
1545253518786,1020.1152
1545253518823,1020.1152
1545253518861,1020.1254
1545253518902,1020.1254
1545253518940,1020.1254
1545253518978,1020.1254
1545253519015,1020.1304
1545253519055,1020.1304
1545253519090,1020.1304
1545253519128,1020.1304
1545253519168,1020.1329
1545253519205,1020.1329
1545253519245,1020.1329
1545253519284,1020.1329
1545253519322,1020.12494
1545253519360,1020.12494
1545253519400,1020.12494
1545253519437,1020.12494
1545253519478,1020.124
1545253519514,1020.124
1545253519568,1020.124
1545253519592,1020.124
1545253519628,1020.12555
1545253519667,1020.12555
1545253519706,1020.12555
1545253519756,1020.12555
1545253519785,1020.1356
1545253519822,1020.1356
1545253519859,1020.1356
1545253519899,1020.1356
1545253519937,1020.1409
1545253519974,1020.1409
1545253520016,1020.1409
1545253520053,1020.1409
1545253520090,1020.1459
1545253520147,1020.1459
1545253520167,1020.1459
1545253520208,1020.1459
1545253520244,1020.15594
1545253520283,1020.15594
1545253520320,1020.15594
1545253520358,1020.15594
1545253520397,1020.1637
1545253520434,1020.1637
1545253520474,1020.1637
1545253520513,1020.1637
1545253520551,1020.1575
1545253520588,1020.1575
1545253520627,1020.1575
1545253520667,1020.1575
1545253520705,1020.1635
1545253520745,1020.1635
1545253520784,1020.1635
1545253520822,1020.1635
1545253520864,1020.1668
1545253520897,1020.1668
1545253520937,1020.1668
1545253520974,1020.1668
1545253521016,1020.1651
1545253521053,1020.1651
1545253521088,1020.1651
1545253521128,1020.1651
1545253521166,1020.15906
1545253521205,1020.15906
1545253521245,1020.15906
1545253521282,1020.15906
1545253521322,1020.1481
1545253521361,1020.1481
1545253521398,1020.1481
1545253521443,1020.1481
1545253521476,1020.14294
1545253521513,1020.14294
1545253521553,1020.14294
1545253521591,1020.14294
1545253521629,1020.13275
1545253521666,1020.13275
1545253521712,1020.13275
1545253521746,1020.13275
1545253521782,1020.13165
1545253521820,1020.13165
1545253521858,1020.13165
1545253521895,1020.13165
1545253521935,1020.1265
1545253521973,1020.1265
1545253522012,1020.1265
1545253522051,1020.1265
1545253522087,1020.1265
1545253522128,1020.1265
1545253522168,1020.1265
1545253522205,1020.1265
1545253522244,1020.1265
1545253522282,1020.1265
1545253522323,1020.1265
1545253522366,1020.1265
1545253522397,1020.1384
1545253522437,1020.1384
1545253522474,1020.1384
1545253522513,1020.1384
1545253522553,1020.14294
1545253522589,1020.14294
1545253522627,1020.14294
1545253522666,1020.14294
1545253522708,1020.147
1545253522745,1020.147
1545253522781,1020.147
1545253522821,1020.147
1545253522860,1020.1481
1545253522897,1020.1481
1545253522938,1020.1481
1545253522976,1020.1481
1545253523013,1020.1514
1545253523063,1020.1514
1545253523089,1020.1514
1545253523127,1020.1514
1545253523166,1020.15314
1545253523205,1020.15314
1545253523243,1020.15314
1545253523284,1020.15314
1545253523324,1020.15314
1545253523379,1020.15314
1545253523399,1020.15314
1545253523439,1020.15314
1545253523475,1020.1403
1545253523512,1020.1403
1545253523553,1020.1403
1545253523590,1020.1403
1545253523627,1020.14124
1545253523665,1020.14124
1545253523706,1020.14124
1545253523746,1020.14124
1545253523788,1020.1335
1545253523821,1020.1335
1545253523860,1020.1335
1545253523900,1020.1335
1545253523937,1020.125
1545253523976,1020.125
1545253524014,1020.125
1545253524054,1020.125
1545253524089,1020.11414
1545253524131,1020.11414
1545253524166,1020.11414
1545253524206,1020.11414
1545253524245,1020.11755
1545253524283,1020.11755
1545253524325,1020.11755
1545253524363,1020.11755
1545253524399,1020.1233
1545253524435,1020.1233
1545253524473,1020.1233
1545253524512,1020.1233
1545253524557,1020.1199
1545253524587,1020.1199
1545253524627,1020.1199
1545253524667,1020.1199
1545253524707,1020.1216
1545253524746,1020.1216
1545253524782,1020.1216
1545253524822,1020.1216
1545253524860,1020.1318
1545253524902,1020.1318
1545253524937,1020.1318
1545253524973,1020.1318
1545253525014,1020.14545
1545253525053,1020.14545
1545253525089,1020.14545
1545253525128,1020.14545
1545253525167,1020.15393
1545253525205,1020.15393
1545253525244,1020.15393
1545253525282,1020.15393
1545253525321,1020.16754
1545253525359,1020.16754
1545253525395,1020.16754
1545253525435,1020.16754
1545253525474,1020.177
1545253525514,1020.177
1545253525550,1020.177
1545253525587,1020.177
1545253525631,1020.18384
1545253525667,1020.18384
1545253525704,1020.18384
1545253525743,1020.18384
1545253525783,1020.1804
1545253525820,1020.1804
1545253525857,1020.1804
1545253525896,1020.1804
1545253525933,1020.18384
1545253525974,1020.18384
1545253526012,1020.18384
1545253526048,1020.18384
1545253526087,1020.1795
1545253526131,1020.1795
1545253526166,1020.1795
1545253526205,1020.1795
1545253526244,1020.18115
1545253526283,1020.18115
1545253526320,1020.18115
1545253526359,1020.18115
1545253526397,1020.188
1545253526439,1020.188
1545253526473,1020.188
1545253526512,1020.188
1545253526553,1020.188
1545253526587,1020.188
1545253526626,1020.188
1545253526670,1020.188
1545253526705,1020.1778
1545253526744,1020.1778
1545253526783,1020.1778
1545253526820,1020.1778
1545253526858,1020.18225
1545253526898,1020.18225
1545253526937,1020.18225
1545253526973,1020.18225
1545253527012,1020.18115
1545253527051,1020.18115
1545253527089,1020.18115
1545253527128,1020.18115
1545253527167,1020.16693
1545253527204,1020.16693
1545253527244,1020.16693
1545253527282,1020.16693
1545253527321,1020.1694
1545253527359,1020.1694
1545253527399,1020.1694
1545253527437,1020.1694
1545253527475,1020.1637
1545253527523,1020.1637
1545253527551,1020.1637
1545253527587,1020.1637
1545253527628,1020.15936
1545253527666,1020.15936
1545253527704,1020.15936
1545253527744,1020.15936
1545253527781,1020.1628
1545253527820,1020.1628
1545253527857,1020.1628
1545253527895,1020.1508
1545253527940,1020.1465
1545253527974,1020.1465
1545253528014,1020.1465
1545253528050,1020.1397
1545253528088,1020.1397
1545253528127,1020.1397
1545253528166,1020.1397
1545253528204,1020.134
1545253528242,1020.134
1545253528281,1020.134
1545253528319,1020.134
1545253528357,1020.11707
1545253528396,1020.11707
1545253528436,1020.11707
1545253528473,1020.11707
1545253528512,1020.11786
1545253528550,1020.11786
1545253528587,1020.11786
1545253528625,1020.11786
1545253528666,1020.11346
1545253528704,1020.11346
1545253528744,1020.11346
1545253528781,1020.11346
1545253528822,1020.11456
1545253528860,1020.11456
1545253528899,1020.11456
1545253528934,1020.11456
1545253528972,1020.1265
1545253529013,1020.1265
1545253529050,1020.1265
1545253529087,1020.1265
1545253529125,1020.1409
1545253529166,1020.1409
1545253529205,1020.1409
1545253529241,1020.1409
1545253529279,1020.1386
1545253529319,1020.1386
1545253529359,1020.1386
1545253529398,1020.1386
1545253529435,1020.1359
1545253529473,1020.1359
1545253529512,1020.1359
1545253529549,1020.1359
1545253529591,1020.1251
1545253529627,1020.1251
1545253529665,1020.1251
1545253529705,1020.1251
1545253529743,1020.1225
1545253529781,1020.1225
1545253529818,1020.1225
1545253529857,1020.1225
1545253529901,1020.1175
1545253529935,1020.1175
1545253529973,1020.1175
1545253530012,1020.1175
1545253530050,1020.1319
1545253530109,1020.1319
1545253530126,1020.1319
1545253530165,1020.1319
1545253530206,1020.14154
1545253530243,1020.14154
1545253530279,1020.14154
1545253530319,1020.14154
1545253530364,1020.1345
1545253530399,1020.1345
1545253530433,1020.1345
1545253530472,1020.1345
1545253530515,1020.1305
1545253530548,1020.1305
1545253530594,1020.1305
1545253530627,1020.1305
1545253530671,1020.11536
1545253530704,1020.11536
1545253530742,1020.11536
1545253530780,1020.11536
1545253530821,1020.111
1545253530857,1020.111
1545253530895,1020.111
1545253530935,1020.111
1545253530973,1020.1212
1545253531011,1020.1212
1545253531051,1020.1212
1545253531091,1020.1212
1545253531126,1020.13556
1545253531167,1020.13556
1545253531201,1020.13556
1545253531241,1020.13556
1545253531284,1020.13666
1545253531317,1020.13666
1545253531358,1020.13666
1545253531394,1020.13666
1545253531433,1020.12494
1545253531470,1020.12494
1545253531510,1020.12494
1545253531549,1020.12494
1545253531591,1020.1215
1545253531627,1020.1215
1545253531666,1020.1215
1545253531704,1020.1215
1545253531743,1020.1064
1545253531780,1020.1064
1545253531818,1020.1064
1545253531856,1020.1064
1545253531901,1020.09595
1545253531936,1020.09595
1545253531971,1020.09595
1545253532014,1020.09595
1545253532052,1020.09595
1545253532087,1020.09595
1545253532125,1020.09595
1545253532164,1020.09595
1545253532202,1020.091
1545253532244,1020.091
1545253532283,1020.091
1545253532320,1020.091
1545253532360,1020.0995
1545253532397,1020.0995
1545253532434,1020.0995
1545253532474,1020.0995
1545253532511,1020.1057
1545253532551,1020.1057
1545253532595,1020.1057
1545253532625,1020.1057
1545253532669,1020.1031
1545253532705,1020.1031
1545253532741,1020.1031
1545253532779,1020.1031
1545253532818,1020.1014
1545253532855,1020.1014
1545253532895,1020.1014
1545253532934,1020.1014
1545253532973,1020.0921
1545253533012,1020.0921
1545253533052,1020.0921
1545253533093,1020.0921
1545253533126,1020.0802
1545253533163,1020.0802
1545253533203,1020.0802
1545253533242,1020.0802
1545253533280,1020.0666
1545253533326,1020.0666
1545253533357,1020.0666
1545253533396,1020.0666
1545253533435,1020.0817
1545253533471,1020.0817
1545253533513,1020.0817
1545253533549,1020.0817
1545253533591,1020.0892
1545253533624,1020.0892
1545253533666,1020.0892
1545253533704,1020.0892
1545253533743,1020.10803
1545253533780,1020.10803
1545253533821,1020.10803
1545253533857,1020.10803
1545253533900,1020.1257
1545253533934,1020.1257
1545253533972,1020.1257
1545253534011,1020.1257
1545253534050,1020.14874
1545253534088,1020.14874
1545253534125,1020.14874
1545253534163,1020.14874
1545253534207,1020.1673
1545253534240,1020.1673
1545253534284,1020.1673
1545253534318,1020.1673
1545253534358,1020.17645
1545253534395,1020.17645
1545253534434,1020.17645
1545253534471,1020.17645
1545253534513,1020.1808
1545253534549,1020.1808
1545253534588,1020.1808
1545253534627,1020.1808
1545253534663,1020.1834
1545253534703,1020.1834
1545253534741,1020.1834
1545253534781,1020.1834
1545253534821,1020.18915
1545253534860,1020.18915
1545253534893,1020.18915
1545253534935,1020.18915
1545253534975,1020.1935
1545253535009,1020.1935
1545253535049,1020.1935
1545253535087,1020.1935
1545253535125,1020.206
1545253535165,1020.206
1545253535202,1020.206
1545253535241,1020.206
1545253535279,1020.2113
1545253535316,1020.2113
1545253535358,1020.2113
1545253535398,1020.2113
1545253535433,1020.20966
1545253535470,1020.20966
1545253535511,1020.20966
1545253535560,1020.20966
1545253535588,1020.2085
1545253535629,1020.2085
1545253535662,1020.2085
1545253535701,1020.2085
1545253535744,1020.21796
1545253535781,1020.21796
1545253535816,1020.21796
1545253535856,1020.21796
1545253535894,1020.19586
1545253535932,1020.19586
1545253535974,1020.19586
1545253536011,1020.19586
1545253536049,1020.19415
1545253536089,1020.19415
1545253536127,1020.19415
1545253536164,1020.19415
1545253536203,1020.1811
1545253536239,1020.1811
1545253536279,1020.1811
1545253536317,1020.1811
1545253536356,1020.1556
1545253536395,1020.1556
1545253536433,1020.1556
1545253536476,1020.1556
1545253536512,1020.1346
1545253536548,1020.1346
1545253536589,1020.1346
1545253536627,1020.1346
1545253536662,1020.1318
1545253536701,1020.1318
1545253536742,1020.1318
1545253536779,1020.1318
1545253536820,1020.1225
1545253536856,1020.1225
1545253536894,1020.1225
1545253536932,1020.1225
1545253536974,1020.10376
1545253537009,1020.10376
1545253537048,1020.10376
1545253537086,1020.10376
1545253537124,1020.0977
1545253537163,1020.0977
1545253537205,1020.0977
1545253537241,1020.0977
1545253537279,1020.0994
1545253537320,1020.0994
1545253537356,1020.0994
1545253537397,1020.0994
1545253537431,1020.0971
1545253537471,1020.0971
1545253537509,1020.0971
1545253537548,1020.0971
1545253537591,1020.092
1545253537625,1020.092
1545253537663,1020.092
1545253537702,1020.092
1545253537742,1020.0971
1545253537779,1020.0971
1545253537816,1020.0971
1545253537856,1020.0971
1545253537898,1020.1183
1545253537934,1020.1183
1545253537972,1020.1183
1545253538009,1020.1183
1545253538050,1020.12445
1545253538086,1020.12445
1545253538127,1020.12445
1545253538166,1020.12445
1545253538203,1020.1058
1545253538239,1020.1058
1545253538277,1020.1058
1545253538316,1020.1058
1545253538357,1020.0921
1545253538396,1020.0921
1545253538431,1020.0921
1545253538473,1020.0921
1545253538510,1020.07684
1545253538547,1020.07684
1545253538586,1020.07684
1545253538624,1020.0955
1545253538663,1020.0912
1545253538700,1020.0912
1545253538740,1020.0912
1545253538779,1020.081
1545253538815,1020.081
1545253538858,1020.081
1545253538894,1020.081
1545253538934,1020.0562
1545253538973,1020.0562
1545253539012,1020.0562
1545253539048,1020.0562
1545253539086,1020.0301
1545253539124,1020.0301
1545253539164,1020.0301
1545253539202,1020.0301
1545253539241,1020.03687
1545253539279,1020.03687
1545253539324,1020.03687
1545253539355,1020.03687
1545253539394,1020.04785
1545253539436,1020.04785
1545253539472,1020.04785
1545253539509,1020.04785
1545253539550,1020.066
1545253539588,1020.066
1545253539625,1020.066
1545253539662,1020.066
1545253539703,1020.0701
1545253539739,1020.0701
1545253539779,1020.0701
1545253539818,1020.0701
1545253539856,1020.076
1545253539894,1020.076
1545253539935,1020.076
1545253539969,1020.076
1545253540007,1020.0839
1545253540048,1020.0839
1545253540086,1020.0839
1545253540127,1020.0839
1545253540163,1020.08636
1545253540203,1020.08636
1545253540239,1020.08636
1545253540279,1020.08636
1545253540316,1020.1034
1545253540356,1020.1034
1545253540397,1020.1034
1545253540432,1020.1034
1545253540473,1020.09766
1545253540508,1020.09766
1545253540548,1020.09766
1545253540603,1020.09766
1545253540623,1020.0933
1545253540666,1020.0933
1545253540703,1020.0933
1545253540738,1020.0933
1545253540777,1020.0918
1545253540815,1020.0918
1545253540852,1020.0918
1545253540891,1020.0918
1545253540930,1020.1027
1545253540968,1020.1027
1545253541007,1020.1027
1545253541048,1020.1027
1545253541085,1020.1038
1545253541122,1020.1038
1545253541161,1020.1038
1545253541199,1020.1038
1545253541240,1020.1029
1545253541279,1020.1029
1545253541320,1020.1029
1545253541356,1020.1029
1545253541392,1020.1012
1545253541431,1020.1012
1545253541471,1020.1012
1545253541512,1020.1012
1545253541549,1020.08435
1545253541587,1020.08435
1545253541650,1020.08435
1545253541662,1020.08435
1545253541700,1020.1004
1545253541739,1020.1004
1545253541779,1020.1004
1545253541817,1020.1004
1545253541854,1020.1152
1545253541893,1020.1152
1545253541934,1020.1152
1545253541970,1020.1152
1545253542010,1020.1363
1545253542046,1020.1363
1545253542086,1020.1363
1545253542126,1020.1363
1545253542163,1020.1653
1545253542200,1020.1653
1545253542240,1020.1653
1545253542277,1020.1653
1545253542315,1020.1756
1545253542355,1020.1756
1545253542391,1020.1756
1545253542431,1020.1756
1545253542480,1020.18414
1545253542508,1020.18414
1545253542547,1020.18414
1545253542584,1020.18414
1545253542624,1020.1767
1545253542662,1020.1767
1545253542701,1020.1767
1545253542738,1020.1767
1545253542778,1020.18695
1545253542815,1020.18695
1545253542854,1020.18695
1545253542899,1020.18695
1545253542933,1020.20905
1545253542971,1020.20905
1545253543007,1020.20905
1545253543046,1020.20905
1545253543085,1020.21246
1545253543132,1020.21246
1545253543161,1020.21246
1545253543200,1020.21246
1545253543239,1020.20905
1545253543280,1020.20905
1545253543315,1020.20905
1545253543352,1020.20905
1545253543393,1020.2199
1545253543433,1020.2199
1545253543469,1020.2199
1545253543510,1020.2199
1545253543548,1020.2191
1545253543586,1020.2191
1545253543625,1020.2191
1545253543663,1020.2191
1545253543701,1020.21466
1545253543747,1020.21466
1545253543777,1020.21466
1545253543816,1020.21466
1545253543858,1020.2156
1545253543894,1020.2156
1545253543939,1020.2156
1545253543972,1020.2156
1545253544006,1020.1967
1545253544047,1020.1967
1545253544085,1020.1967
1545253544124,1020.1967
1545253544164,1020.1761
1545253544200,1020.1761
1545253544238,1020.1761
1545253544276,1020.1761
1545253544318,1020.1805
1545253544354,1020.1805
1545253544393,1020.1805
1545253544431,1020.1805
1545253544470,1020.1905
1545253544515,1020.1905
1545253544547,1020.1905
1545253544586,1020.1905
1545253544631,1020.1964
1545253544662,1020.1964
1545253544702,1020.1964
1545253544739,1020.1964
1545253544778,1020.1946
1545253544821,1020.1946
1545253544854,1020.1946
1545253544894,1020.1946
1545253544931,1020.20123
1545253544969,1020.20123
1545253545006,1020.20123
1545253545046,1020.20123
1545253545085,1020.1977
1545253545130,1020.1977
1545253545160,1020.1977
1545253545200,1020.1977
1545253545238,1020.2077
1545253545277,1020.2077
1545253545317,1020.2077
1545253545356,1020.2077
1545253545392,1020.21643
1545253545460,1020.21643
1545253545470,1020.21643
1545253545506,1020.21643
1545253545545,1020.21967
1545253545584,1020.21967
1545253545625,1020.21967
1545253545660,1020.21967
1545253545699,1020.2254
1545253545739,1020.2254
1545253545778,1020.2254
1545253545814,1020.2254
1545253545853,1020.2263
1545253545893,1020.2263
1545253545931,1020.2263
1545253545967,1020.2263
1545253546009,1020.21875
1545253546046,1020.21875
1545253546085,1020.21875
1545253546124,1020.21875
1545253546161,1020.2084
1545253546199,1020.2084
1545253546239,1020.2084
1545253546278,1020.2084
1545253546319,1020.2022
1545253546356,1020.2022
1545253546393,1020.2022
1545253546432,1020.2022
1545253546468,1020.215
1545253546509,1020.215
1545253546547,1020.215
1545253546583,1020.215
1545253546626,1020.2105
1545253546659,1020.2105
1545253546701,1020.2105
1545253546738,1020.2105
1545253546776,1020.2142
1545253546815,1020.2142
1545253546854,1020.2142
1545253546893,1020.2142
1545253546931,1020.20795
1545253546968,1020.20795
1545253547008,1020.20795
1545253547046,1020.20795
1545253547084,1020.2045
1545253547121,1020.2045
1545253547159,1020.2045
1545253547198,1020.2045
1545253547239,1020.2055
1545253547275,1020.2055
1545253547317,1020.2055
1545253547354,1020.2055
1545253547400,1020.2027
1545253547429,1020.2027
1545253547467,1020.2027
1545253547508,1020.2027
1545253547547,1020.1917
1545253547587,1020.1917
1545253547624,1020.1917
1545253547660,1020.1917
1545253547699,1020.1985
1545253547738,1020.1985
1545253547777,1020.1985
1545253547815,1020.1985
1545253547854,1020.20703
1545253547891,1020.20703
1545253547929,1020.20703
1545253547968,1020.20703
1545253548007,1020.2036
1545253548047,1020.2036
1545253548084,1020.2036
1545253548121,1020.2036
1545253548160,1020.2036
1545253548199,1020.2036
1545253548238,1020.2036
1545253548275,1020.2036
1545253548315,1020.2036
1545253548353,1020.2036
1545253548390,1020.2036
1545253548431,1020.2036
1545253548470,1020.2182
1545253548514,1020.2182
1545253548547,1020.2182
1545253548583,1020.2165
1545253548621,1020.2165
1545253548661,1020.2165
1545253548698,1020.2165
1545253548737,1020.22156
1545253548777,1020.22156
1545253548816,1020.22156
1545253548854,1020.22156
1545253548896,1020.2284
1545253548931,1020.2284
1545253548969,1020.2284
1545253549007,1020.2284
1545253549045,1020.22577
1545253549086,1020.22577
1545253549122,1020.22577
1545253549160,1020.22577
1545253549201,1020.22064
1545253549240,1020.22064
1545253549281,1020.22064
1545253549316,1020.22064
1545253549352,1020.2138
1545253549395,1020.2138
1545253549430,1020.2138
1545253549469,1020.2138
1545253549505,1020.2131
1545253549546,1020.2131
1545253549582,1020.2131
1545253549622,1020.2131
1545253549663,1020.1934
1545253549699,1020.1934
1545253549737,1020.1934
1545253549778,1020.1934
1545253549817,1020.17633
1545253549853,1020.17633
1545253549890,1020.17633
1545253549930,1020.17633
1545253549970,1020.1567
1545253550009,1020.1567
1545253550046,1020.1567
1545253550083,1020.1567
1545253550123,1020.15607
1545253550162,1020.15607
1545253550197,1020.15607
1545253550237,1020.15607
1545253550276,1020.14667
1545253550314,1020.14667
1545253550352,1020.14667
1545253550393,1020.14667
1545253550428,1020.1188
1545253550468,1020.1188
1545253550506,1020.1188
1545253550544,1020.1188
1545253550584,1020.1086
1545253550621,1020.1086
1545253550660,1020.1086
1545253550697,1020.1086
1545253550737,1020.1008
1545253550774,1020.1008
1545253550812,1020.1008
1545253550852,1020.1008
1545253550903,1020.0804
1545253550930,1020.0804
1545253550969,1020.0804
1545253551008,1020.0804
1545253551046,1020.0999
1545253551082,1020.0999
1545253551121,1020.0999
1545253551161,1020.0999
1545253551197,1020.1078
1545253551239,1020.1078
1545253551275,1020.1078
1545253551317,1020.1078
1545253551353,1020.1129
1545253551398,1020.1129
1545253551431,1020.1129
1545253551469,1020.1129
1545253551507,1020.11646
1545253551545,1020.11646
1545253551585,1020.11646
1545253551621,1020.11646
1545253551659,1020.1121
1545253551699,1020.1121
1545253551741,1020.1121
1545253551780,1020.1121
1545253551819,1020.1098
1545253551855,1020.1098
1545253551894,1020.1098
1545253551934,1020.1098
1545253551972,1020.1115
1545253552006,1020.1115
1545253552046,1020.1115
1545253552082,1020.1115
1545253552122,1020.10376
1545253552160,1020.10376
1545253552199,1020.10376
1545253552237,1020.10376
1545253552275,1020.0969
1545253552314,1020.0969
1545253552353,1020.0969
1545253552390,1020.0969
1545253552429,1020.0824
1545253552470,1020.0824
1545253552508,1020.0824
1545253552544,1020.0824
1545253552590,1020.0818
1545253552620,1020.0818
1545253552660,1020.0818
1545253552697,1020.0818
1545253552736,1020.08514
1545253552776,1020.08514
1545253552817,1020.08514
1545253552854,1020.08514
1545253552892,1020.08514
1545253552930,1020.08514
1545253552966,1020.08514
1545253553005,1020.08514
1545253553043,1020.08936
1545253553084,1020.08936
1545253553121,1020.08936
1545253553165,1020.08936
1545253553198,1020.0954
1545253553236,1020.0954
1545253553275,1020.0954
1545253553314,1020.0954
1545253553352,1020.1096
1545253553394,1020.1096
1545253553429,1020.1096
1545253553467,1020.1096
1545253553508,1020.0977
1545253553545,1020.0977
1545253553582,1020.0977
1545253553620,1020.0977
1545253553659,1020.0909
1545253553697,1020.0909
1545253553737,1020.0909
1545253553773,1020.0909
1545253553816,1020.08673
1545253553852,1020.08673
1545253553890,1020.08673
1545253553931,1020.08673
1545253553972,1020.0953
1545253554005,1020.0953
1545253554041,1020.0953
1545253554080,1020.0953
1545253554120,1020.07916
1545253554157,1020.07916
1545253554198,1020.07916
1545253554235,1020.07916
1545253554277,1020.06445
1545253554314,1020.06445
1545253554354,1020.06445
1545253554390,1020.06445
1545253554431,1020.045
1545253554467,1020.045
1545253554506,1020.045
1545253554546,1020.045
1545253554583,1020.0262
1545253554621,1020.0262
1545253554659,1020.0262
1545253554696,1020.0262
1545253554736,1020.02094
1545253554775,1020.02094
1545253554814,1020.02094
1545253554854,1020.02094
1545253554888,1019.9665
1545253554928,1019.9665
1545253554966,1019.9665
1545253555005,1019.9665
1545253555044,1019.94495
1545253555085,1019.94495
1545253555121,1019.94495
1545253555159,1019.94495
1545253555199,1019.9374
1545253555238,1019.9374
1545253555274,1019.9374
1545253555312,1019.9374
1545253555350,1019.96124
1545253555396,1019.96124
1545253555428,1019.96124
1545253555465,1019.96124
1545253555506,1019.9527
1545253555542,1019.9527
1545253555582,1019.9527
1545253555623,1019.9527
1545253555660,1019.9537
1545253555696,1019.9537
1545253555736,1019.9537
1545253555773,1019.9537
1545253555815,1019.9417
1545253555851,1019.9417
1545253555892,1019.9417
1545253555930,1019.9417
1545253555966,1019.93384
1545253556006,1019.93384
1545253556044,1019.93384
1545253556086,1019.93384
1545253556123,1019.94403
1545253556165,1019.94403
1545253556195,1019.94403
1545253556237,1019.94403
1545253556272,1019.9526
1545253556314,1019.9526
1545253556354,1019.9526
1545253556388,1019.9526
1545253556429,1019.9526
1545253556466,1019.9526
1545253556505,1019.9526
1545253556546,1019.9526
1545253556581,1019.962
1545253556618,1019.962
1545253556674,1019.962
1545253556697,1019.962
1545253556735,1019.95593
1545253556774,1019.95593
1545253556813,1019.95593
1545253556850,1019.95593
1545253556892,1019.9501
1545253556928,1019.9501
1545253556969,1019.9501
1545253557004,1019.9501
1545253557044,1019.9526
1545253557084,1019.9526
1545253557119,1019.9526
1545253557159,1019.9526
1545253557197,1019.95087
1545253557235,1019.95087
1545253557275,1019.95087
1545253557315,1019.95087
1545253557352,1019.95593
1545253557390,1019.95593
1545253557430,1019.95593
1545253557466,1019.95593
1545253557509,1019.9662
1545253557544,1019.9662
1545253557581,1019.9662
1545253557620,1019.9662
1545253557658,1019.9798
1545253557696,1019.9798
1545253557737,1019.9798
1545253557773,1019.9798
1545253557815,1019.97235
1545253557851,1019.97235
1545253557889,1019.97235
1545253557927,1019.97235
1545253557967,1019.9809
1545253558004,1019.9809
1545253558044,1019.9809
1545253558086,1019.9809
1545253558121,1019.968
1545253558159,1019.968
1545253558197,1019.968
1545253558237,1019.968
1545253558276,1019.9578
1545253558315,1019.9578
1545253558352,1019.9578
1545253558392,1019.9578
1545253558428,1019.9501
1545253558466,1019.9501
1545253558503,1019.9501
1545253558544,1019.975
1545253558581,1019.975
1545253558619,1019.975
1545253558660,1019.975
1545253558695,1019.9784
1545253558734,1019.9784
1545253558773,1019.9784
1545253558812,1019.9784
1545253558850,1019.9835
1545253558890,1019.9835
1545253558928,1019.9835
1545253558966,1019.9835
1545253559005,1019.9928
1545253559044,1019.9928
1545253559083,1019.9928
1545253559120,1019.9928
1545253559162,1020.0007
1545253559195,1020.0007
1545253559234,1020.0007
1545253559273,1020.0007
1545253559314,1020.0092
1545253559351,1020.0092
1545253559389,1020.0092
1545253559426,1020.0092
1545253559466,1020.0219
1545253559507,1020.0219
1545253559544,1020.0219
1545253559581,1020.0219
1545253559618,1020.0185
1545253559657,1020.0185
1545253559695,1020.0185
1545253559735,1020.0185
1545253559775,1020.0076
1545253559813,1020.0076
1545253559852,1020.0076
1545253559892,1020.0076
1545253559928,1019.98285
1545253559971,1019.98285
1545253560004,1019.98285
1545253560053,1019.98285
1545253560083,1019.98114
1545253560116,1019.98114
1545253560155,1019.98114
1545253560195,1019.98114
1545253560232,1019.97437
1545253560273,1019.97437
1545253560310,1019.97437
1545253560347,1019.97437
1545253560386,1019.9694
1545253560426,1019.9694
1545253560464,1019.9694
1545253560502,1019.9694
1545253560542,1019.966
1545253560581,1019.966
1545253560616,1019.966
1545253560656,1019.966
1545253560693,1019.9821
1545253560735,1019.9821
1545253560771,1019.9821
1545253560809,1019.9821
1545253560848,1019.9821
1545253560888,1019.9821
1545253560924,1019.9821
1545253560963,1019.9821
1545253561008,1019.97296
1545253561048,1019.97296
1545253561084,1019.97296
1545253561118,1019.97296
1545253561157,1019.9781
1545253561193,1019.9781
1545253561233,1019.9781
1545253561272,1019.9781
1545253561309,1019.9506
1545253561347,1019.9506
1545253561386,1019.9506
1545253561429,1019.9506
1545253561463,1019.94666
1545253561505,1019.94666
1545253561543,1019.94666
1545253561581,1019.94666
1545253561619,1019.9398
1545253561656,1019.9398
1545253561695,1019.9398
1545253561735,1019.9398
1545253561772,1019.94403
1545253561811,1019.94403
1545253561848,1019.94403
1545253561889,1019.94403
1545253561927,1019.95593
1545253561964,1019.95593
1545253562006,1019.95593
1545253562044,1019.95593
1545253562081,1019.92633
1545253562120,1019.92633
1545253562159,1019.92633
1545253562195,1019.92633
1545253562233,1019.92804
1545253562277,1019.92804
1545253562311,1019.92804
1545253562350,1019.92804
1545253562391,1019.9152
1545253562426,1019.9152
1545253562469,1019.9152
1545253562505,1019.9152
1545253562544,1019.91864
1545253562584,1019.91864
1545253562622,1019.91864
1545253562658,1019.91864
1545253562696,1019.91864
1545253562734,1019.91864
1545253562773,1019.91864
1545253562819,1019.91864
1545253562849,1019.933
1545253562887,1019.933
1545253562928,1019.933
1545253562967,1019.933
1545253563004,1019.93225
1545253563042,1019.93225
1545253563083,1019.93225
1545253563120,1019.93225
1545253563160,1019.939
1545253563198,1019.939
1545253563233,1019.939
1545253563272,1019.939
1545253563314,1019.95874
1545253563349,1019.95874
1545253563388,1019.95874
1545253563425,1019.95874
1545253563467,1019.97577
1545253563506,1019.97577
1545253563542,1019.97577
1545253563579,1019.97577
1545253563619,1019.99
1545253563661,1019.99
1545253563695,1019.99
1545253563736,1019.99
1545253563772,1019.979
1545253563810,1019.979
1545253563854,1019.979
1545253563890,1019.979
1545253563925,1019.96936
1545253563964,1019.96936
1545253564004,1019.96936
1545253564043,1019.96936
1545253564085,1019.9771
1545253564119,1019.9771
1545253564156,1019.9771
1545253564197,1019.9771
1545253564233,1019.97296
1545253564271,1019.97296
1545253564312,1019.97296
1545253564350,1019.97296
1545253564388,1019.9747
1545253564426,1019.9747
1545253564464,1019.9747
1545253564505,1019.9747
1545253564541,1019.95917
1545253564581,1019.95917
1545253564624,1019.95917
1545253564658,1019.95917
1545253564696,1019.9411
1545253564732,1019.9411
1545253564771,1019.9411
1545253564811,1019.9411
1545253564850,1019.93256
1545253564890,1019.93256
1545253564927,1019.93256
1545253564965,1019.93256
1545253565003,1019.9293
1545253565040,1019.9293
1545253565079,1019.9293
1545253565119,1019.9293
1545253565158,1019.9241
1545253565200,1019.9241
1545253565233,1019.9241
1545253565271,1019.9241
1545253565310,1019.92975
1545253565348,1019.92975
1545253565387,1019.92975
1545253565426,1019.92975
1545253565464,1019.90765
1545253565502,1019.90765
1545253565541,1019.90765
1545253565578,1019.90765
1545253565617,1019.89404
1545253565658,1019.89404
1545253565697,1019.89404
1545253565733,1019.89404
1545253565770,1019.8865
1545253565810,1019.8865
1545253565854,1019.8865
1545253565887,1019.8865
1545253565925,1019.87115
1545253565965,1019.87115
1545253566007,1019.87115
1545253566043,1019.87115
1545253566085,1019.89215
1545253566126,1019.89215
1545253566157,1019.89215
1545253566197,1019.89215
1545253566232,1019.94415
1545253566271,1019.94415
1545253566311,1019.94415
1545253566349,1019.94415
1545253566388,1019.96387
1545253566430,1019.96387
1545253566465,1019.96387
1545253566503,1019.96387
1545253566541,1019.9543
1545253566580,1019.9543
1545253566617,1019.9543
1545253566655,1019.9543
1545253566696,1019.9526
1545253566733,1019.9526
1545253566770,1019.9526
1545253566810,1019.9526
1545253566846,1019.9399
1545253566886,1019.9399
1545253566926,1019.9399
1545253566967,1019.9399
1545253567004,1019.9382
1545253567040,1019.9382
1545253567081,1019.9382
1545253567118,1019.9382
1545253567157,1019.90753
1545253567196,1019.90753
1545253567233,1019.90753
1545253567272,1019.90753
1545253567310,1019.8786
1545253567347,1019.8786
1545253567389,1019.8786
1545253567426,1019.8786
1545253567464,1019.8632
1545253567503,1019.8632
1545253567539,1019.8632
1545253567580,1019.8632
1545253567617,1019.86835
1545253567656,1019.86835
1545253567694,1019.86835
1545253567731,1019.86835
1545253567769,1019.8888
1545253567810,1019.8888
1545253567851,1019.8888
1545253567886,1019.8888
1545253567925,1019.92346
1545253567962,1019.92346
1545253568004,1019.92346
1545253568041,1019.92346
1545253568083,1019.9533
1545253568118,1019.9533
1545253568156,1019.9533
1545253568193,1019.9533
1545253568234,1019.96014
1545253568271,1019.96014
1545253568311,1019.96014
1545253568346,1019.96014
1545253568388,1019.98566
1545253568425,1019.98566
1545253568462,1019.98566
1545253568502,1019.98566
1545253568540,1020.0061
1545253568581,1020.0061
1545253568618,1020.0061
1545253568656,1020.0061
1545253568695,1020.02826
1545253568733,1020.02826
1545253568771,1020.02826
1545253568812,1020.0419
1545253568851,1020.0419
1545253568886,1020.0419
1545253568926,1020.0419
1545253568963,1020.0606
1545253569002,1020.0606
1545253569040,1020.0606
1545253569082,1020.0606
1545253569119,1020.07007
1545253569155,1020.07007
1545253569200,1020.07007
1545253569234,1020.07007
1545253569271,1020.0598
1545253569311,1020.0598
1545253569350,1020.0598
1545253569386,1020.0598
1545253569429,1020.0292
1545253569463,1020.0292
1545253569502,1020.0292
1545253569540,1020.0292
1545253569579,1020.02747
1545253569617,1020.02747
1545253569657,1020.02747
1545253569696,1020.02747
1545253569733,1019.9923
1545253569771,1019.9923
1545253569812,1019.9923
1545253569848,1019.9923
1545253569888,1019.99835
1545253569927,1019.99835
1545253569963,1019.99835
1545253570004,1019.99835
1545253570042,1019.9666
1545253570081,1019.9666
1545253570118,1019.9666
1545253570157,1019.9666
1545253570198,1019.954
1545253570231,1019.954
1545253570270,1019.954
1545253570309,1019.954
1545253570348,1019.9256
1545253570389,1019.9256
1545253570425,1019.9256
1545253570463,1019.9256
1545253570501,1019.91974
1545253570539,1019.91974
1545253570580,1019.91974
1545253570615,1019.91974
1545253570659,1019.94965
1545253570697,1019.94965
1545253570731,1019.94965
1545253570769,1019.94965
1545253570808,1019.9673
1545253570850,1019.9673
1545253570885,1019.9673
1545253570923,1019.9673
1545253570965,1019.9835
1545253571002,1019.9835
1545253571042,1019.9835
1545253571078,1019.9835
1545253571126,1020.00214
1545253571156,1020.00214
1545253571196,1020.00214
1545253571230,1020.00214
1545253571270,1020.0098
1545253571319,1020.0098
1545253571346,1020.0098
1545253571386,1020.0098
1545253571426,1020.0216
1545253571467,1020.0216
1545253571500,1020.0216
1545253571539,1020.0216
1545253571579,1020.0199
1545253571615,1020.0199
1545253571655,1020.0199
1545253571695,1020.0199
1545253571731,1020.01465
1545253571769,1020.01465
1545253571808,1020.01465
1545253571848,1020.01465
1545253571887,1020.0068
1545253571926,1020.0068
1545253571965,1020.0068
1545253572003,1020.0068
1545253572040,1020.00256
1545253572077,1020.00256
1545253572117,1020.00256
1545253572156,1020.00256
1545253572198,1020.0052
1545253572230,1020.0052
1545253572269,1020.0052
1545253572308,1020.0052
1545253572348,1020.0136
1545253572386,1020.0136
1545253572423,1020.0136
1545253572465,1020.0136
1545253572505,1020.0356
1545253572538,1020.0356
1545253572581,1020.0356
1545253572616,1020.0356
1545253572653,1020.0365
1545253572693,1020.0365
1545253572730,1020.0365
1545253572768,1020.0365
1545253572807,1020.0388
1545253572846,1020.0388
1545253572884,1020.0388
1545253572923,1020.0388
1545253572963,1020.04486
1545253573000,1020.04486
1545253573041,1020.04486
1545253573080,1020.04486
1545253573117,1020.05396
1545253573153,1020.05396
1545253573193,1020.05396
1545253573230,1020.05396
1545253573271,1020.0606
1545253573311,1020.0606
1545253573346,1020.0606
1545253573385,1020.0606
1545253573424,1020.0631
1545253573463,1020.0631
1545253573501,1020.0631
1545253573543,1020.0631
1545253573577,1020.06976
1545253573616,1020.06976
1545253573659,1020.06976
1545253573693,1020.06976
1545253573730,1020.05804
1545253573769,1020.05804
1545253573810,1020.05804
1545253573848,1020.05804
1545253573889,1020.0528
1545253573925,1020.0528
1545253573964,1020.0528
1545253574002,1020.0528
1545253574040,1020.04407
1545253574080,1020.04407
1545253574116,1020.04407
1545253574159,1020.04407
1545253574199,1020.0388
1545253574231,1020.0388
1545253574269,1020.0388
1545253574311,1020.0388
1545253574347,1020.03186
1545253574386,1020.03186
1545253574425,1020.03186
1545253574462,1020.03186
1545253574500,1020.0249
1545253574539,1020.0249
1545253574575,1020.0249
1545253574616,1020.0249
1545253574654,1020.03076
1545253574693,1020.03076
1545253574730,1020.03076
1545253574770,1020.03076
1545253574807,1020.0198
1545253574848,1020.0198
1545253574884,1020.0198
1545253574922,1020.0198
1545253574964,1020.0145
1545253575000,1020.0145
1545253575040,1020.0145
1545253575079,1020.0145
1545253575120,1020.01434
1545253575157,1020.01434
1545253575191,1020.01434
1545253575234,1020.01434
1545253575269,1020.01764
1545253575308,1020.01764
1545253575346,1020.01764
1545253575385,1020.01764
1545253575424,1020.0209
1545253575463,1020.0209
1545253575504,1020.0209
1545253575538,1020.0209
1545253575578,1020.0252
1545253575619,1020.0252
1545253575653,1020.0252
1545253575691,1020.0252
1545253575729,1020.03125
1545253575768,1020.03125
1545253575821,1020.03125
1545253575847,1020.03125
1545253575886,1020.04474
1545253575928,1020.04474
1545253575963,1020.04474
1545253575999,1020.04474
1545253576040,1020.0548
1545253576076,1020.0548
1545253576114,1020.0548
1545253576156,1020.0548
1545253576191,1020.0646
1545253576230,1020.0646
1545253576270,1020.0646
1545253576308,1020.0646
1545253576347,1020.0686
1545253576385,1020.0686
1545253576423,1020.0686
1545253576460,1020.0686
1545253576501,1020.0678
1545253576538,1020.0678
1545253576576,1020.0678
1545253576616,1020.0678
1545253576654,1020.0633
1545253576694,1020.0633
1545253576732,1020.0633
1545253576769,1020.0633
1545253576807,1020.0582
1545253576847,1020.0582
1545253576888,1020.0582
1545253576924,1020.0582
1545253576964,1020.066
1545253577000,1020.066
1545253577039,1020.066
1545253577078,1020.066
1545253577115,1020.0762
1545253577154,1020.0762
1545253577191,1020.0762
1545253577230,1020.0762
1545253577270,1020.0938
1545253577307,1020.0938
1545253577346,1020.0938
1545253577388,1020.0938
1545253577424,1020.1033
1545253577463,1020.1033
1545253577501,1020.1033
1545253577538,1020.1033
1545253577576,1020.105
1545253577615,1020.105
1545253577653,1020.105
1545253577693,1020.105
1545253577730,1020.11005
1545253577768,1020.11005
1545253577806,1020.11005
1545253577844,1020.11005
1545253577885,1020.1067
1545253577925,1020.1067
1545253577961,1020.1067
1545253578001,1020.1067
1545253578040,1020.11346
1545253578076,1020.11346
1545253578114,1020.11346
1545253578153,1020.11346
1545253578192,1020.1254
1545253578232,1020.1254
1545253578267,1020.1254
1545253578308,1020.1254
1545253578347,1020.12634
1545253578386,1020.12634
1545253578422,1020.12634
1545253578461,1020.12634
1545253578501,1020.11444
1545253578538,1020.11444
1545253578578,1020.11444
1545253578615,1020.11444
1545253578655,1020.1042
1545253578691,1020.1042
1545253578731,1020.1042
1545253578769,1020.1042
1545253578807,1020.04803
1545253578851,1020.04803
1545253578885,1020.04803
1545253578923,1020.065
1545253578960,1020.065
1545253579003,1020.065
1545253579037,1020.065
1545253579080,1020.0522
1545253579116,1020.0522
1545253579156,1020.0522
1545253579192,1020.0522
1545253579255,1020.0283
1545253579269,1020.0283
1545253579307,1020.0283
1545253579346,1020.0283
1545253579383,1020.0164
1545253579423,1020.0164
1545253579463,1020.0164
1545253579499,1020.0164
1545253579540,1020.0266
1545253579575,1020.0266
1545253579614,1020.0266
1545253579653,1020.0266
1545253579691,1020.04443
1545253579733,1020.04443
1545253579767,1020.04443
1545253579807,1020.04443
1545253579846,1020.1511
1545253579885,1020.1511
1545253579923,1020.1511
1545253579960,1020.1511
1545253580001,1020.2098
1545253580041,1020.2098
1545253580078,1020.2098
1545253580114,1020.2098
1545253580152,1020.2541
1545253580193,1020.2541
1545253580229,1020.2541
1545253580268,1020.2541
1545253580308,1020.23303
1545253580344,1020.23303
1545253580386,1020.23303
1545253580424,1020.23303
1545253580461,1020.2245
1545253580498,1020.2245
1545253580538,1020.2245
1545253580579,1020.2245
1545253580613,1020.25006
1545253580651,1020.25006
1545253580689,1020.25006
1545253580730,1020.25006
1545253580768,1020.2474
1545253580807,1020.2474
1545253580848,1020.2474
1545253580885,1020.2474
1545253580921,1020.1736
1545253580962,1020.1736
1545253581000,1020.1736
1545253581037,1020.1736
1545253581077,1020.16846
1545253581115,1020.16846
1545253581154,1020.16846
1545253581191,1020.16846
1545253581240,1020.1757
1545253581267,1020.1757
1545253581309,1020.1757
1545253581344,1020.1757
1545253581384,1020.08716
1545253581422,1020.08716
1545253581459,1020.08716
1545253581501,1020.08716
1545253581536,1020.04535
1545253581575,1020.04535
1545253581614,1020.04535
1545253581652,1020.04535
1545253581694,1020.0243
1545253581727,1020.0243
1545253581768,1020.0243
1545253581807,1020.0243
1545253581843,1019.9953
1545253581881,1019.9953
1545253581921,1019.9953
1545253581959,1019.9953
1545253581997,1019.9306
1545253582036,1019.9306
1545253582075,1019.9306
1545253582113,1019.9306
1545253582153,1019.9314
1545253582191,1019.9314
1545253582232,1019.9314
1545253582266,1019.9314
1545253582306,1019.97394
1545253582345,1019.97394
1545253582382,1019.97394
1545253582428,1019.97394
1545253582459,1019.97845
1545253582498,1019.97845
1545253582544,1019.97845
1545253582584,1019.97845
