1545254275866,1011.4104
1545254275866,1011.4104
1545254275906,1011.4104
1545254275943,1011.4104
1545254275980,1011.4163
1545254276019,1011.4163
1545254276060,1011.4163
1545254276098,1011.4163
1545254276135,1011.41516
1545254276178,1011.41516
1545254276216,1011.41516
1545254276253,1011.41516
1545254276289,1011.4101
1545254276331,1011.4101
1545254276367,1011.4101
1545254276405,1011.4101
1545254276444,1011.3907
1545254276482,1011.3907
1545254276521,1011.3907
1545254276560,1011.3907
1545254276598,1011.4877
1545254276637,1011.4877
1545254276676,1011.4877
1545254276715,1011.4877
1545254276753,1011.38214
1545254276790,1011.38214
1545254276830,1011.38214
1545254276870,1011.38214
1545254276907,1011.3735
1545254276943,1011.3735
1545254276981,1011.3735
1545254277020,1011.3735
1545254277060,1011.3769
1545254277099,1011.3769
1545254277138,1011.3769
1545254277173,1011.3769
1545254277212,1011.38556
1545254277276,1011.38556
1545254277302,1011.38556
1545254277344,1011.38556
1545254277367,1011.4029
1545254277404,1011.4029
1545254277441,1011.4029
1545254277481,1011.4029
1545254277519,1011.4297
1545254277557,1011.4297
1545254277596,1011.4297
1545254277640,1011.4297
1545254277674,1011.4617
1545254277712,1011.4617
1545254277749,1011.4617
1545254277791,1011.4617
1545254277827,1011.483
1545254277865,1011.483
1545254277904,1011.483
1545254277948,1011.483
1545254277982,1011.5107
1545254278021,1011.5107
1545254278059,1011.5107
1545254278097,1011.5107
1545254278135,1011.52704
1545254278180,1011.52704
1545254278249,1011.52704
1545254278249,1011.52704
1545254278287,1011.563
1545254278329,1011.563
1545254278367,1011.563
1545254278405,1011.563
1545254278443,1011.5877
1545254278481,1011.5877
1545254278520,1011.5877
1545254278559,1011.5877
1545254278598,1011.7002
1545254278634,1011.7002
1545254278673,1011.7002
1545254278712,1011.7002
1545254278751,1011.7175
1545254278796,1011.7175
1545254278833,1011.7175
1545254278866,1011.7175
1545254278905,1011.73816
1545254278943,1011.73816
1545254278982,1011.73816
1545254279019,1011.73816
1545254279059,1011.76117
1545254279098,1011.76117
1545254279136,1011.76117
1545254279175,1011.76117
1545254279213,1011.79095
1545254279294,1011.79095
1545254279294,1011.79095
1545254279374,1011.79095
1545254279374,1011.8061
1545254279407,1011.8061
1545254279441,1011.8061
1545254279480,1011.8061
1545254279521,1011.8463
1545254279558,1011.8463
1545254279596,1011.8463
1545254279636,1011.8463
1545254279671,1011.8709
1545254279712,1011.8709
1545254279764,1011.8709
1545254279791,1011.8709
1545254279828,1011.91254
1545254279864,1011.91254
1545254279906,1011.91254
1545254279941,1011.9264
1545254279980,1011.93884
1545254280020,1011.93884
1545254280057,1011.93884
1545254280096,1011.96
1545254280135,1011.96
1545254280173,1011.96
1545254280212,1011.96
1545254280258,1012.0019
1545254280288,1012.0019
1545254280327,1012.0019
1545254280370,1012.0019
1545254280406,1012.01184
1545254280442,1012.01184
1545254280480,1012.01184
1545254280519,1012.01184
1545254280557,1012.0382
1545254280596,1012.0382
1545254280636,1012.0382
1545254280671,1012.0382
1545254280713,1012.0607
1545254280750,1012.0607
1545254280793,1012.0607
1545254280827,1012.0607
1545254280870,1012.0871
1545254280905,1012.0871
1545254280941,1012.0871
1545254280981,1012.0871
1545254281021,1012.12604
1545254281059,1012.12604
1545254281099,1012.12604
1545254281133,1012.12604
1545254281173,1012.15753
1545254281210,1012.15753
1545254281248,1012.15753
1545254281303,1012.15753
1545254281351,1012.1891
1545254281380,1012.1891
1545254281403,1012.1891
1545254281441,1012.1891
1545254281480,1012.22284
1545254281519,1012.22284
1545254281557,1012.22284
1545254281596,1012.22284
1545254281635,1012.2526
1545254281673,1012.2526
1545254281711,1012.2526
1545254281754,1012.2526
1545254281791,1012.29504
1545254281828,1012.29504
1545254281864,1012.29504
1545254281912,1012.29504
1545254281941,1012.3231
1545254281981,1012.3231
1545254282022,1012.3231
1545254282058,1012.3231
1545254282096,1012.3586
1545254282137,1012.3586
1545254282173,1012.3586
1545254282216,1012.3586
1545254282249,1012.3996
1545254282290,1012.3996
1545254282328,1012.3996
1545254282365,1012.3996
1545254282405,1012.4205
1545254282442,1012.4205
1545254282480,1012.4205
1545254282519,1012.4205
1545254282560,1012.4545
1545254282595,1012.4545
1545254282637,1012.4545
1545254282673,1012.4545
1545254282714,1012.47565
1545254282751,1012.47565
1545254282787,1012.47565
1545254282828,1012.47565
1545254282866,1012.5077
1545254282906,1012.5077
1545254282944,1012.5077
1545254282980,1012.5077
1545254283020,1012.53925
1545254283059,1012.53925
1545254283098,1012.53925
1545254283137,1012.53925
1545254283172,1012.56696
1545254283211,1012.56696
1545254283250,1012.56696
1545254283288,1012.56696
1545254283325,1012.6032
1545254283373,1012.6032
1545254283403,1012.6032
1545254283440,1012.6032
1545254283481,1012.6414
1545254283519,1012.6414
1545254283556,1012.6414
1545254283597,1012.6414
1545254283634,1012.666
1545254283674,1012.666
1545254283710,1012.666
1545254283751,1012.666
1545254283788,1012.7119
1545254283828,1012.7119
1545254283866,1012.7119
1545254283904,1012.7119
1545254283942,1012.7365
1545254283980,1012.7365
1545254284027,1012.7365
1545254284059,1012.7365
1545254284096,1012.76544
1545254284134,1012.76544
1545254284177,1012.76544
1545254284212,1012.76544
1545254284249,1012.79315
1545254284290,1012.79315
1545254284326,1012.79315
1545254284368,1012.79315
1545254284405,1012.81604
1545254284445,1012.81604
1545254284481,1012.81604
1545254284518,1012.81604
1545254284557,1012.85455
1545254284596,1012.85455
1545254284635,1012.85455
1545254284673,1012.85455
1545254284710,1012.88135
1545254284751,1012.88135
1545254284789,1012.88135
1545254284829,1012.88135
1545254284866,1012.9077
1545254284903,1012.9077
1545254284941,1012.9077
1545254284980,1012.9077
1545254285019,1012.94495
1545254285057,1012.94495
1545254285096,1012.94495
1545254285134,1012.94495
1545254285176,1012.9877
1545254285213,1012.9877
1545254285248,1012.9877
1545254285288,1012.9877
1545254285327,1013.0189
1545254285365,1013.0189
1545254285404,1013.0189
1545254285440,1013.0189
1545254285480,1013.05475
1545254285518,1013.05475
1545254285577,1013.05475
1545254285597,1013.05475
1545254285634,1013.0842
1545254285673,1013.0842
1545254285709,1013.0842
1545254285753,1013.0842
1545254285789,1013.1166
1545254285826,1013.1166
1545254285867,1013.1166
1545254285904,1013.1166
1545254285941,1013.14435
1545254285979,1013.14435
1545254286021,1013.14435
1545254286059,1013.14435
1545254286098,1013.1759
1545254286136,1013.1759
1545254286172,1013.1759
1545254286211,1013.1759
1545254286251,1013.21344
1545254286287,1013.21344
1545254286331,1013.21344
1545254286372,1013.21344
1545254286401,1013.2412
1545254286439,1013.2412
1545254286478,1013.2412
1545254286516,1013.2412
1545254286559,1013.27185
1545254286594,1013.27185
1545254286631,1013.27185
1545254286671,1013.27185
1545254286709,1013.3073
1545254286747,1013.3073
1545254286788,1013.3073
1545254286826,1013.3073
1545254286864,1013.34283
1545254286901,1013.34283
1545254286941,1013.34283
1545254286979,1013.34283
1545254287019,1013.3891
1545254287060,1013.3891
1545254287095,1013.3891
1545254287135,1013.3891
1545254287172,1013.42377
1545254287210,1013.42377
1545254287249,1013.42377
1545254287288,1013.42377
1545254287325,1013.46747
1545254287365,1013.46747
1545254287402,1013.46747
1545254287444,1013.46747
1545254287478,1013.5159
1545254287518,1013.5159
1545254287559,1013.5159
1545254287596,1013.5159
1545254287633,1013.55835
1545254287674,1013.55835
1545254287710,1013.55835
1545254287750,1013.55835
1545254287790,1013.5964
1545254287826,1013.5964
1545254287867,1013.5964
1545254287904,1013.5964
1545254287940,1013.63605
1545254287978,1013.63605
1545254288018,1013.63605
1545254288056,1013.63605
1545254288097,1013.67926
1545254288138,1013.67926
1545254288174,1013.67926
1545254288209,1013.67926
1545254288249,1013.71747
1545254288288,1013.71747
1545254288326,1013.71747
1545254288363,1013.71747
1545254288403,1013.7568
1545254288444,1013.7568
1545254288480,1013.7568
1545254288518,1013.7568
1545254288555,1013.788
1545254288596,1013.788
1545254288633,1013.788
1545254288672,1013.788
1545254288719,1013.8278
1545254288747,1013.8278
1545254288788,1013.8278
1545254288828,1013.8278
1545254288864,1013.86536
1545254288904,1013.86536
1545254288941,1013.86536
1545254288986,1013.86536
1545254289017,1013.8987
1545254289055,1013.8987
1545254289093,1013.8987
1545254289132,1013.8987
1545254289173,1013.92725
1545254289211,1013.92725
1545254289249,1013.92725
1545254289285,1013.92725
1545254289327,1013.9558
1545254289366,1013.9558
1545254289402,1013.9558
1545254289445,1013.9558
1545254289477,1013.98395
1545254289517,1013.98395
1545254289556,1013.98395
1545254289595,1013.98395
1545254289631,1014.02466
1545254289671,1014.02466
1545254289710,1014.02466
1545254289750,1014.02466
1545254289788,1014.0553
1545254289823,1014.0553
1545254289863,1014.0553
1545254289903,1014.0553
1545254289943,1014.0826
1545254289980,1014.0826
1545254290024,1014.0826
1545254290055,1014.0826
1545254290095,1014.1129
1545254290133,1014.1129
1545254290171,1014.1129
1545254290209,1014.1129
1545254290251,1014.1445
1545254290288,1014.1445
1545254290355,1014.1445
1545254290366,1014.1445
1545254290400,1014.1713
1545254290440,1014.1713
1545254290478,1014.1713
1545254290520,1014.1713
1545254290557,1014.20715
1545254290595,1014.20715
1545254290633,1014.20715
1545254290674,1014.20715
1545254290712,1014.2436
1545254290747,1014.2436
1545254290789,1014.2436
1545254290827,1014.2856
1545254290864,1014.2856
1545254290905,1014.2856
1545254290940,1014.2856
1545254290979,1014.3189
1545254291019,1014.3189
1545254291055,1014.3189
1545254291093,1014.3189
1545254291132,1014.34875
1545254291172,1014.34875
1545254291208,1014.34875
1545254291252,1014.34875
1545254291286,1014.36786
1545254291325,1014.36786
1545254291363,1014.36786
1545254291403,1014.36786
1545254291442,1014.3795
1545254291477,1014.3795
1545254291524,1014.3795
1545254291557,1014.3795
1545254291593,1014.4024
1545254291631,1014.4024
1545254291670,1014.4024
1545254291713,1014.4024
1545254291748,1014.43054
1545254291786,1014.43054
1545254291826,1014.43054
1545254291863,1014.43054
1545254291902,1014.4544
1545254291939,1014.4544
1545254291978,1014.4544
1545254292017,1014.4544
1545254292057,1014.473
1545254292092,1014.473
1545254292132,1014.473
1545254292171,1014.473
1545254292209,1014.4994
1545254292252,1014.4994
1545254292287,1014.4994
1545254292325,1014.4994
1545254292366,1014.5336
1545254292404,1014.5336
1545254292440,1014.5336
1545254292480,1014.5336
1545254292519,1014.5674
1545254292555,1014.5674
1545254292593,1014.5674
1545254292635,1014.5674
1545254292673,1014.5739
1545254292710,1014.5739
1545254292748,1014.5739
1545254292788,1014.5739
1545254292827,1014.58685
1545254292864,1014.58685
1545254292903,1014.58685
1545254292950,1014.58685
1545254292980,1014.58636
1545254293018,1014.58636
1545254293057,1014.58636
1545254293093,1014.58636
1545254293133,1014.5782
1545254293172,1014.5782
1545254293209,1014.5782
1545254293248,1014.5782
1545254293294,1014.61285
1545254293328,1014.61285
1545254293363,1014.61285
1545254293402,1014.61285
1545254293444,1014.63885
1545254293478,1014.63885
1545254293516,1014.63885
1545254293557,1014.63885
1545254293596,1014.63544
1545254293630,1014.63544
1545254293670,1014.63544
1545254293708,1014.63544
1545254293747,1014.65106
1545254293786,1014.65106
1545254293825,1014.65106
1545254293876,1014.65106
1545254293901,1014.6007
1545254293939,1014.6007
1545254293977,1014.6007
1545254294017,1014.6007
1545254294055,1014.63715
1545254294098,1014.63715
1545254294134,1014.63715
1545254294173,1014.63715
1545254294209,1014.61414
1545254294248,1014.61414
1545254294286,1014.61414
1545254294323,1014.61414
1545254294364,1014.5764
1545254294401,1014.5764
1545254294450,1014.5764
1545254294477,1014.5764
1545254294516,1014.54785
1545254294555,1014.54785
1545254294592,1014.54785
1545254294632,1014.54785
1545254294671,1014.5336
1545254294709,1014.5336
1545254294755,1014.5336
1545254294786,1014.5336
1545254294825,1014.55914
1545254294863,1014.55914
1545254294903,1014.55914
1545254294940,1014.55914
1545254294976,1014.5697
1545254295018,1014.5697
1545254295056,1014.5697
1545254295094,1014.5697
1545254295134,1014.5632
1545254295171,1014.5632
1545254295210,1014.5632
1545254295247,1014.5632
1545254295289,1014.5775
1545254295325,1014.5775
1545254295363,1014.5775
1545254295400,1014.5775
1545254295437,1014.59015
1545254295477,1014.59015
1545254295517,1014.59015
1545254295553,1014.59015
1545254295594,1014.5863
1545254295632,1014.5863
1545254295672,1014.5863
1545254295709,1014.5863
1545254295746,1014.60236
1545254295788,1014.60236
1545254295828,1014.60236
1545254295863,1014.60236
1545254295900,1014.60547
1545254295940,1014.60547
1545254295977,1014.60547
1545254296015,1014.60547
1545254296056,1014.6037
1545254296098,1014.6037
1545254296132,1014.6037
1545254296171,1014.6037
1545254296208,1014.6068
1545254296248,1014.6068
1545254296287,1014.6068
1545254296324,1014.6068
1545254296362,1014.5995
1545254296401,1014.5995
1545254296440,1014.5995
1545254296477,1014.5995
1545254296523,1014.6121
1545254296552,1014.6121
1545254296592,1014.6121
1545254296629,1014.6121
1545254296668,1014.60956
1545254296707,1014.60956
1545254296747,1014.60956
1545254296785,1014.60956
1545254296825,1014.6144
1545254296862,1014.6144
1545254296900,1014.6144
1545254296941,1014.6144
1545254296976,1014.6175
1545254297023,1014.6175
1545254297054,1014.6175
1545254297093,1014.6175
1545254297134,1014.61017
1545254297170,1014.61017
1545254297210,1014.61017
1545254297247,1014.61017
1545254297285,1014.6141
1545254297326,1014.6141
1545254297389,1014.6141
1545254297400,1014.6141
1545254297438,1014.6093
1545254297476,1014.6093
1545254297514,1014.6093
1545254297552,1014.6093
1545254297592,1014.6098
1545254297631,1014.6098
1545254297668,1014.6098
1545254297707,1014.6098
1545254297745,1014.60675
1545254297785,1014.60675
1545254297821,1014.60675
1545254297865,1014.60675
1545254297901,1014.60767
1545254297941,1014.60767
1545254297983,1014.60767
1545254298014,1014.60767
1545254298053,1014.6086
1545254298090,1014.6086
1545254298129,1014.6086
1545254298169,1014.6086
1545254298206,1014.60986
1545254298244,1014.60986
1545254298283,1014.60986
1545254298323,1014.60986
1545254298367,1014.6069
1545254298398,1014.6069
1545254298436,1014.6069
1545254298474,1014.6069
1545254298513,1014.6078
1545254298551,1014.6078
1545254298592,1014.6078
1545254298629,1014.6078
1545254298668,1014.6125
1545254298707,1014.6125
1545254298747,1014.6125
1545254298783,1014.6125
1545254298822,1014.61597
1545254298861,1014.61597
1545254298902,1014.61597
1545254298941,1014.61597
1545254298977,1014.6082
1545254299015,1014.6082
1545254299057,1014.6082
1545254299093,1014.6082
1545254299133,1014.60394
1545254299171,1014.60394
1545254299209,1014.60394
1545254299246,1014.60394
1545254299287,1014.597
1545254299333,1014.597
1545254299359,1014.597
1545254299399,1014.597
1545254299439,1014.6099
1545254299476,1014.6099
1545254299520,1014.6099
1545254299555,1014.6099
1545254299592,1014.60474
1545254299631,1014.60474
1545254299668,1014.60474
1545254299707,1014.60474
1545254299745,1014.6065
1545254299786,1014.6065
1545254299828,1014.6065
1545254299865,1014.6065
1545254299900,1014.6117
1545254299937,1014.6117
1545254299976,1014.6117
1545254300014,1014.6117
1545254300054,1014.6082
1545254300092,1014.6082
1545254300130,1014.6082
1545254300169,1014.6082
1545254300207,1014.60126
1545254300247,1014.60126
1545254300287,1014.60126
1545254300326,1014.60126
1545254300362,1014.60034
1545254300399,1014.60034
1545254300439,1014.60034
1545254300480,1014.60034
1545254300529,1014.5991
1545254300553,1014.5991
1545254300592,1014.5991
1545254300631,1014.5991
1545254300669,1014.6034
1545254300709,1014.6034
1545254300748,1014.6034
1545254300795,1014.6034
1545254300822,1014.5982
1545254300860,1014.5982
1545254300900,1014.5982
1545254300938,1014.5982
1545254300979,1014.60815
1545254301016,1014.60815
1545254301056,1014.60815
1545254301091,1014.60815
1545254301129,1014.60986
1545254301168,1014.60986
1545254301209,1014.60986
1545254301245,1014.61334
1545254301284,1014.61334
1545254301321,1014.61334
1545254301364,1014.61334
1545254301399,1014.60815
1545254301438,1014.60815
1545254301483,1014.60815
1545254301515,1014.60815
1545254301555,1014.61554
1545254301592,1014.61554
1545254301633,1014.61554
1545254301669,1014.61554
1545254301707,1014.619
1545254301747,1014.619
1545254301785,1014.619
1545254301824,1014.619
1545254301861,1014.61383
1545254301900,1014.61383
1545254301941,1014.61383
1545254301975,1014.61383
1545254302014,1014.6285
1545254302052,1014.6285
1545254302091,1014.6285
1545254302129,1014.6285
1545254302187,1014.61035
1545254302208,1014.61035
1545254302250,1014.61035
1545254302284,1014.61035
1545254302321,1014.60596
1545254302361,1014.60596
1545254302400,1014.60596
1545254302437,1014.60596
1545254302476,1014.5977
1545254302514,1014.5977
1545254302553,1014.5977
1545254302595,1014.5977
1545254302629,1014.60815
1545254302668,1014.60815
1545254302708,1014.60815
1545254302748,1014.60815
1545254302786,1014.6515
1545254302825,1014.6515
1545254302864,1014.6515
1545254302900,1014.6515
1545254302938,1014.6463
1545254302980,1014.6463
1545254303013,1014.6463
1545254303052,1014.6463
1545254303096,1014.6368
1545254303129,1014.6368
1545254303167,1014.6368
1545254303206,1014.6368
1545254303247,1014.61554
1545254303284,1014.61554
1545254303322,1014.61554
1545254303361,1014.61554
1545254303398,1014.61554
1545254303438,1014.61554
1545254303479,1014.61554
1545254303516,1014.61554
1545254303552,1014.6251
1545254303591,1014.6251
1545254303631,1014.6251
1545254303668,1014.6251
1545254303710,1014.6021
1545254303747,1014.6021
1545254303785,1014.6021
1545254303823,1014.6021
1545254303859,1014.60034
1545254303901,1014.60034
1545254303936,1014.60034
1545254303979,1014.60034
1545254304014,1014.59607
1545254304054,1014.59607
1545254304092,1014.59607
1545254304130,1014.59607
1545254304167,1014.5901
1545254304205,1014.5901
1545254304243,1014.5901
1545254304284,1014.5901
1545254304322,1014.5948
1545254304360,1014.5948
1545254304400,1014.5948
1545254304436,1014.5948
1545254304478,1014.5975
1545254304513,1014.5975
1545254304553,1014.5975
1545254304591,1014.5975
1545254304630,1014.60394
1545254304668,1014.60394
1545254304705,1014.60394
1545254304746,1014.60394
1545254304787,1014.61005
1545254304823,1014.61005
1545254304862,1014.61005
1545254304897,1014.61005
1545254304936,1014.5983
1545254304979,1014.5983
1545254305014,1014.5983
1545254305051,1014.5983
1545254305090,1014.59235
1545254305128,1014.59235
1545254305167,1014.59235
1545254305209,1014.59235
1545254305247,1014.57544
1545254305283,1014.57544
1545254305320,1014.57544
1545254305361,1014.57544
1545254305400,1014.57855
1545254305436,1014.57855
1545254305476,1014.57855
1545254305514,1014.57855
1545254305551,1014.5902
1545254305590,1014.5902
1545254305629,1014.5902
1545254305668,1014.5902
1545254305706,1014.5889
1545254305747,1014.5889
1545254305784,1014.5889
1545254305821,1014.5889
1545254305859,1014.5933
1545254305898,1014.5933
1545254305938,1014.5933
1545254305977,1014.5933
1545254306014,1014.59375
1545254306053,1014.59375
1545254306090,1014.59375
1545254306128,1014.59375
1545254306169,1014.59076
1545254306207,1014.59076
1545254306244,1014.59076
1545254306284,1014.59076
1545254306322,1014.5956
1545254306359,1014.5956
1545254306397,1014.5956
1545254306438,1014.5956
1545254306478,1014.5978
1545254306513,1014.5978
1545254306552,1014.5978
1545254306589,1014.5978
1545254306627,1014.59735
1545254306666,1014.59735
1545254306706,1014.59735
1545254306744,1014.59735
1545254306783,1014.6065
1545254306821,1014.6065
1545254306860,1014.6065
1545254306898,1014.6065
1545254306938,1014.60785
1545254306977,1014.60785
1545254307013,1014.60785
1545254307052,1014.60785
1545254307092,1014.61273
1545254307134,1014.61273
1545254307167,1014.61273
1545254307208,1014.61273
1545254307246,1014.6094
1545254307283,1014.6094
1545254307321,1014.6094
1545254307361,1014.6094
1545254307401,1014.6115
1545254307443,1014.6115
1545254307477,1014.6115
1545254307513,1014.6115
1545254307555,1014.60547
1545254307589,1014.60547
1545254307629,1014.60547
1545254307666,1014.60547
1545254307706,1014.6021
1545254307743,1014.6021
1545254307784,1014.6021
1545254307820,1014.6021
1545254307861,1014.61127
1545254307897,1014.61127
1545254307937,1014.61127
1545254307975,1014.61127
1545254308012,1014.61346
1545254308052,1014.61346
1545254308094,1014.61346
1545254308128,1014.61346
1545254308169,1014.6087
1545254308205,1014.6087
1545254308245,1014.6087
1545254308284,1014.6087
1545254308320,1014.60565
1545254308358,1014.60565
1545254308399,1014.60565
1545254308436,1014.60565
1545254308475,1014.61127
1545254308513,1014.61127
1545254308550,1014.61127
1545254308592,1014.61127
1545254308630,1014.6109
1545254308667,1014.6109
1545254308707,1014.6109
1545254308744,1014.6109
1545254308782,1014.62177
1545254308820,1014.62177
1545254308859,1014.62177
1545254308897,1014.62177
1545254308939,1014.6257
1545254308983,1014.6257
1545254309011,1014.6257
1545254309052,1014.6257
1545254309088,1014.6422
1545254309128,1014.6422
1545254309168,1014.6422
1545254309206,1014.6422
1545254309248,1014.65875
1545254309282,1014.65875
1545254309324,1014.65875
1545254309360,1014.65875
1545254309399,1014.68774
1545254309451,1014.68774
1545254309480,1014.68774
1545254309511,1014.68774
1545254309550,1014.69684
1545254309592,1014.69684
1545254309628,1014.69684
1545254309665,1014.69684
1545254309707,1014.7151
1545254309742,1014.7151
1545254309781,1014.7151
1545254309820,1014.7151
1545254309866,1014.7394
1545254309897,1014.7394
1545254309936,1014.7394
1545254309978,1014.7394
1545254310012,1014.7602
1545254310057,1014.7602
1545254310090,1014.7602
1545254310127,1014.7602
1545254310166,1014.7879
1545254310207,1014.7879
1545254310243,1014.7879
1545254310283,1014.7879
1545254310321,1014.8157
1545254310360,1014.8157
1545254310398,1014.8157
1545254310436,1014.8157
1545254310475,1014.85205
1545254310512,1014.85205
1545254310550,1014.85205
1545254310589,1014.85205
1545254310628,1014.87805
1545254310667,1014.87805
1545254310706,1014.87805
1545254310746,1014.87805
1545254310784,1014.9118
1545254310822,1014.9118
1545254310859,1014.9118
1545254310897,1014.9118
1545254310938,1014.9522
1545254310974,1014.9522
1545254311011,1014.9522
1545254311050,1014.9522
1545254311090,1014.979
1545254311130,1014.979
1545254311172,1014.979
1545254311206,1014.979
1545254311243,1015.01587
1545254311283,1015.01587
1545254311324,1015.01587
1545254311359,1015.01587
1545254311395,1015.03925
1545254311435,1015.03925
1545254311475,1015.03925
1545254311511,1015.03925
1545254311550,1015.0752
1545254311589,1015.0752
1545254311627,1015.0752
1545254311669,1015.1164
1545254311706,1015.1164
1545254311744,1015.1164
1545254311781,1015.1164
1545254311820,1015.14886
1545254311860,1015.14886
1545254311896,1015.14886
1545254311935,1015.14886
1545254311976,1015.1783
1545254312012,1015.1783
1545254312051,1015.1783
1545254312088,1015.1783
1545254312129,1015.2065
1545254312169,1015.2065
1545254312205,1015.2065
1545254312249,1015.2065
1545254312284,1015.24927
1545254312319,1015.24927
1545254312358,1015.24927
1545254312399,1015.24927
1545254312435,1015.2805
1545254312473,1015.2805
1545254312522,1015.2805
1545254312550,1015.2805
1545254312591,1015.31384
1545254312627,1015.31384
1545254312667,1015.31384
1545254312705,1015.31384
1545254312743,1015.3489
1545254312782,1015.3489
1545254312820,1015.3489
1545254312858,1015.3489
1545254312903,1015.39136
1545254312936,1015.39136
1545254312973,1015.39136
1545254313017,1015.39136
1545254313051,1015.419
1545254313090,1015.419
1545254313127,1015.419
1545254313167,1015.419
1545254313205,1015.45233
1545254313242,1015.45233
1545254313282,1015.45233
1545254313321,1015.45233
1545254313358,1015.4844
1545254313410,1015.4844
1545254313433,1015.4844
1545254313472,1015.4844
1545254313510,1015.5125
1545254313550,1015.5125
1545254313588,1015.5125
1545254313627,1015.5125
1545254313666,1015.5372
1545254313703,1015.5372
1545254313743,1015.5372
1545254313780,1015.5372
1545254313820,1015.56354
1545254313858,1015.56354
1545254313898,1015.56354
1545254313936,1015.56354
1545254313972,1015.60004
1545254314012,1015.60004
1545254314051,1015.60004
1545254314091,1015.60004
1545254314129,1015.63934
1545254314166,1015.63934
1545254314205,1015.63934
1545254314245,1015.63934
1545254314283,1015.67316
1545254314319,1015.67316
1545254314358,1015.67316
1545254314397,1015.67316
1545254314435,1015.6995
1545254314476,1015.6995
1545254314510,1015.6995
1545254314549,1015.6995
1545254314588,1015.7316
1545254314627,1015.7316
1545254314666,1015.7316
1545254314704,1015.7316
1545254314744,1015.76404
1545254314784,1015.76404
1545254314820,1015.76404
1545254314859,1015.76404
1545254314900,1015.7918
1545254314934,1015.7918
1545254314974,1015.7918
1545254315013,1015.7918
1545254315049,1015.823
1545254315087,1015.823
1545254315127,1015.823
1545254315166,1015.823
1545254315204,1015.8571
1545254315243,1015.8571
1545254315286,1015.8571
1545254315319,1015.8571
1545254315360,1015.88666
1545254315397,1015.88666
1545254315437,1015.88666
1545254315471,1015.88666
1545254315512,1015.9161
1545254315550,1015.9161
1545254315587,1015.9161
1545254315630,1015.9161
1545254315667,1015.95197
1545254315704,1015.95197
1545254315742,1015.95197
1545254315782,1015.95197
1545254315820,1015.9892
1545254315861,1015.9892
1545254315895,1015.9892
1545254315934,1015.9892
1545254315974,1016.0213
1545254316011,1016.0213
1545254316049,1016.0213
1545254316090,1016.0213
1545254316127,1016.04596
1545254316165,1016.04596
1545254316207,1016.04596
1545254316242,1016.04596
1545254316283,1016.07367
1545254316318,1016.07367
1545254316358,1016.07367
1545254316399,1016.07367
1545254316435,1016.0988
1545254316473,1016.0988
1545254316515,1016.0988
1545254316548,1016.0988
1545254316587,1016.12177
1545254316625,1016.12177
1545254316666,1016.12177
1545254316703,1016.12177
1545254316742,1016.159
1545254316780,1016.159
1545254316819,1016.159
1545254316859,1016.159
1545254316898,1016.1949
1545254316935,1016.1949
1545254316975,1016.1949
1545254317014,1016.1949
1545254317050,1016.2287
1545254317088,1016.2287
1545254317132,1016.2287
1545254317169,1016.2287
1545254317206,1016.2556
1545254317240,1016.2556
1545254317278,1016.2556
1545254317317,1016.2556
1545254317355,1016.28546
1545254317393,1016.28546
1545254317432,1016.28546
1545254317471,1016.28546
1545254317511,1016.32184
1545254317548,1016.32184
1545254317588,1016.32184
1545254317627,1016.32184
1545254317666,1016.35736
1545254317706,1016.35736
1545254317744,1016.35736
1545254317781,1016.35736
1545254317818,1016.4007
1545254317857,1016.4007
1545254317897,1016.4007
1545254317934,1016.4007
1545254317972,1016.45044
1545254318010,1016.45044
1545254318048,1016.45044
1545254318086,1016.45044
1545254318125,1016.486
1545254318164,1016.486
1545254318204,1016.486
1545254318242,1016.486
1545254318280,1016.53107
1545254318320,1016.53107
1545254318357,1016.53107
1545254318395,1016.53107
1545254318435,1016.56146
1545254318473,1016.56146
1545254318517,1016.56146
1545254318547,1016.56146
1545254318589,1016.60254
1545254318627,1016.60254
1545254318664,1016.60254
1545254318705,1016.60254
1545254318739,1016.6346
1545254318778,1016.6346
1545254318818,1016.6346
1545254318857,1016.6346
1545254318895,1016.67365
1545254318934,1016.67365
1545254318972,1016.67365
1545254319013,1016.67365
1545254319048,1016.7018
1545254319087,1016.7018
1545254319125,1016.7018
1545254319167,1016.7018
1545254319205,1016.74255
1545254319241,1016.74255
1545254319280,1016.74255
1545254319318,1016.74255
1545254319363,1016.7767
1545254319396,1016.7767
1545254319434,1016.7767
1545254319471,1016.7767
1545254319518,1016.8028
1545254319549,1016.8028
1545254319586,1016.8028
1545254319626,1016.8028
1545254319666,1016.84436
1545254319704,1016.84436
1545254319741,1016.84436
1545254319780,1016.84436
1545254319818,1016.87946
1545254319858,1016.87946
1545254319900,1016.87946
1545254319932,1016.87946
1545254319972,1016.9058
1545254320012,1016.9058
1545254320048,1016.9058
1545254320086,1016.9058
1545254320127,1016.94617
1545254320165,1016.94617
1545254320204,1016.94617
1545254320241,1016.94617
1545254320280,1016.9782
1545254320322,1016.9782
1545254320357,1016.9782
1545254320395,1016.9782
1545254320432,1017.0133
1545254320471,1017.0133
1545254320512,1017.0133
1545254320548,1017.0133
1545254320588,1017.0472
1545254320626,1017.0472
1545254320665,1017.0472
1545254320703,1017.0472
1545254320743,1017.071
1545254320779,1017.071
1545254320818,1017.071
1545254320855,1017.071
1545254320896,1017.1026
1545254320937,1017.1026
1545254320971,1017.1026
1545254321011,1017.1026
1545254321047,1017.1308
1545254321087,1017.1308
1545254321126,1017.1308
1545254321163,1017.1308
1545254321202,1017.1512
1545254321241,1017.1512
1545254321281,1017.1512
1545254321318,1017.1512
1545254321356,1017.181
1545254321394,1017.181
1545254321433,1017.181
1545254321470,1017.181
1545254321511,1017.2201
1545254321548,1017.2201
1545254321586,1017.2201
1545254321626,1017.2201
1545254321664,1017.24176
1545254321702,1017.24176
1545254321745,1017.24176
1545254321778,1017.24176
1545254321818,1017.26953
1545254321859,1017.26953
1545254321897,1017.26953
1545254321936,1017.26953
1545254321971,1017.2947
1545254322009,1017.2947
1545254322049,1017.2947
1545254322087,1017.2947
1545254322128,1017.33545
1545254322164,1017.33545
1545254322204,1017.33545
1545254322245,1017.3628
1545254322279,1017.3628
1545254322316,1017.3628
1545254322355,1017.3628
1545254322394,1017.3991
1545254322436,1017.3991
1545254322472,1017.3991
1545254322514,1017.3991
1545254322547,1017.4377
1545254322588,1017.4377
1545254322625,1017.4377
1545254322663,1017.4377
1545254322702,1017.4702
1545254322742,1017.4702
1545254322779,1017.4702
1545254322817,1017.4702
1545254322857,1017.50226
1545254322894,1017.50226
1545254322934,1017.50226
1545254322971,1017.50226
1545254323011,1017.5296
1545254323046,1017.5296
1545254323085,1017.5296
1545254323126,1017.5296
1545254323162,1017.55865
1545254323202,1017.55865
1545254323242,1017.55865
1545254323280,1017.55865
1545254323317,1017.5794
1545254323356,1017.5794
1545254323394,1017.5794
1545254323432,1017.5794
1545254323471,1017.6102
1545254323511,1017.6102
1545254323546,1017.6102
1545254323586,1017.6102
1545254323628,1017.6358
1545254323664,1017.6358
1545254323701,1017.6358
1545254323740,1017.6358
1545254323782,1017.6562
1545254323818,1017.6562
1545254323856,1017.6562
1545254323894,1017.6562
1545254323934,1017.6883
1545254323971,1017.6883
1545254324009,1017.6883
1545254324047,1017.6883
1545254324086,1017.7069
1545254324126,1017.7069
1545254324163,1017.7069
1545254324200,1017.7069
1545254324240,1017.73334
1545254324288,1017.73334
1545254324319,1017.73334
1545254324355,1017.73334
1545254324394,1017.7824
1545254324436,1017.7824
1545254324475,1017.7824
1545254324508,1017.7824
1545254324547,1017.814
1545254324586,1017.814
1545254324624,1017.814
1545254324663,1017.814
1545254324704,1017.85785
1545254324741,1017.85785
1545254324780,1017.85785
1545254324816,1017.85785
1545254324854,1017.91
1545254324895,1017.91
1545254324932,1017.91
1545254324972,1017.91
1545254325009,1017.9446
1545254325046,1017.9446
1545254325086,1017.9446
1545254325126,1017.9446
1545254325164,1017.9806
1545254325200,1017.9806
1545254325241,1017.9806
1545254325277,1017.9806
1545254325317,1018.0296
1545254325356,1018.0296
1545254325395,1018.0296
1545254325431,1018.0296
1545254325471,1018.0561
1545254325514,1018.0561
1545254325551,1018.0561
1545254325587,1018.0561
1545254325630,1018.086
1545254325661,1018.086
1545254325702,1018.086
1545254325739,1018.086
1545254325780,1018.11334
1545254325816,1018.11334
1545254325855,1018.11334
1545254325893,1018.11334
1545254325935,1018.14764
1545254325970,1018.14764
1545254326008,1018.14764
1545254326046,1018.14764
1545254326085,1018.1767
1545254326126,1018.1767
1545254326164,1018.1767
1545254326201,1018.1767
1545254326241,1018.22174
1545254326277,1018.22174
1545254326323,1018.22174
1545254326356,1018.22174
1545254326392,1018.2595
1545254326445,1018.2595
1545254326472,1018.2595
1545254326508,1018.2595
1545254326546,1018.296
1545254326585,1018.296
1545254326621,1018.296
1545254326660,1018.296
1545254326700,1018.3376
1545254326737,1018.3376
1545254326776,1018.3376
1545254326817,1018.3376
1545254326857,1018.3706
1545254326894,1018.3706
1545254326931,1018.3706
1545254326972,1018.3706
1545254327011,1018.4035
1545254327048,1018.4035
1545254327085,1018.4035
1545254327128,1018.4035
1545254327163,1018.43256
1545254327201,1018.43256
1545254327239,1018.43256
1545254327276,1018.43256
1545254327316,1018.4691
1545254327357,1018.4691
1545254327394,1018.4691
1545254327432,1018.4691
1545254327470,1018.49506
1545254327509,1018.49506
1545254327548,1018.49506
1545254327585,1018.49506
1545254327624,1018.5241
1545254327666,1018.5241
1545254327700,1018.5241
1545254327738,1018.5241
1545254327776,1018.55145
1545254327818,1018.55145
1545254327855,1018.55145
1545254327894,1018.55145
1545254327932,1018.58136
1545254327975,1018.58136
1545254328010,1018.58136
1545254328050,1018.58136
1545254328085,1018.61395
1545254328123,1018.61395
1545254328161,1018.61395
1545254328203,1018.61395
1545254328239,1018.63434
1545254328277,1018.63434
1545254328316,1018.63434
1545254328355,1018.63434
1545254328394,1018.6729
1545254328430,1018.6729
1545254328468,1018.6729
1545254328508,1018.6729
1545254328557,1018.69855
1545254328587,1018.69855
1545254328624,1018.69855
1545254328660,1018.69855
1545254328702,1018.72064
1545254328737,1018.72064
1545254328777,1018.72064
1545254328813,1018.72064
1545254328852,1018.7558
1545254328891,1018.7558
1545254328929,1018.7558
1545254328973,1018.7558
1545254329007,1018.78143
1545254329046,1018.78143
1545254329084,1018.78143
1545254329124,1018.78143
1545254329161,1018.81134
1545254329201,1018.81134
1545254329238,1018.81134
1545254329278,1018.81134
1545254329315,1018.8439
1545254329355,1018.8439
1545254329391,1018.8439
1545254329431,1018.8439
1545254329468,1018.8747
1545254329509,1018.8747
1545254329553,1018.8747
1545254329583,1018.8747
1545254329623,1018.9055
1545254329663,1018.9055
1545254329699,1018.9055
1545254329737,1018.9055
1545254329778,1018.9476
1545254329813,1018.9476
1545254329852,1018.9476
1545254329892,1018.9476
1545254329930,1018.98615
1545254329970,1018.98615
1545254330007,1018.98615
1545254330049,1018.98615
1545254330082,1019.01526
1545254330121,1019.01526
1545254330160,1019.01526
1545254330200,1019.01526
1545254330239,1019.04865
1545254330278,1019.04865
1545254330315,1019.04865
1545254330354,1019.04865
1545254330393,1019.0872
1545254330428,1019.0872
1545254330468,1019.0872
1545254330507,1019.0872
1545254330557,1019.11456
1545254330585,1019.11456
1545254330622,1019.11456
1545254330660,1019.11456
1545254330698,1019.1437
1545254330739,1019.1437
1545254330783,1019.1437
1545254330816,1019.1437
1545254330855,1019.1788
1545254330892,1019.1788
1545254330930,1019.1788
1545254330968,1019.1788
1545254331008,1019.2062
1545254331052,1019.2062
1545254331083,1019.2062
1545254331123,1019.2062
1545254331161,1019.22833
1545254331200,1019.22833
1545254331239,1019.22833
1545254331277,1019.22833
1545254331317,1019.243
1545254331354,1019.243
1545254331392,1019.243
1545254331430,1019.243
1545254331479,1019.25995
1545254331505,1019.25995
1545254331549,1019.25995
1545254331586,1019.25995
1545254331622,1019.2826
1545254331660,1019.2826
1545254331698,1019.2826
1545254331738,1019.2826
1545254331778,1019.29987
1545254331815,1019.29987
1545254331857,1019.29987
1545254331891,1019.29987
1545254331930,1019.3225
1545254331968,1019.3225
1545254332007,1019.3225
1545254332049,1019.3225
1545254332083,1019.33374
1545254332121,1019.33374
1545254332160,1019.33374
1545254332200,1019.33374
1545254332237,1019.34845
1545254332277,1019.34845
1545254332315,1019.34845
1545254332352,1019.34845
1545254332391,1019.3567
1545254332428,1019.3567
1545254332468,1019.3567
1545254332506,1019.3567
1545254332545,1019.3632
1545254332582,1019.3632
1545254332622,1019.3632
1545254332662,1019.3632
1545254332698,1019.3628
1545254332738,1019.3628
1545254332777,1019.3628
1545254332817,1019.3628
1545254332854,1019.36707
1545254332892,1019.36707
1545254332931,1019.36707
1545254332968,1019.3745
1545254333007,1019.3745
1545254333045,1019.3745
1545254333083,1019.3745
1545254333124,1019.3745
1545254333161,1019.3745
1545254333201,1019.3745
1545254333239,1019.3745
1545254333279,1019.38574
1545254333314,1019.38574
1545254333354,1019.38574
1545254333391,1019.38574
1545254333429,1019.3797
1545254333470,1019.3797
1545254333506,1019.3797
1545254333548,1019.3797
1545254333584,1019.378
1545254333624,1019.378
1545254333659,1019.378
1545254333700,1019.378
1545254333736,1019.38666
1545254333775,1019.38666
1545254333815,1019.38666
1545254333855,1019.38666
1545254333892,1019.38275
1545254333930,1019.38275
1545254333969,1019.38275
1545254334010,1019.38275
1545254334046,1019.3958
1545254334083,1019.3958
1545254334122,1019.3958
1545254334160,1019.3958
1545254334199,1019.41583
1545254334237,1019.41583
1545254334296,1019.41583
1545254334315,1019.41583
1545254334351,1019.43616
1545254334393,1019.43616
1545254334431,1019.43616
1545254334469,1019.43616
1545254334508,1019.4557
1545254334551,1019.4557
1545254334582,1019.4557
1545254334620,1019.4557
1545254334660,1019.47003
1545254334699,1019.47003
1545254334737,1019.47003
1545254334777,1019.47003
1545254334814,1019.4622
1545254334856,1019.4622
1545254334891,1019.4622
1545254334929,1019.4622
1545254334976,1019.4705
1545254335006,1019.4705
1545254335048,1019.4705
1545254335082,1019.4705
1545254335123,1019.51263
1545254335160,1019.51263
1545254335200,1019.51263
1545254335247,1019.51263
1545254335278,1019.6016
1545254335315,1019.6016
1545254335353,1019.6016
1545254335390,1019.6016
1545254335430,1019.5925
1545254335468,1019.5925
1545254335507,1019.5925
1545254335547,1019.5925
1545254335589,1019.5461
1545254335621,1019.5461
1545254335660,1019.5461
1545254335699,1019.5461
1545254335737,1019.6325
1545254335775,1019.6325
1545254335815,1019.6325
1545254335852,1019.6325
1545254335890,1019.53314
1545254335929,1019.53314
1545254335969,1019.53314
1545254336006,1019.53314
1545254336050,1019.2718
1545254336082,1019.2718
1545254336124,1019.2718
1545254336159,1019.2718
1545254336198,1019.26965
1545254336238,1019.26965
1545254336278,1019.26965
1545254336315,1019.26965
1545254336351,1019.31995
1545254336392,1019.31995
1545254336435,1019.31995
1545254336471,1019.31995
1545254336507,1019.4038
1545254336549,1019.4038
1545254336583,1019.4038
1545254336621,1019.4038
1545254336658,1019.40466
1545254336696,1019.40466
1545254336735,1019.40466
1545254336776,1019.40466
1545254336812,1019.406
1545254336851,1019.406
1545254336892,1019.406
1545254336929,1019.406
1545254336968,1019.48376
1545254337005,1019.48376
1545254337047,1019.48376
1545254337084,1019.48376
1545254337122,1019.64954
1545254337161,1019.64954
1545254337199,1019.64954
1545254337239,1019.64954
1545254337278,1019.2585
1545254337314,1019.2585
1545254337351,1019.2585
1545254337391,1019.2585
1545254337436,1019.23285
1545254337470,1019.23285
1545254337506,1019.23285
1545254337544,1019.23285
1545254337582,1019.3045
1545254337620,1019.3045
1545254337661,1019.3045
1545254337699,1019.3045
1545254337784,1019.3414
1545254337785,1019.3414
1545254337813,1019.3414
1545254337850,1019.3414
1545254337888,1019.347
1545254337927,1019.347
1545254337967,1019.347
1545254338007,1019.347
1545254338049,1019.2568
1545254338080,1019.2568
1545254338120,1019.2568
1545254338161,1019.2568
1545254338197,1019.3145
1545254338237,1019.3145
1545254338276,1019.3145
1545254338314,1019.3145
1545254338353,1019.4008
1545254338391,1019.4008
1545254338429,1019.4008
1545254338466,1019.4008
1545254338510,1019.492
1545254338546,1019.492
1545254338582,1019.492
1545254338622,1019.492
1545254338659,1019.6088
1545254338699,1019.6088
1545254338737,1019.6088
1545254338777,1019.6088
1545254338815,1019.53503
1545254338854,1019.53503
1545254338890,1019.53503
1545254338929,1019.53503
1545254338969,1019.40955
1545254339006,1019.40955
1545254339046,1019.40955
1545254339084,1019.40955
1545254339120,1019.45465
1545254339167,1019.45465
1545254339198,1019.45465
1545254339236,1019.45465
1545254339279,1019.44946
1545254339313,1019.44946
1545254339349,1019.44946
1545254339389,1019.44946
1545254339427,1019.43823
1545254339472,1019.43823
1545254339507,1019.43823
1545254339544,1019.43823
1545254339582,1019.38873
1545254339620,1019.38873
1545254339659,1019.38873
1545254339696,1019.38873
1545254339737,1019.44775
1545254339773,1019.44775
1545254339811,1019.44775
1545254339850,1019.44775
1545254339888,1019.4113
1545254339934,1019.4113
1545254339968,1019.4113
1545254340004,1019.4113
1545254340042,1019.4026
1545254340080,1019.4026
1545254340119,1019.4026
1545254340158,1019.4026
1545254340195,1019.3215
1545254340235,1019.3215
1545254340272,1019.3215
1545254340312,1019.3215
1545254340352,1019.31366
1545254340388,1019.31366
1545254340428,1019.31366
1545254340470,1019.31366
1545254340507,1019.3345
1545254340544,1019.3345
1545254340591,1019.3345
1545254340620,1019.3345
1545254340657,1019.35614
1545254340697,1019.35614
1545254340738,1019.35614
1545254340779,1019.35614
1545254340814,1019.37054
1545254340852,1019.37054
1545254340891,1019.37054
1545254340926,1019.37054
1545254340964,1019.3818
1545254341006,1019.3818
1545254341041,1019.3818
1545254341084,1019.3818
1545254341120,1019.4222
1545254341159,1019.4222
1545254341197,1019.4222
1545254341240,1019.4222
1545254341277,1019.50287
1545254341312,1019.50287
