1588755671259,1012.5798
1588755671260,1012.5798
1588755671299,1012.5798
1588755671337,1012.5798
1588755671375,1012.5888
1588755671414,1012.5888
1588755671453,1012.5888
1588755671491,1012.5888
1588755671529,1012.58923
1588755671569,1012.58923
1588755671611,1012.58923
1588755671647,1012.58923
1588755671688,1012.58923
1588755671723,1012.5873
1588755671761,1012.5873
1588755671800,1012.5873
1588755671838,1012.5873
1588755671877,1012.5913
1588755671916,1012.5913
1588755671953,1012.5913
1588755671992,1012.5913
1588755672032,1012.5987
1588755672070,1012.5987
1588755672106,1012.5987
1588755672146,1012.5987
1588755672183,1012.6053
1588755672222,1012.6053
1588755672262,1012.6053
1588755672300,1012.6053
1588755672338,1012.61304
1588755672379,1012.61304
1588755672415,1012.61304
1588755672454,1012.61304
1588755672492,1012.6278
1588755672532,1012.6278
1588755672570,1012.6278
1588755672607,1012.6278
1588755672646,1012.6347
1588755672684,1012.6347
1588755672727,1012.6347
1588755672761,1012.6347
1588755672802,1012.6462
1588755672838,1012.6462
1588755672876,1012.6462
1588755672919,1012.6462
1588755672952,1012.6462
1588755672993,1012.6613
1588755673032,1012.6613
1588755673068,1012.6613
1588755673130,1012.6613
1588755673156,1012.66254
1588755673198,1012.66254
1588755673221,1012.66254
1588755673260,1012.66254
1588755673298,1012.66864
1588755673337,1012.66864
1588755673375,1012.66864
1588755673416,1012.66864
1588755673455,1012.6744
1588755673490,1012.6744
1588755673531,1012.6744
1588755673569,1012.6744
1588755673606,1012.6891
1588755673645,1012.6891
1588755673684,1012.6891
1588755673721,1012.6891
1588755673760,1012.7091
1588755673804,1012.7091
1588755673838,1012.7091
1588755673882,1012.7091
1588755673915,1012.743
1588755673952,1012.743
1588755673992,1012.743
1588755674031,1012.743
1588755674067,1012.754
1588755674108,1012.754
1588755674145,1012.754
1588755674186,1012.754
1588755674222,1012.754
1588755674261,1012.7761
1588755674298,1012.7761
1588755674343,1012.7761
1588755674377,1012.7761
1588755674414,1012.8067
1588755674452,1012.8067
1588755674491,1012.8067
1588755674530,1012.8067
1588755674570,1012.8243
1588755674607,1012.8243
1588755674645,1012.8243
1588755674685,1012.8243
1588755674723,1012.86884
1588755674758,1012.86884
1588755674798,1012.86884
1588755674837,1012.86884
1588755674875,1012.88965
1588755674913,1012.88965
1588755674953,1012.88965
1588755674995,1012.88965
1588755675030,1012.9137
1588755675067,1012.9137
1588755675107,1012.9137
1588755675168,1012.9137
1588755675193,1012.9541
1588755675221,1012.9541
1588755675259,1012.9541
1588755675297,1012.9541
1588755675335,1012.97986
1588755675377,1012.97986
1588755675414,1012.97986
1588755675452,1012.97986
1588755675489,1012.97986
1588755675531,1013.0146
1588755675569,1013.0146
1588755675611,1013.0146
1588755675655,1013.0146
1588755675681,1013.04724
1588755675721,1013.04724
1588755675760,1013.04724
1588755675799,1013.04724
1588755675840,1013.0975
1588755675874,1013.0975
1588755675915,1013.0975
1588755675954,1013.0975
1588755675993,1013.1412
1588755676032,1013.1412
1588755676068,1013.1412
1588755676109,1013.1412
1588755676146,1013.1959
1588755676183,1013.1959
1588755676223,1013.1959
1588755676263,1013.1959
1588755676301,1013.2511
1588755676339,1013.2511
1588755676375,1013.2511
1588755676415,1013.2511
1588755676452,1013.30457
1588755676491,1013.30457
1588755676530,1013.30457
1588755676567,1013.30457
1588755676605,1013.30457
1588755676645,1013.3503
1588755676684,1013.3503
1588755676722,1013.3503
1588755676758,1013.3503
1588755676798,1013.3956
1588755676837,1013.3956
1588755676875,1013.3956
1588755676913,1013.3956
1588755676954,1013.44385
1588755676994,1013.44385
1588755677029,1013.44385
1588755677068,1013.44385
1588755677107,1013.48425
1588755677190,1013.48425
1588755677191,1013.48425
1588755677242,1013.48425
1588755677261,1013.5247
1588755677297,1013.5247
1588755677343,1013.5247
1588755677376,1013.5247
1588755677416,1013.5668
1588755677451,1013.5668
1588755677491,1013.5668
1588755677530,1013.5668
1588755677571,1013.60846
1588755677606,1013.60846
1588755677644,1013.60846
1588755677683,1013.60846
1588755677724,1013.6505
1588755677760,1013.6505
1588755677798,1013.6505
1588755677836,1013.6505
1588755677875,1013.6505
1588755677914,1013.70483
1588755677952,1013.70483
1588755677992,1013.70483
1588755678030,1013.70483
1588755678067,1013.73425
1588755678105,1013.73425
1588755678148,1013.73425
1588755678200,1013.73425
1588755678222,1013.7645
1588755678260,1013.7645
1588755678297,1013.7645
1588755678336,1013.7645
1588755678374,1013.7923
1588755678416,1013.7923
1588755678450,1013.7923
1588755678490,1013.7923
1588755678528,1013.82776
1588755678566,1013.82776
1588755678606,1013.82776
1588755678645,1013.82776
1588755678680,1013.85187
1588755678720,1013.85187
1588755678762,1013.85187
1588755678797,1013.85187
1588755678835,1013.876
1588755678877,1013.876
1588755678914,1013.876
1588755678953,1013.876
1588755678992,1013.8964
1588755679029,1013.8964
1588755679067,1013.8964
1588755679107,1013.8964
1588755679144,1013.8964
1588755679200,1013.92053
1588755679221,1013.92053
1588755679260,1013.92053
1588755679296,1013.92053
1588755679338,1013.9336
1588755679377,1013.9336
1588755679412,1013.9336
1588755679451,1013.9336
1588755679490,1013.94464
1588755679527,1013.94464
1588755679566,1013.94464
1588755679611,1013.94464
1588755679651,1013.9785
1588755679682,1013.9785
1588755679721,1013.9785
1588755679758,1013.9785
1588755679796,1013.9872
1588755679836,1013.9872
1588755679875,1013.9872
1588755679939,1013.9872
1588755679952,1013.96265
1588755679990,1013.96265
1588755680028,1013.96265
1588755680066,1013.96265
1588755680105,1013.9618
1588755680144,1013.9618
1588755680181,1013.9618
1588755680220,1013.9618
1588755680259,1013.9618
1588755680296,1013.96954
1588755680337,1013.96954
1588755680375,1013.96954
1588755680413,1013.96954
1588755680453,1013.9802
1588755680493,1013.9802
1588755680531,1013.9802
1588755680569,1013.9802
1588755680605,1013.988
1588755680646,1013.988
1588755680682,1013.988
1588755680725,1013.988
1588755680764,1013.9863
1588755680801,1013.9863
1588755680835,1013.9863
1588755680875,1013.9863
1588755680913,1013.99084
1588755680951,1013.99084
1588755680989,1013.99084
1588755681028,1013.99084
1588755681070,1013.99207
1588755681105,1013.99207
1588755681143,1013.99207
1588755681180,1013.99207
1588755681219,1013.9897
1588755681260,1013.9897
1588755681296,1013.9897
1588755681335,1013.9897
1588755681373,1013.99414
1588755681414,1013.99414
1588755681451,1013.99414
1588755681491,1013.99414
1588755681531,1013.99414
1588755681568,1013.997
1588755681605,1013.997
1588755681643,1013.997
1588755681683,1013.997
1588755681720,1014.0056
1588755681761,1014.0056
1588755681797,1014.0056
1588755681838,1014.0056
1588755681875,1014.00525
1588755681913,1014.00525
1588755681954,1014.00525
1588755681990,1014.00525
1588755682045,1014.0097
1588755682069,1014.0097
1588755682105,1014.0097
1588755682145,1014.0097
1588755682181,1014.024
1588755682223,1014.024
1588755682263,1014.024
1588755682296,1014.024
1588755682335,1014.0151
1588755682375,1014.0151
1588755682413,1014.0151
1588755682450,1014.0151
1588755682488,1014.00323
1588755682528,1014.00323
1588755682567,1014.00323
1588755682608,1014.00323
1588755682644,1014.00446
1588755682681,1014.00446
1588755682722,1014.00446
1588755682759,1014.00446
1588755682796,1014.00446
1588755682836,1014.0024
1588755682875,1014.0024
1588755682912,1014.0024
1588755682952,1014.0024
1588755682990,1014.0118
1588755683032,1014.0118
1588755683067,1014.0118
1588755683105,1014.0118
1588755683143,1014.029
1588755683182,1014.029
1588755683219,1014.029
1588755683258,1014.029
1588755683311,1014.0384
1588755683335,1014.0384
1588755683373,1014.0384
1588755683412,1014.0384
1588755683456,1014.0216
1588755683492,1014.0216
1588755683528,1014.0216
1588755683566,1014.0216
1588755683604,1014.00366
1588755683643,1014.00366
1588755683684,1014.00366
1588755683719,1014.00366
1588755683765,1014.01794
1588755683803,1014.01794
1588755683835,1014.01794
1588755683875,1014.01794
1588755683913,1014.0188
1588755683952,1014.0188
1588755683988,1014.0188
1588755684028,1014.0188
1588755684067,1014.0188
1588755684105,1014.0098
1588755684143,1014.0098
1588755684183,1014.0098
1588755684219,1014.0098
1588755684264,1014.0012
1588755684298,1014.0012
1588755684333,1014.0012
1588755684372,1014.0012
1588755684414,1013.99066
1588755684452,1013.99066
1588755684489,1013.99066
1588755684526,1013.99066
1588755684566,1013.9968
1588755684604,1013.9968
1588755684643,1013.9968
1588755684684,1013.9968
1588755684721,1014.0049
1588755684765,1014.0049
1588755684801,1014.0049
1588755684833,1014.0049
1588755684873,1014.0094
1588755684913,1014.0094
1588755684951,1014.0094
1588755684990,1014.0094
1588755685028,1014.0122
1588755685067,1014.0122
1588755685104,1014.0122
1588755685143,1014.0122
1588755685182,1014.0122
1588755685220,1014.0127
1588755685258,1014.0127
1588755685300,1014.0127
1588755685334,1014.0127
1588755685373,1014.0139
1588755685411,1014.0139
1588755685449,1014.0139
1588755685489,1014.0139
1588755685527,1014.01184
1588755685566,1014.01184
1588755685605,1014.01184
1588755685642,1014.01184
1588755685682,1014.00696
1588755685720,1014.00696
1588755685758,1014.00696
1588755685796,1014.00696
1588755685836,1014.0123
1588755685875,1014.0123
1588755685913,1014.0123
1588755685950,1014.0123
1588755685987,1014.00745
1588755686030,1014.00745
1588755686065,1014.00745
1588755686104,1014.00745
1588755686142,1014.00415
1588755686182,1014.00415
1588755686222,1014.00415
1588755686259,1014.00415
1588755686297,1014.01025
1588755686333,1014.01025
1588755686374,1014.01025
1588755686412,1014.01025
1588755686450,1014.01025
1588755686489,1013.9984
1588755686526,1013.9984
1588755686565,1013.9984
1588755686602,1013.9984
1588755686642,1014.00867
1588755686681,1014.00867
1588755686720,1014.00867
1588755686757,1014.00867
1588755686798,1014.0083
1588755686834,1014.0083
1588755686875,1014.0083
1588755686925,1014.0083
1588755686956,1014.0083
1588755686989,1014.0083
1588755687026,1014.0083
1588755687067,1014.0083
1588755687106,1014.0205
1588755687146,1014.0205
1588755687182,1014.0205
1588755687219,1014.0205
1588755687259,1014.0344
1588755687302,1014.0344
1588755687334,1014.0344
1588755687372,1014.0344
1588755687410,1014.01935
1588755687449,1014.01935
1588755687487,1014.01935
1588755687528,1014.01935
1588755687568,1014.0042
1588755687604,1014.0042
1588755687644,1014.0042
1588755687681,1014.0042
1588755687721,1014.0042
1588755687758,1014.00543
1588755687810,1014.00543
1588755687834,1014.00543
1588755687872,1014.00543
1588755687912,1014.00305
1588755687950,1014.00305
1588755687988,1014.00305
1588755688025,1014.00305
1588755688066,1014.0043
1588755688102,1014.0043
1588755688142,1014.0043
1588755688183,1014.0043
1588755688218,1014.00055
1588755688256,1014.00055
1588755688302,1014.00055
1588755688333,1014.00055
1588755688372,1014.0083
1588755688410,1014.0083
1588755688450,1014.0083
1588755688490,1014.0083
1588755688527,1014.012
1588755688566,1014.012
1588755688605,1014.012
1588755688644,1014.012
1588755688681,1014.0055
1588755688722,1014.0055
1588755688759,1014.0055
1588755688795,1014.0055
1588755688833,1013.9973
1588755688873,1013.9973
1588755688910,1013.9973
1588755688949,1013.9973
1588755688988,1013.9973
1588755689028,1014.00183
1588755689064,1014.00183
1588755689104,1014.00183
1588755689142,1014.00183
1588755689180,1014.0067
1588755689219,1014.0067
1588755689257,1014.0067
1588755689294,1014.0067
1588755689333,1014.00793
1588755689371,1014.00793
1588755689412,1014.00793
1588755689449,1014.00793
1588755689489,1014.0023
1588755689527,1014.0023
1588755689566,1014.0023
1588755689602,1014.0023
1588755689641,1013.9986
1588755689682,1013.9986
1588755689721,1013.9986
1588755689758,1013.9986
1588755689795,1013.9986
1588755689834,1013.9986
1588755689872,1013.9986
1588755689911,1013.9986
1588755689952,1014.00305
1588755689990,1014.00305
1588755690025,1014.00305
1588755690067,1014.00305
1588755690103,1014.00305
1588755690143,1014.0141
1588755690183,1014.0141
1588755690218,1014.0141
1588755690258,1014.0141
1588755690297,1014.02185
1588755690334,1014.02185
1588755690375,1014.02185
1588755690409,1014.02185
1588755690450,1014.01697
1588755690487,1014.01697
1588755690529,1014.01697
1588755690565,1014.01697
1588755690607,1014.0227
1588755690643,1014.0227
1588755690685,1014.0227
1588755690725,1014.0227
1588755690757,1014.03375
1588755690796,1014.03375
1588755690833,1014.03375
1588755690874,1014.03375
1588755690911,1014.03986
1588755690948,1014.03986
1588755690986,1014.03986
1588755691025,1014.03986
1588755691072,1014.035
1588755691103,1014.035
1588755691143,1014.035
1588755691178,1014.035
1588755691216,1014.03
1588755691258,1014.03
1588755691302,1014.03
1588755691333,1014.03
1588755691371,1014.03
1588755691412,1014.028
1588755691449,1014.028
1588755691488,1014.028
1588755691525,1014.028
1588755691564,1014.03217
1588755691604,1014.03217
1588755691641,1014.03217
1588755691681,1014.03217
1588755691720,1014.02844
1588755691756,1014.02844
1588755691795,1014.02844
1588755691832,1014.02844
1588755691871,1014.0199
1588755691911,1014.0199
1588755691949,1014.0199
1588755691987,1014.0199
1588755692025,1014.0166
1588755692064,1014.0166
1588755692104,1014.0166
1588755692141,1014.0166
1588755692182,1014.0211
1588755692217,1014.0211
1588755692257,1014.0211
1588755692294,1014.0211
1588755692334,1014.0297
1588755692373,1014.0297
1588755692414,1014.0297
1588755692448,1014.0297
1588755692487,1014.02155
1588755692528,1014.02155
1588755692565,1014.02155
1588755692603,1014.02155
1588755692641,1014.02155
1588755692680,1014.02606
1588755692719,1014.02606
1588755692757,1014.02606
1588755692794,1014.02606
1588755692832,1014.0179
1588755692874,1014.0179
1588755692913,1014.0179
1588755692949,1014.0179
1588755692988,1014.024
1588755693026,1014.024
1588755693063,1014.024
1588755693103,1014.024
1588755693140,1014.02936
1588755693181,1014.02936
1588755693216,1014.02936
1588755693262,1014.02936
1588755693302,1014.02936
1588755693342,1014.02936
1588755693372,1014.02936
1588755693410,1014.02936
1588755693449,1014.0404
1588755693486,1014.0404
1588755693525,1014.0404
1588755693566,1014.0404
1588755693605,1014.04
1588755693641,1014.04
1588755693677,1014.04
1588755693721,1014.04
1588755693755,1014.03345
1588755693796,1014.03345
1588755693833,1014.03345
1588755693873,1014.03345
1588755693912,1014.03345
1588755693947,1014.03345
1588755693986,1014.03345
1588755694026,1014.03345
1588755694065,1014.03345
1588755694103,1014.0404
1588755694142,1014.0404
1588755694180,1014.0404
1588755694217,1014.0404
1588755694256,1014.0355
1588755694295,1014.0355
1588755694332,1014.0355
1588755694371,1014.0355
1588755694410,1014.03955
1588755694447,1014.03955
1588755694487,1014.03955
1588755694525,1014.03955
1588755694564,1014.0408
1588755694603,1014.0408
1588755694640,1014.0408
1588755694679,1014.0408
1588755694717,1014.04333
1588755694756,1014.04333
1588755694795,1014.04333
1588755694844,1014.04333
1588755694871,1014.04944
1588755694911,1014.04944
1588755694947,1014.04944
1588755694987,1014.04944
1588755695026,1014.04944
1588755695062,1014.03674
1588755695103,1014.03674
1588755695141,1014.03674
1588755695178,1014.03674
1588755695217,1014.0364
1588755695260,1014.0364
1588755695297,1014.0364
1588755695345,1014.0364
1588755695370,1014.0486
1588755695411,1014.0486
1588755695449,1014.0486
1588755695486,1014.0486
1588755695524,1014.04535
1588755695564,1014.04535
1588755695602,1014.04535
1588755695643,1014.04535
1588755695678,1014.038
1588755695717,1014.038
1588755695756,1014.038
1588755695793,1014.038
1588755695832,1014.03394
1588755695871,1014.03394
1588755695910,1014.03394
1588755695946,1014.03394
1588755695986,1014.0368
1588755696027,1014.0368
1588755696064,1014.0368
1588755696102,1014.0368
1588755696140,1014.04126
1588755696179,1014.04126
1588755696224,1014.04126
1588755696256,1014.04126
1588755696295,1014.04126
1588755696331,1014.0397
1588755696371,1014.0397
1588755696410,1014.0397
1588755696449,1014.0397
1588755696487,1014.04126
1588755696525,1014.04126
1588755696565,1014.04126
1588755696605,1014.04126
1588755696640,1014.04376
1588755696678,1014.04376
1588755696717,1014.04376
1588755696759,1014.04376
1588755696795,1014.04456
1588755696833,1014.04456
1588755696869,1014.04456
1588755696911,1014.04456
1588755696947,1014.0413
1588755696987,1014.0413
1588755697025,1014.0413
1588755697064,1014.0413
1588755697103,1014.0376
1588755697140,1014.0376
1588755697178,1014.0376
1588755697218,1014.0376
1588755697256,1014.03687
1588755697295,1014.03687
1588755697332,1014.03687
1588755697370,1014.03687
1588755697408,1014.0348
1588755697448,1014.0348
1588755697487,1014.0348
1588755697524,1014.0348
1588755697563,1014.0348
1588755697601,1014.036
1588755697640,1014.036
1588755697678,1014.036
1588755697717,1014.036
1588755697755,1014.0426
1588755697795,1014.0426
1588755697833,1014.0426
1588755697871,1014.0426
1588755697909,1014.04584
1588755697946,1014.04584
1588755697987,1014.04584
1588755698029,1014.04584
1588755698062,1014.0503
1588755698103,1014.0503
1588755698143,1014.0503
1588755698181,1014.0503
1588755698216,1014.05286
1588755698255,1014.05286
1588755698294,1014.05286
1588755698336,1014.05286
1588755698369,1014.0593
1588755698407,1014.0593
1588755698450,1014.0593
1588755698485,1014.0593
1588755698523,1014.0655
1588755698563,1014.0655
1588755698602,1014.0655
1588755698639,1014.0655
1588755698677,1014.0704
1588755698716,1014.0704
1588755698754,1014.0704
1588755698793,1014.0704
1588755698832,1014.0704
1588755698868,1014.0863
1588755698910,1014.0863
1588755698947,1014.0863
1588755698986,1014.0863
1588755699024,1014.10876
1588755699063,1014.10876
1588755699102,1014.10876
1588755699140,1014.10876
1588755699177,1014.1279
1588755699221,1014.1279
1588755699254,1014.1279
1588755699294,1014.1279
1588755699334,1014.1476
1588755699370,1014.1476
1588755699410,1014.1476
1588755699448,1014.1476
1588755699486,1014.1688
1588755699524,1014.1688
1588755699563,1014.1688
1588755699602,1014.1688
1588755699638,1014.1877
1588755699680,1014.1877
1588755699720,1014.1877
1588755699754,1014.1877
1588755699795,1014.20197
1588755699840,1014.20197
1588755699872,1014.20197
1588755699912,1014.20197
1588755699946,1014.22766
1588755699984,1014.22766
1588755700024,1014.22766
1588755700062,1014.22766
1588755700103,1014.22766
1588755700140,1014.2502
1588755700177,1014.2502
1588755700216,1014.2502
1588755700253,1014.2502
1588755700293,1014.2706
1588755700333,1014.2706
1588755700381,1014.2706
1588755700408,1014.2706
1588755700449,1014.28656
1588755700485,1014.28656
1588755700523,1014.28656
1588755700561,1014.28656
1588755700601,1014.2964
1588755700639,1014.2964
1588755700677,1014.2964
1588755700715,1014.2964
1588755700752,1014.309
1588755700794,1014.309
1588755700836,1014.309
1588755700870,1014.309
1588755700907,1014.3152
1588755700945,1014.3152
1588755700987,1014.3152
1588755701024,1014.3152
1588755701064,1014.3217
1588755701101,1014.3217
1588755701140,1014.3217
1588755701176,1014.3217
1588755701215,1014.3217
1588755701254,1014.3324
1588755701292,1014.3324
1588755701334,1014.3324
1588755701369,1014.3324
1588755701407,1014.3352
1588755701445,1014.3352
1588755701489,1014.3352
1588755701527,1014.3352
1588755701564,1014.3287
1588755701601,1014.3287
1588755701639,1014.3287
1588755701679,1014.3287
1588755701716,1014.32544
1588755701754,1014.32544
1588755701792,1014.32544
1588755701830,1014.32544
1588755701868,1014.3287
1588755701908,1014.3287
1588755701947,1014.3287
1588755701985,1014.3287
1588755702024,1014.3393
1588755702064,1014.3393
1588755702102,1014.3393
1588755702140,1014.3393
1588755702179,1014.34546
1588755702214,1014.34546
1588755702255,1014.34546
1588755702292,1014.34546
1588755702334,1014.34216
1588755702369,1014.34216
1588755702409,1014.34216
1588755702446,1014.34216
1588755702484,1014.34216
1588755702523,1014.33563
1588755702563,1014.33563
1588755702600,1014.33563
1588755702640,1014.33563
1588755702677,1014.33325
1588755702717,1014.33325
1588755702753,1014.33325
1588755702793,1014.33325
1588755702831,1014.3279
1588755702867,1014.3279
1588755702908,1014.3279
1588755702948,1014.3279
1588755702983,1014.3324
1588755703023,1014.3324
1588755703063,1014.3324
1588755703099,1014.3324
1588755703142,1014.332
1588755703178,1014.332
1588755703216,1014.332
1588755703256,1014.332
1588755703294,1014.3328
1588755703331,1014.3328
1588755703368,1014.3328
1588755703407,1014.3328
1588755703446,1014.32794
1588755703485,1014.32794
1588755703525,1014.32794
1588755703561,1014.32794
1588755703600,1014.3324
1588755703639,1014.3324
1588755703678,1014.3324
1588755703714,1014.3324
1588755703753,1014.3324
1588755703793,1014.34143
1588755703831,1014.34143
1588755703867,1014.34143
1588755703907,1014.34143
1588755703946,1014.3439
1588755703983,1014.3439
1588755704023,1014.3439
1588755704061,1014.3439
1588755704108,1014.34064
1588755704142,1014.34064
1588755704176,1014.34064
1588755704216,1014.34064
1588755704255,1014.3435
1588755704292,1014.3435
1588755704331,1014.3435
1588755704368,1014.3435
1588755704407,1014.3435
1588755704445,1014.3435
1588755704486,1014.3435
1588755704544,1014.3435
1588755704575,1014.3463
1588755704598,1014.3463
1588755704639,1014.3463
1588755704678,1014.3463
1588755704715,1014.3447
1588755704754,1014.3447
1588755704793,1014.3447
1588755704840,1014.3447
1588755704869,1014.3443
1588755704908,1014.3443
1588755704947,1014.3443
1588755704985,1014.3443
1588755705023,1014.3443
1588755705062,1014.341
1588755705100,1014.341
1588755705137,1014.341
1588755705176,1014.341
1588755705215,1014.33936
1588755705256,1014.33936
1588755705292,1014.33936
1588755705331,1014.33936
1588755705369,1014.3468
1588755705407,1014.3468
1588755705447,1014.3468
1588755705484,1014.3468
1588755705523,1014.34845
1588755705559,1014.34845
1588755705599,1014.34845
1588755705639,1014.34845
1588755705676,1014.3447
1588755705714,1014.3447
1588755705766,1014.3447
1588755705791,1014.3447
1588755705829,1014.33984
1588755705867,1014.33984
1588755705906,1014.33984
1588755705945,1014.33984
1588755705984,1014.34106
1588755706021,1014.34106
1588755706061,1014.34106
1588755706098,1014.34106
1588755706137,1014.34106
1588755706181,1014.34106
1588755706216,1014.34106
1588755706254,1014.34106
1588755706293,1014.34106
1588755706330,1014.33124
1588755706367,1014.33124
1588755706406,1014.33124
1588755706445,1014.33124
1588755706483,1014.33124
1588755706521,1014.33124
1588755706560,1014.33124
1588755706601,1014.33124
1588755706639,1014.33246
1588755706676,1014.33246
1588755706719,1014.33246
1588755706753,1014.33246
1588755706795,1014.3308
1588755706830,1014.3308
1588755706866,1014.3308
1588755706906,1014.3308
1588755706946,1014.33203
1588755706983,1014.33203
1588755707022,1014.33203
1588755707061,1014.33203
1588755707102,1014.32385
1588755707137,1014.32385
1588755707175,1014.32385
1588755707214,1014.32385
1588755707254,1014.3313
1588755707292,1014.3313
1588755707330,1014.3313
1588755707369,1014.3313
1588755707407,1014.3313
1588755707446,1014.32477
1588755707484,1014.32477
1588755707523,1014.32477
1588755707561,1014.32477
1588755707600,1014.3178
1588755707638,1014.3178
1588755707676,1014.3178
1588755707714,1014.3178
1588755707753,1014.32556
1588755707791,1014.32556
1588755707831,1014.32556
1588755707869,1014.32556
1588755707906,1014.32837
1588755707944,1014.32837
1588755707982,1014.32837
1588755708023,1014.32837
1588755708060,1014.3293
1588755708099,1014.3293
1588755708136,1014.3293
1588755708177,1014.3293
1588755708214,1014.33093
1588755708255,1014.33093
1588755708291,1014.33093
1588755708334,1014.33093
1588755708366,1014.33374
1588755708414,1014.33374
1588755708445,1014.33374
1588755708484,1014.33374
1588755708522,1014.3272
1588755708567,1014.3272
1588755708598,1014.3272
1588755708635,1014.3272
1588755708673,1014.3272
1588755708712,1014.32355
1588755708751,1014.32355
1588755708791,1014.32355
1588755708827,1014.32355
1588755708867,1014.3186
1588755708907,1014.3186
1588755708945,1014.3186
1588755708981,1014.3186
1588755709022,1014.3137
1588755709061,1014.3137
1588755709100,1014.3137
1588755709138,1014.3137
1588755709177,1014.31824
1588755709214,1014.31824
1588755709253,1014.31824
1588755709289,1014.31824
1588755709329,1014.3158
1588755709367,1014.3158
1588755709405,1014.3158
1588755709446,1014.3158
1588755709482,1014.31213
1588755709521,1014.31213
1588755709560,1014.31213
1588755709598,1014.31213
1588755709637,1014.3248
1588755709674,1014.3248
1588755709716,1014.3248
1588755709753,1014.3248
1588755709807,1014.32764
1588755709828,1014.32764
1588755709867,1014.32764
1588755709905,1014.32764
1588755709945,1014.32764
1588755709984,1014.32764
1588755710023,1014.32764
1588755710060,1014.32764
1588755710099,1014.32764
1588755710136,1014.32556
1588755710179,1014.32556
1588755710215,1014.32556
1588755710252,1014.32556
1588755710289,1014.3223
1588755710328,1014.3223
1588755710366,1014.3223
1588755710405,1014.3223
1588755710444,1014.3248
1588755710483,1014.3248
1588755710522,1014.3248
1588755710563,1014.3248
1588755710600,1014.31995
1588755710636,1014.31995
1588755710674,1014.31995
1588755710715,1014.31995
1588755710754,1014.3289
1588755710792,1014.3289
1588755710828,1014.3289
1588755710866,1014.3289
1588755710906,1014.3273
1588755710945,1014.3273
1588755710982,1014.3273
1588755711021,1014.3273
1588755711058,1014.3318
1588755711098,1014.3318
1588755711138,1014.3318
1588755711175,1014.3318
1588755711215,1014.3318
1588755711250,1014.3375
1588755711290,1014.3375
1588755711327,1014.3375
1588755711366,1014.3375
1588755711404,1014.3261
1588755711445,1014.3261
1588755711482,1014.3261
1588755711521,1014.3261
1588755711558,1014.3257
1588755711597,1014.3257
1588755711637,1014.3257
1588755711676,1014.3257
1588755711714,1014.3175
1588755711753,1014.3175
1588755711789,1014.3175
1588755711827,1014.3175
1588755711866,1014.3142
1588755711904,1014.3142
1588755711944,1014.3142
1588755711984,1014.3142
1588755712021,1014.3093
1588755712058,1014.3093
1588755712098,1014.3093
1588755712137,1014.3093
1588755712174,1014.31384
1588755712214,1014.31384
1588755712252,1014.31384
1588755712296,1014.31384
1588755712332,1014.304
1588755712366,1014.304
1588755712405,1014.304
1588755712445,1014.304
1588755712482,1014.304
1588755712521,1014.3003
1588755712559,1014.3003
1588755712599,1014.3003
1588755712637,1014.3003
1588755712676,1014.2889
1588755712713,1014.2889
1588755712750,1014.2889
1588755712791,1014.2889
1588755712829,1014.293
1588755712868,1014.293
1588755712905,1014.293
1588755712944,1014.293
1588755712983,1014.2959
1588755713020,1014.2959
1588755713062,1014.2959
1588755713096,1014.2959
1588755713137,1014.2975
1588755713173,1014.2975
1588755713213,1014.2975
1588755713254,1014.2975
1588755713290,1014.30035
1588755713328,1014.30035
1588755713367,1014.30035
1588755713405,1014.30035
1588755713443,1014.3074
1588755713480,1014.3074
1588755713521,1014.3074
1588755713559,1014.3074
1588755713599,1014.3024
1588755713635,1014.3024
1588755713675,1014.3024
1588755713712,1014.3024
1588755713752,1014.3024
1588755713790,1014.2971
1588755713828,1014.2971
1588755713870,1014.2971
1588755713903,1014.2971
1588755713943,1014.3
1588755713981,1014.3
1588755714024,1014.3
1588755714064,1014.3
1588755714098,1014.29504
1588755714134,1014.29504
1588755714177,1014.29504
1588755714212,1014.29504
1588755714251,1014.29956
1588755714290,1014.29956
1588755714335,1014.29956
1588755714373,1014.29956
1588755714404,1014.30444
1588755714443,1014.30444
1588755714482,1014.30444
1588755714520,1014.30444
1588755714563,1014.311
1588755714597,1014.311
1588755714637,1014.311
1588755714674,1014.311
1588755714712,1014.31915
1588755714751,1014.31915
1588755714789,1014.31915
1588755714827,1014.31915
1588755714868,1014.31915
1588755714904,1014.3302
1588755714944,1014.3302
1588755714982,1014.3302
1588755715023,1014.3302
1588755715057,1014.3417
1588755715097,1014.3417
1588755715135,1014.3417
1588755715174,1014.3417
1588755715214,1014.3638
1588755715251,1014.3638
1588755715290,1014.3638
1588755715330,1014.3638
1588755715370,1014.3895
1588755715404,1014.3895
1588755715444,1014.3895
1588755715482,1014.3895
1588755715520,1014.40704
1588755715558,1014.40704
1588755715597,1014.40704
1588755715635,1014.40704
1588755715675,1014.4185
1588755715712,1014.4185
1588755715750,1014.4185
1588755715788,1014.4185
1588755715833,1014.441
1588755715865,1014.441
1588755715906,1014.441
1588755715943,1014.441
1588755715982,1014.4582
1588755716021,1014.4582
1588755716068,1014.4582
1588755716105,1014.4582
1588755716134,1014.4582
1588755716172,1014.48065
1588755716212,1014.48065
1588755716261,1014.48065
1588755716301,1014.48065
1588755716327,1014.50195
1588755716368,1014.50195
1588755716403,1014.50195
1588755716446,1014.50195
1588755716482,1014.5358
1588755716521,1014.5358
1588755716556,1014.5358
1588755716596,1014.5358
1588755716636,1014.562
1588755716674,1014.562
1588755716714,1014.562
1588755716753,1014.562
1588755716791,1014.591
1588755716827,1014.591
1588755716868,1014.591
1588755716904,1014.591
1588755716942,1014.6311
1588755716982,1014.6311
1588755717024,1014.6311
1588755717059,1014.6311
1588755717099,1014.6654
1588755717134,1014.6654
1588755717173,1014.6654
1588755717214,1014.6654
1588755717253,1014.70465
1588755717290,1014.70465
1588755717327,1014.70465
1588755717367,1014.70465
1588755717405,1014.70465
1588755717443,1014.75
1588755717483,1014.75
1588755717518,1014.75
1588755717556,1014.75
1588755717597,1014.79663
1588755717634,1014.79663
1588755717676,1014.79663
1588755717713,1014.79663
1588755717752,1014.8452
1588755717789,1014.8452
1588755717829,1014.8452
1588755717870,1014.8452
1588755717906,1014.8861
1588755717943,1014.8861
1588755717980,1014.8861
1588755718019,1014.8861
1588755718058,1014.9335
1588755718101,1014.9335
1588755718136,1014.9335
1588755718175,1014.9335
1588755718212,1014.99
1588755718251,1014.99
1588755718288,1014.99
1588755718330,1014.99
1588755718365,1015.04065
1588755718402,1015.04065
1588755718442,1015.04065
1588755718481,1015.04065
1588755718521,1015.0864
1588755718558,1015.0864
1588755718595,1015.0864
1588755718635,1015.0864
1588755718674,1015.0864
1588755718712,1015.1371
1588755718749,1015.1371
1588755718793,1015.1371
1588755718828,1015.1371
1588755718865,1015.19714
1588755718903,1015.19714
1588755718942,1015.19714
1588755718980,1015.19714
1588755719022,1015.2429
1588755719058,1015.2429
1588755719097,1015.2429
1588755719134,1015.2429
1588755719172,1015.29114
1588755719212,1015.29114
1588755719251,1015.29114
1588755719291,1015.29114
1588755719328,1015.3304
1588755719364,1015.3304
1588755719403,1015.3304
1588755719442,1015.3304
1588755719482,1015.3729
1588755719519,1015.3729
1588755719557,1015.3729
1588755719603,1015.3729
1588755719635,1015.413
1588755719673,1015.413
1588755719712,1015.413
1588755719751,1015.413
1588755719788,1015.4473
1588755719827,1015.4473
1588755719865,1015.4473
1588755719905,1015.4473
1588755719940,1015.4473
1588755719983,1015.48456
1588755720021,1015.48456
1588755720064,1015.48456
1588755720096,1015.48456
1588755720133,1015.5217
1588755720173,1015.5217
1588755720212,1015.5217
1588755720249,1015.5217
1588755720290,1015.5528
1588755720327,1015.5528
1588755720381,1015.5528
1588755720405,1015.5528
1588755720441,1015.5802
1588755720480,1015.5802
1588755720523,1015.5802
1588755720557,1015.5802
1588755720595,1015.6138
1588755720636,1015.6138
1588755720671,1015.6138
1588755720712,1015.6138
1588755720751,1015.646
1588755720788,1015.646
1588755720825,1015.646
1588755720869,1015.646
1588755720904,1015.66034
1588755720941,1015.66034
1588755720980,1015.66034
1588755721018,1015.66034
1588755721058,1015.67993
1588755721097,1015.67993
1588755721134,1015.67993
1588755721172,1015.67993
1588755721216,1015.67993
1588755721249,1015.6959
1588755721287,1015.6959
1588755721326,1015.6959
1588755721364,1015.6959
1588755721404,1015.71594
1588755721443,1015.71594
1588755721479,1015.71594
1588755721518,1015.71594
1588755721559,1015.7241
1588755721596,1015.7241
1588755721636,1015.7241
1588755721673,1015.7241
1588755721711,1015.74335
1588755721750,1015.74335
1588755721788,1015.74335
1588755721827,1015.74335
1588755721866,1015.7544
1588755721902,1015.7544
1588755721941,1015.7544
1588755721979,1015.7544
1588755722018,1015.7544
1588755722056,1015.7544
1588755722095,1015.7544
1588755722133,1015.7544
1588755722172,1015.7605
1588755722217,1015.7605
1588755722251,1015.7605
1588755722287,1015.7605
1588755722326,1015.7605
1588755722364,1015.76215
1588755722402,1015.76215
1588755722442,1015.76215
1588755722480,1015.76215
1588755722518,1015.76465
1588755722555,1015.76465
1588755722595,1015.76465
1588755722634,1015.76465
1588755722674,1015.763
1588755722712,1015.763
1588755722749,1015.763
1588755722787,1015.763
1588755722825,1015.76587
1588755722889,1015.76587
1588755722907,1015.76587
1588755722940,1015.76587
1588755722978,1015.7736
1588755723018,1015.7736
1588755723060,1015.7736
1588755723096,1015.7736
1588755723135,1015.7823
1588755723171,1015.7823
1588755723210,1015.7823
1588755723249,1015.7823
1588755723288,1015.78064
1588755723334,1015.78064
1588755723366,1015.78064
1588755723402,1015.78064
1588755723442,1015.7855
1588755723480,1015.7855
1588755723520,1015.7855
1588755723557,1015.7855
1588755723597,1015.7855
1588755723653,1015.7855
1588755723672,1015.7855
1588755723711,1015.7855
1588755723748,1015.7855
1588755723786,1015.79333
1588755723823,1015.79333
1588755723862,1015.79333
1588755723901,1015.79333
1588755723940,1015.7978
1588755723979,1015.7978
1588755724018,1015.7978
1588755724057,1015.7978
1588755724094,1015.79736
1588755724133,1015.79736
1588755724173,1015.79736
1588755724210,1015.79736
1588755724250,1015.79333
1588755724288,1015.79333
1588755724327,1015.79333
1588755724364,1015.79333
1588755724401,1015.78845
1588755724441,1015.78845
1588755724478,1015.78845
1588755724516,1015.78845
1588755724556,1015.78516
1588755724595,1015.78516
1588755724634,1015.78516
1588755724679,1015.78516
1588755724711,1015.78357
1588755724749,1015.78357
1588755724786,1015.78357
1588755724825,1015.78357
1588755724863,1015.78357
1588755724903,1015.77985
1588755724941,1015.77985
1588755724979,1015.77985
1588755725016,1015.77985
1588755725057,1015.7864
1588755725095,1015.7864
1588755725134,1015.7864
1588755725172,1015.7864
1588755725210,1015.78925
1588755725252,1015.78925
1588755725290,1015.78925
1588755725325,1015.78925
1588755725367,1015.79376
1588755725402,1015.79376
1588755725442,1015.79376
1588755725478,1015.79376
1588755725517,1015.7982
1588755725555,1015.7982
1588755725595,1015.7982
1588755725633,1015.7982
1588755725672,1015.7917
1588755725710,1015.7917
1588755725753,1015.7917
1588755725789,1015.7917
1588755725825,1015.79095
1588755725863,1015.79095
1588755725907,1015.79095
1588755725940,1015.79095
1588755725978,1015.78723
1588755726018,1015.78723
1588755726056,1015.78723
1588755726095,1015.78723
1588755726132,1015.78723
1588755726174,1015.78723
1588755726212,1015.78723
1588755726248,1015.78723
1588755726290,1015.78723
1588755726324,1015.78235
1588755726366,1015.78235
1588755726403,1015.78235
1588755726440,1015.78235
1588755726477,1015.782
1588755726518,1015.782
1588755726557,1015.782
1588755726595,1015.782
1588755726632,1015.77826
1588755726674,1015.77826
1588755726709,1015.77826
1588755726747,1015.77826
1588755726787,1015.7791
1588755726826,1015.7791
1588755726864,1015.7791
1588755726906,1015.7791
1588755726940,1015.77423
1588755726979,1015.77423
1588755727018,1015.77423
1588755727056,1015.77423
1588755727093,1015.7673
1588755727134,1015.7673
1588755727174,1015.7673
1588755727210,1015.7673
1588755727248,1015.77344
1588755727288,1015.77344
1588755727324,1015.77344
1588755727363,1015.77344
1588755727404,1015.77344
1588755727439,1015.77136
1588755727479,1015.77136
1588755727518,1015.77136
1588755727556,1015.77136
1588755727596,1015.7755
1588755727632,1015.7755
1588755727670,1015.7755
1588755727712,1015.7755
1588755727747,1015.77673
1588755727787,1015.77673
1588755727831,1015.77673
1588755727861,1015.77673
1588755727903,1015.7845
1588755727939,1015.7845
1588755727978,1015.7845
1588755728017,1015.7845
1588755728057,1015.7714
1588755728104,1015.7714
1588755728132,1015.7714
1588755728170,1015.7714
1588755728209,1015.7759
1588755728247,1015.7759
1588755728288,1015.7759
1588755728324,1015.7759
1588755728362,1015.77875
1588755728401,1015.77875
1588755728440,1015.77875
1588755728478,1015.77875
1588755728516,1015.77875
1588755728555,1015.77386
1588755728594,1015.77386
1588755728633,1015.77386
1588755728671,1015.77386
1588755728710,1015.7747
1588755728749,1015.7747
1588755728786,1015.7747
1588755728824,1015.7747
1588755728864,1015.76984
1588755728904,1015.76984
1588755728941,1015.76984
1588755728977,1015.76984
1588755729017,1015.7743
1588755729056,1015.7743
1588755729092,1015.7743
1588755729131,1015.7743
1588755729170,1015.78046
1588755729209,1015.78046
1588755729247,1015.78046
1588755729284,1015.78046
1588755729324,1015.7817
1588755729363,1015.7817
1588755729413,1015.7817
1588755729438,1015.7817
1588755729476,1015.7793
1588755729520,1015.7793
1588755729555,1015.7793
1588755729594,1015.7793
1588755729632,1015.7793
1588755729670,1015.7793
1588755729709,1015.7793
1588755729749,1015.7793
1588755729787,1015.7793
1588755729824,1015.787
1588755729862,1015.787
1588755729901,1015.787
1588755729939,1015.787
1588755729977,1015.7821
1588755730016,1015.7821
1588755730054,1015.7821
1588755730093,1015.7821
1588755730132,1015.7866
1588755730170,1015.7866
1588755730208,1015.7866
1588755730247,1015.7866
1588755730285,1015.7866
1588755730323,1015.7866
1588755730363,1015.7866
1588755730404,1015.7866
1588755730442,1015.7866
1588755730479,1015.7866
1588755730517,1015.7866
1588755730555,1015.7866
1588755730593,1015.7894
1588755730633,1015.7894
1588755730670,1015.7894
1588755730708,1015.7894
1588755730752,1015.78296
1588755730790,1015.78296
1588755730825,1015.78296
1588755730864,1015.78296
1588755730904,1015.7838
1588755730939,1015.7838
1588755730977,1015.7838
1588755731024,1015.7838
1588755731056,1015.7838
1588755731093,1015.7883
1588755731132,1015.7883
1588755731170,1015.7883
1588755731209,1015.7883
1588755731248,1015.78503
1588755731285,1015.78503
1588755731323,1015.78503
1588755731362,1015.78503
1588755731401,1015.7899
1588755731439,1015.7899
1588755731478,1015.7899
1588755731516,1015.7899
1588755731554,1015.79114
1588755731593,1015.79114
1588755731631,1015.79114
1588755731670,1015.79114
1588755731708,1015.78955
1588755731747,1015.78955
1588755731785,1015.78955
1588755731824,1015.78955
1588755731862,1015.7842
1588755731903,1015.7842
1588755731939,1015.7842
1588755731978,1015.7842
1588755732015,1015.7949
1588755732056,1015.7949
1588755732093,1015.7949
1588755732132,1015.7949
1588755732170,1015.7949
1588755732208,1015.7949
1588755732246,1015.7949
1588755732285,1015.7949
1588755732322,1015.7949
1588755732363,1015.7994
1588755732400,1015.7994
1588755732443,1015.7994
1588755732476,1015.7994
1588755732516,1015.8026
1588755732556,1015.8026
1588755732593,1015.8026
1588755732631,1015.8026
1588755732668,1015.80225
1588755732708,1015.80225
1588755732746,1015.80225
1588755732784,1015.80225
1588755732824,1015.80225
1588755732860,1015.80225
1588755732901,1015.80225
1588755732938,1015.80225
1588755732977,1015.81323
1588755733017,1015.81323
1588755733054,1015.81323
1588755733092,1015.81323
1588755733135,1015.8243
1588755733170,1015.8243
1588755733207,1015.8243
1588755733248,1015.8243
1588755733286,1015.8186
1588755733323,1015.8186
1588755733365,1015.8186
1588755733403,1015.8186
1588755733437,1015.82025
1588755733477,1015.82025
1588755733516,1015.82025
1588755733553,1015.82025
1588755733592,1015.82025
1588755733631,1015.8215
1588755733668,1015.8215
1588755733708,1015.8215
1588755733746,1015.8215
1588755733786,1015.8198
1588755733823,1015.8198
1588755733862,1015.8198
1588755733902,1015.8198
1588755733938,1015.81006
1588755733977,1015.81006
1588755734016,1015.81006
1588755734057,1015.81006
1588755734093,1015.808
1588755734131,1015.808
1588755734170,1015.808
1588755734207,1015.808
1588755734246,1015.81085
1588755734283,1015.81085
1588755734323,1015.81085
1588755734365,1015.81085
1588755734407,1015.8092
1588755734437,1015.8092
1588755734476,1015.8092
1588755734514,1015.8092
1588755734556,1015.8092
1588755734593,1015.8092
1588755734631,1015.8092
1588755734670,1015.8092
1588755734709,1015.81006
1588755734747,1015.81006
1588755734788,1015.81006
1588755734822,1015.81006
1588755734863,1015.81006
1588755734901,1015.81006
1588755734941,1015.81006
1588755734977,1015.81006
1588755735016,1015.81006
1588755735053,1015.81335
1588755735094,1015.81335
1588755735133,1015.81335
1588755735169,1015.81335
1588755735208,1015.8179
1588755735244,1015.8179
1588755735286,1015.8179
1588755735323,1015.8179
1588755735362,1015.82605
1588755735402,1015.82605
1588755735436,1015.82605
1588755735476,1015.82605
1588755735516,1015.83215
1588755735553,1015.83215
1588755735592,1015.83215
1588755735631,1015.83215
1588755735670,1015.8481
1588755735709,1015.8481
1588755735746,1015.8481
1588755735783,1015.8481
1588755735821,1015.8432
1588755735862,1015.8432
1588755735899,1015.8432
1588755735938,1015.8432
1588755735977,1015.8432
1588755736014,1015.8514
1588755736053,1015.8514
1588755736091,1015.8514
1588755736132,1015.8514
1588755736168,1015.8628
1588755736207,1015.8628
1588755736245,1015.8628
1588755736285,1015.8628
1588755736325,1015.8833
1588755736362,1015.8833
1588755736400,1015.8833
1588755736439,1015.8833
1588755736475,1015.90576
1588755736521,1015.90576
1588755736552,1015.90576
1588755736592,1015.90576
1588755736631,1015.93195
1588755736668,1015.93195
1588755736710,1015.93195
1588755736747,1015.93195
1588755736785,1015.9512
1588755736822,1015.9512
1588755736866,1015.9512
1588755736902,1015.9512
1588755736950,1015.97406
1588755736976,1015.97406
1588755737014,1015.97406
1588755737053,1015.97406
1588755737092,1015.9965
1588755737136,1015.9965
1588755737169,1015.9965
1588755737207,1015.9965
1588755737248,1015.9965
1588755737286,1016.0206
1588755737323,1016.0206
1588755737360,1016.0206
1588755737401,1016.0206
1588755737440,1016.0461
1588755737476,1016.0461
1588755737514,1016.0461
1588755737553,1016.0461
1588755737591,1016.07385
1588755737630,1016.07385
1588755737670,1016.07385
1588755737707,1016.07385
1588755737745,1016.11926
1588755737783,1016.11926
1588755737822,1016.11926
1588755737860,1016.11926
1588755737898,1016.152
1588755737945,1016.152
1588755737976,1016.152
1588755738015,1016.152
1588755738053,1016.1875
1588755738093,1016.1875
1588755738130,1016.1875
1588755738167,1016.1875
1588755738206,1016.2317
1588755738245,1016.2317
1588755738282,1016.2317
1588755738322,1016.2317
1588755738363,1016.2754
1588755738401,1016.2754
1588755738447,1016.2754
1588755738477,1016.2754
1588755738514,1016.2754
1588755738552,1016.3163
1588755738592,1016.3163
1588755738630,1016.3163
1588755738669,1016.3163
1588755738706,1016.3523
1588755738745,1016.3523
1588755738785,1016.3523
1588755738822,1016.3523
1588755738860,1016.3866
1588755738899,1016.3866
1588755738936,1016.3866
1588755738974,1016.3866
1588755739012,1016.42676
1588755739051,1016.42676
1588755739089,1016.42676
1588755739130,1016.42676
1588755739168,1016.47864
1588755739207,1016.47864
1588755739248,1016.47864
1588755739282,1016.47864
1588755739323,1016.52936
1588755739360,1016.52936
1588755739398,1016.52936
1588755739439,1016.52936
1588755739476,1016.5862
1588755739516,1016.5862
1588755739551,1016.5862
1588755739593,1016.5862
1588755739631,1016.6398
1588755739672,1016.6398
1588755739706,1016.6398
1588755739745,1016.6398
1588755739783,1016.6398
1588755739825,1016.6839
1588755739861,1016.6839
1588755739899,1016.6839
1588755739944,1016.6839
1588755739975,1016.7374
1588755740014,1016.7374
1588755740053,1016.7374
1588755740092,1016.7374
1588755740128,1016.791
1588755740169,1016.791
1588755740206,1016.791
1588755740246,1016.791
1588755740289,1016.84784
1588755740321,1016.84784
1588755740361,1016.84784
1588755740397,1016.84784
1588755740444,1016.8936
1588755740477,1016.8936
1588755740514,1016.8936
1588755740552,1016.8936
1588755740593,1016.9345
1588755740628,1016.9345
1588755740667,1016.9345
1588755740704,1016.9345
1588755740745,1016.98645
1588755740782,1016.98645
1588755740822,1016.98645
1588755740860,1016.98645
1588755740898,1017.04004
1588755740936,1017.04004
1588755740976,1017.04004
1588755741014,1017.04004
1588755741052,1017.04004
1588755741090,1017.0907
1588755741130,1017.0907
1588755741166,1017.0907
1588755741208,1017.0907
1588755741243,1017.1414
1588755741282,1017.1414
1588755741322,1017.1414
1588755741358,1017.1414
1588755741397,1017.19464
1588755741438,1017.19464
1588755741474,1017.19464
1588755741517,1017.19464
1588755741556,1017.24817
1588755741589,1017.24817
1588755741628,1017.24817
1588755741668,1017.24817
1588755741711,1017.29395
1588755741743,1017.29395
1588755741783,1017.29395
1588755741821,1017.29395
1588755741859,1017.34265
1588755741899,1017.34265
1588755741939,1017.34265
1588755741974,1017.34265
1588755742014,1017.3966
1588755742051,1017.3966
1588755742091,1017.3966
1588755742129,1017.3966
1588755742166,1017.4424
1588755742205,1017.4424
1588755742243,1017.4424
1588755742283,1017.4424
1588755742321,1017.4424
1588755742359,1017.49927
1588755742397,1017.49927
1588755742436,1017.49927
1588755742475,1017.49927
1588755742514,1017.5557
1588755742554,1017.5557
1588755742590,1017.5557
1588755742628,1017.5557
1588755742668,1017.6113
1588755742704,1017.6113
1588755742748,1017.6113
1588755742783,1017.6113
1588755742820,1017.6731
1588755742859,1017.6731
1588755742898,1017.6731
1588755742938,1017.6731
1588755742973,1017.7254
1588755743013,1017.7254
1588755743052,1017.7254
1588755743090,1017.7254
1588755743131,1017.7855
1588755743168,1017.7855
1588755743206,1017.7855
1588755743243,1017.7855
1588755743283,1017.844
1588755743321,1017.844
1588755743358,1017.844
1588755743398,1017.844
1588755743435,1017.8947
1588755743474,1017.8947
1588755743514,1017.8947
1588755743550,1017.8947
1588755743589,1017.8947
1588755743631,1017.9463
1588755743666,1017.9463
1588755743704,1017.9463
1588755743742,1017.9463
1588755743782,1017.9999
1588755743821,1017.9999
1588755743858,1017.9999
1588755743899,1017.9999
1588755743935,1018.0567
1588755743972,1018.0567
1588755744012,1018.0567
1588755744051,1018.0567
1588755744089,1018.1045
1588755744128,1018.1045
1588755744167,1018.1045
1588755744205,1018.1045
1588755744243,1018.15643
1588755744281,1018.15643
1588755744322,1018.15643
1588755744358,1018.15643
1588755744397,1018.19446
1588755744436,1018.19446
1588755744472,1018.19446
1588755744512,1018.19446
1588755744553,1018.24194
1588755744588,1018.24194
1588755744627,1018.24194
1588755744667,1018.24194
1588755744704,1018.24194
1588755744742,1018.2955
1588755744782,1018.2955
1588755744820,1018.2955
1588755744858,1018.2955
1588755744897,1018.3556
1588755744935,1018.3556
1588755744973,1018.3556
1588755745013,1018.3556
1588755745051,1018.40137
1588755745090,1018.40137
1588755745127,1018.40137
1588755745165,1018.40137
1588755745205,1018.44556
1588755745242,1018.44556
1588755745284,1018.44556
1588755745320,1018.44556
1588755745357,1018.5053
1588755745399,1018.5053
1588755745436,1018.5053
1588755745476,1018.5053
1588755745515,1018.5589
1588755745550,1018.5589
1588755745591,1018.5589
1588755745627,1018.5589
1588755745666,1018.6047
1588755745704,1018.6047
1588755745742,1018.6047
1588755745781,1018.6047
1588755745821,1018.65826
1588755745861,1018.65826
1588755745901,1018.65826
1588755745936,1018.65826
1588755745974,1018.65826
1588755746014,1018.70856
1588755746051,1018.70856
1588755746087,1018.70856
1588755746127,1018.70856
1588755746165,1018.76416
1588755746206,1018.76416
1588755746243,1018.76416
1588755746283,1018.76416
1588755746319,1018.8182
1588755746357,1018.8182
1588755746396,1018.8182
1588755746435,1018.8182
1588755746476,1018.8717
1588755746511,1018.8717
1588755746550,1018.8717
1588755746589,1018.8717
1588755746630,1018.9266
1588755746666,1018.9266
1588755746706,1018.9266
1588755746743,1018.9266
1588755746782,1018.974
1588755746820,1018.974
1588755746858,1018.974
1588755746898,1018.974
1588755746936,1019.03577
1588755746972,1019.03577
1588755747012,1019.03577
1588755747051,1019.03577
1588755747091,1019.093
1588755747126,1019.093
1588755747169,1019.093
1588755747204,1019.093
1588755747243,1019.093
1588755747281,1019.1548
1588755747318,1019.1548
1588755747358,1019.1548
1588755747396,1019.1548
1588755747437,1019.201
1588755747473,1019.201
1588755747512,1019.201
1588755747550,1019.201
1588755747588,1019.25946
1588755747629,1019.25946
1588755747668,1019.25946
1588755747703,1019.25946
1588755747744,1019.3118
1588755747783,1019.3118
1588755747821,1019.3118
1588755747860,1019.3118
1588755747900,1019.36707
1588755747937,1019.36707
1588755747976,1019.36707
1588755748013,1019.36707
1588755748050,1019.4226
1588755748089,1019.4226
1588755748128,1019.4226
1588755748167,1019.4226
1588755748204,1019.47095
1588755748243,1019.47095
1588755748281,1019.47095
1588755748320,1019.47095
1588755748358,1019.52985
1588755748395,1019.52985
1588755748434,1019.52985
1588755748472,1019.52985
1588755748510,1019.52985
1588755748551,1019.58997
1588755748589,1019.58997
1588755748627,1019.58997
1588755748667,1019.58997
1588755748705,1019.63904
1588755748743,1019.63904
1588755748781,1019.63904
1588755748821,1019.63904
1588755748857,1019.68933
1588755748896,1019.68933
1588755748935,1019.68933
1588755748973,1019.68933
1588755749012,1019.7368
1588755749051,1019.7368
1588755749089,1019.7368
1588755749127,1019.7368
1588755749164,1019.78876
1588755749203,1019.78876
1588755749242,1019.78876
1588755749280,1019.78876
1588755749319,1019.8436
1588755749359,1019.8436
1588755749398,1019.8436
1588755749438,1019.8436
1588755749475,1019.9119
1588755749511,1019.9119
1588755749550,1019.9119
1588755749589,1019.9119
1588755749627,1019.9659
1588755749666,1019.9659
1588755749706,1019.9659
1588755749742,1019.9659
1588755749781,1019.9659
1588755749820,1020.0264
1588755749859,1020.0264
1588755749898,1020.0264
1588755749935,1020.0264
1588755749978,1020.08655
1588755750011,1020.08655
1588755750051,1020.08655
1588755750088,1020.08655
1588755750127,1020.13727
1588755750164,1020.13727
1588755750203,1020.13727
1588755750245,1020.13727
1588755750281,1020.1974
1588755750318,1020.1974
1588755750357,1020.1974
1588755750394,1020.1974
1588755750435,1020.25134
1588755750478,1020.25134
1588755750509,1020.25134
1588755750551,1020.25134
1588755750589,1020.30334
1588755750626,1020.30334
1588755750666,1020.30334
1588755750704,1020.30334
1588755750743,1020.3524
1588755750780,1020.3524
1588755750824,1020.3524
1588755750857,1020.3524
1588755750898,1020.4064
1588755750933,1020.4064
1588755750974,1020.4064
1588755751011,1020.4064
1588755751048,1020.4064
1588755751089,1020.4596
1588755751128,1020.4596
1588755751166,1020.4596
1588755751202,1020.4596
1588755751242,1020.51196
1588755751281,1020.51196
1588755751323,1020.51196
1588755751357,1020.51196
1588755751396,1020.5721
1588755751434,1020.5721
1588755751472,1020.5721
1588755751516,1020.5721
1588755751553,1020.63385
1588755751587,1020.63385
1588755751627,1020.63385
1588755751664,1020.63385
1588755751702,1020.6776
1588755751744,1020.6776
1588755751779,1020.6776
1588755751817,1020.6776
1588755751857,1020.7169
1588755751897,1020.7169
1588755751935,1020.7169
1588755751982,1020.7169
1588755752013,1020.7571
1588755752048,1020.7571
1588755752090,1020.7571
1588755752126,1020.7571
1588755752166,1020.79755
1588755752203,1020.79755
1588755752241,1020.79755
1588755752282,1020.79755
1588755752320,1020.79755
1588755752357,1020.8286
1588755752395,1020.8286
1588755752434,1020.8286
1588755752475,1020.8286
1588755752511,1020.8757
1588755752549,1020.8757
1588755752589,1020.8757
1588755752626,1020.8757
1588755752665,1020.9117
1588755752705,1020.9117
1588755752742,1020.9117
1588755752779,1020.9117
1588755752819,1020.9563
1588755752858,1020.9563
1588755752895,1020.9563
1588755752933,1020.9563
1588755752972,1020.97925
1588755753011,1020.97925
1588755753048,1020.97925
1588755753089,1020.97925
1588755753127,1021.0136
1588755753163,1021.0136
1588755753203,1021.0136
1588755753243,1021.0136
1588755753279,1021.043
1588755753319,1021.043
1588755753356,1021.043
1588755753396,1021.043
1588755753436,1021.0692
1588755753473,1021.0737
1588755753510,1021.0737
1588755753550,1021.0737
1588755753587,1021.0737
1588755753625,1021.09174
1588755753666,1021.09174
1588755753703,1021.09174
1588755753741,1021.09174
1588755753779,1021.11426
1588755753825,1021.11426
1588755753856,1021.11426
1588755753895,1021.11426
1588755753934,1021.13385
1588755753973,1021.13385
1588755754011,1021.13385
1588755754050,1021.13385
1588755754087,1021.13715
1588755754126,1021.13715
1588755754166,1021.13715
1588755754204,1021.13715
1588755754240,1021.1531
1588755754280,1021.1531
1588755754319,1021.1531
1588755754356,1021.1531
1588755754394,1021.16785
1588755754434,1021.16785
1588755754473,1021.16785
1588755754510,1021.16785
1588755754549,1021.1802
1588755754589,1021.1802
1588755754626,1021.1802
1588755754665,1021.1802
1588755754703,1021.1802
1588755754742,1021.19
1588755754779,1021.19
1588755754817,1021.19
1588755754867,1021.19
1588755754895,1021.20593
1588755754934,1021.20593
1588755754974,1021.20593
1588755755011,1021.20593
1588755755049,1021.2125
1588755755086,1021.2125
1588755755126,1021.2125
1588755755163,1021.2125
1588755755203,1021.2219
1588755755243,1021.2219
1588755755279,1021.2219
1588755755321,1021.2219
1588755755357,1021.2219
1588755755395,1021.2219
1588755755434,1021.2219
1588755755476,1021.2219
1588755755511,1021.2235
1588755755547,1021.2235
1588755755588,1021.2235
1588755755624,1021.2235
1588755755664,1021.2313
1588755755704,1021.2313
1588755755741,1021.2313
1588755755782,1021.2313
1588755755818,1021.2297
1588755755857,1021.2297
1588755755895,1021.2297
1588755755932,1021.2297
1588755755974,1021.2297
1588755756010,1021.228
1588755756049,1021.228
1588755756087,1021.228
1588755756125,1021.228
1588755756166,1021.23425
1588755756205,1021.23425
1588755756243,1021.23425
1588755756280,1021.23425
1588755756318,1021.2478
1588755756357,1021.2478
1588755756395,1021.2478
1588755756433,1021.2478
1588755756476,1021.25433
1588755756510,1021.25433
1588755756550,1021.25433
1588755756587,1021.25433
1588755756629,1021.2654
1588755756664,1021.2654
1588755756702,1021.2654
1588755756739,1021.2654
1588755756778,1021.27155
1588755756818,1021.27155
1588755756858,1021.27155
1588755756895,1021.27155
1588755756932,1021.2802
1588755756970,1021.2802
1588755757010,1021.2802
1588755757049,1021.2802
1588755757086,1021.2737
1588755757125,1021.2737
1588755757163,1021.2737
1588755757201,1021.2737
1588755757242,1021.2737
1588755757279,1021.2704
1588755757317,1021.2704
1588755757357,1021.2704
1588755757396,1021.2704
1588755757432,1021.2688
1588755757473,1021.2688
1588755757508,1021.2688
1588755757548,1021.2688
1588755757586,1021.2749
1588755757626,1021.2749
1588755757662,1021.2749
1588755757703,1021.2749
1588755757740,1021.2782
1588755757779,1021.2782
1588755757817,1021.2782
1588755757857,1021.2782
1588755757895,1021.2831
1588755757932,1021.2831
1588755757970,1021.2831
1588755758010,1021.2831
1588755758048,1021.2827
1588755758087,1021.2827
1588755758124,1021.2827
1588755758164,1021.2827
1588755758203,1021.28033
1588755758241,1021.28033
1588755758278,1021.28033
1588755758317,1021.28033
1588755758355,1021.28156
1588755758395,1021.28156
1588755758432,1021.28156
1588755758472,1021.28156
1588755758508,1021.28156
1588755758545,1021.2861
1588755758586,1021.2861
1588755758624,1021.2861
1588755758663,1021.2861
1588755758701,1021.28076
1588755758742,1021.28076
1588755758778,1021.28076
1588755758816,1021.28076
1588755758855,1021.2775
1588755758895,1021.2775
1588755758933,1021.2775
1588755758974,1021.2775
1588755759010,1021.27875
1588755759046,1021.27875
1588755759087,1021.27875
1588755759125,1021.27875
1588755759163,1021.2771
1588755759203,1021.2771
1588755759240,1021.2771
1588755759278,1021.2771
1588755759318,1021.27875
1588755759355,1021.27875
1588755759396,1021.27875
1588755759433,1021.27875
1588755759472,1021.27966
1588755759509,1021.27966
1588755759548,1021.27966
1588755759585,1021.27966
1588755759623,1021.2829
1588755759663,1021.2829
1588755759701,1021.2829
1588755759740,1021.2829
1588755759779,1021.2829
1588755759818,1021.2809
1588755759858,1021.2809
1588755759894,1021.2809
1588755759934,1021.2809
1588755759971,1021.28375
1588755760014,1021.28375
1588755760047,1021.28375
1588755760088,1021.28375
1588755760124,1021.28375
1588755760164,1021.28375
1588755760202,1021.28375
1588755760240,1021.28375
1588755760294,1021.28705
1588755760316,1021.28705
1588755760356,1021.28705
1588755760394,1021.28705
1588755760436,1021.2903
1588755760471,1021.2903
1588755760508,1021.2903
1588755760547,1021.2903
1588755760584,1021.29156
1588755760624,1021.29156
1588755760665,1021.29156
1588755760702,1021.29156
1588755760746,1021.2948
1588755760780,1021.2948
1588755760816,1021.2948
1588755760855,1021.2948
1588755760894,1021.2908
1588755760933,1021.2908
1588755760971,1021.2908
1588755761011,1021.2908
1588755761048,1021.2908
1588755761085,1021.2855
1588755761123,1021.2855
1588755761163,1021.2855
1588755761201,1021.2855
1588755761242,1021.27936
1588755761279,1021.27936
1588755761316,1021.27936
1588755761355,1021.27936
1588755761395,1021.2933
1588755761433,1021.2933
1588755761471,1021.2933
1588755761509,1021.2933
1588755761546,1021.2933
1588755761587,1021.2933
1588755761626,1021.2933
1588755761662,1021.2933
1588755761701,1021.29614
1588755761738,1021.29614
1588755761779,1021.29614
1588755761815,1021.29614
1588755761855,1021.2954
1588755761894,1021.2954
1588755761932,1021.2954
1588755761971,1021.2954
1588755762010,1021.2922
1588755762046,1021.2922
1588755762085,1021.2922
1588755762124,1021.2922
1588755762164,1021.2954
1588755762203,1021.2954
1588755762239,1021.2954
1588755762277,1021.2954
1588755762316,1021.2954
1588755762356,1021.29663
1588755762393,1021.29663
1588755762435,1021.29663
1588755762476,1021.29663
1588755762513,1021.29504
1588755762548,1021.29504
1588755762585,1021.29504
1588755762624,1021.29504
1588755762662,1021.3061
1588755762701,1021.3061
1588755762741,1021.3061
1588755762778,1021.3061
1588755762820,1021.30444
1588755762854,1021.30444
1588755762893,1021.30444
1588755762931,1021.30444
1588755762972,1021.30566
1588755763011,1021.30566
1588755763046,1021.30566
1588755763086,1021.30566
1588755763126,1021.3066
1588755763164,1021.3066
1588755763203,1021.3066
1588755763240,1021.3066
1588755763278,1021.3115
1588755763317,1021.3115
1588755763355,1021.3115
1588755763396,1021.3115
1588755763432,1021.3115
1588755763469,1021.31604
1588755763509,1021.31604
1588755763547,1021.31604
1588755763584,1021.31604
1588755763623,1021.3176
1588755763662,1021.3176
1588755763701,1021.3176
1588755763740,1021.3176
1588755763778,1021.3209
1588755763817,1021.3209
1588755763853,1021.3209
1588755763892,1021.3209
1588755763931,1021.31604
1588755763969,1021.31604
1588755764009,1021.31604
1588755764046,1021.31604
1588755764085,1021.31683
1588755764126,1021.31683
1588755764161,1021.31683
1588755764200,1021.31683
1588755764237,1021.3132
1588755764277,1021.3132
1588755764317,1021.3132
1588755764353,1021.3132
1588755764393,1021.3141
1588755764430,1021.3141
1588755764470,1021.3141
1588755764509,1021.3141
1588755764546,1021.3174
1588755764583,1021.3174
1588755764624,1021.3174
1588755764662,1021.3174
1588755764701,1021.3174
1588755764741,1021.3186
1588755764777,1021.3186
1588755764816,1021.3186
1588755764867,1021.3186
1588755764892,1021.3231
1588755764931,1021.3231
1588755764971,1021.3231
1588755765008,1021.3231
1588755765046,1021.3367
1588755765084,1021.3367
1588755765122,1021.3367
1588755765161,1021.3367
1588755765201,1021.34283
1588755765238,1021.34283
1588755765277,1021.34283
1588755765318,1021.34283
1588755765355,1021.3408
1588755765394,1021.3408
1588755765431,1021.3408
1588755765470,1021.3408
1588755765513,1021.3375
1588755765551,1021.3375
1588755765586,1021.3375
1588755765622,1021.3375
1588755765662,1021.33716
1588755765698,1021.33716
1588755765739,1021.33716
1588755765776,1021.33716
1588755765816,1021.33386
1588755765853,1021.33386
1588755765893,1021.33386
1588755765932,1021.33386
1588755765978,1021.33386
1588755766016,1021.33386
1588755766044,1021.33386
1588755766083,1021.33386
1588755766124,1021.33386
1588755766162,1021.3331
1588755766201,1021.3331
1588755766240,1021.3331
1588755766279,1021.3331
1588755766316,1021.33765
1588755766359,1021.33765
1588755766391,1021.33765
1588755766430,1021.33765
1588755766469,1021.34216
1588755766509,1021.34216
1588755766546,1021.34216
1588755766583,1021.34216
1588755766624,1021.33563
1588755766661,1021.33563
1588755766700,1021.33563
1588755766737,1021.33563
1588755766778,1021.3307
1588755766815,1021.3307
1588755766854,1021.3307
1588755766901,1021.3307
1588755766931,1021.3352
1588755766970,1021.3352
1588755767008,1021.3352
1588755767045,1021.3352
1588755767084,1021.3319
1588755767124,1021.3319
1588755767163,1021.3319
1588755767200,1021.3319
1588755767240,1021.3319
1588755767276,1021.3299
1588755767314,1021.3299
1588755767355,1021.3299
1588755767391,1021.3299
1588755767433,1021.3341
1588755767476,1021.3341
1588755767506,1021.3341
1588755767547,1021.3341
1588755767585,1021.3402
1588755767624,1021.3402
1588755767661,1021.3402
1588755767701,1021.3402
1588755767738,1021.3353
1588755767777,1021.3353
1588755767814,1021.3353
1588755767853,1021.3353
1588755767891,1021.33655
1588755767930,1021.33655
1588755767967,1021.33655
1588755768007,1021.33655
1588755768046,1021.3427
1588755768083,1021.3427
1588755768122,1021.3427
1588755768164,1021.3427
1588755768198,1021.33777
1588755768240,1021.33777
1588755768277,1021.33777
1588755768314,1021.33777
1588755768353,1021.3329
1588755768391,1021.3329
1588755768430,1021.3329
1588755768467,1021.3329
1588755768505,1021.3329
1588755768545,1021.33545
1588755768584,1021.33545
1588755768623,1021.33545
1588755768663,1021.33545
1588755768700,1021.3252
1588755768738,1021.3252
1588755768775,1021.3252
1588755768815,1021.3252
1588755768852,1021.31665
1588755768891,1021.31665
1588755768935,1021.31665
1588755768972,1021.31665
1588755769008,1021.31006
1588755769043,1021.31006
1588755769083,1021.31006
1588755769124,1021.31006
1588755769160,1021.3097
1588755769197,1021.3097
1588755769238,1021.3097
1588755769277,1021.3097
1588755769315,1021.3015
1588755769353,1021.3015
1588755769393,1021.3015
1588755769430,1021.3015
1588755769468,1021.29913
1588755769512,1021.29913
1588755769546,1021.29913
1588755769585,1021.29913
1588755769623,1021.302
1588755769660,1021.302
1588755769701,1021.302
1588755769737,1021.302
1588755769775,1021.302
1588755769813,1021.2971
1588755769853,1021.2971
1588755769891,1021.2971
1588755769929,1021.2971
1588755769968,1021.2967
1588755770007,1021.2967
1588755770046,1021.2967
1588755770083,1021.2967
1588755770123,1021.29346
1588755770161,1021.29346
1588755770199,1021.29346
1588755770237,1021.29346
1588755770276,1021.28687
1588755770316,1021.28687
1588755770353,1021.28687
1588755770392,1021.28687
1588755770429,1021.28485
1588755770467,1021.28485
1588755770508,1021.28485
1588755770544,1021.28485
1588755770583,1021.2779
1588755770624,1021.2779
1588755770660,1021.2779
1588755770700,1021.2779
1588755770740,1021.2788
1588755770774,1021.2788
1588755770814,1021.2788
1588755770853,1021.2788
1588755770892,1021.28046
1588755770931,1021.28046
1588755770972,1021.28046
1588755771010,1021.28046
1588755771044,1021.28046
1588755771085,1021.2849
1588755771123,1021.2849
1588755771172,1021.2849
1588755771212,1021.2849
1588755771239,1021.28046
1588755771275,1021.28046
1588755771313,1021.28046
1588755771353,1021.28046
1588755771391,1021.2882
1588755771428,1021.2882
1588755771468,1021.2882
1588755771509,1021.2882
1588755771544,1021.2964
1588755771583,1021.2964
1588755771621,1021.2964
1588755771666,1021.2964
1588755771698,1021.30457
1588755771739,1021.30457
1588755771774,1021.30457
1588755771815,1021.30457
1588755771852,1021.3189
1588755771891,1021.3189
1588755771928,1021.3189
1588755771970,1021.3189
1588755772008,1021.33527
1588755772045,1021.33527
1588755772082,1021.33527
1588755772122,1021.33527
1588755772159,1021.3578
1588755772198,1021.3578
1588755772237,1021.3578
1588755772277,1021.3578
1588755772313,1021.3578
1588755772352,1021.3767
1588755772392,1021.3767
1588755772431,1021.3767
1588755772468,1021.3767
1588755772505,1021.40125
1588755772542,1021.40125
1588755772583,1021.40125
1588755772624,1021.40125
1588755772660,1021.4401
1588755772698,1021.4401
1588755772738,1021.4401
1588755772776,1021.4401
1588755772814,1021.4724
1588755772852,1021.4724
1588755772893,1021.4724
1588755772930,1021.4724
1588755772970,1021.4966
1588755773005,1021.4966
1588755773043,1021.4966
1588755773082,1021.4966
1588755773122,1021.5179
1588755773159,1021.5179
1588755773198,1021.5179
1588755773236,1021.5179
1588755773274,1021.53345
1588755773315,1021.53345
1588755773352,1021.53345
1588755773390,1021.53345
1588755773430,1021.53674
1588755773467,1021.53674
1588755773507,1021.53674
1588755773545,1021.53674
1588755773582,1021.53674
1588755773620,1021.5609
1588755773660,1021.5609
1588755773699,1021.5609
1588755773736,1021.5609
1588755773774,1021.5883
1588755773815,1021.5883
1588755773853,1021.5883
1588755773890,1021.5883
1588755773928,1021.6112
1588755773968,1021.6112
1588755774005,1021.6112
1588755774043,1021.6112
1588755774082,1021.6338
1588755774121,1021.6338
1588755774159,1021.6338
1588755774196,1021.6338
1588755774238,1021.65344
1588755774276,1021.65344
1588755774318,1021.65344
1588755774352,1021.65344
1588755774392,1021.67224
1588755774429,1021.67224
1588755774467,1021.67224
1588755774505,1021.67224
1588755774544,1021.68335
1588755774581,1021.68335
1588755774625,1021.68335
1588755774663,1021.68335
1588755774698,1021.68335
1588755774738,1021.6997
1588755774775,1021.6997
1588755774814,1021.6997
1588755774854,1021.6997
1588755774894,1021.6997
1588755774927,1021.6997
1588755774968,1021.6997
1588755775005,1021.6997
1588755775047,1021.7145
1588755775082,1021.7145
1588755775121,1021.7145
1588755775158,1021.7145
1588755775197,1021.7206
1588755775235,1021.7206
1588755775274,1021.7206
1588755775313,1021.7206
1588755775352,1021.7284
1588755775390,1021.7284
1588755775428,1021.7284
1588755775468,1021.7284
1588755775514,1021.72473
1588755775545,1021.72473
1588755775583,1021.72473
1588755775620,1021.72473
1588755775660,1021.7411
1588755775698,1021.7411
1588755775737,1021.7411
1588755775775,1021.7411
1588755775826,1021.77466
1588755775851,1021.77466
1588755775888,1021.77466
1588755775928,1021.77466
1588755775966,1021.77466
1588755776005,1021.82825
1588755776049,1021.82825
1588755776081,1021.82825
1588755776121,1021.82825
1588755776159,1021.71216
1588755776197,1021.71216
1588755776238,1021.71216
1588755776275,1021.71216
1588755776312,1021.6953
1588755776352,1021.6953
1588755776391,1021.6953
1588755776429,1021.6953
1588755776467,1021.6953
1588755776505,1021.6953
1588755776544,1021.6953
1588755776582,1021.6953
1588755776622,1021.6885
1588755776659,1021.6885
1588755776697,1021.6885
1588755776737,1021.6885
1588755776776,1021.6852
1588755776817,1021.6852
1588755776852,1021.6852
1588755776899,1021.6852
1588755776929,1021.6819
1588755776966,1021.6819
1588755777005,1021.6819
1588755777043,1021.6819
1588755777081,1021.6885
1588755777121,1021.6885
1588755777159,1021.6885
1588755777198,1021.6885
1588755777240,1021.6885
1588755777274,1021.7008
1588755777313,1021.7008
1588755777350,1021.7008
1588755777390,1021.7008
1588755777430,1021.7057
1588755777465,1021.7057
1588755777509,1021.7057
1588755777547,1021.7057
1588755777581,1021.72
1588755777620,1021.72
1588755777659,1021.72
