1588755848485,1019.41565
1588755848486,1019.41565
1588755848525,1019.41565
1588755848562,1019.41565
1588755848601,1017.6926
1588755848640,1017.6926
1588755848678,1017.6926
1588755848717,1017.6926
1588755848760,1016.3974
1588755848795,1016.3974
1588755848833,1016.3974
1588755848871,1016.3974
1588755848913,1015.422
1588755848949,1015.422
1588755848987,1015.422
1588755849024,1015.422
1588755849064,1014.69556
1588755849102,1014.69556
1588755849140,1014.69556
1588755849180,1014.69556
1588755849220,1014.14923
1588755849257,1014.14923
1588755849294,1014.14923
1588755849334,1014.14923
1588755849387,1013.73834
1588755849424,1013.73834
1588755849449,1013.73834
1588755849485,1013.73834
1588755849523,1013.73834
1588755849565,1013.44366
1588755849601,1013.44366
1588755849639,1013.44366
1588755849681,1013.44366
1588755849717,1013.21735
1588755849756,1013.21735
1588755849793,1013.21735
1588755849833,1013.21735
1588755849870,1013.03406
1588755849908,1013.03406
1588755849949,1013.03406
1588755849985,1013.03406
1588755850024,1012.905
1588755850063,1012.905
1588755850101,1012.905
1588755850140,1012.905
1588755850178,1012.8085
1588755850216,1012.8085
1588755850257,1012.8085
1588755850294,1012.8085
1588755850332,1012.73395
1588755850370,1012.73395
1588755850408,1012.73395
1588755850447,1012.73395
1588755850486,1012.67584
1588755850524,1012.67584
1588755850562,1012.67584
1588755850602,1012.67584
1588755850642,1012.6284
1588755850678,1012.6284
1588755850717,1012.6284
1588755850757,1012.6284
1588755850793,1012.6284
1588755850833,1012.6099
1588755850872,1012.6099
1588755850909,1012.6099
1588755850953,1012.6099
1588755850996,1012.6161
1588755851024,1012.6161
1588755851063,1012.6161
1588755851105,1012.6161
1588755851142,1012.60785
1588755851179,1012.60785
1588755851216,1012.60785
1588755851255,1012.60785
1588755851295,1012.61115
1588755851333,1012.61115
1588755851372,1012.61115
1588755851429,1012.61115
1588755851460,1012.6099
1588755851507,1012.6099
1588755851530,1012.6099
1588755851562,1012.6099
1588755851600,1012.6116
1588755851642,1012.6116
1588755851680,1012.6116
1588755851715,1012.6116
1588755851754,1012.6247
1588755851795,1012.6247
1588755851831,1012.6247
1588755851869,1012.6247
1588755851908,1012.639
1588755851949,1012.639
1588755851985,1012.639
1588755852024,1012.639
1588755852063,1012.639
1588755852100,1012.6696
1588755852138,1012.6696
1588755852179,1012.6696
1588755852217,1012.6696
1588755852254,1012.69257
1588755852296,1012.69257
1588755852333,1012.69257
1588755852372,1012.69257
1588755852408,1012.7131
1588755852448,1012.7131
1588755852486,1012.7131
1588755852526,1012.7131
1588755852561,1012.7556
1588755852603,1012.7556
1588755852641,1012.7556
1588755852677,1012.7556
1588755852715,1012.7769
1588755852755,1012.7769
1588755852796,1012.7769
1588755852832,1012.7769
1588755852871,1012.8146
1588755852908,1012.8146
1588755852947,1012.8146
1588755852985,1012.8146
1588755853025,1012.8391
1588755853062,1012.8391
1588755853103,1012.8391
1588755853140,1012.8391
1588755853180,1012.86694
1588755853216,1012.86694
1588755853255,1012.86694
1588755853294,1012.86694
1588755853332,1012.86694
1588755853373,1012.8981
1588755853465,1012.8981
1588755853466,1012.8981
1588755853493,1012.8981
1588755853541,1012.92914
1588755853565,1012.92914
1588755853600,1012.92914
1588755853639,1012.92914
1588755853677,1012.9586
1588755853715,1012.9586
1588755853756,1012.9586
1588755853793,1012.9586
1588755853831,1012.9877
1588755853869,1012.9877
1588755853909,1012.9877
1588755853947,1012.9877
1588755853984,1013.00073
1588755854023,1013.00073
1588755854069,1013.00073
1588755854102,1013.00073
1588755854139,1013.02203
1588755854178,1013.02203
1588755854217,1013.02203
1588755854255,1013.02203
1588755854294,1013.0707
1588755854332,1013.0707
1588755854370,1013.0707
1588755854410,1013.0707
1588755854447,1013.074
1588755854487,1013.074
1588755854524,1013.074
1588755854570,1013.074
1588755854601,1013.074
1588755854641,1013.0805
1588755854679,1013.0805
1588755854716,1013.0805
1588755854754,1013.0805
1588755854794,1013.092
1588755854831,1013.092
1588755854871,1013.092
1588755854909,1013.092
1588755854949,1013.1051
1588755854987,1013.1051
1588755855024,1013.1051
1588755855064,1013.1051
1588755855099,1013.12964
1588755855140,1013.12964
1588755855177,1013.12964
1588755855217,1013.12964
1588755855256,1013.146
1588755855293,1013.146
1588755855332,1013.146
1588755855372,1013.146
1588755855408,1013.1546
1588755855495,1013.1546
1588755855495,1013.1546
1588755855525,1013.1546
1588755855561,1013.15955
1588755855601,1013.15955
1588755855641,1013.15955
1588755855676,1013.15955
1588755855719,1013.1755
1588755855753,1013.1755
1588755855791,1013.1755
1588755855829,1013.1755
1588755855869,1013.1755
1588755855910,1013.17993
1588755855946,1013.17993
1588755855987,1013.17993
1588755856023,1013.17993
1588755856063,1013.1877
1588755856100,1013.1877
1588755856139,1013.1877
1588755856177,1013.1877
1588755856216,1013.1935
1588755856261,1013.1935
1588755856294,1013.1935
1588755856333,1013.1935
1588755856370,1013.18854
1588755856409,1013.18854
1588755856448,1013.18854
1588755856485,1013.18854
1588755856523,1013.1869
1588755856565,1013.1869
1588755856601,1013.1869
1588755856639,1013.1869
1588755856680,1013.182
1588755856716,1013.182
1588755856755,1013.182
1588755856793,1013.182
1588755856834,1013.1754
1588755856869,1013.1754
1588755856911,1013.1754
1588755856947,1013.1754
1588755856986,1013.1754
1588755857024,1013.1754
1588755857063,1013.1754
1588755857100,1013.1754
1588755857138,1013.1754
1588755857178,1013.1722
1588755857217,1013.1722
1588755857256,1013.1722
1588755857294,1013.1722
1588755857332,1013.17505
1588755857370,1013.17505
1588755857408,1013.17505
1588755857449,1013.17505
1588755857485,1013.1701
1588755857523,1013.1701
1588755857568,1013.1701
1588755857599,1013.1701
1588755857639,1013.1669
1588755857678,1013.1669
1588755857715,1013.1669
1588755857754,1013.1669
1588755857794,1013.1664
1588755857832,1013.1664
1588755857870,1013.1664
1588755857912,1013.1664
1588755857947,1013.1615
1588755857986,1013.1615
1588755858023,1013.1615
1588755858061,1013.1615
1588755858100,1013.1615
1588755858139,1013.1615
1588755858176,1013.1615
1588755858215,1013.1615
1588755858253,1013.15656
1588755858292,1013.15656
1588755858332,1013.15656
1588755858370,1013.15656
1588755858412,1013.15656
1588755858448,1013.1549
1588755858484,1013.1549
1588755858524,1013.1549
1588755858564,1013.1549
1588755858600,1013.15985
1588755858639,1013.15985
1588755858677,1013.15985
1588755858715,1013.15985
1588755858753,1013.1582
1588755858793,1013.1582
1588755858830,1013.1582
1588755858869,1013.1582
1588755858906,1013.15985
1588755858945,1013.15985
1588755858985,1013.15985
1588755859025,1013.15985
1588755859062,1013.16315
1588755859099,1013.16315
1588755859139,1013.16315
1588755859178,1013.16315
1588755859215,1013.1586
1588755859253,1013.1586
1588755859291,1013.1586
1588755859334,1013.1586
1588755859370,1013.1643
1588755859407,1013.1643
1588755859446,1013.1643
1588755859484,1013.1643
1588755859523,1013.1676
1588755859563,1013.1676
1588755859599,1013.1676
1588755859637,1013.1676
1588755859677,1013.1676
1588755859715,1013.1701
1588755859754,1013.1701
1588755859791,1013.1701
1588755859829,1013.1701
1588755859868,1013.1701
1588755859906,1013.1701
1588755859945,1013.1701
1588755859983,1013.1701
1588755860023,1013.16516
1588755860060,1013.16516
1588755860099,1013.16516
1588755860137,1013.16516
1588755860178,1013.1636
1588755860216,1013.1636
1588755860255,1013.1636
1588755860292,1013.1636
1588755860331,1013.1701
1588755860368,1013.1701
1588755860407,1013.1701
1588755860446,1013.1701
1588755860485,1013.17175
1588755860522,1013.17175
1588755860560,1013.17175
1588755860600,1013.17175
1588755860637,1013.1762
1588755860678,1013.1762
1588755860715,1013.1762
1588755860755,1013.1762
1588755860792,1013.17456
1588755860832,1013.17456
1588755860871,1013.17456
1588755860906,1013.17456
1588755860945,1013.17456
1588755860984,1013.1823
1588755861023,1013.1823
1588755861060,1013.1823
1588755861098,1013.1823
1588755861139,1013.18396
1588755861177,1013.18396
1588755861217,1013.18396
1588755861254,1013.18396
1588755861294,1013.1917
1588755861330,1013.1917
1588755861369,1013.1917
1588755861407,1013.1917
1588755861446,1013.19586
1588755861488,1013.19586
1588755861522,1013.19586
1588755861560,1013.19586
1588755861598,1013.1942
1588755861638,1013.1942
1588755861677,1013.1942
1588755861716,1013.1942
1588755861755,1013.19257
1588755861794,1013.19257
1588755861832,1013.19257
1588755861869,1013.19257
1588755861911,1013.18933
1588755861944,1013.18933
1588755861983,1013.18933
1588755862023,1013.18933
1588755862061,1013.1909
1588755862101,1013.1909
1588755862136,1013.1909
1588755862179,1013.1909
1588755862214,1013.1909
1588755862260,1013.18933
1588755862292,1013.18933
1588755862330,1013.18933
1588755862367,1013.18933
1588755862407,1013.1877
1588755862446,1013.1877
1588755862485,1013.1877
1588755862524,1013.1877
1588755862561,1013.19543
1588755862598,1013.19543
1588755862638,1013.19543
1588755862682,1013.19543
1588755862713,1013.197
1588755862752,1013.197
1588755862791,1013.197
1588755862830,1013.197
1588755862868,1013.1987
1588755862906,1013.1987
1588755862945,1013.1987
1588755862984,1013.1987
1588755863025,1013.19543
1588755863063,1013.19543
1588755863101,1013.19543
1588755863136,1013.19543
1588755863176,1013.18884
1588755863214,1013.18884
1588755863252,1013.18884
1588755863291,1013.18884
1588755863329,1013.18726
1588755863367,1013.18726
1588755863406,1013.18726
1588755863447,1013.18726
1588755863482,1013.18726
1588755863523,1013.19006
1588755863562,1013.19006
1588755863597,1013.19006
1588755863637,1013.19006
1588755863676,1013.188
1588755863716,1013.188
1588755863753,1013.188
1588755863795,1013.188
1588755863828,1013.1913
1588755863869,1013.1913
1588755863907,1013.1913
1588755863945,1013.1913
1588755863983,1013.1913
1588755864024,1013.1913
1588755864062,1013.1913
1588755864101,1013.1913
1588755864137,1013.18964
1588755864176,1013.18964
1588755864213,1013.18964
1588755864252,1013.18964
1588755864291,1013.18396
1588755864330,1013.18396
1588755864369,1013.18396
1588755864406,1013.18396
1588755864447,1013.18066
1588755864491,1013.18066
1588755864523,1013.18066
1588755864560,1013.18066
1588755864600,1013.17737
1588755864637,1013.17737
1588755864678,1013.17737
1588755864718,1013.17737
1588755864753,1013.17737
1588755864792,1013.17535
1588755864833,1013.17535
1588755864869,1013.17535
1588755864905,1013.17535
1588755864945,1013.17206
1588755864982,1013.17206
1588755865021,1013.17206
1588755865068,1013.17206
1588755865101,1013.1765
1588755865138,1013.1765
1588755865175,1013.1765
1588755865213,1013.1765
1588755865252,1013.18427
1588755865293,1013.18427
1588755865330,1013.18427
1588755865367,1013.18427
1588755865407,1013.1831
1588755865448,1013.1831
1588755865482,1013.1831
1588755865522,1013.1831
1588755865566,1013.1798
1588755865597,1013.1798
1588755865635,1013.1798
1588755865678,1013.1798
1588755865713,1013.1794
1588755865753,1013.1794
1588755865792,1013.1794
1588755865829,1013.1794
1588755865868,1013.1749
1588755865909,1013.1749
1588755865944,1013.1749
1588755865983,1013.1749
1588755866021,1013.1749
1588755866061,1013.17773
1588755866098,1013.17773
1588755866138,1013.17773
1588755866176,1013.17773
1588755866212,1013.17444
1588755866253,1013.17444
1588755866291,1013.17444
1588755866330,1013.17444
1588755866369,1013.18054
1588755866405,1013.18054
1588755866448,1013.18054
1588755866483,1013.18054
1588755866521,1013.17896
1588755866561,1013.17896
1588755866600,1013.17896
1588755866637,1013.17896
1588755866674,1013.17896
1588755866713,1013.17896
1588755866751,1013.17896
1588755866793,1013.17896
1588755866829,1013.18054
1588755866867,1013.18054
1588755866905,1013.18054
1588755866951,1013.18054
1588755866982,1013.1847
1588755867022,1013.1847
1588755867059,1013.1847
1588755867134,1013.1847
1588755867141,1013.18146
1588755867174,1013.18146
1588755867214,1013.18146
1588755867251,1013.18146
1588755867292,1013.18146
1588755867329,1013.17487
1588755867371,1013.17487
1588755867407,1013.17487
1588755867445,1013.17487
1588755867482,1013.181
1588755867521,1013.181
1588755867568,1013.181
1588755867600,1013.181
1588755867635,1013.181
1588755867674,1013.181
1588755867713,1013.181
1588755867751,1013.181
1588755867790,1013.18713
1588755867830,1013.18713
1588755867866,1013.18713
1588755867906,1013.18713
1588755867944,1013.1867
1588755867982,1013.1867
1588755868021,1013.1867
1588755868074,1013.1867
1588755868099,1013.17847
1588755868138,1013.17847
1588755868175,1013.17847
1588755868213,1013.17847
1588755868252,1013.1736
1588755868290,1013.1736
1588755868327,1013.1736
1588755868368,1013.1736
1588755868404,1013.1736
1588755868444,1013.1736
1588755868483,1013.1736
1588755868524,1013.1736
1588755868560,1013.1736
1588755868611,1013.16583
1588755868640,1013.16583
1588755868674,1013.16583
1588755868714,1013.16583
1588755868752,1013.17194
1588755868792,1013.17194
1588755868827,1013.17194
1588755868865,1013.17194
1588755868905,1013.17847
1588755868942,1013.17847
1588755868981,1013.17847
1588755869020,1013.17847
1588755869058,1013.181
1588755869102,1013.181
1588755869134,1013.181
1588755869174,1013.181
1588755869213,1013.17444
1588755869250,1013.17444
1588755869289,1013.17444
1588755869328,1013.17444
1588755869366,1013.17285
1588755869406,1013.17285
1588755869442,1013.17285
1588755869481,1013.17285
1588755869519,1013.1679
1588755869559,1013.1679
1588755869599,1013.1679
1588755869634,1013.1679
1588755869673,1013.17114
1588755869713,1013.17114
1588755869750,1013.17114
1588755869788,1013.17114
1588755869831,1013.17114
1588755869867,1013.1822
1588755869904,1013.1822
1588755869943,1013.1822
1588755869982,1013.1822
1588755870030,1013.1887
1588755870058,1013.1887
1588755870096,1013.1887
1588755870134,1013.1887
1588755870174,1013.2014
1588755870213,1013.2014
1588755870251,1013.2014
1588755870290,1013.2014
1588755870328,1013.2161
1588755870367,1013.2161
1588755870405,1013.2161
1588755870444,1013.2161
1588755870482,1013.22925
1588755870520,1013.22925
1588755870560,1013.22925
1588755870598,1013.22925
1588755870635,1013.2452
1588755870674,1013.2452
1588755870711,1013.2452
1588755870751,1013.2452
1588755870788,1013.2571
1588755870827,1013.2571
1588755870866,1013.2571
1588755870904,1013.2571
1588755870942,1013.2751
1588755870982,1013.2751
1588755871020,1013.2751
1588755871059,1013.2751
1588755871097,1013.2751
1588755871135,1013.2997
1588755871173,1013.2997
1588755871217,1013.2997
1588755871251,1013.2997
1588755871288,1013.332
1588755871327,1013.332
1588755871366,1013.332
1588755871406,1013.332
1588755871444,1013.36066
1588755871483,1013.36066
1588755871520,1013.36066
1588755871561,1013.36066
1588755871597,1013.38965
1588755871637,1013.38965
1588755871673,1013.38965
1588755871713,1013.38965
1588755871750,1013.4192
1588755871788,1013.4192
1588755871830,1013.4192
1588755871866,1013.4192
1588755871905,1013.4486
1588755871952,1013.4486
1588755871982,1013.4486
1588755872020,1013.4486
1588755872058,1013.4875
1588755872096,1013.4875
1588755872134,1013.4875
1588755872173,1013.4875
1588755872211,1013.5317
1588755872251,1013.5317
1588755872289,1013.5317
1588755872328,1013.5317
1588755872367,1013.5317
1588755872404,1013.56934
1588755872447,1013.56934
1588755872482,1013.56934
1588755872519,1013.56934
1588755872557,1013.60657
1588755872597,1013.60657
1588755872640,1013.60657
1588755872672,1013.60657
1588755872712,1013.6426
1588755872753,1013.6426
1588755872791,1013.6426
1588755872827,1013.6426
1588755872869,1013.68024
1588755872903,1013.68024
1588755872942,1013.68024
1588755872984,1013.68024
1588755873018,1013.71625
1588755873058,1013.71625
1588755873097,1013.71625
1588755873134,1013.71625
1588755873174,1013.7535
1588755873212,1013.7535
1588755873252,1013.7535
1588755873288,1013.7535
1588755873330,1013.7781
1588755873365,1013.7781
1588755873405,1013.7781
1588755873443,1013.7781
1588755873482,1013.8059
1588755873519,1013.8059
1588755873558,1013.8059
1588755873597,1013.8059
1588755873640,1013.8059
1588755873673,1013.8362
1588755873712,1013.8362
1588755873749,1013.8362
1588755873789,1013.8362
1588755873828,1013.8624
1588755873867,1013.8624
1588755873905,1013.8624
1588755873943,1013.8624
1588755873981,1013.8788
1588755874018,1013.8788
1588755874058,1013.8788
1588755874096,1013.8788
1588755874139,1013.898
1588755874177,1013.898
1588755874211,1013.898
1588755874251,1013.898
1588755874289,1013.9094
1588755874327,1013.9094
1588755874366,1013.9094
1588755874404,1013.9094
1588755874443,1013.9176
1588755874483,1013.9176
1588755874518,1013.9176
1588755874558,1013.9176
1588755874597,1013.92584
1588755874638,1013.92584
1588755874672,1013.92584
1588755874712,1013.92584
1588755874749,1013.92584
1588755874788,1013.94055
1588755874831,1013.94055
1588755874865,1013.94055
1588755874904,1013.94055
1588755874940,1013.94666
1588755874980,1013.94666
1588755875020,1013.94666
1588755875057,1013.94666
1588755875096,1013.9577
1588755875137,1013.9577
1588755875174,1013.9577
1588755875212,1013.9577
1588755875250,1013.9577
1588755875287,1013.9577
1588755875326,1013.9577
1588755875380,1013.9577
1588755875404,1013.961
1588755875444,1013.961
1588755875480,1013.961
1588755875521,1013.961
1588755875558,1013.9577
1588755875597,1013.9577
1588755875643,1013.9577
1588755875674,1013.9577
1588755875711,1013.96185
1588755875750,1013.96185
1588755875787,1013.96185
1588755875833,1013.96185
1588755875863,1013.95856
1588755875903,1013.95856
1588755875942,1013.95856
1588755875981,1013.95856
1588755876018,1013.95856
1588755876059,1013.9602
1588755876095,1013.9602
1588755876137,1013.9602
1588755876171,1013.9602
1588755876211,1013.9663
1588755876249,1013.9663
1588755876291,1013.9663
1588755876327,1013.9663
1588755876364,1013.9724
1588755876404,1013.9724
1588755876442,1013.9724
1588755876480,1013.9724
1588755876519,1013.97736
1588755876556,1013.97736
1588755876596,1013.97736
1588755876635,1013.97736
1588755876672,1013.9818
1588755876712,1013.9818
1588755876750,1013.9818
1588755876788,1013.9818
1588755876827,1013.98676
1588755876865,1013.98676
1588755876902,1013.98676
1588755876942,1013.98676
1588755876993,1013.98676
1588755877029,1013.98676
1588755877058,1013.98676
1588755877094,1013.98676
1588755877141,1013.9818
1588755877172,1013.9818
1588755877213,1013.9818
1588755877250,1013.9818
1588755877289,1013.9818
1588755877336,1013.98596
1588755877366,1013.98596
1588755877406,1013.98596
1588755877441,1013.98596
1588755877479,1013.9778
1588755877521,1013.9778
1588755877559,1013.9778
1588755877596,1013.9778
1588755877641,1013.9729
1588755877672,1013.9729
1588755877715,1013.9729
1588755877751,1013.9729
1588755877787,1013.97125
1588755877827,1013.97125
1588755877864,1013.97125
1588755877905,1013.97125
1588755877943,1013.97125
1588755877979,1013.97125
1588755878018,1013.97125
1588755878057,1013.97125
1588755878095,1013.9708
1588755878137,1013.9708
1588755878172,1013.9708
1588755878210,1013.9708
1588755878249,1013.9659
1588755878287,1013.9659
1588755878334,1013.9659
1588755878365,1013.9659
1588755878404,1013.961
1588755878441,1013.961
1588755878480,1013.961
1588755878521,1013.961
1588755878556,1013.961
1588755878596,1013.96545
1588755878632,1013.96545
1588755878671,1013.96545
1588755878710,1013.96545
1588755878748,1013.97205
1588755878788,1013.97205
1588755878825,1013.97205
1588755878866,1013.97205
1588755878904,1013.9732
1588755878940,1013.9732
1588755878981,1013.9732
1588755879018,1013.9732
1588755879057,1013.97485
1588755879095,1013.97485
1588755879133,1013.97485
1588755879172,1013.97485
1588755879215,1013.97156
1588755879251,1013.97156
1588755879286,1013.97156
1588755879326,1013.97156
1588755879363,1013.98096
1588755879402,1013.98096
1588755879440,1013.98096
1588755879480,1013.98096
1588755879518,1013.98346
1588755879557,1013.98346
1588755879595,1013.98346
1588755879636,1013.98346
1588755879671,1013.97205
1588755879712,1013.97205
1588755879748,1013.97205
1588755879788,1013.97205
1588755879827,1013.97205
1588755879863,1013.9704
1588755879902,1013.9704
1588755879941,1013.9704
1588755879981,1013.9704
1588755880018,1013.97815
1588755880056,1013.97815
1588755880098,1013.97815
1588755880132,1013.97815
1588755880172,1013.9847
1588755880211,1013.9847
1588755880249,1013.9847
1588755880287,1013.9847
1588755880325,1013.98096
1588755880366,1013.98096
1588755880402,1013.98096
1588755880441,1013.98096
1588755880479,1013.9855
1588755880518,1013.9855
1588755880558,1013.9855
1588755880595,1013.9855
1588755880633,1013.9863
1588755880674,1013.9863
1588755880710,1013.9863
1588755880749,1013.9863
1588755880786,1013.9859
1588755880824,1013.9859
1588755880864,1013.9859
1588755880903,1013.9859
1588755880941,1013.9859
1588755880983,1013.9859
1588755881017,1013.9859
1588755881055,1013.9859
1588755881095,1013.9859
1588755881137,1013.9859
1588755881171,1013.9859
1588755881210,1013.9859
1588755881254,1013.9859
1588755881286,1013.98425
1588755881325,1013.98425
1588755881364,1013.98425
1588755881402,1013.98425
1588755881442,1013.9859
1588755881479,1013.9859
1588755881519,1013.9859
1588755881556,1013.9859
1588755881594,1013.9887
1588755881631,1013.9887
1588755881671,1013.9887
1588755881708,1013.9887
1588755881749,1013.9916
1588755881787,1013.9916
1588755881827,1013.9916
1588755881872,1013.9916
1588755881904,1013.9887
1588755881942,1013.9887
1588755881980,1013.9887
1588755882016,1013.9887
1588755882057,1013.992
1588755882094,1013.992
1588755882136,1013.992
1588755882172,1013.992
1588755882211,1013.9916
1588755882247,1013.9916
1588755882287,1013.9916
1588755882325,1013.9916
1588755882363,1013.9916
1588755882402,1013.9805
1588755882439,1013.9805
1588755882478,1013.9805
1588755882521,1013.9805
1588755882557,1013.9838
1588755882595,1013.9838
1588755882632,1013.9838
1588755882671,1013.9838
1588755882709,1013.98663
1588755882748,1013.98663
1588755882786,1013.98663
1588755882824,1013.98663
1588755882863,1013.9859
1588755882902,1013.9859
1588755882946,1013.9859
1588755882980,1013.9859
1588755883016,1013.9826
1588755883055,1013.9826
1588755883094,1013.9826
1588755883135,1013.9826
1588755883170,1013.9752
1588755883209,1013.9752
1588755883247,1013.9752
1588755883286,1013.9752
1588755883332,1013.98096
1588755883366,1013.98096
1588755883401,1013.98096
1588755883440,1013.98096
1588755883484,1013.9805
1588755883517,1013.9805
1588755883554,1013.9805
1588755883593,1013.9805
1588755883633,1013.9805
1588755883669,1013.985
1588755883710,1013.985
1588755883750,1013.985
1588755883788,1013.985
1588755883826,1013.9773
1588755883864,1013.9773
1588755883902,1013.9773
1588755883940,1013.9773
1588755883980,1013.985
1588755884017,1013.985
1588755884058,1013.985
1588755884094,1013.985
1588755884134,1013.9862
1588755884171,1013.9862
1588755884208,1013.9862
1588755884249,1013.9862
1588755884286,1013.9895
1588755884328,1013.9895
1588755884363,1013.9895
1588755884403,1013.9895
1588755884442,1014.0002
1588755884480,1014.0002
1588755884519,1014.0002
1588755884557,1014.0002
1588755884601,1013.99695
1588755884633,1013.99695
1588755884669,1013.99695
1588755884709,1013.99695
1588755884749,1013.99854
1588755884785,1013.99854
1588755884824,1013.99854
1588755884863,1013.99854
1588755884900,1013.99854
1588755884941,1014.00305
1588755884979,1014.00305
1588755885016,1014.00305
1588755885064,1014.00305
1588755885093,1014.0043
1588755885134,1014.0043
1588755885173,1014.0043
1588755885209,1014.0043
1588755885247,1014.00586
1588755885287,1014.00586
1588755885323,1014.00586
1588755885362,1014.00586
1588755885403,1013.9916
1588755885440,1013.9916
1588755885479,1013.9916
1588755885522,1013.9916
1588755885554,1013.9813
1588755885594,1013.9813
1588755885634,1013.9813
1588755885677,1013.9813
1588755885708,1013.9715
1588755885746,1013.9715
1588755885785,1013.9715
1588755885824,1013.9715
1588755885864,1013.97107
1588755885901,1013.97107
1588755885940,1013.97107
1588755885980,1013.97107
1588755886017,1013.9633
1588755886058,1013.9633
1588755886093,1013.9633
1588755886132,1013.9633
1588755886170,1013.9633
1588755886208,1013.97107
1588755886248,1013.97107
1588755886286,1013.97107
1588755886324,1013.97107
1588755886361,1013.9661
1588755886401,1013.9661
1588755886440,1013.9661
1588755886478,1013.9661
1588755886516,1013.9772
1588755886556,1013.9772
1588755886592,1013.9772
1588755886631,1013.9772
1588755886669,1014.00336
1588755886714,1014.00336
1588755886747,1014.00336
1588755886787,1014.00336
1588755886824,1013.9935
1588755886862,1013.9935
1588755886901,1013.9935
1588755886939,1013.9935
1588755886980,1013.99115
1588755887016,1013.99115
1588755887054,1013.99115
1588755887094,1013.99115
1588755887131,1013.9891
1588755887171,1013.9891
1588755887207,1013.9891
1588755887247,1013.9891
1588755887287,1013.9874
1588755887325,1013.9874
1588755887361,1013.9874
1588755887401,1013.9874
1588755887438,1013.9874
1588755887477,1013.98254
1588755887527,1013.98254
1588755887555,1013.98254
1588755887594,1013.98254
1588755887632,1013.9743
1588755887672,1013.9743
1588755887708,1013.9743
1588755887748,1013.9743
1588755887786,1013.9723
1588755887823,1013.9723
1588755887863,1013.9723
1588755887901,1013.9723
1588755887938,1013.97345
1588755887977,1013.97345
1588755888017,1013.97345
1588755888056,1013.97345
1588755888093,1013.96857
1588755888131,1013.96857
1588755888175,1013.96857
1588755888208,1013.96857
1588755888246,1013.97345
1588755888287,1013.97345
1588755888326,1013.97345
1588755888362,1013.97345
1588755888400,1013.97925
1588755888441,1013.97925
1588755888477,1013.97925
1588755888515,1013.97925
1588755888555,1013.9923
1588755888593,1013.9923
1588755888631,1013.9923
1588755888669,1013.9923
1588755888708,1013.9923
1588755888746,1014.0005
1588755888785,1014.0005
1588755888823,1014.0005
1588755888866,1014.0005
1588755888901,1014.01276
1588755888938,1014.01276
1588755888977,1014.01276
1588755889016,1014.01276
1588755889055,1014.03326
1588755889092,1014.03326
1588755889131,1014.03326
1588755889181,1014.03326
1588755889208,1014.0558
1588755889248,1014.0558
1588755889285,1014.0558
1588755889324,1014.0558
1588755889363,1014.07214
1588755889404,1014.07214
1588755889439,1014.07214
1588755889476,1014.07214
1588755889516,1014.0951
1588755889556,1014.0951
1588755889593,1014.0951
1588755889631,1014.0951
1588755889668,1014.11475
1588755889708,1014.11475
1588755889746,1014.11475
1588755889786,1014.11475
1588755889823,1014.136
1588755889862,1014.136
1588755889900,1014.136
1588755889938,1014.136
1588755889977,1014.136
1588755890016,1014.1552
1588755890056,1014.1552
1588755890092,1014.1552
1588755890129,1014.1552
1588755890170,1014.16833
1588755890206,1014.16833
1588755890246,1014.16833
1588755890285,1014.16833
1588755890322,1014.181
1588755890361,1014.181
1588755890399,1014.181
1588755890437,1014.181
1588755890478,1014.17444
1588755890515,1014.17444
1588755890554,1014.17444
1588755890592,1014.17444
1588755890631,1014.18427
1588755890670,1014.18427
1588755890708,1014.18427
1588755890745,1014.18427
1588755890784,1014.1941
1588755890823,1014.1941
1588755890862,1014.1941
1588755890903,1014.1941
1588755890940,1014.19006
1588755890978,1014.19006
1588755891017,1014.19006
1588755891056,1014.19006
1588755891092,1014.1933
1588755891132,1014.1933
1588755891172,1014.1933
1588755891207,1014.1933
1588755891245,1014.1933
1588755891288,1014.20435
1588755891323,1014.20435
1588755891361,1014.20435
1588755891400,1014.20435
1588755891444,1014.20435
1588755891476,1014.20435
1588755891516,1014.20435
1588755891553,1014.20435
1588755891592,1014.206
1588755891633,1014.206
1588755891672,1014.206
1588755891707,1014.206
1588755891747,1014.2154
1588755891786,1014.2154
1588755891824,1014.2154
1588755891861,1014.2154
1588755891901,1014.21985
1588755891938,1014.21985
1588755891979,1014.21985
1588755892015,1014.21985
1588755892056,1014.22314
1588755892091,1014.22314
1588755892131,1014.22314
1588755892170,1014.22314
1588755892207,1014.21985
1588755892244,1014.21985
1588755892284,1014.21985
1588755892323,1014.21985
1588755892365,1014.2154
1588755892399,1014.2154
1588755892439,1014.2154
1588755892476,1014.2154
1588755892515,1014.2154
1588755892554,1014.2248
1588755892593,1014.2248
1588755892631,1014.2248
1588755892671,1014.2248
1588755892707,1014.22644
1588755892745,1014.22644
1588755892785,1014.22644
1588755892822,1014.22644
1588755892862,1014.2313
1588755892900,1014.2313
1588755892939,1014.2313
1588755892978,1014.2313
1588755893014,1014.22925
1588755893056,1014.22925
1588755893091,1014.22925
1588755893130,1014.22925
1588755893169,1014.23413
1588755893207,1014.23413
1588755893245,1014.23413
1588755893283,1014.23413
1588755893321,1014.2399
1588755893360,1014.2399
1588755893399,1014.2399
1588755893438,1014.2399
1588755893476,1014.2395
1588755893516,1014.2395
1588755893554,1014.2395
1588755893592,1014.2395
1588755893628,1014.2461
1588755893670,1014.2461
1588755893709,1014.2461
1588755893745,1014.2461
1588755893784,1014.2461
1588755893822,1014.2456
1588755893861,1014.2456
1588755893898,1014.2456
1588755893937,1014.2456
1588755893980,1014.24725
1588755894015,1014.24725
1588755894054,1014.24725
1588755894092,1014.24725
1588755894130,1014.24725
1588755894174,1014.24725
1588755894208,1014.24725
1588755894245,1014.24725
1588755894282,1014.2452
1588755894322,1014.2452
1588755894363,1014.2452
1588755894402,1014.2452
1588755894437,1014.24115
1588755894475,1014.24115
1588755894514,1014.24115
1588755894553,1014.24115
1588755894591,1014.2395
1588755894630,1014.2395
1588755894669,1014.2395
1588755894706,1014.2395
1588755894745,1014.2395
1588755894784,1014.2395
1588755894821,1014.2395
1588755894861,1014.2395
1588755894899,1014.23785
1588755894938,1014.23785
1588755894977,1014.23785
1588755895014,1014.23785
1588755895052,1014.23785
1588755895092,1014.2346
1588755895131,1014.2346
1588755895184,1014.2346
1588755895207,1014.2346
1588755895246,1014.233
1588755895288,1014.233
1588755895322,1014.233
1588755895359,1014.233
1588755895398,1014.2362
1588755895437,1014.2362
1588755895475,1014.2362
1588755895515,1014.2362
1588755895561,1014.2456
1588755895592,1014.2456
1588755895629,1014.2456
1588755895668,1014.2456
1588755895707,1014.24115
1588755895744,1014.24115
1588755895782,1014.24115
1588755895820,1014.24115
1588755895860,1014.244
1588755895899,1014.244
1588755895937,1014.244
1588755895978,1014.244
1588755896014,1014.2501
1588755896054,1014.2501
1588755896091,1014.2501
1588755896130,1014.2501
1588755896167,1014.2628
1588755896206,1014.2628
1588755896244,1014.2628
1588755896283,1014.2628
1588755896321,1014.2628
1588755896363,1014.2611
1588755896399,1014.2611
1588755896437,1014.2611
1588755896489,1014.2611
1588755896515,1014.2669
1588755896554,1014.2669
1588755896592,1014.2669
1588755896629,1014.2669
1588755896675,1014.26526
1588755896705,1014.26526
1588755896746,1014.26526
1588755896783,1014.26526
1588755896822,1014.2731
1588755896861,1014.2731
1588755896898,1014.2731
1588755896937,1014.2731
1588755896977,1014.26483
1588755897015,1014.26483
1588755897051,1014.26483
1588755897090,1014.26483
1588755897130,1014.271
1588755897174,1014.271
1588755897205,1014.271
1588755897246,1014.271
1588755897283,1014.27423
1588755897321,1014.27423
1588755897359,1014.27423
1588755897399,1014.27423
1588755897444,1014.2677
1588755897475,1014.2677
1588755897514,1014.2677
1588755897552,1014.2677
1588755897592,1014.2677
1588755897628,1014.2656
1588755897668,1014.2656
1588755897706,1014.2656
1588755897744,1014.2656
1588755897784,1014.26074
1588755897822,1014.26074
1588755897862,1014.26074
1588755897899,1014.26074
1588755897938,1014.26074
1588755897975,1014.26074
1588755898013,1014.26074
1588755898053,1014.26074
1588755898090,1014.25745
1588755898128,1014.25745
1588755898170,1014.25745
1588755898207,1014.25745
1588755898245,1014.255
1588755898284,1014.255
1588755898320,1014.255
1588755898360,1014.255
1588755898405,1014.2517
1588755898436,1014.2517
1588755898475,1014.2517
1588755898515,1014.2517
1588755898553,1014.2579
1588755898590,1014.2579
1588755898627,1014.2579
1588755898668,1014.2579
1588755898707,1014.2546
1588755898743,1014.2546
1588755898785,1014.2546
1588755898822,1014.2546
1588755898859,1014.2546
1588755898898,1014.2411
1588755898936,1014.2411
1588755898976,1014.2411
1588755899014,1014.2411
1588755899053,1014.2411
1588755899091,1014.2411
1588755899132,1014.2411
1588755899167,1014.2411
1588755899205,1014.2329
1588755899244,1014.2329
1588755899283,1014.2329
1588755899322,1014.2329
1588755899360,1014.24225
1588755899397,1014.24225
1588755899437,1014.24225
1588755899474,1014.24225
1588755899514,1014.23737
1588755899554,1014.23737
1588755899590,1014.23737
1588755899627,1014.23737
1588755899666,1014.23944
1588755899708,1014.23944
1588755899743,1014.23944
1588755899782,1014.23944
1588755899828,1014.2484
1588755899861,1014.2484
1588755899901,1014.2484
1588755899935,1014.2484
1588755899975,1014.24677
1588755900014,1014.24677
1588755900052,1014.24677
1588755900090,1014.24677
1588755900128,1014.24677
1588755900166,1014.25165
1588755900205,1014.25165
1588755900243,1014.25165
1588755900283,1014.25165
1588755900322,1014.2582
1588755900359,1014.2582
1588755900397,1014.2582
1588755900435,1014.2582
1588755900476,1014.26074
1588755900512,1014.26074
1588755900554,1014.26074
1588755900590,1014.26074
1588755900627,1014.26074
1588755900666,1014.26074
1588755900707,1014.26074
1588755900743,1014.26074
1588755900783,1014.26025
1588755900822,1014.26025
1588755900860,1014.26025
1588755900897,1014.26025
1588755900936,1014.257
1588755900975,1014.257
1588755901014,1014.257
1588755901051,1014.257
1588755901089,1014.2537
1588755901133,1014.2537
1588755901169,1014.2537
1588755901204,1014.2537
1588755901243,1014.2505
1588755901283,1014.2505
1588755901320,1014.2505
1588755901359,1014.2505
1588755901397,1014.2505
1588755901446,1014.2533
1588755901474,1014.2533
1588755901515,1014.2533
1588755901552,1014.2533
1588755901590,1014.2484
1588755901627,1014.2484
1588755901665,1014.2484
1588755901703,1014.2484
1588755901743,1014.2484
1588755901781,1014.2484
1588755901823,1014.2484
1588755901858,1014.2484
1588755901897,1014.24347
1588755901936,1014.24347
1588755901974,1014.24347
1588755902012,1014.24347
1588755902050,1014.2496
1588755902090,1014.2496
1588755902128,1014.2496
1588755902167,1014.2496
1588755902205,1014.2479
1588755902242,1014.2479
1588755902282,1014.2479
1588755902320,1014.2479
1588755902359,1014.24304
1588755902397,1014.24304
1588755902436,1014.24304
1588755902475,1014.24304
1588755902511,1014.24225
1588755902550,1014.24225
1588755902591,1014.24225
1588755902632,1014.24225
1588755902667,1014.24225
1588755902704,1014.23737
1588755902742,1014.23737
1588755902781,1014.23737
1588755902820,1014.23737
1588755902858,1014.2357
1588755902898,1014.2357
1588755902936,1014.2357
1588755902975,1014.2357
1588755903012,1014.239
1588755903051,1014.239
1588755903091,1014.239
1588755903128,1014.239
1588755903166,1014.2357
1588755903208,1014.2357
1588755903242,1014.2357
1588755903281,1014.2357
1588755903320,1014.23364
1588755903360,1014.23364
1588755903396,1014.23364
1588755903436,1014.23364
1588755903473,1014.2332
1588755903512,1014.2332
1588755903550,1014.2332
1588755903589,1014.2332
1588755903628,1014.23486
1588755903665,1014.23486
1588755903713,1014.23486
1588755903743,1014.23486
1588755903781,1014.23486
1588755903820,1014.23486
1588755903862,1014.23486
1588755903896,1014.23486
1588755903935,1014.23486
1588755903974,1014.2332
1588755904011,1014.2332
1588755904049,1014.2332
1588755904088,1014.2332
1588755904127,1014.23486
1588755904166,1014.23486
1588755904207,1014.23486
1588755904245,1014.23486
1588755904281,1014.23444
1588755904321,1014.23444
1588755904358,1014.23444
1588755904398,1014.23444
1588755904436,1014.2295
1588755904474,1014.2295
1588755904511,1014.2295
1588755904549,1014.2295
1588755904588,1014.22296
1588755904627,1014.22296
1588755904667,1014.22296
1588755904704,1014.22296
1588755904742,1014.2262
1588755904780,1014.2262
1588755904818,1014.2262
1588755904860,1014.2262
1588755904897,1014.2213
1588755904935,1014.2213
1588755904974,1014.2213
1588755905011,1014.2213
1588755905051,1014.21313
1588755905088,1014.21313
1588755905128,1014.21313
1588755905165,1014.21313
1588755905204,1014.21313
1588755905243,1014.2205
1588755905280,1014.2205
1588755905320,1014.2205
1588755905358,1014.2205
1588755905396,1014.2201
1588755905435,1014.2201
1588755905475,1014.2201
1588755905514,1014.2201
1588755905549,1014.22174
1588755905587,1014.22174
1588755905627,1014.22174
1588755905667,1014.22174
1588755905704,1014.2246
1588755905742,1014.2246
1588755905780,1014.2246
1588755905822,1014.2246
1588755905858,1014.22784
1588755905896,1014.22784
1588755905934,1014.22784
1588755905973,1014.22784
1588755906013,1014.24054
1588755906051,1014.24054
1588755906090,1014.24054
1588755906127,1014.24054
1588755906164,1014.2438
1588755906206,1014.2438
1588755906242,1014.2438
1588755906280,1014.2438
1588755906321,1014.25037
1588755906361,1014.25037
1588755906395,1014.25037
1588755906434,1014.25037
1588755906472,1014.25037
1588755906514,1014.2602
1588755906551,1014.2602
1588755906590,1014.2602
1588755906627,1014.2602
1588755906667,1014.27
1588755906703,1014.27
1588755906742,1014.27
1588755906781,1014.27
1588755906818,1014.28595
1588755906860,1014.28595
1588755906895,1014.28595
1588755906936,1014.28595
1588755906973,1014.30396
1588755907011,1014.30396
1588755907049,1014.30396
1588755907090,1014.30396
1588755907129,1014.322
1588755907165,1014.322
1588755907206,1014.322
1588755907240,1014.322
1588755907280,1014.34576
1588755907317,1014.34576
1588755907357,1014.34576
1588755907395,1014.34576
1588755907435,1014.36707
1588755907473,1014.36707
1588755907512,1014.36707
1588755907552,1014.36707
1588755907591,1014.3875
1588755907625,1014.3875
1588755907668,1014.3875
1588755907704,1014.3875
1588755907741,1014.3875
1588755907780,1014.4162
1588755907818,1014.4162
1588755907857,1014.4162
1588755907895,1014.4162
1588755907935,1014.44403
1588755907974,1014.44403
1588755908011,1014.44403
1588755908066,1014.44403
1588755908087,1014.4764
1588755908127,1014.4764
1588755908165,1014.4764
1588755908203,1014.4764
1588755908241,1014.5136
1588755908281,1014.5136
1588755908318,1014.5136
1588755908357,1014.5136
1588755908396,1014.54755
1588755908433,1014.54755
1588755908475,1014.54755
1588755908511,1014.54755
1588755908549,1014.57135
1588755908588,1014.57135
1588755908626,1014.57135
1588755908673,1014.57135
1588755908703,1014.6135
1588755908742,1014.6135
1588755908780,1014.6135
1588755908818,1014.6135
1588755908858,1014.64465
1588755908901,1014.64465
1588755908933,1014.64465
1588755908976,1014.64465
1588755909011,1014.64465
1588755909049,1014.6753
1588755909088,1014.6753
1588755909131,1014.6753
1588755909164,1014.6753
1588755909204,1014.71094
1588755909241,1014.71094
1588755909280,1014.71094
1588755909319,1014.71094
1588755909358,1014.7294
1588755909395,1014.7294
1588755909433,1014.7294
1588755909471,1014.7294
1588755909510,1014.75555
1588755909549,1014.75555
1588755909589,1014.75555
1588755909627,1014.75555
1588755909666,1014.78015
1588755909704,1014.78015
1588755909741,1014.78015
1588755909778,1014.78015
1588755909820,1014.8059
1588755909859,1014.8059
1588755909896,1014.8059
1588755909933,1014.8059
1588755909972,1014.8354
1588755910013,1014.8354
1588755910051,1014.8354
1588755910088,1014.8354
1588755910129,1014.8567
1588755910165,1014.8567
1588755910206,1014.8567
1588755910241,1014.8567
1588755910282,1014.8567
1588755910319,1014.87146
1588755910357,1014.87146
1588755910396,1014.87146
1588755910434,1014.87146
1588755910472,1014.8845
1588755910511,1014.8845
1588755910549,1014.8845
1588755910591,1014.8845
1588755910627,1014.8985
1588755910665,1014.8985
1588755910710,1014.8985
1588755910740,1014.8985
1588755910780,1014.91486
1588755910821,1014.91486
1588755910856,1014.91486
1588755910896,1014.91486
1588755910934,1014.92426
1588755910972,1014.92426
1588755911011,1014.92426
1588755911049,1014.92426
1588755911088,1014.9386
1588755911126,1014.9386
1588755911167,1014.9386
1588755911205,1014.9386
1588755911240,1014.9562
1588755911281,1014.9562
1588755911321,1014.9562
1588755911358,1014.9562
1588755911395,1014.9545
1588755911433,1014.9545
1588755911474,1014.9545
1588755911511,1014.9545
1588755911549,1014.9545
1588755911586,1014.9574
1588755911629,1014.9574
1588755911665,1014.9574
1588755911707,1014.9574
1588755911740,1014.959
1588755911779,1014.959
1588755911818,1014.959
1588755911857,1014.959
1588755911896,1014.9623
1588755911932,1014.9623
1588755911971,1014.9623
1588755912011,1014.9623
1588755912048,1014.96063
1588755912086,1014.96063
1588755912125,1014.96063
1588755912164,1014.96063
1588755912207,1014.9541
1588755912240,1014.9541
1588755912278,1014.9541
1588755912326,1014.9541
1588755912357,1014.9484
1588755912395,1014.9484
1588755912433,1014.9484
1588755912472,1014.9484
1588755912510,1014.9353
1588755912549,1014.9353
1588755912588,1014.9353
1588755912626,1014.9353
1588755912664,1014.92993
1588755912702,1014.92993
1588755912740,1014.92993
1588755912781,1014.92993
1588755912817,1014.92993
1588755912856,1014.9234
1588755912896,1014.9234
1588755912932,1014.9234
1588755912971,1014.9234
1588755913010,1014.9246
1588755913052,1014.9246
1588755913088,1014.9246
1588755913125,1014.9246
1588755913163,1014.9103
1588755913203,1014.9103
1588755913243,1014.9103
1588755913279,1014.9103
1588755913316,1014.9136
1588755913356,1014.9136
1588755913395,1014.9136
1588755913434,1014.9136
1588755913478,1014.9066
1588755913510,1014.9066
1588755913550,1014.9066
1588755913588,1014.9066
1588755913626,1014.9
1588755913664,1014.9
1588755913702,1014.9
1588755913742,1014.9
1588755913780,1014.9029
1588755913818,1014.9029
1588755913857,1014.9029
1588755913899,1014.9029
1588755913935,1014.89185
1588755913973,1014.89185
1588755914008,1014.89185
1588755914047,1014.89185
1588755914086,1014.89185
1588755914127,1014.89966
1588755914164,1014.89966
1588755914201,1014.89966
1588755914240,1014.89966
1588755914282,1014.89966
1588755914321,1014.89966
1588755914355,1014.89966
1588755914394,1014.89966
1588755914432,1014.89557
1588755914470,1014.89557
1588755914508,1014.89557
1588755914552,1014.89557
1588755914586,1014.9066
1588755914625,1014.9066
1588755914663,1014.9066
1588755914704,1014.9066
1588755914740,1014.9033
1588755914778,1014.9033
1588755914818,1014.9033
1588755914856,1014.9033
1588755914894,1014.90375
1588755914932,1014.90375
1588755914970,1014.90375
1588755915009,1014.90375
1588755915047,1014.90497
1588755915086,1014.90497
1588755915124,1014.90497
1588755915164,1014.90497
1588755915202,1014.9094
1588755915240,1014.9094
1588755915279,1014.9094
1588755915318,1014.9094
1588755915355,1014.9094
1588755915395,1014.9029
1588755915437,1014.9029
1588755915471,1014.9029
1588755915510,1014.9029
1588755915547,1014.90735
1588755915586,1014.90735
1588755915625,1014.90735
1588755915663,1014.90735
1588755915701,1014.9008
1588755915738,1014.9008
1588755915780,1014.9008
1588755915818,1014.9008
1588755915857,1014.89594
1588755915894,1014.89594
1588755915932,1014.89594
1588755915971,1014.89594
1588755916008,1014.9
1588755916047,1014.9
1588755916086,1014.9
1588755916127,1014.9
1588755916163,1014.89844
1588755916201,1014.89844
1588755916243,1014.89844
1588755916277,1014.89844
1588755916316,1014.8886
1588755916357,1014.8886
1588755916394,1014.8886
1588755916434,1014.8886
1588755916472,1014.89185
1588755916508,1014.89185
1588755916547,1014.89185
1588755916588,1014.89185
1588755916624,1014.89185
1588755916662,1014.89185
1588755916701,1014.89185
1588755916746,1014.89185
1588755916778,1014.89185
1588755916818,1014.8947
1588755916854,1014.8947
1588755916894,1014.8947
1588755916934,1014.8947
1588755916973,1014.90247
1588755917008,1014.90247
1588755917047,1014.90247
1588755917086,1014.90247
1588755917123,1014.90906
1588755917163,1014.90906
1588755917200,1014.90906
1588755917240,1014.90906
1588755917280,1014.91064
1588755917317,1014.91064
1588755917356,1014.91064
1588755917394,1014.91064
1588755917434,1014.90576
1588755917469,1014.90576
1588755917508,1014.90576
1588755917547,1014.90576
1588755917584,1014.90906
1588755917624,1014.90906
1588755917664,1014.90906
1588755917702,1014.90906
1588755917745,1014.91064
1588755917780,1014.91064
1588755917817,1014.91064
1588755917855,1014.91064
1588755917894,1014.91064
1588755917932,1014.90906
1588755917969,1014.90906
1588755918009,1014.90906
1588755918046,1014.90906
1588755918086,1014.90857
1588755918130,1014.90857
1588755918162,1014.90857
1588755918206,1014.90857
1588755918240,1014.907
1588755918276,1014.907
1588755918315,1014.907
1588755918353,1014.907
1588755918392,1014.9008
1588755918432,1014.9008
1588755918470,1014.9008
1588755918508,1014.9008
1588755918546,1014.90533
1588755918586,1014.90533
1588755918626,1014.90533
1588755918673,1014.90533
1588755918700,1014.91113
1588755918739,1014.91113
1588755918778,1014.91113
1588755918816,1014.91113
1588755918854,1014.9094
1588755918892,1014.9094
1588755918933,1014.9094
1588755918971,1014.9094
1588755919010,1014.9156
1588755919047,1014.9156
1588755919085,1014.9156
1588755919125,1014.9156
1588755919163,1014.9156
1588755919200,1014.9217
1588755919239,1014.9217
1588755919278,1014.9217
1588755919315,1014.9217
1588755919354,1014.9311
1588755919392,1014.9311
1588755919437,1014.9311
1588755919469,1014.9311
1588755919508,1014.9229
1588755919546,1014.9229
1588755919586,1014.9229
1588755919624,1014.9229
1588755919661,1014.92413
1588755919700,1014.92413
1588755919740,1014.92413
1588755919777,1014.92413
1588755919816,1014.92334
1588755919857,1014.92334
1588755919893,1014.92334
1588755919931,1014.92334
1588755919969,1014.9196
1588755920007,1014.9196
1588755920046,1014.9196
1588755920084,1014.9196
1588755920125,1014.9143
1588755920162,1014.9143
1588755920200,1014.9143
1588755920238,1014.9143
1588755920285,1014.9155
1588755920344,1014.9155
1588755920354,1014.9155
1588755920392,1014.9155
1588755920430,1014.9155
1588755920468,1014.9098
1588755920507,1014.9098
1588755920546,1014.9098
1588755920584,1014.9098
1588755920623,1014.9143
1588755920661,1014.9143
1588755920698,1014.9143
1588755920747,1014.9143
1588755920778,1014.9139
1588755920816,1014.9139
1588755920854,1014.9139
1588755920891,1014.9139
1588755920930,1014.91595
1588755920969,1014.91595
1588755921011,1014.91595
1588755921045,1014.91595
1588755921084,1014.9118
1588755921122,1014.9118
1588755921162,1014.9118
1588755921202,1014.9118
1588755921243,1014.9118
1588755921276,1014.9118
1588755921316,1014.9118
1588755921355,1014.9118
1588755921393,1014.9154
1588755921432,1014.9154
1588755921470,1014.9154
1588755921508,1014.9154
1588755921547,1014.9126
1588755921637,1014.9126
1588755921638,1014.9126
1588755921662,1014.9126
1588755921700,1014.9126
1588755921740,1014.90765
1588755921776,1014.90765
1588755921815,1014.90765
1588755921854,1014.90765
1588755921892,1014.9138
1588755921931,1014.9138
1588755921968,1014.9138
1588755922007,1014.9138
1588755922048,1014.9092
1588755922084,1014.9092
1588755922123,1014.9092
1588755922162,1014.9092
1588755922200,1014.91736
1588755922238,1014.91736
1588755922275,1014.91736
1588755922314,1014.91736
1588755922355,1014.91895
1588755922395,1014.91895
1588755922431,1014.91895
1588755922471,1014.91895
1588755922509,1014.9181
1588755922547,1014.9181
1588755922584,1014.9181
1588755922623,1014.9181
1588755922664,1014.9214
1588755922701,1014.9214
1588755922738,1014.9214
1588755922780,1014.9214
1588755922816,1014.92914
1588755922855,1014.92914
1588755922892,1014.92914
1588755922931,1014.92914
1588755922971,1014.92914
1588755923009,1014.93036
1588755923046,1014.93036
1588755923084,1014.93036
1588755923124,1014.93036
1588755923161,1014.93024
1588755923200,1014.93024
1588755923238,1014.93024
1588755923281,1014.93024
1588755923318,1014.93964
1588755923353,1014.93964
1588755923391,1014.93964
1588755923430,1014.93964
1588755923469,1014.9364
1588755923507,1014.9364
1588755923547,1014.9364
1588755923588,1014.9364
1588755923626,1014.9364
1588755923661,1014.9364
1588755923701,1014.9364
1588755923738,1014.9364
1588755923780,1014.94293
1588755923816,1014.94293
1588755923853,1014.94293
1588755923891,1014.94293
1588755923933,1014.95105
1588755923971,1014.95105
1588755924007,1014.95105
1588755924044,1014.95105
1588755924084,1014.9482
1588755924123,1014.9482
1588755924162,1014.9482
1588755924200,1014.9482
1588755924237,1014.9482
1588755924277,1014.9515
1588755924314,1014.9515
1588755924355,1014.9515
1588755924391,1014.9515
1588755924430,1014.9616
1588755924468,1014.9616
1588755924506,1014.9616
1588755924546,1014.9616
1588755924584,1014.9731
1588755924622,1014.9731
1588755924660,1014.9731
1588755924700,1014.9731
1588755924740,1014.9911
1588755924776,1014.9911
1588755924814,1014.9911
1588755924857,1014.9911
1588755924892,1015.0017
1588755924935,1015.0017
1588755924968,1015.0017
1588755925006,1015.0017
1588755925056,1015.023
1588755925085,1015.023
1588755925123,1015.023
1588755925160,1015.023
1588755925201,1015.03894
1588755925238,1015.03894
1588755925276,1015.03894
1588755925314,1015.03894
1588755925353,1015.0656
1588755925392,1015.0656
1588755925432,1015.0656
1588755925468,1015.0656
1588755925506,1015.0656
1588755925551,1015.0844
1588755925583,1015.0844
1588755925623,1015.0844
1588755925660,1015.0844
1588755925699,1015.0996
1588755925736,1015.0996
1588755925776,1015.0996
1588755925816,1015.0996
1588755925853,1015.12494
1588755925892,1015.12494
1588755925932,1015.12494
1588755925970,1015.12494
1588755926008,1015.1405
1588755926047,1015.1405
1588755926084,1015.1405
1588755926138,1015.1405
1588755926160,1015.1626
1588755926203,1015.1626
1588755926238,1015.1626
1588755926275,1015.1626
1588755926313,1015.1851
1588755926352,1015.1851
1588755926391,1015.1851
1588755926430,1015.1851
1588755926467,1015.21423
1588755926523,1015.21423
1588755926546,1015.21423
1588755926583,1015.21423
1588755926622,1015.2433
1588755926661,1015.2433
1588755926703,1015.2433
1588755926741,1015.2433
1588755926774,1015.2433
1588755926815,1015.2863
1588755926853,1015.2863
1588755926893,1015.2863
1588755926930,1015.2863
1588755926970,1015.32355
1588755927008,1015.32355
1588755927050,1015.32355
1588755927083,1015.32355
1588755927123,1015.36084
1588755927160,1015.36084
1588755927198,1015.36084
1588755927244,1015.36084
1588755927275,1015.40594
1588755927314,1015.40594
1588755927355,1015.40594
1588755927392,1015.40594
1588755927429,1015.4559
1588755927467,1015.4559
1588755927505,1015.4559
1588755927545,1015.4559
1588755927584,1015.5001
1588755927622,1015.5001
1588755927660,1015.5001
1588755927701,1015.5001
1588755927736,1015.54926
1588755927776,1015.54926
1588755927813,1015.54926
1588755927853,1015.54926
1588755927891,1015.6111
1588755927929,1015.6111
1588755927968,1015.6111
1588755928007,1015.6111
1588755928045,1015.6111
1588755928084,1015.6664
1588755928121,1015.6664
1588755928159,1015.6664
1588755928199,1015.6664
1588755928237,1015.72046
1588755928280,1015.72046
1588755928313,1015.72046
1588755928355,1015.72046
1588755928390,1015.7614
1588755928428,1015.7614
1588755928470,1015.7614
1588755928506,1015.7614
1588755928545,1015.81476
1588755928583,1015.81476
1588755928623,1015.81476
1588755928659,1015.81476
1588755928700,1015.87
1588755928736,1015.87
1588755928776,1015.87
1588755928813,1015.87
1588755928853,1015.9225
1588755928890,1015.9225
1588755928930,1015.9225
1588755928970,1015.9225
1588755929005,1015.97
1588755929044,1015.97
1588755929081,1015.97
1588755929119,1015.97
1588755929159,1016.01874
1588755929197,1016.01874
1588755929236,1016.01874
1588755929282,1016.01874
1588755929313,1016.01874
1588755929353,1016.0691
1588755929390,1016.0691
1588755929429,1016.0691
1588755929470,1016.0691
1588755929507,1016.11334
1588755929546,1016.11334
1588755929583,1016.11334
1588755929621,1016.11334
1588755929666,1016.1609
1588755929698,1016.1609
1588755929736,1016.1609
1588755929774,1016.1609
1588755929814,1016.2117
1588755929852,1016.2117
1588755929891,1016.2117
1588755929929,1016.2117
1588755929967,1016.26825
1588755930006,1016.26825
1588755930046,1016.26825
1588755930083,1016.26825
1588755930121,1016.3158
1588755930159,1016.3158
1588755930196,1016.3158
1588755930238,1016.3158
1588755930276,1016.37885
1588755930313,1016.37885
1588755930352,1016.37885
1588755930390,1016.37885
1588755930428,1016.428
1588755930468,1016.428
1588755930506,1016.428
1588755930545,1016.428
1588755930590,1016.428
1588755930622,1016.4784
1588755930658,1016.4784
1588755930699,1016.4784
1588755930737,1016.4784
1588755930778,1016.5308
1588755930813,1016.5308
1588755930851,1016.5308
1588755930891,1016.5308
1588755930929,1016.58
1588755930967,1016.58
1588755931011,1016.58
1588755931044,1016.58
1588755931082,1016.621
1588755931123,1016.621
1588755931159,1016.621
1588755931199,1016.621
1588755931236,1016.6701
1588755931277,1016.6701
1588755931312,1016.6701
1588755931351,1016.6701
1588755931390,1016.7045
1588755931428,1016.7045
1588755931469,1016.7045
1588755931505,1016.7045
1588755931543,1016.74225
1588755931584,1016.74225
1588755931621,1016.74225
1588755931659,1016.74225
1588755931699,1016.7783
1588755931738,1016.7783
1588755931773,1016.7783
1588755931814,1016.7783
1588755931852,1016.7783
1588755931892,1016.8115
1588755931931,1016.8115
1588755931968,1016.8115
1588755932005,1016.8115
1588755932044,1016.85364
1588755932081,1016.85364
1588755932122,1016.85364
1588755932159,1016.85364
1588755932198,1016.8832
1588755932236,1016.8832
1588755932277,1016.8832
1588755932312,1016.8832
1588755932351,1016.91266
1588755932390,1016.91266
1588755932428,1016.91266
1588755932466,1016.91266
1588755932505,1016.93396
1588755932544,1016.93396
1588755932582,1016.93396
1588755932622,1016.93396
1588755932662,1016.9602
1588755932698,1016.9602
1588755932736,1016.9602
1588755932773,1016.9602
1588755932812,1016.97046
1588755932852,1016.97046
1588755932889,1016.97046
1588755932928,1016.97046
1588755932967,1016.98193
1588755933007,1016.98193
1588755933045,1016.98193
1588755933083,1016.98193
1588755933121,1016.98193
1588755933159,1017.0028
1588755933196,1017.0028
1588755933237,1017.0028
1588755933274,1017.0028
1588755933313,1017.0094
1588755933352,1017.0094
1588755933390,1017.0094
1588755933428,1017.0094
1588755933467,1017.0209
1588755933507,1017.0209
1588755933543,1017.0209
1588755933581,1017.0209
1588755933619,1017.03064
1588755933658,1017.03064
1588755933697,1017.03064
1588755933736,1017.03064
1588755933774,1017.03723
1588755933812,1017.03723
1588755933850,1017.03723
1588755933890,1017.03723
1588755933927,1017.0421
1588755933965,1017.0421
1588755934006,1017.0421
1588755934044,1017.0421
1588755934081,1017.05035
1588755934119,1017.05035
1588755934160,1017.05035
1588755934196,1017.05035
1588755934235,1017.052
1588755934275,1017.052
1588755934311,1017.052
1588755934350,1017.052
1588755934390,1017.052
1588755934428,1017.0569
1588755934465,1017.0569
1588755934504,1017.0569
1588755934544,1017.0569
1588755934584,1017.06506
1588755934620,1017.06506
1588755934660,1017.06506
1588755934697,1017.06506
1588755934735,1017.06384
1588755934776,1017.06384
1588755934812,1017.06384
1588755934851,1017.06384
1588755934889,1017.0721
1588755934931,1017.0721
1588755934965,1017.0721
1588755935006,1017.0721
1588755935042,1017.0786
1588755935088,1017.0786
1588755935122,1017.0786
1588755935158,1017.0786
1588755935196,1017.0782
1588755935236,1017.0782
1588755935274,1017.0782
1588755935310,1017.0782
1588755935351,1017.07983
1588755935388,1017.07983
1588755935428,1017.07983
1588755935466,1017.07983
1588755935504,1017.0815
1588755935543,1017.0815
1588755935581,1017.0815
1588755935620,1017.0815
1588755935659,1017.0815
1588755935699,1017.08563
1588755935734,1017.08563
1588755935774,1017.08563
1588755935812,1017.08563
1588755935851,1017.0889
1588755935888,1017.0889
1588755935928,1017.0889
1588755935965,1017.0889
1588755936004,1017.0873
1588755936042,1017.0873
1588755936081,1017.0873
1588755936119,1017.0873
1588755936167,1017.08563
1588755936198,1017.08563
1588755936235,1017.08563
1588755936274,1017.08563
1588755936316,1017.0815
1588755936352,1017.0815
1588755936388,1017.0815
1588755936428,1017.0815
1588755936468,1017.0815
1588755936504,1017.0815
1588755936543,1017.0815
1588755936582,1017.0815
1588755936619,1017.088
1588755936660,1017.088
1588755936695,1017.088
1588755936735,1017.088
1588755936775,1017.088
1588755936811,1017.088
1588755936850,1017.088
1588755936888,1017.088
1588755936928,1017.088
1588755936965,1017.0938
1588755937004,1017.0938
1588755937043,1017.0938
1588755937081,1017.0938
1588755937121,1017.0889
1588755937160,1017.0889
1588755937197,1017.0889
1588755937236,1017.0889
1588755937274,1017.08234
1588755937311,1017.08234
1588755937350,1017.08234
1588755937388,1017.08234
1588755937427,1017.0807
1588755937466,1017.0807
1588755937504,1017.0807
1588755937542,1017.0807
1588755937580,1017.0791
1588755937620,1017.0791
1588755937657,1017.0791
1588755937697,1017.0791
1588755937733,1017.0733
1588755937788,1017.0733
1588755937811,1017.0733
1588755937849,1017.0733
1588755937890,1017.07654
1588755937926,1017.07654
1588755937967,1017.07654
1588755938005,1017.07654
1588755938043,1017.0753
1588755938081,1017.0753
1588755938119,1017.0753
1588755938161,1017.0753
1588755938195,1017.0753
1588755938242,1017.0786
1588755938276,1017.0786
1588755938312,1017.0786
1588755938351,1017.0786
1588755938389,1017.07697
1588755938426,1017.07697
1588755938464,1017.07697
1588755938503,1017.07697
1588755938541,1017.0782
1588755938582,1017.0782
1588755938619,1017.0782
1588755938658,1017.0782
1588755938696,1017.0733
1588755938735,1017.0733
1588755938774,1017.0733
1588755938814,1017.0733
1588755938849,1017.07
1588755938887,1017.07
1588755938926,1017.07
1588755938964,1017.07
1588755939006,1017.07
1588755939042,1017.07
1588755939080,1017.07
1588755939118,1017.07
1588755939157,1017.0782
1588755939195,1017.0782
1588755939232,1017.0782
1588755939274,1017.0782
1588755939310,1017.0733
1588755939350,1017.0733
1588755939387,1017.0733
1588755939428,1017.0733
1588755939465,1017.0733
1588755939505,1017.0782
1588755939541,1017.0782
1588755939580,1017.0782
1588755939620,1017.0782
1588755939658,1017.0733
1588755939695,1017.0733
1588755939735,1017.0733
1588755939777,1017.0733
1588755939810,1017.07166
1588755939849,1017.07166
1588755939887,1017.07166
1588755939928,1017.07166
1588755939964,1017.0635
1588755940003,1017.0635
1588755940042,1017.0635
1588755940081,1017.0635
1588755940122,1017.0635
1588755940156,1017.0635
1588755940195,1017.0635
1588755940235,1017.0635
1588755940277,1017.0618
1588755940312,1017.0618
1588755940349,1017.0618
1588755940387,1017.0618
1588755940426,1017.0635
1588755940465,1017.0635
1588755940503,1017.0635
1588755940540,1017.0635
1588755940580,1017.05896
1588755940620,1017.05896
1588755940658,1017.05896
1588755940696,1017.05896
1588755940734,1017.05896
1588755940774,1017.0602
1588755940810,1017.0602
1588755940852,1017.0602
1588755940887,1017.0602
1588755940926,1017.0602
1588755940965,1017.0602
1588755941003,1017.0602
1588755941042,1017.0602
1588755941081,1017.0618
1588755941118,1017.0618
1588755941157,1017.0618
1588755941195,1017.0618
1588755941233,1017.0635
1588755941271,1017.0635
1588755941313,1017.0635
1588755941349,1017.0635
1588755941386,1017.0676
1588755941428,1017.0676
1588755941467,1017.0676
1588755941502,1017.0676
1588755941541,1017.0618
1588755941579,1017.0618
1588755941618,1017.0618
1588755941666,1017.0618
1588755941696,1017.0618
1588755941733,1017.0618
1588755941772,1017.0618
1588755941810,1017.0618
1588755941849,1017.05853
1588755941886,1017.05853
1588755941925,1017.05853
1588755941964,1017.05853
1588755942003,1017.05853
1588755942040,1017.0635
1588755942082,1017.0635
1588755942118,1017.0635
1588755942156,1017.0635
1588755942195,1017.0602
1588755942233,1017.0602
1588755942273,1017.0602
1588755942309,1017.0602
1588755942348,1017.0627
1588755942388,1017.0627
1588755942428,1017.0627
1588755942463,1017.0627
1588755942503,1017.0676
1588755942543,1017.0676
1588755942579,1017.0676
1588755942628,1017.0676
1588755942655,1017.0594
1588755942695,1017.0594
1588755942732,1017.0594
1588755942777,1017.0594
1588755942811,1017.0627
1588755942848,1017.0627
1588755942887,1017.0627
1588755942925,1017.0627
1588755942964,1017.06433
1588755943002,1017.06433
1588755943042,1017.06433
1588755943081,1017.06433
1588755943118,1017.06104
1588755943157,1017.06104
1588755943195,1017.06104
1588755943234,1017.06104
1588755943274,1017.06104
1588755943309,1017.0594
1588755943349,1017.0594
1588755943388,1017.0594
1588755943425,1017.0594
1588755943464,1017.0627
1588755943502,1017.0627
1588755943541,1017.0627
1588755943578,1017.0627
1588755943621,1017.05286
1588755943657,1017.05286
1588755943697,1017.05286
1588755943733,1017.05286
1588755943772,1017.0487
1588755943813,1017.0487
1588755943847,1017.0487
1588755943887,1017.0487
1588755943925,1017.052
1588755943963,1017.052
1588755944003,1017.052
1588755944041,1017.052
1588755944079,1017.0487
1588755944117,1017.0487
1588755944158,1017.0487
1588755944194,1017.0487
1588755944234,1017.04706
1588755944280,1017.04706
1588755944316,1017.04706
1588755944348,1017.04706
1588755944386,1017.04706
1588755944425,1017.04706
1588755944463,1017.04706
1588755944503,1017.04706
1588755944543,1017.05035
1588755944581,1017.0545
1588755944620,1017.0545
1588755944659,1017.0545
1588755944695,1017.0545
1588755944734,1017.05896
1588755944772,1017.05896
1588755944811,1017.05896
1588755944848,1017.05896
1588755944891,1017.0574
1588755944925,1017.0574
1588755944964,1017.0574
1588755945002,1017.0574
1588755945041,1017.0524
1588755945080,1017.0524
1588755945120,1017.0524
1588755945155,1017.0524
1588755945194,1017.05975
1588755945233,1017.05975
1588755945273,1017.05975
1588755945314,1017.05975
1588755945347,1017.05853
1588755945386,1017.05853
1588755945425,1017.05853
1588755945467,1017.05853
1588755945503,1017.05365
1588755945540,1017.05365
1588755945579,1017.05365
1588755945620,1017.05365
1588755945656,1017.052
1588755945695,1017.052
1588755945735,1017.052
1588755945780,1017.052
1588755945812,1017.05035
1588755945847,1017.05035
1588755945885,1017.05035
1588755945925,1017.05035
1588755945963,1017.05035
1588755946003,1017.0614
1588755946040,1017.0614
1588755946078,1017.0614
1588755946117,1017.0614
1588755946155,1017.0762
1588755946194,1017.0762
1588755946234,1017.0762
1588755946272,1017.0762
1588755946313,1017.08923
1588755946347,1017.08923
1588755946387,1017.08923
1588755946425,1017.08923
1588755946462,1017.09625
1588755946502,1017.09625
1588755946539,1017.09625
1588755946580,1017.09625
1588755946618,1017.11426
1588755946657,1017.11426
1588755946695,1017.11426
1588755946738,1017.11426
1588755946774,1017.1307
1588755946811,1017.1307
1588755946847,1017.1307
1588755946885,1017.1307
1588755946926,1017.1503
1588755946963,1017.1503
1588755947002,1017.1503
1588755947043,1017.1503
1588755947080,1017.1651
1588755947117,1017.1651
1588755947156,1017.1651
1588755947194,1017.1651
1588755947234,1017.1651
1588755947272,1017.186
1588755947310,1017.186
1588755947346,1017.186
1588755947386,1017.186
1588755947426,1017.2012
1588755947465,1017.2012
1588755947503,1017.2012
1588755947539,1017.2012
1588755947577,1017.2286
1588755947620,1017.2286
1588755947657,1017.2286
1588755947698,1017.2286
1588755947733,1017.2573
1588755947771,1017.2573
1588755947808,1017.2573
1588755947847,1017.2573
1588755947887,1017.28516
1588755947925,1017.28516
1588755947964,1017.28516
1588755948008,1017.28516
1588755948038,1017.3306
1588755948078,1017.3306
1588755948117,1017.3306
1588755948155,1017.3306
1588755948193,1017.36383
1588755948232,1017.36383
1588755948273,1017.36383
1588755948308,1017.36383
1588755948348,1017.4011
1588755948385,1017.4011
1588755948423,1017.4011
1588755948463,1017.4011
1588755948502,1017.4011
1588755948542,1017.42773
1588755948578,1017.42773
1588755948616,1017.42773
1588755948654,1017.42773
1588755948693,1017.465
1588755948733,1017.465
1588755948774,1017.465
1588755948810,1017.465
1588755948846,1017.49945
1588755948885,1017.49945
1588755948923,1017.49945
1588755948964,1017.49945
1588755949002,1017.55145
1588755949041,1017.55145
1588755949077,1017.55145
1588755949116,1017.55145
1588755949155,1017.60065
1588755949195,1017.60065
1588755949233,1017.60065
1588755949272,1017.60065
1588755949311,1017.6498
1588755949346,1017.6498
1588755949388,1017.6498
1588755949425,1017.6498
1588755949464,1017.6973
1588755949502,1017.6973
1588755949539,1017.6973
1588755949578,1017.6973
1588755949618,1017.7559
1588755949654,1017.7559
1588755949695,1017.7559
1588755949732,1017.7559
1588755949770,1017.7559
1588755949813,1017.80225
1588755949848,1017.80225
1588755949885,1017.80225
1588755949925,1017.80225
1588755949961,1017.8547
1588755950001,1017.8547
1588755950040,1017.8547
1588755950082,1017.8547
1588755950116,1017.9186
1588755950155,1017.9186
1588755950193,1017.9186
1588755950232,1017.9186
1588755950272,1017.98413
1588755950307,1017.98413
1588755950346,1017.98413
1588755950385,1017.98413
1588755950424,1018.0321
1588755950462,1018.0321
1588755950500,1018.0321
1588755950541,1018.0321
1588755950578,1018.0907
1588755950617,1018.0907
1588755950653,1018.0907
1588755950692,1018.0907
1588755950730,1018.13983
1588755950771,1018.13983
1588755950808,1018.13983
1588755950845,1018.13983
1588755950885,1018.1874
1588755950924,1018.1874
1588755950962,1018.1874
1588755951002,1018.1874
1588755951038,1018.1874
1588755951078,1018.23816
1588755951116,1018.23816
1588755951156,1018.23816
1588755951192,1018.23816
1588755951231,1018.29346
1588755951272,1018.29346
1588755951308,1018.29346
1588755951350,1018.29346
1588755951384,1018.3361
1588755951423,1018.3361
1588755951463,1018.3361
1588755951501,1018.3361
1588755951538,1018.3804
1588755951578,1018.3804
1588755951616,1018.3804
1588755951654,1018.3804
1588755951693,1018.4246
1588755951733,1018.4246
1588755951771,1018.4246
1588755951808,1018.4246
1588755951848,1018.4656
1588755951886,1018.4656
1588755951924,1018.4656
1588755951963,1018.4656
1588755951999,1018.5127
1588755952038,1018.5127
1588755952078,1018.5127
1588755952115,1018.5127
1588755952154,1018.5361
1588755952191,1018.5361
1588755952231,1018.5361
1588755952269,1018.5361
1588755952310,1018.5361
1588755952346,1018.56555
1588755952385,1018.56555
1588755952423,1018.56555
1588755952461,1018.56555
1588755952501,1018.59344
1588755952538,1018.59344
1588755952578,1018.59344
1588755952616,1018.59344
1588755952655,1018.62085
1588755952694,1018.62085
1588755952732,1018.62085
1588755952771,1018.62085
1588755952808,1018.64795
1588755952856,1018.64795
1588755952887,1018.64795
1588755952925,1018.64795
1588755952962,1018.6656
1588755953003,1018.6656
1588755953037,1018.6656
1588755953077,1018.6656
1588755953115,1018.68854
1588755953155,1018.68854
1588755953192,1018.68854
1588755953230,1018.68854
1588755953268,1018.70776
1588755953307,1018.70776
1588755953351,1018.70776
1588755953384,1018.70776
1588755953424,1018.71594
1588755953463,1018.71594
1588755953505,1018.71594
1588755953539,1018.71594
1588755953578,1018.71594
1588755953615,1018.73236
1588755953653,1018.73236
1588755953692,1018.73236
1588755953733,1018.73236
1588755953769,1018.74384
1588755953807,1018.74384
1588755953844,1018.74384
1588755953886,1018.74384
1588755953923,1018.75323
1588755953960,1018.75323
1588755954000,1018.75323
1588755954039,1018.75323
1588755954076,1018.7586
1588755954116,1018.7586
1588755954153,1018.7586
1588755954193,1018.7586
1588755954233,1018.7668
1588755954268,1018.7668
1588755954308,1018.7668
1588755954346,1018.7668
1588755954383,1018.77
1588755954422,1018.77
1588755954464,1018.77
1588755954500,1018.77
1588755954539,1018.76843
1588755954577,1018.76843
1588755954614,1018.76843
1588755954656,1018.76843
1588755954692,1018.7787
1588755954731,1018.7787
1588755954769,1018.7787
1588755954806,1018.7787
1588755954852,1018.7787
1588755954882,1018.782
1588755954923,1018.782
1588755954960,1018.782
1588755955000,1018.782
1588755955038,1018.7787
1588755955076,1018.7787
1588755955118,1018.7787
1588755955153,1018.7787
1588755955193,1018.782
1588755955229,1018.782
1588755955272,1018.782
1588755955306,1018.782
1588755955346,1018.7836
1588755955385,1018.7836
1588755955423,1018.7836
1588755955461,1018.7836
1588755955500,1018.78973
1588755955537,1018.78973
1588755955577,1018.78973
1588755955614,1018.78973
1588755955653,1018.78973
1588755955691,1018.78973
1588755955731,1018.78973
1588755955768,1018.78973
1588755955808,1018.78815
1588755955845,1018.78815
1588755955883,1018.78815
1588755955923,1018.78815
1588755955960,1018.7959
1588755955999,1018.7959
1588755956038,1018.7959
1588755956077,1018.7959
1588755956120,1018.7959
1588755956168,1018.78937
1588755956192,1018.78937
1588755956230,1018.78937
1588755956268,1018.78937
1588755956311,1018.78937
1588755956346,1018.78937
1588755956384,1018.78937
1588755956422,1018.78937
1588755956461,1018.7926
1588755956500,1018.7926
1588755956538,1018.7926
1588755956576,1018.7926
1588755956615,1018.79425
1588755956654,1018.79425
1588755956692,1018.79425
1588755956729,1018.79425
1588755956768,1018.79877
1588755956806,1018.79877
1588755956846,1018.79877
1588755956883,1018.79877
1588755956923,1018.7938
1588755956960,1018.7938
1588755956998,1018.7938
1588755957039,1018.7938
1588755957076,1018.7955
1588755957115,1018.7955
1588755957153,1018.7955
1588755957191,1018.7955
1588755957230,1018.78894
1588755957270,1018.78894
1588755957309,1018.78894
1588755957345,1018.78894
1588755957382,1018.78894
1588755957421,1018.7931
1588755957462,1018.7931
1588755957500,1018.7931
1588755957536,1018.7931
1588755957576,1018.7964
1588755957616,1018.7964
1588755957654,1018.7964
1588755957691,1018.7964
1588755957729,1018.7947
1588755957771,1018.7947
1588755957807,1018.7947
1588755957845,1018.7947
1588755957885,1018.7964
1588755957921,1018.7964
1588755957960,1018.7964
1588755958001,1018.7964
1588755958039,1018.80084
1588755958077,1018.80084
1588755958116,1018.80084
1588755958152,1018.80084
1588755958191,1018.8025
1588755958230,1018.8025
1588755958268,1018.8025
1588755958314,1018.8025
1588755958347,1018.807
1588755958383,1018.807
1588755958422,1018.807
1588755958462,1018.807
1588755958499,1018.8058
1588755958540,1018.8058
1588755958575,1018.8058
1588755958614,1018.8058
1588755958652,1018.8058
1588755958691,1018.8091
1588755958729,1018.8091
1588755958767,1018.8091
1588755958809,1018.8091
1588755958853,1018.80414
1588755958882,1018.80414
1588755958921,1018.80414
1588755958961,1018.80414
1588755958999,1018.81354
1588755959036,1018.81354
1588755959075,1018.81354
1588755959117,1018.81354
1588755959152,1018.82007
1588755959190,1018.82007
1588755959229,1018.82007
1588755959267,1018.82007
1588755959307,1018.825
1588755959345,1018.825
1588755959383,1018.825
1588755959424,1018.825
1588755959460,1018.8345
1588755959498,1018.8345
1588755959535,1018.8345
1588755959574,1018.8345
1588755959613,1018.8373
1588755959654,1018.8373
1588755959690,1018.8373
1588755959728,1018.8373
1588755959768,1018.834
1588755959805,1018.834
1588755959843,1018.834
1588755959883,1018.834
1588755959922,1018.834
1588755959959,1018.83655
1588755960000,1018.83655
1588755960038,1018.83655
1588755960075,1018.83655
1588755960113,1018.8398
1588755960151,1018.8398
1588755960190,1018.8398
1588755960228,1018.8398
1588755960269,1018.8398
1588755960307,1018.8398
1588755960345,1018.8398
1588755960385,1018.8398
1588755960422,1018.8443
1588755960459,1018.8443
1588755960498,1018.8443
1588755960544,1018.8443
1588755960576,1018.841
1588755960613,1018.841
1588755960653,1018.841
1588755960692,1018.841
1588755960730,1018.8455
1588755960768,1018.8455
1588755960806,1018.8455
1588755960848,1018.8455
1588755960882,1018.8406
1588755960921,1018.8406
1588755960962,1018.8406
1588755960998,1018.8406
1588755961035,1018.8369
1588755961076,1018.8369
1588755961115,1018.8369
1588755961152,1018.8369
1588755961190,1018.8369
1588755961228,1018.82544
1588755961269,1018.82544
1588755961304,1018.82544
1588755961344,1018.82544
1588755961385,1018.8271
1588755961421,1018.8271
1588755961460,1018.8271
1588755961497,1018.8271
1588755961537,1018.8329
1588755961576,1018.8329
1588755961619,1018.8329
1588755961653,1018.8329
1588755961692,1018.8238
1588755961727,1018.8238
1588755961768,1018.8238
1588755961813,1018.8238
1588755961844,1018.81726
1588755961882,1018.81726
1588755961922,1018.81726
1588755961959,1018.81726
1588755961997,1018.8148
1588755962038,1018.8148
1588755962076,1018.8148
1588755962113,1018.8148
1588755962151,1018.80994
1588755962192,1018.80994
1588755962230,1018.80994
1588755962267,1018.80994
1588755962305,1018.803
1588755962343,1018.803
1588755962382,1018.803
1588755962421,1018.803
1588755962460,1018.803
1588755962498,1018.80743
1588755962534,1018.80743
1588755962575,1018.80743
1588755962614,1018.80743
1588755962651,1018.8042
1588755962689,1018.8042
1588755962731,1018.8042
1588755962767,1018.8042
1588755962806,1018.7976
1588755962844,1018.7976
1588755962881,1018.7976
1588755962922,1018.7976
1588755962962,1018.8005
1588755962999,1018.8005
1588755963036,1018.8005
1588755963075,1018.8005
1588755963113,1018.7939
1588755963153,1018.7939
1588755963189,1018.7939
1588755963230,1018.7939
1588755963267,1018.7882
1588755963305,1018.7882
1588755963346,1018.7882
1588755963382,1018.7882
1588755963421,1018.7817
1588755963464,1018.7817
1588755963497,1018.7817
1588755963536,1018.7817
1588755963576,1018.78125
1588755963615,1018.78125
1588755963653,1018.78125
1588755963692,1018.78125
1588755963730,1018.78125
1588755963767,1018.77795
1588755963805,1018.77795
1588755963844,1018.77795
1588755963882,1018.77795
1588755963922,1018.7698
1588755963959,1018.7698
1588755963998,1018.7698
1588755964036,1018.7698
1588755964074,1018.771
1588755964114,1018.771
1588755964151,1018.771
1588755964190,1018.771
1588755964228,1018.7644
1588755964266,1018.7644
1588755964305,1018.7644
1588755964345,1018.7644
1588755964381,1018.7656
1588755964420,1018.7656
1588755964460,1018.7656
1588755964497,1018.7656
1588755964537,1018.76404
1588755964573,1018.76404
1588755964614,1018.76404
1588755964651,1018.76404
1588755964691,1018.7685
1588755964728,1018.7685
1588755964766,1018.7685
1588755964806,1018.7685
1588755964843,1018.76526
1588755964883,1018.76526
1588755964920,1018.76526
1588755964959,1018.76526
1588755964997,1018.76526
1588755965035,1018.7661
1588755965076,1018.7661
1588755965112,1018.7661
1588755965154,1018.7661
1588755965191,1018.75464
1588755965230,1018.75464
1588755965266,1018.75464
1588755965305,1018.75464
1588755965344,1018.7563
1588755965382,1018.7563
1588755965421,1018.7563
1588755965458,1018.7563
1588755965496,1018.75793
1588755965535,1018.75793
1588755965574,1018.75793
1588755965612,1018.75793
1588755965651,1018.76404
1588755965688,1018.76404
1588755965732,1018.76404
1588755965767,1018.76404
1588755965805,1018.77185
1588755965843,1018.77185
1588755965884,1018.77185
1588755965922,1018.77185
1588755965960,1018.77344
1588755965997,1018.77344
1588755966034,1018.77344
1588755966074,1018.77344
1588755966111,1018.7817
1588755966151,1018.7817
1588755966189,1018.7817
1588755966227,1018.7817
1588755966264,1018.7817
1588755966305,1018.78125
1588755966343,1018.78125
1588755966386,1018.78125
1588755966418,1018.78125
1588755966460,1018.77795
1588755966498,1018.77795
1588755966543,1018.77795
1588755966580,1018.77795
1588755966611,1018.77795
1588755966650,1018.77795
1588755966691,1018.77795
1588755966727,1018.77795
1588755966765,1018.77795
1588755966805,1018.77795
1588755966845,1018.77795
1588755966884,1018.77795
1588755966918,1018.792
1588755966958,1018.792
1588755966997,1018.792
1588755967038,1018.792
1588755967074,1018.79645
1588755967114,1018.79645
1588755967150,1018.79645
1588755967189,1018.79645
1588755967227,1018.7948
1588755967267,1018.7948
1588755967305,1018.7948
1588755967344,1018.7948
1588755967381,1018.7952
1588755967421,1018.7952
1588755967460,1018.7952
1588755967496,1018.7952
1588755967535,1018.7952
1588755967574,1018.8034
1588755967611,1018.8034
1588755967653,1018.8034
1588755967688,1018.8034
1588755967729,1018.81323
1588755967765,1018.81323
1588755967804,1018.81323
1588755967843,1018.81323
1588755967881,1018.8194
1588755967920,1018.8194
1588755967957,1018.8194
1588755967996,1018.8194
1588755968037,1018.8259
1588755968074,1018.8259
1588755968111,1018.8259
1588755968150,1018.8259
1588755968188,1018.8419
1588755968227,1018.8419
1588755968265,1018.8419
1588755968303,1018.8419
1588755968342,1018.85504
1588755968382,1018.85504
1588755968422,1018.85504
1588755968457,1018.85504
1588755968505,1018.86816
1588755968536,1018.86816
1588755968572,1018.86816
1588755968614,1018.86816
1588755968651,1018.8845
1588755968688,1018.8845
1588755968729,1018.8845
1588755968767,1018.8845
1588755968805,1018.8845
1588755968843,1018.9104
1588755968883,1018.9104
1588755968918,1018.9104
1588755968957,1018.9104
1588755968996,1018.93256
1588755969034,1018.93256
1588755969072,1018.93256
1588755969112,1018.93256
1588755969152,1018.9584
1588755969188,1018.9584
1588755969228,1018.9584
1588755969267,1018.9584
1588755969308,1018.9813
1588755969342,1018.9813
1588755969380,1018.9813
1588755969418,1018.9813
1588755969458,1019.00916
1588755969495,1019.00916
1588755969535,1019.00916
1588755969574,1019.00916
1588755969611,1019.042
1588755969650,1019.042
1588755969688,1019.042
1588755969727,1019.042
1588755969767,1019.0862
1588755969804,1019.0862
1588755969843,1019.0862
1588755969880,1019.0862
1588755969919,1019.1354
1588755969958,1019.1354
1588755969994,1019.1354
1588755970033,1019.1354
1588755970074,1019.1354
1588755970110,1019.1776
1588755970150,1019.1776
1588755970188,1019.1776
1588755970228,1019.1776
1588755970264,1019.2284
1588755970303,1019.2284
1588755970341,1019.2284
1588755970381,1019.2284
1588755970419,1019.2739
1588755970460,1019.2739
1588755970495,1019.2739
1588755970534,1019.2739
1588755970572,1019.3165
1588755970612,1019.3165
1588755970652,1019.3165
1588755970689,1019.3165
1588755970728,1019.3575
1588755970765,1019.3575
1588755970802,1019.3575
1588755970842,1019.3575
1588755970886,1019.4092
1588755970920,1019.4092
1588755970958,1019.4092
1588755970996,1019.4092
1588755971034,1019.4567
1588755971071,1019.4567
1588755971110,1019.4567
1588755971153,1019.4567
1588755971187,1019.4928
1588755971226,1019.4928
1588755971266,1019.4928
1588755971302,1019.4928
1588755971342,1019.4928
1588755971384,1019.5481
1588755971417,1019.5481
1588755971456,1019.5481
1588755971497,1019.5481
1588755971534,1019.59564
1588755971587,1019.59564
1588755971611,1019.59564
1588755971648,1019.59564
1588755971689,1019.6399
1588755971726,1019.6399
1588755971766,1019.6399
1588755971803,1019.6399
1588755971843,1019.6854
1588755971884,1019.6854
1588755971920,1019.6854
1588755971957,1019.6854
1588755971995,1019.7362
1588755972036,1019.7362
1588755972074,1019.7362
1588755972111,1019.7362
1588755972152,1019.79156
1588755972188,1019.79156
1588755972228,1019.79156
1588755972265,1019.79156
1588755972305,1019.8391
1588755972342,1019.8391
1588755972382,1019.8391
1588755972418,1019.8391
1588755972457,1019.89606
1588755972495,1019.89606
1588755972532,1019.89606
1588755972571,1019.89606
1588755972611,1019.89606
1588755972653,1019.9403
1588755972691,1019.9403
1588755972726,1019.9403
1588755972764,1019.9403
1588755972807,1020.0014
1588755972842,1020.0014
1588755972885,1020.0014
1588755972917,1020.0014
1588755972957,1020.0551
1588755972996,1020.0551
1588755973038,1020.0551
1588755973072,1020.0551
1588755973111,1020.11084
1588755973149,1020.11084
1588755973189,1020.11084
1588755973225,1020.11084
1588755973264,1020.1629
1588755973305,1020.1629
1588755973342,1020.1629
1588755973380,1020.1629
1588755973418,1020.2195
1588755973456,1020.2195
1588755973495,1020.2195
1588755973535,1020.2195
1588755973573,1020.2732
1588755973609,1020.2732
1588755973649,1020.2732
1588755973689,1020.2732
1588755973727,1020.3224
1588755973765,1020.3224
1588755973803,1020.3224
1588755973841,1020.3224
1588755973880,1020.3224
1588755973917,1020.39246
1588755973956,1020.39246
1588755973995,1020.39246
1588755974032,1020.39246
1588755974073,1020.44946
1588755974111,1020.44946
1588755974148,1020.44946
1588755974188,1020.44946
1588755974225,1020.4995
1588755974264,1020.4995
1588755974302,1020.4995
1588755974343,1020.4995
1588755974383,1020.5483
1588755974417,1020.5483
1588755974457,1020.5483
1588755974495,1020.5483
1588755974533,1020.5991
1588755974571,1020.5991
1588755974609,1020.5991
1588755974650,1020.5991
1588755974687,1020.6487
1588755974725,1020.6487
1588755974764,1020.6487
1588755974802,1020.6487
1588755974849,1020.7024
1588755974880,1020.7024
1588755974917,1020.7024
1588755974958,1020.7024
1588755974997,1020.7532
1588755975034,1020.7532
1588755975072,1020.7532
1588755975111,1020.7532
1588755975149,1020.7532
1588755975188,1020.80853
1588755975226,1020.80853
1588755975264,1020.80853
1588755975301,1020.80853
1588755975340,1020.85114
1588755975379,1020.85114
1588755975425,1020.85114
1588755975456,1020.85114
1588755975493,1020.913
1588755975535,1020.913
1588755975572,1020.913
1588755975612,1020.913
1588755975649,1020.9684
1588755975692,1020.9684
1588755975725,1020.9684
1588755975765,1020.9684
1588755975803,1021.0143
1588755975842,1021.0143
1588755975878,1021.0143
1588755975916,1021.0143
1588755975955,1021.0618
1588755975994,1021.0618
1588755976034,1021.0618
1588755976073,1021.0618
1588755976110,1021.1012
1588755976148,1021.1012
1588755976188,1021.1012
1588755976225,1021.1012
1588755976265,1021.1405
1588755976302,1021.1405
1588755976340,1021.1405
1588755976379,1021.1405
1588755976421,1021.1766
1588755976455,1021.1766
1588755976494,1021.1766
1588755976532,1021.1766
1588755976574,1021.1766
1588755976610,1021.2061
1588755976647,1021.2061
1588755976686,1021.2061
1588755976725,1021.2061
1588755976763,1021.2365
1588755976802,1021.2365
1588755976841,1021.2365
1588755976879,1021.2365
1588755976919,1021.2693
1588755976955,1021.2693
1588755976994,1021.2693
1588755977034,1021.2693
1588755977071,1021.3066
1588755977111,1021.3066
1588755977148,1021.3066
1588755977187,1021.3066
1588755977236,1021.33936
1588755977286,1021.33936
1588755977302,1021.33936
1588755977342,1021.33936
1588755977380,1021.3623
1588755977417,1021.3623
1588755977455,1021.3623
1588755977495,1021.3623
1588755977532,1021.4
1588755977571,1021.4
1588755977612,1021.4
1588755977649,1021.4
1588755977687,1021.4197
1588755977724,1021.4197
1588755977762,1021.4197
1588755977805,1021.4197
1588755977840,1021.4197
1588755977878,1021.43567
1588755977917,1021.43567
1588755977955,1021.43567
1588755977993,1021.43567
1588755978033,1021.45496
1588755978072,1021.45496
1588755978109,1021.45496
1588755978148,1021.45496
1588755978186,1021.46643
1588755978224,1021.46643
1588755978264,1021.46643
1588755978304,1021.46643
1588755978341,1021.47955
1588755978380,1021.47955
1588755978425,1021.47955
1588755978454,1021.47955
1588755978494,1021.4837
1588755978535,1021.4837
1588755978571,1021.4837
1588755978609,1021.4837
1588755978647,1021.4997
1588755978688,1021.4997
1588755978724,1021.4997
1588755978762,1021.4997
1588755978802,1021.51117
1588755978843,1021.51117
1588755978878,1021.51117
1588755978918,1021.51117
1588755978955,1021.5276
1588755978993,1021.5276
1588755979031,1021.5276
1588755979070,1021.5276
1588755979110,1021.5276
1588755979147,1021.5501
1588755979187,1021.5501
1588755979224,1021.5501
1588755979265,1021.5501
1588755979300,1021.54517
1588755979339,1021.54517
1588755979381,1021.54517
1588755979416,1021.54517
1588755979457,1021.5563
1588755979492,1021.5563
1588755979531,1021.5563
1588755979569,1021.5563
1588755979610,1021.54315
1588755979647,1021.54315
1588755979687,1021.54315
1588755979724,1021.54315
1588755979763,1021.5366
1588755979803,1021.5366
1588755979839,1021.5366
1588755979878,1021.5366
1588755979916,1021.5408
1588755979954,1021.5408
1588755979996,1021.5408
1588755980031,1021.5408
1588755980071,1021.5391
1588755980108,1021.5391
1588755980147,1021.5391
1588755980187,1021.5391
1588755980224,1021.526
1588755980263,1021.526
1588755980301,1021.526
1588755980341,1021.526
1588755980379,1021.526
1588755980423,1021.526
1588755980455,1021.526
1588755980496,1021.526
1588755980532,1021.526
1588755980569,1021.5326
1588755980609,1021.5326
1588755980647,1021.5326
1588755980686,1021.5326
1588755980725,1021.5469
1588755980764,1021.5469
1588755980813,1021.5469
1588755980838,1021.5469
1588755980877,1021.56494
1588755980915,1021.56494
1588755980954,1021.56494
1588755980996,1021.56494
1588755981030,1021.57764
1588755981071,1021.57764
1588755981108,1021.57764
1588755981147,1021.57764
1588755981186,1021.5858
1588755981226,1021.5858
1588755981262,1021.5858
1588755981303,1021.5858
1588755981339,1021.5924
1588755981379,1021.5924
1588755981415,1021.5924
1588755981454,1021.5924
1588755981494,1021.5969
1588755981532,1021.5969
1588755981577,1021.5969
1588755981608,1021.5969
1588755981649,1021.5969
1588755981687,1021.58215
1588755981724,1021.58215
1588755981763,1021.58215
1588755981804,1021.58215
1588755981843,1021.60675
1588755981877,1021.60675
1588755981915,1021.60675
1588755981954,1021.60675
1588755981993,1021.6301
1588755982030,1021.6301
1588755982069,1021.6301
1588755982107,1021.6301
1588755982147,1021.69617
1588755982188,1021.69617
1588755982223,1021.69617
1588755982263,1021.69617
1588755982301,1021.6322
1588755982339,1021.6322
1588755982378,1021.6322
1588755982418,1021.6322
1588755982453,1021.5798
1588755982492,1021.5798
1588755982531,1021.5798
1588755982570,1021.5798
1588755982607,1021.57275
1588755982646,1021.57275
1588755982684,1021.57275
1588755982724,1021.57275
1588755982761,1021.57074
1588755982800,1021.57074
1588755982839,1021.57074
1588755982876,1021.57074
1588755982916,1021.57074
1588755982956,1021.5769
1588755982993,1021.5769
1588755983030,1021.5769
1588755983068,1021.5769
1588755983106,1021.5654
1588755983145,1021.5654
1588755983185,1021.5654
1588755983222,1021.5654
1588755983260,1021.56665
1588755983300,1021.56665
1588755983338,1021.56665
1588755983377,1021.56665
1588755983422,1021.5675
1588755983453,1021.5675
1588755983494,1021.5675
1588755983545,1021.5675
1588755983572,1021.57367
1588755983608,1021.57367
1588755983647,1021.57367
1588755983686,1021.57367
1588755983724,1021.5749
1588755983762,1021.5749
1588755983802,1021.5749
1588755983838,1021.5749
1588755983876,1021.56506
1588755983914,1021.56506
1588755983954,1021.56506
1588755983994,1021.56506
1588755984030,1021.5634
1588755984069,1021.5634
1588755984110,1021.5634
1588755984147,1021.5634
1588755984183,1021.5634
1588755984224,1021.5602
1588755984264,1021.5602
1588755984300,1021.5602
1588755984337,1021.5602
1588755984378,1021.5663
1588755984419,1021.5663
1588755984452,1021.5663
1588755984491,1021.5663
