1588754911214,1024.3002
1588754911214,1024.3002
1588754911254,1024.3002
1588754911291,1023.72974
1588754911334,1023.72974
1588754911370,1023.72974
1588754911407,1023.72974
1588754911450,1023.72974
1588754911488,1023.29614
1588754911526,1023.29614
1588754911565,1023.29614
1588754911602,1023.29614
1588754911638,1022.979
1588754911677,1022.979
1588754911715,1022.979
1588754911757,1022.979
1588754911794,1022.7366
1588754911836,1022.7366
1588754911871,1022.7366
1588754911914,1022.7366
1588754911947,1022.5554
1588754911985,1022.5554
1588754912024,1022.5554
1588754912065,1022.5554
1588754912103,1022.4227
1588754912138,1022.4227
1588754912179,1022.4227
1588754912217,1022.4227
1588754912256,1022.3297
1588754912292,1022.3297
1588754912333,1022.3297
1588754912396,1022.3297
1588754912413,1022.3297
1588754912447,1022.2456
1588754912489,1022.2456
1588754912525,1022.2456
1588754912561,1022.2456
1588754912599,1022.19275
1588754912644,1022.19275
1588754912678,1022.19275
1588754912715,1022.19275
1588754912755,1022.15466
1588754912793,1022.15466
1588754912833,1022.15466
1588754912870,1022.15466
1588754912912,1022.1229
1588754912946,1022.1229
1588754912984,1022.1229
1588754913026,1022.1229
1588754913063,1022.08435
1588754913101,1022.08435
1588754913138,1022.08435
1588754913176,1022.08435
1588754913215,1022.0604
1588754913255,1022.0604
1588754913292,1022.0604
1588754913331,1022.0604
1588754913370,1022.0604
1588754913406,1022.06055
1588754913446,1022.06055
1588754913488,1022.06055
1588754913523,1022.06055
1588754913561,1022.104
1588754913603,1022.104
1588754913644,1022.104
1588754913678,1022.104
1588754913715,1022.0343
1588754913757,1022.0343
1588754913795,1022.0343
1588754913832,1022.0343
1588754913870,1021.9972
1588754913908,1021.9972
1588754913947,1021.9972
1588754913986,1021.9972
1588754914026,1021.9833
1588754914062,1021.9833
1588754914099,1021.9833
1588754914140,1021.9833
1588754914178,1021.98535
1588754914215,1021.98535
1588754914261,1021.98535
1588754914294,1021.98535
1588754914330,1021.98535
1588754914370,1022.02527
1588754914416,1022.02527
1588754914476,1022.02527
1588754914492,1022.02527
1588754914523,1022.0072
1588754914560,1022.0072
1588754914599,1022.0072
1588754914640,1022.0072
1588754914680,1022.0867
1588754914715,1022.0867
1588754914754,1022.0867
1588754914792,1022.0867
1588754914829,1022.1439
1588754914868,1022.1439
1588754914915,1022.1439
1588754914945,1022.1439
1588754914982,1022.1293
1588754915027,1022.1293
1588754915061,1022.1293
1588754915099,1022.1293
1588754915138,1022.0299
1588754915178,1022.0299
1588754915220,1022.0299
1588754915255,1022.0299
1588754915291,1022.0299
1588754915329,1021.9562
1588754915368,1021.9562
1588754915409,1021.9562
1588754915445,1021.9562
1588754915483,1021.9464
1588754915521,1021.9464
1588754915563,1021.9464
1588754915599,1021.9464
1588754915638,1021.9568
1588754915676,1021.9568
1588754915720,1021.9568
1588754915754,1021.9568
1588754915794,1021.94543
1588754915831,1021.94543
1588754915867,1021.94543
1588754915906,1021.94543
1588754915948,1021.9988
1588754915984,1021.9988
1588754916021,1021.9988
1588754916060,1021.9988
1588754916097,1022.07654
1588754916139,1022.07654
1588754916178,1022.07654
1588754916216,1022.07654
1588754916255,1022.07654
1588754916291,1022.0492
1588754916331,1022.0492
1588754916369,1022.0492
1588754916473,1022.0492
1588754916474,1021.9352
1588754916512,1021.9352
1588754916560,1021.9352
1588754916561,1021.9352
1588754916597,1021.86304
1588754916639,1021.86304
1588754916676,1021.86304
1588754916714,1021.86304
1588754916754,1021.85974
1588754916793,1021.85974
1588754916831,1021.85974
1588754916870,1021.85974
1588754916909,1021.87024
1588754916945,1021.87024
1588754916986,1021.87024
1588754917024,1021.87024
1588754917061,1021.8667
1588754917098,1021.8667
1588754917136,1021.8667
1588754917176,1021.8667
1588754917215,1021.8667
1588754917253,1021.93665
1588754917292,1021.93665
1588754917333,1021.93665
1588754917368,1021.93665
1588754917407,1022.00916
1588754917446,1022.00916
1588754917484,1022.00916
1588754917523,1022.00916
1588754917564,1021.97034
1588754917600,1021.97034
1588754917636,1021.97034
1588754917677,1021.97034
1588754917718,1021.8723
1588754917754,1021.8723
1588754917792,1021.8723
1588754917829,1021.8723
1588754917870,1021.7971
1588754917906,1021.7971
1588754917945,1021.7971
1588754917983,1021.7971
1588754918023,1021.8075
1588754918062,1021.8075
1588754918101,1021.8075
1588754918137,1021.8075
1588754918177,1021.8075
1588754918215,1021.82605
1588754918255,1021.82605
1588754918292,1021.82605
1588754918343,1021.82605
1588754918368,1021.8301
1588754918406,1021.8301
1588754918485,1021.8301
1588754918485,1021.8301
1588754918520,1021.9269
1588754918558,1021.9269
1588754918598,1021.9269
1588754918636,1021.9269
1588754918676,1021.99634
1588754918713,1021.99634
1588754918753,1021.99634
1588754918792,1021.99634
1588754918827,1021.9784
1588754918867,1021.9784
1588754918906,1021.9784
1588754918946,1021.9784
1588754918988,1021.8849
1588754919021,1021.8849
1588754919060,1021.8849
1588754919110,1021.8849
1588754919140,1021.8849
1588754919177,1021.7914
1588754919215,1021.7914
1588754919253,1021.7914
1588754919292,1021.7914
1588754919332,1021.75745
1588754919368,1021.75745
1588754919410,1021.75745
1588754919444,1021.75745
1588754919485,1021.7716
1588754919524,1021.7716
1588754919560,1021.7716
1588754919604,1021.7716
1588754919637,1021.8009
1588754919676,1021.8009
1588754919714,1021.8009
1588754919754,1021.8009
1588754919791,1021.7416
1588754919829,1021.7416
1588754919868,1021.7416
1588754919906,1021.7416
1588754919943,1021.8622
1588754919985,1021.8622
1588754920030,1021.8622
1588754920062,1021.8622
1588754920106,1021.8622
1588754920136,1021.8456
1588754920176,1021.8456
1588754920216,1021.8456
1588754920255,1021.8456
1588754920294,1021.8607
1588754920331,1021.8607
1588754920368,1021.8607
1588754920407,1021.8607
1588754920445,1021.81995
1588754920485,1021.81995
1588754920524,1021.81995
1588754920559,1021.81995
1588754920602,1021.8307
1588754920636,1021.8307
1588754920674,1021.8307
1588754920715,1021.8307
1588754920755,1021.81067
1588754920794,1021.81067
1588754920832,1021.81067
1588754920866,1021.81067
1588754920906,1021.78455
1588754920947,1021.78455
1588754920984,1021.78455
1588754921022,1021.78455
1588754921060,1021.78455
1588754921102,1021.7998
1588754921137,1021.7998
1588754921175,1021.7998
1588754921213,1021.7998
1588754921252,1021.95483
1588754921292,1021.95483
1588754921335,1021.95483
1588754921369,1021.95483
1588754921407,1021.98303
1588754921443,1021.98303
1588754921488,1021.98303
1588754921524,1021.98303
1588754921561,1021.9387
1588754921604,1021.9387
1588754921637,1021.9387
1588754921676,1021.9387
1588754921713,1021.8036
1588754921758,1021.8036
1588754921792,1021.8036
1588754921830,1021.8036
1588754921867,1021.7374
1588754921907,1021.7374
1588754921943,1021.7374
1588754921984,1021.7374
1588754922022,1021.7224
1588754922066,1021.7224
1588754922098,1021.7224
1588754922137,1021.7224
1588754922176,1021.7224
1588754922215,1021.7372
1588754922251,1021.7372
1588754922289,1021.7372
1588754922331,1021.7372
1588754922366,1021.79065
1588754922405,1021.79065
1588754922443,1021.79065
1588754922482,1021.79065
1588754922521,1021.90796
1588754922559,1021.90796
1588754922602,1021.90796
1588754922635,1021.90796
1588754922675,1021.93396
1588754922714,1021.93396
1588754922753,1021.93396
1588754922790,1021.93396
1588754922829,1021.85
1588754922873,1021.85
1588754922908,1021.85
1588754922944,1021.85
1588754922983,1021.7262
1588754923023,1021.7262
1588754923060,1021.7262
1588754923103,1021.7262
1588754923137,1021.7262
1588754923176,1021.6843
1588754923215,1021.6843
1588754923253,1021.6843
1588754923290,1021.6843
1588754923327,1021.6863
1588754923367,1021.6863
1588754923406,1021.6863
1588754923443,1021.6863
1588754923485,1021.68066
1588754923522,1021.68066
1588754923560,1021.68066
1588754923601,1021.68066
1588754923635,1021.73755
1588754923675,1021.73755
1588754923714,1021.73755
1588754923753,1021.73755
1588754923791,1021.8209
1588754923828,1021.8209
1588754923868,1021.8209
1588754923906,1021.8209
1588754923946,1021.82764
1588754923982,1021.82764
1588754924022,1021.82764
1588754924060,1021.82764
1588754924101,1021.82764
1588754924137,1021.66394
1588754924174,1021.66394
1588754924213,1021.66394
1588754924253,1021.66394
1588754924292,1021.59436
1588754924329,1021.59436
1588754924368,1021.59436
1588754924404,1021.59436
1588754924445,1021.5969
1588754924486,1021.5969
1588754924522,1021.5969
1588754924559,1021.5969
1588754924600,1021.6118
1588754924636,1021.6118
1588754924674,1021.6118
1588754924715,1021.6118
1588754924754,1021.65234
1588754924792,1021.65234
1588754924830,1021.65234
1588754924870,1021.65234
1588754924905,1021.7501
1588754924944,1021.7501
1588754924984,1021.7501
1588754925027,1021.7501
1588754925059,1021.7501
1588754925096,1021.78296
1588754925134,1021.78296
1588754925175,1021.78296
1588754925212,1021.78296
1588754925254,1021.74023
1588754925290,1021.74023
1588754925330,1021.74023
1588754925369,1021.74023
1588754925405,1021.6194
1588754925441,1021.6194
1588754925480,1021.6194
1588754925525,1021.6194
1588754925558,1021.5753
1588754925599,1021.5753
1588754925636,1021.5753
1588754925674,1021.5753
1588754925713,1021.603
1588754925751,1021.603
1588754925792,1021.603
1588754925828,1021.603
1588754925865,1021.6261
1588754925907,1021.6261
1588754925943,1021.6261
1588754925983,1021.6261
1588754926021,1021.6261
1588754926058,1021.55176
1588754926105,1021.55176
1588754926144,1021.55176
1588754926173,1021.55176
1588754926211,1021.5779
1588754926250,1021.5779
1588754926292,1021.5779
1588754926329,1021.5779
1588754926367,1021.59283
1588754926407,1021.59283
1588754926445,1021.59283
1588754926482,1021.59283
1588754926523,1021.5996
1588754926558,1021.5996
1588754926597,1021.5996
1588754926635,1021.5996
1588754926674,1021.59875
1588754926712,1021.59875
1588754926750,1021.59875
1588754926790,1021.59875
1588754926830,1021.59534
1588754926868,1021.59534
1588754926906,1021.59534
1588754926944,1021.59534
1588754926982,1021.59534
1588754927021,1021.60535
1588754927058,1021.60535
1588754927096,1021.60535
1588754927134,1021.60535
1588754927173,1021.62366
1588754927220,1021.62366
1588754927252,1021.62366
1588754927289,1021.62366
1588754927329,1021.6083
1588754927371,1021.6083
1588754927405,1021.6083
1588754927443,1021.6083
1588754927483,1021.6118
1588754927521,1021.6118
1588754927558,1021.6118
1588754927596,1021.6118
1588754927637,1021.73486
1588754927675,1021.73486
1588754927712,1021.73486
1588754927750,1021.73486
1588754927793,1021.75757
1588754927828,1021.75757
1588754927866,1021.75757
1588754927907,1021.75757
1588754927947,1021.75757
1588754927982,1021.6082
1588754928020,1021.6082
1588754928058,1021.6082
1588754928097,1021.6082
1588754928138,1021.51263
1588754928175,1021.51263
1588754928212,1021.51263
1588754928250,1021.51263
1588754928290,1021.47974
1588754928328,1021.47974
1588754928368,1021.47974
1588754928403,1021.47974
1588754928445,1021.4759
1588754928480,1021.4759
1588754928520,1021.4759
1588754928560,1021.4759
1588754928597,1021.4715
1588754928634,1021.4715
1588754928674,1021.4715
1588754928713,1021.4715
1588754928751,1021.55005
1588754928793,1021.55005
1588754928828,1021.55005
1588754928867,1021.55005
1588754928908,1021.55005
1588754928944,1021.6542
1588754928984,1021.6542
1588754929021,1021.6542
1588754929059,1021.6542
1588754929096,1021.62585
1588754929137,1021.62585
1588754929174,1021.62585
1588754929211,1021.62585
1588754929252,1021.5001
1588754929290,1021.5001
1588754929336,1021.5001
1588754929365,1021.5001
1588754929405,1021.4175
1588754929448,1021.4175
1588754929482,1021.4175
1588754929521,1021.4175
1588754929564,1021.4131
1588754929601,1021.4131
1588754929633,1021.4131
1588754929672,1021.4131
1588754929711,1021.4233
1588754929750,1021.4233
1588754929799,1021.4233
1588754929827,1021.4233
1588754929867,1021.4233
1588754929907,1021.4109
1588754929942,1021.4109
1588754929982,1021.4109
1588754930020,1021.4109
1588754930059,1021.49005
1588754930095,1021.49005
1588754930143,1021.49005
1588754930174,1021.49005
1588754930211,1021.5942
1588754930249,1021.5942
1588754930289,1021.5942
1588754930330,1021.5942
1588754930366,1021.5672
1588754930403,1021.5672
1588754930442,1021.5672
1588754930483,1021.5672
1588754930529,1021.4447
1588754930559,1021.4447
1588754930596,1021.4447
1588754930634,1021.4447
1588754930674,1021.37317
1588754930712,1021.37317
1588754930750,1021.37317
1588754930788,1021.37317
1588754930828,1021.37317
1588754930867,1021.36084
1588754930905,1021.36084
1588754930942,1021.36084
1588754930981,1021.36084
1588754931018,1021.3646
1588754931056,1021.3646
1588754931098,1021.3646
1588754931141,1021.3646
1588754931175,1021.3634
1588754931210,1021.3634
1588754931250,1021.3634
1588754931289,1021.3634
1588754931327,1021.44037
1588754931366,1021.44037
1588754931405,1021.44037
1588754931442,1021.44037
1588754931482,1021.51556
1588754931529,1021.51556
1588754931558,1021.51556
1588754931595,1021.51556
1588754931634,1021.4744
1588754931672,1021.4744
1588754931714,1021.4744
1588754931750,1021.4744
1588754931791,1021.4744
1588754931826,1021.3247
1588754931867,1021.3247
1588754931905,1021.3247
1588754931942,1021.3247
1588754931982,1021.2692
1588754932019,1021.2692
1588754932056,1021.2692
1588754932097,1021.2692
1588754932142,1021.29675
1588754932172,1021.29675
1588754932212,1021.29675
1588754932251,1021.29675
1588754932289,1021.33044
1588754932328,1021.33044
1588754932365,1021.33044
1588754932403,1021.33044
1588754932442,1021.34033
1588754932481,1021.34033
1588754932520,1021.34033
1588754932557,1021.34033
1588754932596,1021.3008
1588754932647,1021.3008
1588754932673,1021.3008
1588754932710,1021.3008
1588754932750,1021.3008
1588754932789,1021.3602
1588754932831,1021.3602
1588754932865,1021.3602
1588754932903,1021.3602
1588754932941,1021.3494
1588754932981,1021.3494
1588754933019,1021.3494
1588754933057,1021.3494
1588754933096,1021.3949
1588754933138,1021.3949
1588754933178,1021.3949
1588754933212,1021.3949
1588754933249,1021.31006
1588754933290,1021.31006
1588754933327,1021.31006
1588754933364,1021.31006
1588754933405,1021.2817
1588754933441,1021.2817
1588754933480,1021.2817
1588754933520,1021.2817
1588754933559,1021.3028
1588754933595,1021.3028
1588754933634,1021.3028
1588754933673,1021.3028
1588754933711,1021.3108
1588754933752,1021.33325
1588754933787,1021.33325
1588754933827,1021.33325
1588754933865,1021.33325
1588754933903,1021.3241
1588754933945,1021.3241
1588754933981,1021.3241
1588754934021,1021.3241
1588754934056,1021.28186
1588754934096,1021.28186
1588754934140,1021.28186
1588754934174,1021.28186
1588754934211,1021.43396
1588754934248,1021.43396
1588754934287,1021.43396
1588754934326,1021.43396
1588754934366,1021.503
1588754934407,1021.503
1588754934443,1021.503
1588754934481,1021.503
1588754934528,1021.4331
1588754934557,1021.4331
1588754934597,1021.4331
1588754934637,1021.4331
1588754934671,1021.3041
1588754934712,1021.3041
1588754934752,1021.3041
1588754934792,1021.3041
1588754934829,1021.3041
1588754934867,1021.2505
1588754934904,1021.2505
1588754934943,1021.2505
1588754934983,1021.2505
1588754935021,1021.2381
1588754935056,1021.2381
1588754935097,1021.2381
1588754935141,1021.2381
1588754935175,1021.2227
1588754935211,1021.2227
1588754935249,1021.2227
1588754935290,1021.2227
1588754935325,1021.24524
1588754935364,1021.24524
1588754935408,1021.24524
1588754935441,1021.24524
1588754935479,1021.3031
1588754935518,1021.3031
1588754935556,1021.3031
1588754935597,1021.3031
1588754935637,1021.38306
1588754935672,1021.38306
1588754935709,1021.38306
1588754935750,1021.38306
1588754935786,1021.38306
1588754935825,1021.3645
1588754935866,1021.3645
1588754935903,1021.3645
1588754935942,1021.3645
1588754935979,1021.24005
1588754936022,1021.24005
1588754936059,1021.24005
1588754936094,1021.24005
1588754936132,1021.19147
1588754936174,1021.19147
1588754936210,1021.19147
1588754936251,1021.19147
1588754936287,1021.1966
1588754936326,1021.1966
1588754936364,1021.1966
1588754936404,1021.1966
1588754936443,1021.1972
1588754936482,1021.1972
1588754936517,1021.1972
1588754936557,1021.1972
1588754936597,1021.1976
1588754936634,1021.1976
1588754936674,1021.1976
1588754936711,1021.1976
1588754936754,1021.1976
1588754936788,1021.2538
1588754936826,1021.2538
1588754936862,1021.2538
1588754936903,1021.2538
1588754936940,1021.36896
1588754936979,1021.36896
1588754937019,1021.36896
1588754937056,1021.36896
1588754937099,1021.34216
1588754937134,1021.34216
1588754937175,1021.34216
1588754937214,1021.34216
1588754937249,1021.2163
1588754937287,1021.2163
1588754937328,1021.2163
1588754937366,1021.2163
1588754937402,1021.148
1588754937440,1021.148
1588754937480,1021.148
1588754937519,1021.148
1588754937557,1021.1529
1588754937595,1021.1529
1588754937638,1021.1529
1588754937671,1021.1529
1588754937708,1021.1529
1588754937755,1021.17725
1588754937789,1021.17725
1588754937830,1021.17725
1588754937864,1021.17725
1588754937902,1021.17303
1588754937942,1021.17303
1588754937980,1021.17303
1588754938020,1021.17303
1588754938058,1021.1636
1588754938095,1021.1636
1588754938134,1021.1636
1588754938171,1021.1636
1588754938210,1021.1719
1588754938250,1021.1719
1588754938285,1021.1719
1588754938326,1021.1719
1588754938373,1021.2048
1588754938407,1021.2048
1588754938444,1021.2048
1588754938479,1021.2048
1588754938520,1021.17474
1588754938559,1021.17474
1588754938596,1021.17474
1588754938632,1021.17474
1588754938675,1021.17474
1588754938711,1021.18787
1588754938750,1021.18787
1588754938786,1021.18787
1588754938826,1021.18787
1588754938862,1021.2042
1588754938903,1021.2042
1588754938941,1021.2042
1588754938979,1021.2042
1588754939016,1021.21576
1588754939055,1021.21576
1588754939097,1021.21576
1588754939134,1021.21576
1588754939173,1021.2353
1588754939208,1021.2353
1588754939249,1021.2353
1588754939285,1021.2353
1588754939325,1021.23584
1588754939364,1021.23584
1588754939402,1021.23584
1588754939449,1021.23584
1588754939481,1021.2426
1588754939516,1021.2426
1588754939557,1021.2426
1588754939595,1021.2426
1588754939633,1021.2426
1588754939670,1021.32263
1588754939710,1021.32263
1588754939748,1021.32263
1588754939791,1021.32263
1588754939826,1021.3371
1588754939866,1021.3371
1588754939906,1021.3371
1588754939942,1021.3371
1588754939980,1021.21124
1588754940018,1021.21124
1588754940061,1021.21124
1588754940092,1021.21124
1588754940130,1021.1463
1588754940175,1021.1463
1588754940209,1021.1463
1588754940246,1021.1463
1588754940292,1021.14984
1588754940325,1021.14984
1588754940374,1021.14984
1588754940402,1021.14984
1588754940442,1021.15875
1588754940482,1021.15875
1588754940523,1021.15875
1588754940556,1021.15875
1588754940593,1021.15875
1588754940633,1021.1399
1588754940684,1021.1399
1588754940708,1021.1399
1588754940747,1021.1399
1588754940789,1021.2154
1588754940829,1021.2154
1588754940863,1021.2154
1588754940904,1021.2154
1588754940939,1021.28784
1588754940981,1021.28784
1588754941019,1021.28784
1588754941056,1021.28784
1588754941094,1021.2704
1588754941137,1021.2704
1588754941170,1021.2704
1588754941213,1021.2704
1588754941253,1021.1493
1588754941286,1021.1493
1588754941325,1021.1493
1588754941363,1021.1493
1588754941402,1021.0841
1588754941442,1021.0841
1588754941480,1021.0841
1588754941520,1021.0841
1588754941554,1021.09705
1588754941594,1021.09705
1588754941634,1021.09705
1588754941673,1021.09705
1588754941714,1021.09705
1588754941750,1021.1085
1588754941785,1021.1085
1588754941823,1021.1085
1588754941865,1021.1085
1588754941901,1021.1582
1588754941941,1021.1582
1588754941981,1021.1582
1588754942017,1021.1582
1588754942055,1021.2722
1588754942096,1021.2722
1588754942130,1021.2722
1588754942169,1021.2722
1588754942207,1021.3299
1588754942247,1021.3299
1588754942287,1021.3299
1588754942327,1021.3299
1588754942364,1021.25464
1588754942401,1021.25464
1588754942441,1021.25464
1588754942478,1021.25464
1588754942516,1021.12317
1588754942554,1021.12317
1588754942595,1021.12317
1588754942634,1021.12317
1588754942671,1021.12317
1588754942712,1021.09607
1588754942748,1021.09607
1588754942787,1021.09607
1588754942826,1021.09607
1588754942864,1021.1135
1588754942904,1021.1135
1588754942939,1021.1135
1588754942979,1021.1135
1588754943017,1021.1021
1588754943054,1021.1021
1588754943096,1021.1021
1588754943135,1021.1021
1588754943175,1021.15796
1588754943210,1021.15796
1588754943251,1021.15796
1588754943284,1021.15796
1588754943324,1021.2595
1588754943364,1021.2595
1588754943401,1021.2595
1588754943438,1021.2595
1588754943479,1021.21924
1588754943515,1021.21924
1588754943556,1021.21924
1588754943592,1021.21924
1588754943632,1021.21924
1588754943673,1021.10345
1588754943708,1021.10345
1588754943749,1021.10345
1588754943784,1021.10345
1588754943823,1021.0266
1588754943863,1021.0266
1588754943903,1021.0266
1588754943942,1021.0266
1588754943977,1021.03894
1588754944016,1021.03894
1588754944053,1021.03894
1588754944095,1021.03894
1588754944133,1021.07855
1588754944179,1021.07855
1588754944207,1021.07855
1588754944247,1021.07855
1588754944285,1021.1082
1588754944322,1021.1082
1588754944363,1021.1082
1588754944406,1021.1082
1588754944443,1021.0515
1588754944484,1021.0515
1588754944514,1021.0515
1588754944556,1021.0515
1588754944594,1021.0515
1588754944631,1021.0722
1588754944669,1021.0722
1588754944707,1021.0722
1588754944746,1021.0722
1588754944786,1021.0864
1588754944824,1021.0864
1588754944864,1021.0864
1588754944898,1021.0864
1588754944940,1021.11774
1588754944982,1021.11774
1588754945016,1021.11774
1588754945053,1021.11774
1588754945093,1021.1096
1588754945133,1021.1096
1588754945174,1021.1096
1588754945211,1021.1096
1588754945248,1021.11365
1588754945287,1021.11365
1588754945324,1021.11365
1588754945363,1021.11365
1588754945403,1021.1577
1588754945437,1021.1577
1588754945476,1021.1577
1588754945515,1021.1577
1588754945566,1021.1577
1588754945594,1021.1606
1588754945633,1021.1606
1588754945673,1021.1606
1588754945707,1021.1606
1588754945746,1021.1361
1588754945786,1021.1361
1588754945823,1021.1361
1588754945865,1021.1361
1588754945903,1021.16956
1588754945939,1021.16956
1588754945978,1021.16956
1588754946016,1021.16956
1588754946057,1021.26056
1588754946095,1021.26056
1588754946132,1021.26056
1588754946194,1021.26056
1588754946214,1021.2295
1588754946246,1021.2295
1588754946284,1021.2295
1588754946325,1021.2295
1588754946363,1021.1632
1588754946401,1021.1632
1588754946441,1021.1632
1588754946477,1021.1632
1588754946514,1021.0753
1588754946555,1021.0753
1588754946592,1021.0753
1588754946631,1021.0753
1588754946671,1021.0753
1588754946706,1021.04956
1588754946746,1021.04956
1588754946784,1021.04956
1588754946823,1021.04956
1588754946864,1021.0561
1588754946902,1021.0561
1588754946938,1021.0561
1588754946977,1021.0561
1588754947016,1021.0654
1588754947053,1021.0654
1588754947092,1021.0654
1588754947131,1021.0654
1588754947172,1021.10547
1588754947208,1021.10547
1588754947244,1021.10547
1588754947284,1021.10547
1588754947323,1021.2111
1588754947363,1021.2111
1588754947404,1021.2111
1588754947439,1021.2111
1588754947487,1021.224
1588754947515,1021.224
1588754947556,1021.224
1588754947592,1021.224
1588754947631,1021.224
1588754947670,1021.0961
1588754947709,1021.0961
1588754947746,1021.0961
1588754947784,1021.0961
1588754947823,1020.9813
1588754947862,1020.9813
1588754947901,1020.9813
1588754947940,1020.9813
1588754947978,1020.9688
1588754948017,1020.9688
1588754948052,1020.9688
1588754948093,1020.9688
1588754948129,1020.98676
1588754948170,1020.98676
1588754948206,1020.98676
1588754948245,1020.98676
1588754948286,1020.9983
1588754948323,1020.9983
1588754948363,1020.9983
1588754948400,1020.9983
1588754948439,1021.0466
1588754948476,1021.0466
1588754948515,1021.0466
1588754948567,1021.0466
1588754948595,1021.0466
1588754948632,1021.1234
1588754948672,1021.1234
1588754948708,1021.1234
1588754948745,1021.1234
1588754948783,1021.09656
1588754948821,1021.09656
1588754948862,1021.09656
1588754948900,1021.09656
1588754948938,1020.9961
1588754948976,1020.9961
1588754949015,1020.9961
1588754949054,1020.9961
1588754949094,1020.9386
1588754949130,1020.9386
1588754949168,1020.9386
1588754949206,1020.9386
1588754949246,1020.93567
1588754949287,1020.93567
1588754949323,1020.93567
1588754949360,1020.93567
1588754949400,1020.9376
1588754949439,1020.9376
1588754949477,1020.9376
1588754949516,1020.9376
1588754949553,1020.9376
1588754949592,1021.0112
1588754949630,1021.0112
1588754949671,1021.0112
1588754949706,1021.0112
1588754949746,1021.1174
1588754949786,1021.1174
1588754949822,1021.1174
1588754949862,1021.1174
1588754949898,1021.18146
1588754949941,1021.18146
1588754949976,1021.18146
1588754950014,1021.18146
1588754950058,1021.1421
1588754950091,1021.1421
1588754950131,1021.1421
1588754950171,1021.1421
1588754950205,1021.00165
1588754950248,1021.00165
1588754950285,1021.00165
1588754950323,1021.00165
1588754950364,1020.9236
1588754950399,1020.9236
1588754950436,1020.9236
1588754950478,1020.9236
1588754950516,1020.91486
1588754950555,1020.91486
1588754950594,1020.91486
1588754950631,1020.91486
1588754950669,1020.91486
1588754950705,1020.9058
1588754950745,1020.9058
1588754950784,1020.9058
1588754950823,1020.9058
1588754950867,1020.94476
1588754950901,1020.94476
1588754950938,1020.94476
1588754950978,1020.94476
1588754951015,1021.06665
1588754951054,1021.06665
1588754951094,1021.06665
1588754951129,1021.06665
1588754951169,1021.0928
1588754951207,1021.0928
1588754951245,1021.0928
1588754951286,1021.0928
1588754951321,1021.0321
1588754951360,1021.0321
1588754951400,1021.0321
1588754951436,1021.0321
1588754951474,1020.9226
1588754951518,1020.9226
1588754951553,1020.9226
1588754951591,1020.9226
1588754951631,1020.9226
1588754951667,1020.87195
1588754951707,1020.87195
1588754951746,1020.87195
1588754951784,1020.87195
1588754951820,1020.9031
1588754951859,1020.9031
1588754951898,1020.9031
1588754951942,1020.9031
1588754951977,1020.89417
1588754952015,1020.89417
1588754952054,1020.89417
1588754952093,1020.89417
1588754952134,1020.89813
1588754952168,1020.89813
1588754952210,1020.89813
1588754952244,1020.89813
1588754952283,1020.89545
1588754952325,1020.89545
1588754952361,1020.89545
1588754952400,1020.89545
1588754952437,1020.9238
1588754952477,1020.9238
1588754952518,1020.9238
1588754952558,1020.9238
1588754952591,1020.9238
1588754952628,1020.91956
1588754952666,1020.91956
1588754952707,1020.91956
1588754952745,1020.91956
1588754952781,1020.8993
1588754952821,1020.8993
1588754952858,1020.8993
1588754952897,1020.8993
1588754952936,1020.9194
1588754952976,1020.9194
1588754953014,1020.9194
1588754953051,1020.9194
1588754953091,1020.9295
1588754953131,1020.9295
1588754953168,1020.9295
1588754953208,1020.9295
1588754953243,1020.9108
1588754953282,1020.9108
1588754953321,1020.9108
1588754953367,1020.9108
1588754953398,1020.9496
1588754953438,1020.9496
1588754953474,1020.9496
1588754953514,1020.9496
1588754953554,1021.05927
1588754953592,1021.05927
1588754953633,1021.05927
1588754953667,1021.05927
1588754953705,1021.05927
1588754953746,1021.0438
1588754953783,1021.0438
1588754953820,1021.0438
1588754953860,1021.0438
1588754953899,1020.8905
1588754953937,1020.8905
1588754953975,1020.8905
1588754954014,1020.8905
1588754954053,1020.8174
1588754954092,1020.8174
1588754954130,1020.8174
1588754954166,1020.8174
1588754954206,1020.81665
1588754954245,1020.81665
1588754954286,1020.81665
1588754954322,1020.81665
1588754954358,1020.82385
1588754954404,1020.82385
1588754954438,1020.82385
1588754954474,1020.82385
1588754954513,1020.82635
1588754954552,1020.82635
1588754954589,1020.82635
1588754954630,1020.82635
1588754954669,1020.82635
1588754954708,1020.8989
1588754954744,1020.8989
1588754954786,1020.8989
1588754954823,1020.8989
1588754954859,1021.00024
1588754954897,1021.00024
1588754954937,1021.00024
1588754954976,1021.00024
1588754955013,1020.95276
1588754955053,1020.95276
1588754955091,1020.95276
1588754955131,1020.95276
1588754955167,1020.81445
1588754955207,1020.81445
1588754955245,1020.81445
1588754955283,1020.81445
1588754955324,1020.75757
1588754955363,1020.75757
1588754955397,1020.75757
1588754955436,1020.75757
1588754955475,1020.7451
1588754955515,1020.7451
1588754955553,1020.7451
1588754955592,1020.7451
1588754955629,1020.7451
1588754955669,1020.746
1588754955706,1020.746
1588754955743,1020.746
1588754955785,1020.746
1588754955820,1020.79456
1588754955860,1020.79456
1588754955898,1020.79456
1588754955935,1020.79456
1588754955973,1020.9077
1588754956014,1020.9077
1588754956055,1020.9077
1588754956096,1020.9077
1588754956128,1020.9762
1588754956166,1020.9762
1588754956207,1020.9762
1588754956253,1020.9762
1588754956285,1020.9701
1588754956322,1020.9701
1588754956360,1020.9701
1588754956400,1020.9701
1588754956437,1020.8016
1588754956476,1020.8016
1588754956512,1020.8016
1588754956553,1020.8016
1588754956591,1020.8016
1588754956628,1020.7381
1588754956669,1020.7381
1588754956706,1020.7381
1588754956744,1020.7381
1588754956783,1020.7294
1588754956822,1020.7294
1588754956860,1020.7294
1588754956899,1020.7294
1588754956936,1020.7187
1588754956977,1020.7187
1588754957013,1020.7187
1588754957054,1020.7187
1588754957091,1020.7737
1588754957127,1020.7737
1588754957168,1020.7737
1588754957206,1020.7737
1588754957244,1020.882
1588754957287,1020.882
1588754957326,1020.882
1588754957359,1020.882
1588754957396,1020.90955
1588754957437,1020.90955
1588754957476,1020.90955
1588754957514,1020.90955
1588754957553,1020.8364
1588754957589,1020.8364
1588754957628,1020.8364
1588754957667,1020.8364
1588754957703,1020.8364
1588754957750,1020.70306
1588754957780,1020.70306
1588754957820,1020.70306
1588754957861,1020.70306
1588754957897,1020.646
1588754957937,1020.646
1588754957978,1020.646
1588754958014,1020.646
1588754958053,1020.65295
1588754958094,1020.65295
1588754958127,1020.65295
1588754958167,1020.65295
1588754958207,1020.6797
1588754958244,1020.6797
1588754958283,1020.6797
1588754958321,1020.6797
1588754958360,1020.63855
1588754958398,1020.63855
1588754958435,1020.63855
1588754958476,1020.63855
1588754958515,1020.6967
1588754958553,1020.6967
1588754958590,1020.6967
1588754958629,1020.6967
1588754958668,1020.6967
1588754958706,1020.6832
1588754958742,1020.6832
1588754958780,1020.6832
1588754958819,1020.6832
1588754958858,1020.7141
1588754958898,1020.7141
1588754958936,1020.7141
1588754958976,1020.7141
1588754959014,1020.6589
1588754959052,1020.6589
1588754959090,1020.6589
1588754959130,1020.6589
1588754959165,1020.6563
1588754959209,1020.6563
1588754959243,1020.6563
1588754959281,1020.6563
1588754959322,1020.6891
1588754959362,1020.6891
1588754959398,1020.6891
1588754959436,1020.6891
1588754959474,1020.69446
1588754959513,1020.69446
1588754959552,1020.69446
1588754959590,1020.69446
1588754959629,1020.69446
1588754959670,1020.69055
1588754959704,1020.69055
1588754959741,1020.69055
1588754959783,1020.69055
1588754959820,1020.6702
1588754959862,1020.6702
1588754959898,1020.6702
1588754959936,1020.6702
1588754959980,1020.78925
1588754960014,1020.78925
1588754960050,1020.78925
1588754960089,1020.78925
1588754960127,1020.8269
1588754960167,1020.8269
1588754960213,1020.8269
1588754960241,1020.8269
1588754960283,1020.8098
1588754960323,1020.8098
1588754960358,1020.8098
1588754960396,1020.8098
1588754960433,1020.6759
1588754960473,1020.6759
1588754960512,1020.6759
1588754960554,1020.6759
1588754960591,1020.60016
1588754960627,1020.60016
1588754960666,1020.60016
1588754960704,1020.60016
1588754960742,1020.60016
1588754960781,1020.59265
1588754960822,1020.59265
1588754960864,1020.59265
1588754960901,1020.59265
1588754960936,1020.6012
1588754960974,1020.6012
1588754961013,1020.6012
1588754961055,1020.6012
1588754961091,1020.59436
1588754961127,1020.59436
1588754961165,1020.59436
1588754961204,1020.59436
1588754961243,1020.6461
1588754961280,1020.6461
1588754961318,1020.6461
1588754961362,1020.6461
1588754961399,1020.7433
1588754961434,1020.7433
1588754961476,1020.7433
1588754961514,1020.7433
1588754961553,1020.7486
1588754961590,1020.7486
1588754961627,1020.7486
1588754961667,1020.7486
1588754961706,1020.7486
1588754961742,1020.65283
1588754961782,1020.65283
1588754961825,1020.65283
1588754961859,1020.65283
1588754961894,1020.53546
1588754961933,1020.53546
1588754961973,1020.53546
1588754962012,1020.53546
1588754962057,1020.51996
1588754962089,1020.51996
1588754962132,1020.51996
1588754962165,1020.51996
1588754962206,1020.53357
1588754962240,1020.53357
1588754962281,1020.53357
1588754962319,1020.53357
1588754962359,1020.5392
1588754962398,1020.5392
1588754962435,1020.5392
1588754962474,1020.5392
1588754962512,1020.5349
1588754962552,1020.5349
1588754962590,1020.5349
1588754962626,1020.5349
1588754962667,1020.5349
1588754962704,1020.5713
1588754962741,1020.5713
1588754962779,1020.5713
1588754962821,1020.5713
1588754962859,1020.6919
1588754962897,1020.6919
1588754962936,1020.6919
1588754962976,1020.6919
1588754963012,1020.7135
1588754963052,1020.7135
1588754963090,1020.7135
1588754963130,1020.7135
1588754963167,1020.6583
1588754963204,1020.6583
1588754963247,1020.6583
1588754963280,1020.6583
1588754963324,1020.5037
1588754963361,1020.5037
1588754963396,1020.5037
1588754963434,1020.5037
1588754963471,1020.47577
1588754963510,1020.47577
1588754963551,1020.47577
1588754963588,1020.47577
1588754963627,1020.4923
1588754963666,1020.4923
1588754963704,1020.4923
1588754963743,1020.4923
1588754963780,1020.4923
1588754963819,1020.49445
1588754963857,1020.49445
1588754963897,1020.49445
1588754963937,1020.49445
1588754963977,1020.5276
1588754964011,1020.5276
1588754964050,1020.5276
1588754964088,1020.5276
1588754964125,1020.63696
1588754964166,1020.63696
1588754964204,1020.63696
1588754964242,1020.63696
1588754964281,1020.6743
1588754964321,1020.6743
1588754964360,1020.6743
1588754964397,1020.6743
1588754964437,1020.5567
1588754964473,1020.5567
1588754964511,1020.5567
1588754964549,1020.5567
1588754964589,1020.46436
1588754964626,1020.46436
1588754964669,1020.46436
1588754964703,1020.46436
1588754964741,1020.46436
1588754964781,1020.4331
1588754964824,1020.4331
1588754964856,1020.4331
1588754964897,1020.4331
1588754964939,1020.4422
1588754964972,1020.4422
1588754965011,1020.4422
1588754965050,1020.4422
1588754965090,1020.45233
1588754965128,1020.45233
1588754965164,1020.45233
1588754965207,1020.45233
1588754965246,1020.431
1588754965280,1020.431
1588754965319,1020.431
1588754965357,1020.431
1588754965395,1020.42834
1588754965435,1020.42834
1588754965475,1020.42834
1588754965512,1020.42834
1588754965550,1020.4679
1588754965587,1020.4679
1588754965627,1020.4679
1588754965664,1020.4679
1588754965703,1020.4679
1588754965740,1020.4449
1588754965777,1020.4449
1588754965818,1020.4449
1588754965855,1020.4449
1588754965894,1020.4906
1588754965932,1020.4906
1588754965972,1020.4906
1588754966011,1020.4906
1588754966048,1020.4863
1588754966087,1020.4863
1588754966124,1020.4863
1588754966165,1020.4863
1588754966202,1020.4538
1588754966240,1020.4538
1588754966280,1020.4538
1588754966318,1020.4538
1588754966360,1020.48315
1588754966396,1020.48315
1588754966436,1020.48315
1588754966471,1020.48315
1588754966510,1020.4994
1588754966549,1020.4994
1588754966591,1020.4994
1588754966625,1020.4994
1588754966668,1020.49695
1588754966703,1020.49695
1588754966740,1020.49695
1588754966780,1020.49695
1588754966827,1020.49695
1588754966855,1020.4708
1588754966895,1020.4708
1588754966933,1020.4708
1588754966974,1020.4708
1588754967011,1020.4409
1588754967049,1020.4409
1588754967093,1020.4409
1588754967127,1020.4409
1588754967166,1020.5477
1588754967201,1020.5477
1588754967246,1020.5477
1588754967284,1020.5477
1588754967318,1020.58966
1588754967356,1020.58966
1588754967397,1020.58966
1588754967435,1020.58966
1588754967474,1020.5982
1588754967512,1020.5982
1588754967553,1020.5982
1588754967588,1020.5982
1588754967628,1020.43536
1588754967664,1020.43536
1588754967702,1020.43536
1588754967744,1020.43536
1588754967780,1020.43536
1588754967818,1020.3852
1588754967857,1020.3852
1588754967895,1020.3852
1588754967932,1020.3852
1588754967973,1020.38495
1588754968011,1020.38495
1588754968049,1020.38495
1588754968086,1020.38495
1588754968125,1020.38574
1588754968164,1020.38574
1588754968206,1020.38574
1588754968248,1020.38574
1588754968279,1020.40765
1588754968316,1020.40765
1588754968355,1020.40765
1588754968394,1020.40765
1588754968432,1020.48987
1588754968471,1020.48987
1588754968509,1020.48987
1588754968548,1020.48987
1588754968589,1020.55347
1588754968627,1020.55347
1588754968665,1020.55347
1588754968704,1020.55347
1588754968744,1020.5118
1588754968778,1020.52515
1588754968820,1020.52515
1588754968855,1020.52515
1588754968895,1020.52515
1588754968934,1020.3959
1588754968972,1020.3959
1588754969009,1020.3959
1588754969050,1020.3959
1588754969091,1020.3233
1588754969128,1020.3233
1588754969165,1020.3233
1588754969205,1020.3233
1588754969241,1020.2991
1588754969280,1020.2991
1588754969319,1020.2991
1588754969355,1020.2991
1588754969395,1020.298
1588754969434,1020.298
1588754969471,1020.298
1588754969510,1020.298
1588754969548,1020.2907
1588754969590,1020.2907
1588754969626,1020.2907
1588754969666,1020.2907
1588754969701,1020.38605
1588754969744,1020.38605
1588754969779,1020.38605
1588754969819,1020.38605
1588754969856,1020.38605
1588754969895,1020.49097
1588754969935,1020.49097
1588754969979,1020.49097
1588754970012,1020.49097
1588754970048,1020.4662
1588754970088,1020.4662
1588754970124,1020.4662
1588754970166,1020.4662
1588754970204,1020.3241
1588754970247,1020.3241
1588754970279,1020.3241
1588754970317,1020.3241
1588754970362,1020.2608
1588754970397,1020.2608
1588754970432,1020.2608
1588754970471,1020.2608
1588754970512,1020.2395
1588754970552,1020.2395
1588754970586,1020.2395
1588754970625,1020.2395
1588754970663,1020.2384
1588754970703,1020.2384
1588754970742,1020.2384
1588754970778,1020.2384
1588754970816,1020.2384
1588754970856,1020.25073
1588754970897,1020.25073
1588754970932,1020.25073
1588754970970,1020.25073
1588754971008,1020.338
1588754971050,1020.338
1588754971086,1020.338
1588754971127,1020.338
1588754971163,1020.4208
1588754971201,1020.4208
1588754971241,1020.4208
1588754971278,1020.4208
1588754971317,1020.421
1588754971354,1020.421
1588754971395,1020.421
1588754971433,1020.421
1588754971479,1020.27734
1588754971511,1020.27734
1588754971551,1020.27734
1588754971588,1020.27734
1588754971624,1020.2218
1588754971664,1020.2218
1588754971704,1020.2218
1588754971742,1020.2218
1588754971778,1020.22
1588754971817,1020.22
1588754971856,1020.22
1588754971894,1020.22
1588754971933,1020.22
1588754971970,1020.2208
1588754972010,1020.2208
1588754972047,1020.2208
1588754972087,1020.2208
1588754972127,1020.2133
1588754972163,1020.2133
1588754972202,1020.2133
1588754972245,1020.2133
1588754972278,1020.22205
1588754972317,1020.22205
1588754972358,1020.22205
1588754972394,1020.22205
1588754972432,1020.2488
1588754972471,1020.2488
1588754972510,1020.2488
1588754972547,1020.2488
1588754972590,1020.20764
1588754972631,1020.20764
1588754972664,1020.20764
1588754972700,1020.20764
1588754972744,1020.212
1588754972777,1020.212
1588754972817,1020.212
1588754972859,1020.212
1588754972894,1020.212
1588754972931,1020.1759
1588754972972,1020.1759
1588754973011,1020.1759
1588754973051,1020.1759
1588754973084,1020.2042
1588754973124,1020.2042
1588754973162,1020.2042
1588754973201,1020.2042
1588754973244,1020.229
1588754973278,1020.229
1588754973318,1020.229
1588754973357,1020.229
1588754973394,1020.2331
1588754973431,1020.2331
1588754973472,1020.2331
1588754973509,1020.2331
1588754973547,1020.23517
1588754973586,1020.23517
1588754973625,1020.23517
1588754973662,1020.23517
1588754973705,1020.20264
1588754973750,1020.20264
1588754973779,1020.20264
1588754973815,1020.20264
1588754973855,1020.20264
1588754973894,1020.3297
1588754973932,1020.3297
1588754973970,1020.3297
1588754974012,1020.3297
1588754974050,1020.36255
1588754974086,1020.36255
1588754974124,1020.36255
1588754974163,1020.36255
1588754974203,1020.3714
1588754974240,1020.3714
1588754974277,1020.3714
1588754974318,1020.3714
1588754974357,1020.2643
1588754974396,1020.2643
1588754974435,1020.2643
1588754974470,1020.2643
1588754974508,1020.1881
1588754974547,1020.1881
1588754974584,1020.1881
1588754974624,1020.1881
1588754974665,1020.17004
1588754974701,1020.17004
1588754974740,1020.17004
1588754974778,1020.17004
1588754974817,1020.1885
1588754974855,1020.1885
1588754974894,1020.1885
1588754974932,1020.1885
1588754974972,1020.1885
1588754975009,1020.16876
1588754975046,1020.16876
1588754975087,1020.16876
1588754975125,1020.16876
1588754975166,1020.19995
1588754975201,1020.19995
1588754975239,1020.19995
1588754975277,1020.19995
1588754975317,1020.3004
1588754975356,1020.3004
1588754975392,1020.3004
1588754975431,1020.3004
1588754975471,1020.34576
1588754975512,1020.34576
1588754975548,1020.34576
1588754975586,1020.34576
1588754975623,1020.2838
1588754975665,1020.2838
1588754975702,1020.2838
1588754975740,1020.2838
1588754975780,1020.1423
1588754975815,1020.1423
1588754975855,1020.1423
1588754975894,1020.1423
1588754975932,1020.1423
1588754975970,1020.1188
1588754976008,1020.1188
1588754976048,1020.1188
1588754976085,1020.1188
1588754976123,1020.1297
1588754976164,1020.1297
1588754976202,1020.1297
1588754976240,1020.1297
1588754976276,1020.13525
1588754976315,1020.13525
1588754976355,1020.13525
1588754976393,1020.13525
1588754976433,1020.1941
1588754976470,1020.1941
1588754976507,1020.1941
1588754976545,1020.1941
1588754976588,1020.32434
1588754976624,1020.32434
1588754976662,1020.32434
1588754976702,1020.32434
1588754976740,1020.3495
1588754976778,1020.3495
1588754976818,1020.3495
1588754976854,1020.3495
1588754976891,1020.3495
1588754976932,1020.27014
1588754976970,1020.27014
1588754977006,1020.27014
1588754977050,1020.27014
1588754977085,1020.12994
1588754977122,1020.12994
1588754977166,1020.12994
1588754977207,1020.12994
1588754977237,1020.10187
1588754977277,1020.10187
1588754977315,1020.10187
1588754977354,1020.10187
1588754977394,1020.10455
1588754977444,1020.10455
1588754977471,1020.10455
1588754977509,1020.10455
1588754977548,1020.10535
1588754977586,1020.10535
1588754977623,1020.10535
1588754977666,1020.10535
1588754977701,1020.1561
1588754977747,1020.1561
1588754977780,1020.1561
1588754977816,1020.1561
1588754977861,1020.27704
1588754977892,1020.27704
1588754977932,1020.27704
1588754977972,1020.27704
1588754978011,1020.27704
1588754978045,1020.30383
1588754978084,1020.30383
1588754978126,1020.30383
1588754978163,1020.30383
1588754978202,1020.2306
1588754978241,1020.2306
1588754978277,1020.2306
1588754978317,1020.2306
1588754978353,1020.09064
1588754978393,1020.09064
1588754978431,1020.09064
1588754978468,1020.09064
1588754978513,1020.02246
1588754978552,1020.02246
1588754978587,1020.02246
1588754978623,1020.02246
1588754978666,1020.0396
1588754978699,1020.0396
1588754978738,1020.0396
1588754978783,1020.0396
1588754978814,1020.0582
1588754978855,1020.0582
1588754978892,1020.0582
1588754978930,1020.0582
1588754978970,1020.0582
1588754979007,1020.0142
1588754979049,1020.0142
1588754979085,1020.0142
1588754979123,1020.0142
1588754979161,1020.0756
1588754979210,1020.0756
1588754979240,1020.0756
1588754979277,1020.0756
1588754979314,1020.06226
1588754979354,1020.06226
1588754979392,1020.06226
1588754979432,1020.06226
1588754979470,1020.10925
1588754979508,1020.10925
1588754979547,1020.10925
1588754979586,1020.10925
1588754979624,1020.04083
1588754979661,1020.04083
1588754979698,1020.04083
1588754979737,1020.04083
1588754979790,1020.06757
1588754979816,1020.06757
1588754979857,1020.06757
1588754979893,1020.06757
1588754979933,1020.06757
1588754979970,1020.0985
1588754980010,1020.0985
1588754980045,1020.0985
1588754980084,1020.0985
1588754980122,1020.1141
1588754980162,1020.1141
1588754980203,1020.1141
1588754980238,1020.1141
1588754980275,1020.10974
1588754980315,1020.10974
1588754980358,1020.10974
1588754980394,1020.10974
1588754980430,1020.13293
1588754980469,1020.13293
1588754980508,1020.13293
1588754980548,1020.13293
1588754980586,1020.2329
1588754980626,1020.2329
1588754980661,1020.2329
1588754980703,1020.2329
1588754980741,1020.24646
1588754980785,1020.24646
1588754980814,1020.24646
1588754980853,1020.24646
1588754980893,1020.2243
1588754980930,1020.2243
1588754980968,1020.2243
1588754981006,1020.2243
1588754981045,1020.2243
1588754981083,1020.08594
1588754981122,1020.08594
1588754981161,1020.08594
1588754981198,1020.08594
1588754981238,1020.03033
1588754981277,1020.03033
1588754981315,1020.03033
1588754981354,1020.03033
1588754981393,1020.03107
1588754981431,1020.03107
1588754981470,1020.03107
1588754981509,1020.03107
1588754981546,1020.0226
1588754981585,1020.0226
1588754981625,1020.0226
1588754981661,1020.0226
1588754981701,1020.05115
1588754981738,1020.05115
1588754981780,1020.05115
1588754981814,1020.05115
1588754981853,1020.1911
1588754981893,1020.1911
1588754981932,1020.1911
1588754981967,1020.1911
1588754982006,1020.1911
1588754982045,1020.19934
1588754982085,1020.19934
1588754982124,1020.19934
1588754982162,1020.19934
1588754982200,1020.04816
1588754982236,1020.04816
1588754982278,1020.04816
1588754982315,1020.04816
1588754982353,1019.95917
1588754982392,1019.95917
1588754982428,1019.95917
1588754982470,1019.95917
1588754982509,1019.93616
1588754982547,1019.93616
1588754982583,1019.93616
1588754982623,1019.93616
1588754982660,1019.9418
1588754982700,1019.9418
1588754982740,1019.9418
1588754982777,1019.9418
1588754982815,1019.9506
1588754982851,1019.9506
1588754982889,1019.9506
1588754982927,1019.9506
1588754982967,1019.9506
1588754983011,1019.99646
1588754983043,1019.99646
1588754983083,1019.99646
1588754983124,1019.99646
1588754983160,1020.08093
1588754983201,1020.08093
1588754983236,1020.08093
1588754983280,1020.08093
1588754983313,1020.0622
1588754983354,1020.0622
1588754983391,1020.0622
1588754983430,1020.0622
1588754983468,1019.919
1588754983507,1019.919
1588754983545,1019.919
1588754983584,1019.919
1588754983621,1019.849
1588754983660,1019.849
1588754983697,1019.849
1588754983737,1019.849
1588754983781,1019.8629
1588754983817,1019.8629
1588754983862,1019.8629
1588754983892,1019.8629
1588754983932,1019.86206
1588754983968,1019.86206
1588754984006,1019.86206
1588754984044,1019.86206
1588754984083,1019.86206
1588754984122,1019.86316
1588754984161,1019.86316
1588754984199,1019.86316
1588754984239,1019.86316
1588754984277,1019.8529
1588754984315,1019.8529
1588754984356,1019.8529
1588754984402,1019.8529
1588754984430,1019.88257
1588754984468,1019.88257
1588754984507,1019.88257
1588754984544,1019.88257
1588754984583,1019.9106
1588754984624,1019.9106
1588754984661,1019.9106
1588754984699,1019.9106
1588754984737,1019.90686
1588754984776,1019.90686
1588754984813,1019.90686
1588754984852,1019.90686
1588754984895,1019.8707
1588754984931,1019.8707
1588754984968,1019.8707
1588754985006,1019.8707
1588754985046,1019.8707
1588754985083,1019.90204
1588754985122,1019.90204
1588754985161,1019.90204
1588754985198,1019.90204
1588754985238,1019.9124
1588754985285,1019.9124
1588754985313,1019.9124
1588754985353,1019.9124
1588754985391,1019.89844
1588754985430,1019.89844
1588754985474,1019.89844
1588754985507,1019.89844
1588754985544,1019.91724
1588754985583,1019.91724
1588754985623,1019.91724
1588754985664,1019.91724
1588754985698,1019.9039
1588754985740,1019.9039
1588754985778,1019.9039
1588754985812,1019.9039
1588754985857,1019.9511
1588754985892,1019.9511
1588754985928,1019.9511
1588754985969,1019.9511
1588754986005,1019.88745
1588754986045,1019.88745
1588754986103,1019.88745
1588754986124,1019.88745
1588754986158,1019.88745
1588754986198,1019.8613
1588754986238,1019.8613
1588754986274,1019.8613
1588754986312,1019.8613
1588754986354,1019.8906
1588754986391,1019.8906
1588754986431,1019.8906
1588754986471,1019.8906
1588754986507,1019.8998
1588754986543,1019.8998
1588754986581,1019.8998
1588754986621,1019.8998
1588754986659,1019.87964
1588754986698,1019.87964
1588754986736,1019.87964
1588754986776,1019.87964
1588754986812,1019.95636
1588754986853,1019.95636
1588754986892,1019.95636
1588754986930,1019.95636
1588754986967,1020.037
1588754987006,1020.037
1588754987043,1020.037
1588754987082,1020.037
1588754987123,1020.037
1588754987161,1020.04614
1588754987200,1020.04614
1588754987237,1020.04614
1588754987274,1020.04614
1588754987314,1019.85925
1588754987354,1019.85925
1588754987394,1019.85925
1588754987429,1019.85925
1588754987470,1019.74677
1588754987505,1019.74677
1588754987544,1019.74677
1588754987582,1019.74677
1588754987621,1019.72644
1588754987660,1019.72644
1588754987701,1019.72644
1588754987738,1019.72644
1588754987774,1019.7534
1588754987814,1019.7534
1588754987851,1019.7534
1588754987890,1019.7534
1588754987929,1019.77856
1588754987966,1019.77856
1588754988009,1019.77856
1588754988045,1019.77856
1588754988085,1019.77856
1588754988120,1019.7985
1588754988159,1019.7985
1588754988196,1019.7985
1588754988239,1019.7985
1588754988283,1019.92926
1588754988312,1019.92926
1588754988354,1019.92926
1588754988391,1019.92926
1588754988428,1019.9955
1588754988467,1019.9955
1588754988505,1019.9955
1588754988543,1019.9955
1588754988584,1019.8629
1588754988621,1019.8629
1588754988663,1019.8629
1588754988697,1019.8629
1588754988736,1019.7357
1588754988775,1019.7357
1588754988812,1019.7357
1588754988853,1019.7357
1588754988894,1019.6995
1588754988928,1019.6995
1588754988967,1019.6995
1588754989008,1019.6995
1588754989044,1019.70544
1588754989082,1019.70544
1588754989122,1019.70544
1588754989159,1019.70544
1588754989198,1019.70544
1588754989237,1019.7348
1588754989276,1019.7348
1588754989316,1019.7348
1588754989351,1019.7348
1588754989389,1019.8171
1588754989431,1019.8171
1588754989467,1019.8171
1588754989506,1019.8171
1588754989546,1019.9045
1588754989583,1019.9045
1588754989621,1019.9045
1588754989658,1019.9045
1588754989700,1019.91644
1588754989737,1019.91644
1588754989774,1019.91644
1588754989812,1019.91644
1588754989853,1019.7778
1588754989891,1019.7778
1588754989928,1019.7778
1588754989967,1019.7778
1588754990004,1019.6887
1588754990048,1019.6887
1588754990083,1019.6887
1588754990121,1019.6887
1588754990160,1019.6887
1588754990198,1019.67377
1588754990237,1019.67377
1588754990273,1019.67377
1588754990312,1019.67377
1588754990352,1019.68115
1588754990389,1019.68115
1588754990430,1019.68115
1588754990466,1019.68115
1588754990504,1019.69507
1588754990545,1019.69507
1588754990584,1019.69507
1588754990623,1019.69507
1588754990660,1019.78406
1588754990701,1019.78406
1588754990736,1019.78406
1588754990773,1019.78406
1588754990815,1019.8525
1588754990853,1019.8525
1588754990888,1019.8525
1588754990933,1019.8525
1588754990966,1019.8193
1588754991004,1019.8193
1588754991044,1019.8193
1588754991081,1019.8193
1588754991123,1019.7161
1588754991158,1019.7161
1588754991196,1019.7161
1588754991237,1019.7161
1588754991276,1019.7161
1588754991321,1019.6559
1588754991349,1019.6559
1588754991389,1019.6559
1588754991429,1019.6559
1588754991466,1019.657
1588754991503,1019.657
1588754991545,1019.657
1588754991584,1019.657
1588754991621,1019.6513
1588754991659,1019.6513
1588754991699,1019.6513
1588754991736,1019.6513
1588754991778,1019.6508
1588754991812,1019.6508
1588754991850,1019.6508
1588754991892,1019.6508
1588754991927,1019.67883
1588754991967,1019.67883
1588754992004,1019.67883
1588754992041,1019.67883
1588754992082,1019.6975
1588754992123,1019.6975
1588754992159,1019.6975
1588754992196,1019.6975
1588754992235,1019.6975
1588754992275,1019.66656
1588754992313,1019.66656
1588754992350,1019.66656
1588754992389,1019.66656
1588754992429,1019.6419
1588754992465,1019.6419
1588754992506,1019.6419
1588754992544,1019.6419
1588754992586,1019.67505
1588754992619,1019.67505
1588754992661,1019.67505
1588754992698,1019.67505
1588754992734,1019.6915
1588754992773,1019.6915
1588754992811,1019.6915
1588754992853,1019.6915
1588754992890,1019.6961
1588754992928,1019.6961
1588754992965,1019.6961
1588754993008,1019.6961
1588754993043,1019.70325
1588754993082,1019.70325
1588754993122,1019.70325
1588754993159,1019.70325
1588754993200,1019.692
1588754993236,1019.7057
1588754993273,1019.7057
1588754993315,1019.7057
1588754993348,1019.7057
1588754993390,1019.8043
1588754993428,1019.8043
1588754993464,1019.8043
1588754993504,1019.8043
1588754993544,1019.82465
1588754993584,1019.82465
1588754993619,1019.82465
1588754993657,1019.82465
1588754993696,1019.801
1588754993735,1019.801
1588754993774,1019.801
1588754993814,1019.801
1588754993849,1019.66516
1588754993888,1019.66516
1588754993929,1019.66516
1588754993966,1019.66516
1588754994006,1019.60693
1588754994043,1019.60693
1588754994082,1019.60693
1588754994118,1019.60693
1588754994157,1019.6124
1588754994196,1019.6124
1588754994235,1019.6124
1588754994273,1019.6124
1588754994324,1019.6124
1588754994349,1019.5991
1588754994391,1019.5991
1588754994428,1019.5991
1588754994466,1019.5991
1588754994503,1019.65796
1588754994545,1019.65796
1588754994581,1019.65796
1588754994618,1019.65796
1588754994657,1019.80145
1588754994696,1019.80145
1588754994734,1019.80145
1588754994777,1019.80145
1588754994811,1019.8124
1588754994851,1019.8124
1588754994887,1019.8124
1588754994927,1019.8124
1588754994965,1019.784
1588754995004,1019.784
1588754995045,1019.784
1588754995082,1019.784
1588754995119,1019.6632
1588754995156,1019.6632
1588754995196,1019.6632
1588754995235,1019.6632
1588754995274,1019.6632
1588754995316,1019.6094
1588754995349,1019.6094
1588754995388,1019.6094
1588754995426,1019.6094
1588754995467,1019.6217
1588754995504,1019.6217
1588754995543,1019.6217
1588754995582,1019.6217
1588754995619,1019.616
1588754995657,1019.616
1588754995700,1019.616
1588754995736,1019.616
1588754995773,1019.6476
1588754995811,1019.6476
1588754995849,1019.6476
1588754995888,1019.6476
1588754995927,1019.75415
1588754995966,1019.75415
1588754996002,1019.75415
1588754996043,1019.75415
1588754996080,1019.7905
1588754996119,1019.7905
1588754996160,1019.7905
1588754996195,1019.7905
1588754996235,1019.698
1588754996276,1019.698
1588754996314,1019.698
1588754996348,1019.698
1588754996388,1019.698
1588754996428,1019.5868
1588754996465,1019.5868
1588754996506,1019.5868
1588754996541,1019.5868
1588754996581,1019.549
1588754996619,1019.549
1588754996658,1019.549
1588754996695,1019.549
1588754996733,1019.5533
1588754996771,1019.5533
1588754996810,1019.5533
1588754996850,1019.5533
1588754996888,1019.55725
1588754996931,1019.55725
1588754996963,1019.55725
1588754997006,1019.55725
1588754997047,1019.59204
1588754997080,1019.59204
1588754997119,1019.59204
1588754997158,1019.59204
1588754997196,1019.7243
1588754997233,1019.7243
1588754997274,1019.7243
1588754997311,1019.7243
1588754997347,1019.7243
1588754997389,1019.7527
1588754997426,1019.7527
1588754997463,1019.7527
1588754997525,1019.7527
1588754997541,1019.6184
1588754997583,1019.6184
1588754997626,1019.6184
1588754997657,1019.6184
1588754997694,1019.5023
1588754997735,1019.5023
1588754997773,1019.5023
1588754997810,1019.5023
1588754997850,1019.48285
1588754997891,1019.48285
1588754997930,1019.48285
1588754997976,1019.48285
1588754998001,1019.52527
1588754998045,1019.52527
1588754998085,1019.52527
1588754998118,1019.52527
1588754998156,1019.52954
1588754998194,1019.52954
1588754998234,1019.52954
1588754998275,1019.52954
1588754998322,1019.5062
1588754998348,1019.5062
1588754998389,1019.5062
1588754998427,1019.5062
1588754998465,1019.5062
1588754998507,1019.5378
1588754998542,1019.5378
1588754998580,1019.5378
1588754998618,1019.5378
1588754998659,1019.5594
1588754998694,1019.5594
1588754998735,1019.5594
1588754998772,1019.5594
1588754998811,1019.5364
1588754998848,1019.5364
1588754998887,1019.5364
1588754998926,1019.5364
1588754998965,1019.5371
1588754999003,1019.5371
1588754999044,1019.5371
1588754999081,1019.5371
1588754999117,1019.5
1588754999158,1019.5
1588754999195,1019.5
1588754999235,1019.5
1588754999272,1019.5283
1588754999312,1019.5283
1588754999348,1019.5283
1588754999390,1019.5283
1588754999429,1019.5283
1588754999464,1019.5609
1588754999505,1019.5609
1588754999541,1019.5609
1588754999581,1019.5609
1588754999622,1019.57263
1588754999657,1019.57263
1588754999696,1019.57263
1588754999735,1019.57263
1588754999782,1019.51526
1588754999810,1019.51526
1588754999847,1019.51526
1588754999888,1019.51526
1588754999925,1019.5854
1588754999966,1019.5854
1588755000003,1019.5854
1588755000043,1019.5854
1588755000081,1019.57623
1588755000117,1019.57623
1588755000157,1019.57623
1588755000194,1019.57623
1588755000233,1019.59174
1588755000275,1019.59174
1588755000311,1019.59174
1588755000347,1019.59174
1588755000387,1019.5104
1588755000426,1019.5104
1588755000463,1019.5104
1588755000502,1019.5104
1588755000541,1019.5104
1588755000582,1019.52936
1588755000618,1019.52936
1588755000658,1019.52936
1588755000694,1019.52936
1588755000731,1019.5702
1588755000772,1019.5702
1588755000811,1019.5702
1588755000851,1019.5702
1588755000885,1019.5761
1588755000926,1019.5761
1588755000963,1019.5761
1588755001002,1019.5761
1588755001041,1019.55176
1588755001079,1019.55176
1588755001121,1019.55176
1588755001157,1019.55176
1588755001198,1019.61
1588755001234,1019.61
1588755001271,1019.61
1588755001309,1019.61
1588755001352,1019.6705
1588755001388,1019.6705
1588755001424,1019.6705
1588755001465,1019.6705
1588755001503,1019.6705
1588755001540,1019.68085
1588755001578,1019.68085
1588755001617,1019.68085
1588755001656,1019.68085
1588755001694,1019.6733
1588755001738,1019.6733
1588755001773,1019.6733
1588755001820,1019.6733
1588755001850,1019.5382
1588755001886,1019.5382
1588755001924,1019.5382
1588755001966,1019.5382
1588755002003,1019.5024
1588755002043,1019.5024
1588755002081,1019.5024
1588755002118,1019.5024
1588755002156,1019.5031
1588755002194,1019.5031
1588755002233,1019.5031
1588755002277,1019.5031
1588755002312,1019.50256
1588755002348,1019.50256
1588755002387,1019.50256
1588755002426,1019.50256
1588755002463,1019.5512
1588755002502,1019.5512
1588755002541,1019.5512
1588755002578,1019.5512
1588755002620,1019.5512
1588755002656,1019.6617
1588755002694,1019.6617
1588755002731,1019.6617
1588755002775,1019.6617
1588755002812,1019.67847
1588755002846,1019.67847
1588755002885,1019.67847
1588755002926,1019.67847
1588755002964,1019.6119
1588755003004,1019.6119
1588755003040,1019.6119
1588755003080,1019.6119
1588755003117,1019.50214
1588755003156,1019.50214
1588755003195,1019.50214
1588755003235,1019.50214
1588755003273,1019.45026
1588755003308,1019.45026
1588755003347,1019.45026
1588755003385,1019.45026
1588755003424,1019.4452
1588755003465,1019.4452
1588755003501,1019.4452
1588755003542,1019.4452
1588755003579,1019.4452
1588755003618,1019.4443
1588755003657,1019.4443
1588755003694,1019.4443
1588755003734,1019.4443
1588755003771,1019.4473
1588755003809,1019.4473
1588755003849,1019.4473
1588755003885,1019.4473
1588755003926,1019.5315
1588755003962,1019.5315
1588755004004,1019.5315
1588755004040,1019.5315
1588755004079,1019.5984
1588755004116,1019.5984
1588755004157,1019.5984
1588755004196,1019.5984
1588755004233,1019.61487
1588755004270,1019.61487
1588755004307,1019.61487
1588755004347,1019.61487
1588755004387,1019.44934
1588755004423,1019.44934
1588755004464,1019.44934
1588755004502,1019.44934
1588755004540,1019.40063
1588755004579,1019.40063
1588755004618,1019.40063
1588755004656,1019.40063
1588755004694,1019.40063
1588755004736,1019.40485
1588755004774,1019.40485
1588755004812,1019.40485
1588755004855,1019.40485
1588755004886,1019.3851
1588755004924,1019.3851
1588755004962,1019.3851
1588755005004,1019.3851
1588755005040,1019.40186
1588755005078,1019.40186
1588755005115,1019.40186
1588755005158,1019.40186
1588755005194,1019.4992
1588755005233,1019.4992
1588755005272,1019.4992
1588755005308,1019.4992
1588755005347,1019.55615
1588755005393,1019.55615
1588755005428,1019.55615
1588755005465,1019.55615
1588755005501,1019.5106
1588755005541,1019.5106
1588755005579,1019.5106
1588755005616,1019.5106
1588755005656,1019.5106
1588755005692,1019.402
1588755005735,1019.402
1588755005772,1019.402
1588755005809,1019.402
1588755005846,1019.32947
1588755005888,1019.32947
1588755005931,1019.32947
1588755005962,1019.32947
1588755006001,1019.3097
1588755006041,1019.3097
1588755006082,1019.3097
1588755006118,1019.3097
1588755006156,1019.31525
1588755006193,1019.31525
1588755006232,1019.31525
1588755006272,1019.31525
1588755006309,1019.3195
1588755006351,1019.3195
1588755006385,1019.3195
1588755006423,1019.3195
1588755006465,1019.33655
1588755006501,1019.33655
1588755006540,1019.33655
1588755006577,1019.33655
1588755006621,1019.36975
1588755006656,1019.36975
1588755006693,1019.36975
1588755006732,1019.36975
1588755006772,1019.36975
1588755006808,1019.3384
1588755006850,1019.3384
1588755006888,1019.3384
1588755006926,1019.3384
1588755006963,1019.386
1588755007004,1019.386
1588755007041,1019.386
1588755007078,1019.386
1588755007114,1019.3068
1588755007154,1019.3068
1588755007193,1019.3068
1588755007232,1019.3068
1588755007270,1019.31555
1588755007307,1019.31555
1588755007345,1019.31555
1588755007383,1019.31555
1588755007423,1019.3426
1588755007462,1019.3426
1588755007500,1019.3426
1588755007543,1019.3426
1588755007579,1019.34814
1588755007617,1019.34814
1588755007667,1019.34814
1588755007694,1019.34814
1588755007731,1019.34814
1588755007769,1019.277
1588755007810,1019.277
1588755007846,1019.277
1588755007884,1019.277
1588755007924,1019.36176
1588755007963,1019.36176
1588755008002,1019.36176
1588755008039,1019.36176
1588755008077,1019.4251
1588755008116,1019.4251
1588755008154,1019.4251
1588755008198,1019.4251
1588755008230,1019.4127
1588755008271,1019.4127
1588755008307,1019.4127
1588755008346,1019.4127
1588755008386,1019.39746
1588755008424,1019.39746
1588755008464,1019.39746
1588755008501,1019.39746
1588755008540,1019.27686
1588755008580,1019.27686
1588755008616,1019.27686
1588755008655,1019.27686
1588755008693,1019.2069
1588755008732,1019.2069
1588755008772,1019.2069
1588755008814,1019.2069
1588755008846,1019.2069
1588755008885,1019.2115
1588755008922,1019.2115
1588755008962,1019.2115
1588755009001,1019.2115
1588755009039,1019.2106
1588755009077,1019.2106
1588755009117,1019.2106
1588755009155,1019.2106
1588755009194,1019.24695
1588755009233,1019.24695
1588755009271,1019.24695
1588755009307,1019.24695
1588755009351,1019.3633
1588755009383,1019.3633
1588755009425,1019.3633
1588755009462,1019.3633
1588755009500,1019.41064
1588755009539,1019.41064
1588755009577,1019.41064
1588755009615,1019.41064
1588755009653,1019.40625
1588755009695,1019.40625
1588755009730,1019.40625
1588755009773,1019.40625
1588755009814,1019.40625
1588755009846,1019.2629
1588755009885,1019.2629
1588755009924,1019.2629
1588755009963,1019.2629
1588755009999,1019.2074
1588755010037,1019.2074
1588755010077,1019.2074
1588755010127,1019.2074
1588755010154,1019.19885
1588755010197,1019.19885
1588755010234,1019.19885
1588755010268,1019.19885
1588755010309,1019.1996
1588755010348,1019.1996
1588755010385,1019.1996
1588755010425,1019.1996
1588755010463,1019.1942
1588755010501,1019.1942
1588755010540,1019.1942
1588755010576,1019.1942
1588755010616,1019.2871
1588755010655,1019.2871
1588755010693,1019.2871
1588755010733,1019.2871
1588755010769,1019.2871
1588755010808,1019.3806
1588755010849,1019.3806
1588755010883,1019.3806
1588755010923,1019.3806
1588755010966,1019.34924
1588755011003,1019.34924
1588755011038,1019.34924
1588755011077,1019.34924
1588755011115,1019.21893
1588755011154,1019.21893
1588755011195,1019.21893
1588755011230,1019.21893
1588755011268,1019.16705
1588755011309,1019.16705
1588755011355,1019.16705
1588755011384,1019.16705
1588755011422,1019.1726
1588755011461,1019.1726
1588755011504,1019.1726
1588755011540,1019.1726
1588755011578,1019.17206
1588755011618,1019.17206
1588755011654,1019.17206
1588755011692,1019.17206
1588755011732,1019.184
1588755011767,1019.184
1588755011808,1019.184
1588755011845,1019.184
1588755011884,1019.184
1588755011925,1019.25415
1588755011962,1019.25415
1588755012001,1019.25415
1588755012040,1019.25415
1588755012078,1019.3544
1588755012116,1019.3544
1588755012154,1019.3544
1588755012191,1019.3544
1588755012232,1019.32336
1588755012268,1019.32336
1588755012307,1019.32336
1588755012345,1019.32336
1588755012382,1019.20526
1588755012423,1019.20526
1588755012462,1019.20526
1588755012498,1019.20526
1588755012538,1019.1196
1588755012577,1019.1196
1588755012613,1019.1196
1588755012654,1019.1196
1588755012693,1019.11554
1588755012730,1019.11554
1588755012768,1019.11554
1588755012808,1019.11554
1588755012848,1019.11554
1588755012882,1019.1198
1588755012924,1019.1198
1588755012961,1019.1198
1588755013000,1019.1198
1588755013037,1019.11926
1588755013078,1019.11926
1588755013113,1019.11926
1588755013152,1019.11926
1588755013190,1019.21155
1588755013228,1019.21155
1588755013268,1019.21155
1588755013307,1019.21155
1588755013346,1019.3153
1588755013383,1019.3153
1588755013424,1019.3153
1588755013462,1019.3153
1588755013501,1019.2727
1588755013539,1019.2727
1588755013576,1019.2727
1588755013614,1019.2727
1588755013655,1019.1951
1588755013693,1019.1951
1588755013733,1019.1951
1588755013769,1019.1951
1588755013805,1019.1062
1588755013845,1019.1062
1588755013886,1019.1062
1588755013922,1019.1062
1588755013961,1019.1062
1588755014001,1019.06555
1588755014038,1019.06555
1588755014077,1019.06555
1588755014121,1019.06555
1588755014152,1019.0781
1588755014190,1019.0781
1588755014233,1019.0781
1588755014269,1019.0781
1588755014310,1019.09485
1588755014348,1019.09485
1588755014382,1019.09485
1588755014422,1019.09485
1588755014461,1019.0847
1588755014497,1019.0847
1588755014541,1019.0847
1588755014578,1019.0847
1588755014615,1019.15283
1588755014653,1019.15283
1588755014691,1019.15283
1588755014729,1019.15283
1588755014772,1019.1301
1588755014812,1019.1301
1588755014846,1019.1301
1588755014882,1019.1301
1588755014922,1019.1301
1588755014961,1019.15204
1588755015001,1019.15204
1588755015036,1019.15204
1588755015078,1019.15204
1588755015115,1019.0805
1588755015154,1019.0805
1588755015191,1019.0805
1588755015228,1019.0805
1588755015269,1019.0864
1588755015307,1019.0864
1588755015345,1019.0864
1588755015385,1019.0864
1588755015424,1019.10504
1588755015461,1019.10504
1588755015499,1019.10504
1588755015538,1019.10504
1588755015574,1019.1222
1588755015613,1019.1222
1588755015653,1019.1222
1588755015692,1019.1222
1588755015729,1019.07056
1588755015766,1019.07056
1588755015808,1019.07056
1588755015846,1019.07056
1588755015910,1019.18524
1588755015924,1019.18524
1588755015959,1019.18524
1588755015997,1019.18524
1588755016038,1019.18524
1588755016077,1019.25214
1588755016114,1019.25214
1588755016158,1019.25214
1588755016191,1019.25214
1588755016230,1019.2047
1588755016269,1019.2047
1588755016306,1019.2047
1588755016347,1019.2047
1588755016384,1019.12866
1588755016422,1019.12866
1588755016459,1019.12866
1588755016498,1019.12866
1588755016538,1019.04913
1588755016577,1019.04913
1588755016634,1019.04913
1588755016654,1019.04913
1588755016692,1019.04535
1588755016733,1019.04535
1588755016770,1019.04535
1588755016808,1019.04535
1588755016846,1019.0515
1588755016884,1019.0515
1588755016922,1019.0515
1588755016961,1019.0515
1588755017002,1019.0515
1588755017044,1019.05707
1588755017076,1019.05707
1588755017117,1019.05707
1588755017154,1019.05707
1588755017191,1019.1178
1588755017230,1019.1178
1588755017268,1019.1178
1588755017305,1019.1178
1588755017349,1019.2345
1588755017386,1019.2345
1588755017420,1019.2345
1588755017460,1019.2345
1588755017499,1019.24164
1588755017537,1019.24164
1588755017576,1019.24164
1588755017614,1019.24164
1588755017653,1019.1431
1588755017691,1019.1431
1588755017730,1019.1431
1588755017768,1019.1431
1588755017806,1019.0459
1588755017844,1019.0459
1588755017882,1019.0459
1588755017921,1019.0459
1588755017958,1019.0103
1588755017998,1019.0103
1588755018038,1019.0103
1588755018077,1019.0103
1588755018113,1019.0103
1588755018153,1019.0399
1588755018191,1019.0399
1588755018229,1019.0399
1588755018267,1019.0399
1588755018307,1019.041
1588755018348,1019.041
1588755018382,1019.041
1588755018420,1019.041
1588755018461,1019.06616
1588755018496,1019.06616
1588755018538,1019.06616
1588755018576,1019.06616
1588755018613,1019.17285
1588755018654,1019.17285
1588755018692,1019.17285
1588755018729,1019.17285
1588755018766,1019.2552
1588755018806,1019.2552
1588755018844,1019.2552
1588755018882,1019.2552
1588755018921,1019.2595
1588755018959,1019.2595
1588755018998,1019.2595
1588755019035,1019.2595
1588755019075,1019.2595
1588755019115,1019.0954
1588755019161,1019.0954
1588755019189,1019.0954
1588755019229,1019.0954
1588755019267,1019.0287
1588755019309,1019.0287
1588755019345,1019.0287
1588755019399,1019.0287
1588755019421,1019.0169
1588755019459,1019.0169
1588755019501,1019.0169
1588755019535,1019.0169
1588755019576,1018.9903
1588755019613,1018.9903
1588755019654,1018.9903
1588755019690,1018.9903
1588755019733,1019.03314
1588755019771,1019.03314
1588755019807,1019.03314
1588755019844,1019.03314
1588755019885,1019.1356
1588755019920,1019.1356
1588755019960,1019.1356
1588755019998,1019.1356
1588755020036,1019.15857
1588755020074,1019.15857
1588755020115,1019.15857
1588755020151,1019.15857
1588755020190,1019.15857
1588755020229,1019.08057
1588755020266,1019.08057
1588755020310,1019.08057
1588755020345,1019.08057
1588755020386,1018.95667
1588755020421,1018.95667
1588755020461,1018.95667
1588755020497,1018.95667
1588755020539,1018.91437
1588755020577,1018.91437
1588755020615,1018.91437
1588755020654,1018.91437
1588755020690,1018.9186
1588755020729,1018.9186
1588755020767,1018.9186
1588755020805,1018.9186
1588755020846,1018.9547
1588755020883,1018.9547
1588755020922,1018.9547
1588755020958,1018.9547
1588755020999,1018.9329
1588755021037,1018.9329
1588755021075,1018.9329
1588755021112,1018.9329
1588755021152,1018.9329
1588755021191,1018.9741
1588755021230,1018.9741
1588755021268,1018.9741
1588755021306,1018.9741
1588755021345,1018.9505
1588755021385,1018.9505
1588755021420,1018.9505
1588755021459,1018.9505
1588755021501,1018.98846
1588755021536,1018.98846
1588755021574,1018.98846
1588755021615,1018.98846
1588755021653,1019.0066
1588755021689,1019.0066
1588755021730,1019.0066
1588755021766,1019.0066
1588755021808,1018.9675
1588755021842,1018.9675
1588755021886,1018.9675
1588755021918,1018.9675
1588755021958,1019.00543
1588755021998,1019.00543
1588755022037,1019.00543
1588755022079,1019.00543
1588755022113,1019.0049
1588755022154,1019.0049
1588755022189,1019.0049
1588755022228,1019.0049
1588755022265,1019.0049
1588755022307,1018.96765
1588755022344,1018.96765
1588755022383,1018.96765
1588755022420,1018.96765
1588755022458,1018.95874
1588755022497,1018.95874
1588755022538,1018.95874
1588755022577,1018.95874
1588755022613,1019.06586
1588755022650,1019.06586
1588755022690,1019.06586
1588755022731,1019.06586
1588755022768,1019.1244
1588755022803,1019.1244
1588755022844,1019.1244
1588755022888,1019.1244
1588755022918,1019.12036
1588755022957,1019.12036
1588755023000,1019.12036
1588755023036,1019.12036
1588755023074,1018.9527
1588755023111,1018.9527
1588755023149,1018.9527
1588755023190,1018.9527
1588755023230,1018.9527
1588755023266,1018.8943
1588755023306,1018.8943
1588755023344,1018.8943
1588755023386,1018.8943
1588755023420,1018.9031
1588755023461,1018.9031
1588755023497,1018.9031
1588755023536,1018.9031
1588755023574,1018.8835
1588755023614,1018.8835
1588755023649,1018.8835
1588755023689,1018.8835
1588755023728,1018.90063
1588755023767,1018.90063
1588755023804,1018.90063
1588755023848,1018.90063
1588755023883,1019.0205
1588755023922,1019.0205
1588755023958,1019.0205
1588755023998,1019.0205
1588755024036,1019.0826
1588755024075,1019.0826
1588755024115,1019.0826
1588755024151,1019.0826
1588755024188,1018.99146
1588755024229,1018.99146
1588755024265,1018.99146
1588755024305,1018.99146
1588755024343,1018.99146
1588755024383,1018.8544
1588755024418,1018.8544
1588755024458,1018.8544
1588755024498,1018.8544
1588755024536,1018.8165
1588755024573,1018.8165
1588755024613,1018.8165
1588755024650,1018.8165
1588755024688,1018.83234
1588755024727,1018.83234
1588755024768,1018.83234
1588755024807,1018.83234
1588755024842,1018.8366
1588755024886,1018.8366
1588755024921,1018.8366
1588755024957,1018.8366
1588755025000,1018.90027
1588755025038,1018.90027
1588755025073,1018.90027
1588755025111,1018.90027
1588755025150,1019.0009
1588755025190,1019.0009
1588755025228,1019.0009
1588755025267,1019.0009
1588755025302,1019.0009
1588755025344,1018.97266
1588755025384,1018.97266
1588755025428,1018.97266
1588755025457,1018.97266
1588755025497,1018.82623
1588755025534,1018.82623
1588755025574,1018.82623
1588755025614,1018.82623
1588755025651,1018.7678
1588755025691,1018.7678
1588755025727,1018.7678
1588755025766,1018.7678
1588755025803,1018.775
1588755025844,1018.775
1588755025883,1018.775
1588755025918,1018.775
1588755025956,1018.7892
1588755025995,1018.7892
1588755026033,1018.7892
1588755026073,1018.7892
1588755026113,1018.779
1588755026148,1018.779
1588755026186,1018.779
1588755026225,1018.779
1588755026267,1018.79736
1588755026304,1018.79736
1588755026357,1018.79736
1588755026386,1018.79736
1588755026417,1018.79736
1588755026456,1018.80676
1588755026495,1018.80676
1588755026535,1018.80676
1588755026572,1018.80676
1588755026613,1018.7898
1588755026652,1018.7898
1588755026691,1018.7898
1588755026727,1018.7898
1588755026768,1018.8329
1588755026804,1018.8329
1588755026844,1018.8329
1588755026881,1018.8329
1588755026917,1018.8028
1588755026958,1018.8028
1588755026997,1018.8028
1588755027038,1018.8028
1588755027076,1018.77844
1588755027112,1018.77844
1588755027151,1018.77844
1588755027188,1018.77844
1588755027226,1018.8054
1588755027268,1018.8054
1588755027304,1018.8054
1588755027343,1018.8054
1588755027386,1018.8194
1588755027418,1018.8194
1588755027461,1018.8194
1588755027496,1018.8194
1588755027535,1018.8194
1588755027573,1018.8281
1588755027612,1018.8281
1588755027650,1018.8281
1588755027690,1018.8281
1588755027726,1018.77234
1588755027765,1018.77234
1588755027803,1018.77234
1588755027843,1018.77234
1588755027880,1018.839
1588755027918,1018.839
1588755027976,1018.839
1588755027994,1018.839
1588755028032,1018.8252
1588755028071,1018.8252
1588755028111,1018.8252
1588755028149,1018.8252
1588755028189,1018.84045
1588755028227,1018.84045
1588755028266,1018.84045
1588755028305,1018.84045
1588755028348,1018.7078
1588755028379,1018.7078
1588755028417,1018.7078
1588755028468,1018.7078
1588755028498,1018.7078
1588755028533,1018.74817
1588755028572,1018.74817
1588755028610,1018.74817
1588755028649,1018.74817
1588755028688,1018.7695
1588755028726,1018.7695
1588755028767,1018.7695
1588755028803,1018.7695
1588755028842,1018.767
1588755028881,1018.767
1588755028918,1018.767
1588755028958,1018.767
1588755029000,1018.72705
1588755029038,1018.72705
1588755029072,1018.72705
1588755029112,1018.72705
1588755029151,1018.81555
1588755029189,1018.81555
1588755029226,1018.81555
1588755029268,1018.81555
1588755029302,1018.8977
1588755029344,1018.8977
1588755029385,1018.8977
1588755029417,1018.8977
1588755029456,1018.8654
1588755029496,1018.8654
1588755029534,1018.8654
1588755029574,1018.8654
1588755029610,1018.8654
1588755029650,1018.72327
1588755029688,1018.72327
1588755029725,1018.72327
1588755029764,1018.72327
1588755029805,1018.6573
1588755029842,1018.6573
1588755029879,1018.6573
1588755029919,1018.6573
1588755029956,1018.67804
1588755029994,1018.67804
1588755030036,1018.67804
1588755030074,1018.67804
1588755030111,1018.6715
1588755030150,1018.6715
1588755030190,1018.6715
1588755030225,1018.6715
1588755030265,1018.66174
1588755030302,1018.66174
1588755030345,1018.66174
1588755030381,1018.66174
1588755030422,1018.7648
1588755030456,1018.7648
1588755030497,1018.7648
1588755030535,1018.7648
1588755030572,1018.7648
1588755030612,1018.8627
1588755030649,1018.8627
1588755030686,1018.8627
1588755030726,1018.8627
1588755030765,1018.85095
1588755030803,1018.85095
1588755030844,1018.85095
1588755030882,1018.85095
1588755030917,1018.72064
1588755030957,1018.72064
1588755030995,1018.72064
1588755031034,1018.72064
1588755031075,1018.6739
1588755031110,1018.6739
1588755031150,1018.6739
1588755031188,1018.6739
1588755031228,1018.66895
1588755031262,1018.66895
1588755031303,1018.66895
1588755031342,1018.66895
1588755031385,1018.6775
1588755031418,1018.6775
1588755031456,1018.6775
1588755031496,1018.6775
1588755031534,1018.7355
1588755031572,1018.7355
1588755031610,1018.7355
1588755031649,1018.7355
1588755031687,1018.7355
1588755031728,1018.8401
1588755031765,1018.8401
1588755031803,1018.8401
1588755031842,1018.8401
1588755031880,1018.8129
1588755031918,1018.8129
1588755031957,1018.8129
1588755031995,1018.8129
1588755032032,1018.6723
1588755032073,1018.6723
1588755032111,1018.6723
1588755032149,1018.6723
1588755032191,1018.6162
1588755032228,1018.6162
1588755032264,1018.6162
1588755032301,1018.6162
1588755032343,1018.6244
1588755032379,1018.6244
1588755032417,1018.6244
1588755032456,1018.6244
1588755032500,1018.62476
1588755032533,1018.62476
1588755032572,1018.62476
1588755032610,1018.62476
1588755032648,1018.62476
1588755032686,1018.67664
1588755032726,1018.67664
1588755032764,1018.67664
1588755032805,1018.67664
1588755032844,1018.77484
1588755032881,1018.77484
1588755032922,1018.77484
1588755032956,1018.77484
1588755032994,1018.7428
1588755033035,1018.7428
1588755033071,1018.7428
1588755033110,1018.7428
1588755033148,1018.6263
1588755033187,1018.6263
1588755033226,1018.6263
1588755033266,1018.6263
1588755033304,1018.5865
1588755033342,1018.5865
1588755033378,1018.5865
1588755033417,1018.5865
1588755033456,1018.59015
1588755033499,1018.59015
1588755033533,1018.59015
1588755033570,1018.59015
1588755033609,1018.5925
1588755033649,1018.5925
1588755033691,1018.5925
1588755033727,1018.5925
1588755033766,1018.5925
1588755033804,1018.5884
1588755033840,1018.5884
1588755033877,1018.5884
1588755033925,1018.5884
1588755033957,1018.60974
1588755033995,1018.60974
1588755034033,1018.60974
1588755034070,1018.60974
1588755034108,1018.62177
1588755034151,1018.62177
1588755034187,1018.62177
1588755034225,1018.62177
1588755034262,1018.62085
1588755034303,1018.62085
1588755034341,1018.62085
1588755034381,1018.62085
1588755034422,1018.6026
1588755034454,1018.6026
1588755034494,1018.6026
1588755034533,1018.6026
1588755034574,1018.6111
1588755034613,1018.6111
1588755034647,1018.6111
1588755034687,1018.6111
1588755034724,1018.6287
1588755034763,1018.6378
1588755034803,1018.6378
1588755034841,1018.6378
1588755034879,1018.6378
1588755034918,1018.65625
1588755034956,1018.65625
1588755034994,1018.65625
1588755035036,1018.65625
1588755035072,1018.6573
1588755035110,1018.6573
1588755035147,1018.6573
1588755035185,1018.6573
1588755035224,1018.64514
1588755035269,1018.64514
1588755035303,1018.64514
1588755035340,1018.64514
1588755035378,1018.75226
1588755035416,1018.75226
1588755035455,1018.75226
1588755035494,1018.75226
1588755035533,1018.7752
1588755035572,1018.7752
1588755035608,1018.7752
1588755035653,1018.7752
1588755035686,1018.7103
1588755035724,1018.7103
1588755035762,1018.7103
1588755035807,1018.7103
1588755035842,1018.7103
1588755035877,1018.6355
1588755035920,1018.6355
1588755035956,1018.6355
1588755035995,1018.6355
1588755036032,1018.5529
1588755036070,1018.5529
1588755036113,1018.5529
1588755036148,1018.5529
1588755036187,1018.5408
1588755036223,1018.5408
1588755036263,1018.5408
1588755036304,1018.5408
1588755036343,1018.537
1588755036377,1018.537
1588755036424,1018.537
1588755036453,1018.537
1588755036492,1018.5473
1588755036532,1018.5473
1588755036571,1018.5473
1588755036609,1018.5473
1588755036645,1018.6113
1588755036684,1018.6113
1588755036726,1018.6113
1588755036764,1018.6113
1588755036802,1018.68634
1588755036840,1018.68634
1588755036877,1018.68634
1588755036920,1018.68634
1588755036954,1018.68634
1588755036995,1018.6983
1588755037036,1018.6983
1588755037071,1018.6983
1588755037108,1018.6983
1588755037147,1018.5563
1588755037186,1018.5563
1588755037226,1018.5563
1588755037263,1018.5563
1588755037300,1018.48975
1588755037340,1018.48975
1588755037380,1018.48975
1588755037424,1018.48975
1588755037454,1018.4956
1588755037492,1018.4956
1588755037531,1018.4956
1588755037569,1018.4956
1588755037609,1018.49207
1588755037648,1018.49207
1588755037684,1018.49207
1588755037724,1018.49207
1588755037763,1018.4982
1588755037801,1018.4982
1588755037839,1018.4982
1588755037880,1018.4982
1588755037921,1018.4982
1588755037955,1018.5697
1588755037993,1018.5697
1588755038032,1018.5697
1588755038072,1018.5697
1588755038110,1018.6546
1588755038148,1018.6546
1588755038186,1018.6546
1588755038224,1018.6546
1588755038263,1018.6151
1588755038302,1018.6151
1588755038339,1018.6151
1588755038377,1018.6151
1588755038422,1018.438
1588755038452,1018.438
1588755038494,1018.438
1588755038534,1018.438
1588755038569,1018.3702
1588755038609,1018.3702
1588755038647,1018.3702
1588755038685,1018.3702
1588755038724,1018.3972
1588755038764,1018.3972
1588755038806,1018.3972
1588755038839,1018.3972
1588755038878,1018.4111
1588755038920,1018.4111
1588755038953,1018.4111
1588755038996,1018.4111
1588755039032,1018.4111
1588755039069,1018.4349
1588755039112,1018.4349
1588755039151,1018.4349
1588755039190,1018.4349
1588755039232,1018.53754
1588755039262,1018.53754
1588755039299,1018.53754
1588755039337,1018.53754
1588755039377,1018.5993
1588755039416,1018.5993
1588755039453,1018.5993
1588755039494,1018.5993
1588755039533,1018.6132
1588755039569,1018.6132
1588755039609,1018.6132
1588755039651,1018.6132
1588755039686,1018.45215
1588755039723,1018.45215
1588755039761,1018.45215
1588755039805,1018.45215
1588755039837,1018.40686
1588755039878,1018.40686
1588755039917,1018.40686
1588755039955,1018.40686
1588755039992,1018.40686
1588755040033,1018.37244
1588755040070,1018.37244
1588755040108,1018.37244
1588755040147,1018.37244
1588755040184,1018.39923
1588755040223,1018.39923
1588755040262,1018.39923
1588755040302,1018.39923
1588755040339,1018.3896
1588755040377,1018.3896
1588755040415,1018.3896
1588755040454,1018.3896
1588755040492,1018.44977
1588755040531,1018.44977
1588755040571,1018.44977
1588755040606,1018.44977
1588755040647,1018.4591
1588755040685,1018.4591
1588755040725,1018.4591
1588755040762,1018.4591
1588755040800,1018.4026
1588755040842,1018.4026
1588755040879,1018.4026
1588755040917,1018.4026
1588755040957,1018.42804
1588755040995,1018.42804
1588755041031,1018.42804
1588755041069,1018.42804
1588755041108,1018.42804
1588755041148,1018.37915
1588755041185,1018.37915
1588755041223,1018.37915
1588755041264,1018.37915
1588755041300,1018.40137
1588755041341,1018.40137
1588755041377,1018.40137
1588755041417,1018.40137
1588755041455,1018.40405
1588755041491,1018.40405
1588755041529,1018.40405
1588755041570,1018.40405
1588755041612,1018.3925
1588755041647,1018.3925
1588755041683,1018.3925
1588755041725,1018.3925
1588755041764,1018.4128
1588755041801,1018.4128
1588755041838,1018.4128
1588755041877,1018.4128
1588755041924,1018.40314
1588755041956,1018.40314
1588755041992,1018.40314
1588755042029,1018.40314
1588755042068,1018.4044
1588755042109,1018.4044
1588755042148,1018.4044
1588755042186,1018.4044
1588755042222,1018.4044
1588755042267,1018.40735
1588755042301,1018.40735
1588755042341,1018.40735
1588755042375,1018.40735
1588755042415,1018.41614
1588755042457,1018.41614
1588755042492,1018.41614
1588755042529,1018.41614
1588755042568,1018.41907
1588755042607,1018.41907
1588755042646,1018.41907
1588755042684,1018.41907
1588755042723,1018.4252
1588755042764,1018.4252
1588755042800,1018.4252
1588755042838,1018.4252
1588755042878,1018.42267
1588755042921,1018.42267
1588755042956,1018.42267
1588755042998,1018.42267
1588755043029,1018.4192
1588755043074,1018.4192
1588755043105,1018.4192
1588755043144,1018.4192
1588755043185,1018.4192
1588755043224,1018.45105
1588755043262,1018.45105
1588755043300,1018.45105
1588755043337,1018.45105
1588755043376,1018.4653
1588755043413,1018.4653
1588755043454,1018.4653
1588755043490,1018.4653
1588755043529,1018.43085
1588755043570,1018.43085
1588755043607,1018.43085
1588755043647,1018.43085
1588755043684,1018.39386
1588755043721,1018.39386
1588755043763,1018.39386
1588755043801,1018.39386
1588755043838,1018.36304
1588755043877,1018.36304
1588755043915,1018.36304
1588755043958,1018.36304
1588755043990,1018.3531
1588755044031,1018.3531
1588755044071,1018.3531
1588755044107,1018.3531
1588755044146,1018.3381
1588755044183,1018.3381
1588755044224,1018.3381
1588755044264,1018.3381
1588755044300,1018.3381
1588755044340,1018.3339
1588755044375,1018.3339
1588755044415,1018.3339
1588755044453,1018.3339
1588755044490,1018.3256
1588755044530,1018.3256
1588755044567,1018.3256
1588755044607,1018.3256
1588755044644,1018.33014
1588755044684,1018.33014
