1588755544907,1014.952
1588755544908,1014.952
1588755544945,1014.952
1588755544983,1016.6636
1588755545022,1016.6636
1588755545062,1016.6636
1588755545099,1016.6636
1588755545140,1016.6636
1588755545176,1017.94855
1588755545213,1017.94855
1588755545258,1017.94855
1588755545293,1017.94855
1588755545332,1018.9336
1588755545370,1018.9336
1588755545408,1018.9336
1588755545447,1018.9336
1588755545484,1019.65894
1588755545524,1019.65894
1588755545576,1019.65894
1588755545605,1019.65894
1588755545637,1020.21045
1588755545691,1020.21045
1588755545717,1020.21045
1588755545752,1020.21045
1588755545793,1020.6133
1588755545829,1020.6133
1588755545867,1020.6133
1588755545907,1020.6133
1588755545948,1020.9333
1588755545983,1020.9333
1588755546021,1020.9333
1588755546060,1020.9333
1588755546101,1021.1694
1588755546138,1021.1694
1588755546179,1021.1694
1588755546217,1021.1694
1588755546252,1021.3419
1588755546295,1021.3419
1588755546332,1021.3419
1588755546367,1021.3419
1588755546406,1021.3419
1588755546444,1021.4536
1588755546482,1021.4536
1588755546522,1021.4536
1588755546563,1021.4536
1588755546599,1021.5226
1588755546638,1021.5226
1588755546676,1021.5226
1588755546715,1021.5226
1588755546754,1021.5887
1588755546798,1021.5887
1588755546828,1021.5887
1588755546867,1021.5887
1588755546907,1021.63025
1588755546944,1021.63025
1588755546984,1021.63025
1588755547021,1021.63025
1588755547060,1021.65564
1588755547100,1021.65564
1588755547137,1021.65564
1588755547176,1021.65564
1588755547213,1021.6654
1588755547253,1021.6654
1588755547291,1021.6654
1588755547329,1021.6654
1588755547367,1021.67126
1588755547407,1021.67126
1588755547447,1021.67126
1588755547485,1021.67126
1588755547522,1021.66724
1588755547563,1021.66724
1588755547598,1021.66724
1588755547637,1021.66724
1588755547676,1021.66724
1588755547718,1021.6604
1588755547752,1021.6604
1588755547791,1021.6604
1588755547835,1021.6604
1588755547868,1021.64087
1588755547906,1021.64087
1588755547945,1021.64087
1588755547985,1021.64087
1588755548024,1021.6271
1588755548062,1021.6271
1588755548097,1021.6271
1588755548136,1021.6271
1588755548178,1021.60516
1588755548213,1021.60516
1588755548252,1021.60516
1588755548291,1021.60516
1588755548331,1021.5872
1588755548369,1021.5872
1588755548409,1021.5872
1588755548444,1021.5872
1588755548482,1021.5673
1588755548523,1021.5673
1588755548562,1021.5673
1588755548597,1021.5673
1588755548637,1021.54614
1588755548675,1021.54614
1588755548714,1021.54614
1588755548791,1021.54614
1588755548791,1021.54614
1588755548831,1021.52625
1588755548866,1021.52625
1588755548905,1021.52625
1588755548947,1021.52625
1588755548983,1021.49817
1588755549020,1021.49817
1588755549061,1021.49817
1588755549098,1021.49817
1588755549137,1021.5014
1588755549178,1021.5014
1588755549217,1021.5014
1588755549255,1021.5014
1588755549291,1021.46814
1588755549334,1021.46814
1588755549367,1021.46814
1588755549406,1021.46814
1588755549446,1021.4547
1588755549483,1021.4547
1588755549523,1021.4547
1588755549564,1021.4547
1588755549597,1021.4303
1588755549637,1021.4303
1588755549679,1021.4303
1588755549717,1021.4303
1588755549764,1021.4107
1588755549794,1021.4107
1588755549829,1021.4107
1588755549867,1021.4107
1588755549905,1021.4022
1588755549946,1021.4022
1588755549981,1021.4022
1588755550021,1021.4022
1588755550060,1021.4022
1588755550099,1021.4051
1588755550136,1021.4051
1588755550175,1021.4051
1588755550216,1021.4051
1588755550253,1021.40796
1588755550293,1021.40796
1588755550330,1021.40796
1588755550368,1021.40796
1588755550408,1021.3966
1588755550443,1021.3966
1588755550483,1021.3966
1588755550522,1021.3966
1588755550559,1021.391
1588755550598,1021.391
1588755550637,1021.391
1588755550676,1021.391
1588755550714,1021.3841
1588755550757,1021.3841
1588755550830,1021.3841
1588755550831,1021.3841
1588755550868,1021.4
1588755550906,1021.4
1588755550945,1021.4
1588755550982,1021.4
1588755551021,1021.3948
1588755551065,1021.3948
1588755551098,1021.3948
1588755551136,1021.3948
1588755551175,1021.3948
1588755551214,1021.39734
1588755551252,1021.39734
1588755551295,1021.39734
1588755551328,1021.39734
1588755551366,1021.4084
1588755551406,1021.4084
1588755551444,1021.4084
1588755551483,1021.4084
1588755551525,1021.4178
1588755551567,1021.4178
1588755551599,1021.4178
1588755551639,1021.4178
1588755551674,1021.4178
1588755551713,1021.4178
1588755551753,1021.4178
1588755551792,1021.4178
1588755551828,1021.43695
1588755551867,1021.43695
1588755551906,1021.43695
1588755551944,1021.43695
1588755551983,1021.44275
1588755552021,1021.44275
1588755552061,1021.44275
1588755552097,1021.44275
1588755552137,1021.4538
1588755552176,1021.4538
1588755552215,1021.4538
1588755552253,1021.4538
1588755552292,1021.4665
1588755552329,1021.4665
1588755552369,1021.4665
1588755552407,1021.4665
1588755552445,1021.4665
1588755552482,1021.46936
1588755552521,1021.46936
1588755552560,1021.46936
1588755552597,1021.46936
1588755552638,1021.4759
1588755552675,1021.4759
1588755552714,1021.4759
1588755552753,1021.4759
1588755552792,1021.4703
1588755552830,1021.4703
1588755552868,1021.4703
1588755552906,1021.4703
1588755552943,1021.4761
1588755552984,1021.4761
1588755553020,1021.4761
1588755553062,1021.4761
1588755553099,1021.47736
1588755553136,1021.47736
1588755553175,1021.47736
1588755553216,1021.47736
1588755553253,1021.48224
1588755553289,1021.48224
1588755553329,1021.48224
1588755553369,1021.48224
1588755553404,1021.49097
1588755553443,1021.49097
1588755553487,1021.49097
1588755553521,1021.49097
1588755553559,1021.49097
1588755553597,1021.48444
1588755553636,1021.48444
1588755553675,1021.48444
1588755553713,1021.48444
1588755553751,1021.49384
1588755553790,1021.49384
1588755553837,1021.49384
1588755553868,1021.49384
1588755553906,1021.49384
1588755553943,1021.49384
1588755553983,1021.49384
1588755554021,1021.49384
1588755554059,1021.48535
1588755554108,1021.48535
1588755554136,1021.48535
1588755554174,1021.48535
1588755554212,1021.4973
1588755554253,1021.4973
1588755554291,1021.4973
1588755554330,1021.4973
1588755554366,1021.49695
1588755554407,1021.49695
1588755554444,1021.49695
1588755554483,1021.49695
1588755554520,1021.4933
1588755554560,1021.4933
1588755554605,1021.4933
1588755554637,1021.4933
1588755554676,1021.49005
1588755554713,1021.49005
1588755554750,1021.49005
1588755554788,1021.49005
1588755554828,1021.49005
1588755554867,1021.48474
1588755554907,1021.48474
1588755554946,1021.48474
1588755554983,1021.48474
1588755555018,1021.4857
1588755555058,1021.4857
1588755555096,1021.4857
1588755555136,1021.4857
1588755555176,1021.4906
1588755555213,1021.4906
1588755555253,1021.4906
1588755555289,1021.4906
1588755555329,1021.49146
1588755555369,1021.49146
1588755555405,1021.49146
1588755555442,1021.49146
1588755555483,1021.4969
1588755555527,1021.4969
1588755555558,1021.4969
1588755555602,1021.4969
1588755555636,1021.4929
1588755555674,1021.4929
1588755555715,1021.4929
1588755555750,1021.4929
1588755555791,1021.4896
1588755555843,1021.4896
1588755555867,1021.4896
1588755555906,1021.4896
1588755555943,1021.4896
1588755555982,1021.49347
1588755556021,1021.49347
1588755556057,1021.49347
1588755556097,1021.49347
1588755556134,1021.4931
1588755556179,1021.4931
1588755556215,1021.4931
1588755556250,1021.4931
1588755556290,1021.4862
1588755556330,1021.4862
1588755556366,1021.4862
1588755556407,1021.4862
1588755556444,1021.4744
1588755556482,1021.4744
1588755556520,1021.4744
1588755556558,1021.4744
1588755556598,1021.477
1588755556635,1021.477
1588755556674,1021.477
1588755556713,1021.477
1588755556750,1021.4721
1588755556789,1021.4721
1588755556829,1021.4721
1588755556865,1021.4721
1588755556904,1021.4701
1588755556944,1021.4701
1588755556981,1021.4701
1588755557020,1021.4701
1588755557058,1021.4697
1588755557098,1021.4697
1588755557136,1021.4697
1588755557173,1021.4697
1588755557212,1021.4697
1588755557253,1021.4645
1588755557288,1021.4645
1588755557328,1021.4645
1588755557381,1021.4645
1588755557403,1021.4641
1588755557445,1021.4641
1588755557480,1021.4641
1588755557520,1021.4641
1588755557558,1021.4744
1588755557601,1021.4744
1588755557634,1021.4744
1588755557673,1021.4744
1588755557712,1021.4725
1588755557751,1021.4725
1588755557789,1021.4725
1588755557826,1021.4725
1588755557867,1021.47046
1588755557908,1021.47046
1588755557943,1021.47046
1588755557983,1021.47046
1588755558019,1021.473
1588755558058,1021.473
1588755558109,1021.473
1588755558135,1021.473
1588755558173,1021.4678
1588755558212,1021.4678
1588755558249,1021.4678
1588755558290,1021.4678
1588755558327,1021.46576
1588755558368,1021.46576
1588755558404,1021.46576
1588755558444,1021.46576
1588755558482,1021.46576
1588755558520,1021.4712
1588755558558,1021.4712
1588755558602,1021.4712
1588755558634,1021.4712
1588755558674,1021.4692
1588755558712,1021.4692
1588755558750,1021.4692
1588755558788,1021.4692
1588755558828,1021.4737
1588755558864,1021.4737
1588755558904,1021.4737
1588755558943,1021.4737
1588755558982,1021.4734
1588755559020,1021.4734
1588755559058,1021.4734
1588755559096,1021.4734
1588755559134,1021.47174
1588755559178,1021.47174
1588755559212,1021.47174
1588755559252,1021.47174
1588755559296,1021.4804
1588755559328,1021.4804
1588755559366,1021.4804
1588755559404,1021.4804
1588755559444,1021.4817
1588755559480,1021.4817
1588755559524,1021.4817
1588755559574,1021.4817
1588755559601,1021.4817
1588755559635,1021.4829
1588755559673,1021.4829
1588755559712,1021.4829
1588755559750,1021.4829
1588755559788,1021.48914
1588755559827,1021.48914
1588755559865,1021.48914
1588755559903,1021.48914
1588755559943,1021.4896
1588755559986,1021.4896
1588755560020,1021.4896
1588755560057,1021.4896
1588755560097,1021.48926
1588755560134,1021.48926
1588755560172,1021.48926
1588755560215,1021.48926
1588755560249,1021.49054
1588755560287,1021.49054
1588755560327,1021.49054
1588755560365,1021.49054
1588755560402,1021.4944
1588755560443,1021.4944
1588755560483,1021.4944
1588755560518,1021.4944
1588755560556,1021.4956
1588755560595,1021.4956
1588755560633,1021.4956
1588755560674,1021.4956
1588755560713,1021.5001
1588755560751,1021.5001
1588755560789,1021.5001
1588755560827,1021.5001
1588755560866,1021.5001
1588755560905,1021.50433
1588755560944,1021.50433
1588755560987,1021.50433
1588755561024,1021.50433
1588755561058,1021.515
1588755561099,1021.515
1588755561132,1021.515
1588755561172,1021.515
1588755561212,1021.52075
1588755561252,1021.52075
1588755561290,1021.52075
1588755561328,1021.52075
1588755561366,1021.5143
1588755561403,1021.5143
1588755561443,1021.5143
1588755561480,1021.5143
1588755561520,1021.50867
1588755561561,1021.50867
1588755561595,1021.50867
1588755561633,1021.50867
1588755561673,1021.5083
1588755561713,1021.5083
1588755561753,1021.5083
1588755561791,1021.5083
1588755561827,1021.505
1588755561865,1021.505
1588755561904,1021.505
1588755561942,1021.505
1588755561980,1021.505
1588755562020,1021.5059
1588755562060,1021.5059
1588755562104,1021.5059
1588755562135,1021.5059
1588755562173,1021.5085
1588755562216,1021.5085
1588755562248,1021.5085
1588755562287,1021.5085
1588755562327,1021.513
1588755562367,1021.513
1588755562404,1021.513
1588755562448,1021.513
1588755562480,1021.5094
1588755562520,1021.5094
1588755562556,1021.5094
1588755562594,1021.5094
1588755562635,1021.5074
1588755562672,1021.5074
1588755562712,1021.5074
1588755562750,1021.5074
1588755562790,1021.5018
1588755562827,1021.5018
1588755562864,1021.5018
1588755562903,1021.5018
1588755562942,1021.4949
1588755562980,1021.4949
1588755563019,1021.4949
1588755563060,1021.4949
1588755563095,1021.4958
1588755563134,1021.4958
1588755563173,1021.4958
1588755563211,1021.4958
1588755563248,1021.4958
1588755563290,1021.4902
1588755563327,1021.4902
1588755563363,1021.4902
1588755563406,1021.4902
1588755563450,1021.4849
1588755563485,1021.4849
1588755563519,1021.4849
1588755563559,1021.4849
1588755563595,1021.4797
1588755563633,1021.4797
1588755563673,1021.4797
1588755563710,1021.4797
1588755563752,1021.4695
1588755563788,1021.4695
1588755563827,1021.4695
1588755563864,1021.4695
1588755563903,1021.45935
1588755563943,1021.45935
1588755563981,1021.45935
1588755564018,1021.45935
1588755564057,1021.45703
1588755564097,1021.45703
1588755564132,1021.45703
1588755564175,1021.45703
1588755564210,1021.45465
1588755564256,1021.45465
1588755564287,1021.45465
1588755564326,1021.45465
1588755564364,1021.45105
1588755564402,1021.45105
1588755564442,1021.45105
1588755564481,1021.45105
1588755564519,1021.45105
1588755564557,1021.44867
1588755564602,1021.44867
1588755564633,1021.44867
1588755564673,1021.44867
1588755564711,1021.44055
1588755564747,1021.44055
1588755564787,1021.44055
1588755564832,1021.44055
1588755564865,1021.44794
1588755564903,1021.44794
1588755564941,1021.44794
1588755564982,1021.44794
1588755565019,1021.44434
1588755565062,1021.44434
1588755565096,1021.44434
1588755565134,1021.44434
1588755565171,1021.44525
1588755565209,1021.44525
1588755565249,1021.44525
1588755565288,1021.44525
1588755565326,1021.45264
1588755565365,1021.45264
1588755565407,1021.45264
1588755565455,1021.45264
1588755565480,1021.44775
1588755565518,1021.44775
1588755565557,1021.44775
1588755565596,1021.44775
1588755565642,1021.44775
1588755565672,1021.44086
1588755565709,1021.44086
1588755565749,1021.44086
1588755565794,1021.44086
1588755565826,1021.4463
1588755565863,1021.4463
1588755565903,1021.4463
1588755565945,1021.4463
1588755565982,1021.43945
1588755566018,1021.43945
1588755566062,1021.43945
1588755566094,1021.43945
1588755566136,1021.4309
1588755566172,1021.4309
1588755566212,1021.4309
1588755566249,1021.4309
1588755566287,1021.424
1588755566327,1021.424
1588755566369,1021.424
1588755566405,1021.424
1588755566444,1021.4184
1588755566479,1021.4184
1588755566518,1021.4184
1588755566578,1021.4184
1588755566594,1021.3972
1588755566632,1021.3972
1588755566670,1021.3972
1588755566711,1021.3972
1588755566749,1021.3916
1588755566786,1021.3916
1588755566825,1021.3916
1588755566870,1021.3916
1588755566903,1021.3916
1588755566944,1021.37695
1588755566982,1021.37695
1588755567024,1021.37695
1588755567057,1021.37695
1588755567096,1021.357
1588755567134,1021.357
1588755567172,1021.357
1588755567209,1021.357
1588755567248,1021.3445
1588755567287,1021.3445
1588755567326,1021.3445
1588755567365,1021.3445
1588755567404,1021.3197
1588755567441,1021.3197
1588755567485,1021.3197
1588755567520,1021.3197
1588755567555,1021.2981
1588755567596,1021.2981
1588755567637,1021.2981
1588755567672,1021.2981
1588755567710,1021.26227
1588755567748,1021.26227
1588755567787,1021.26227
1588755567825,1021.26227
1588755567862,1021.2309
1588755567906,1021.2309
1588755567938,1021.2309
1588755567979,1021.2309
1588755568021,1021.2309
1588755568058,1021.1992
1588755568094,1021.1992
1588755568131,1021.1992
1588755568169,1021.1992
1588755568209,1021.1695
1588755568248,1021.1695
1588755568293,1021.1695
1588755568327,1021.1695
1588755568370,1021.14105
1588755568403,1021.14105
1588755568441,1021.14105
1588755568478,1021.14105
1588755568518,1021.1012
1588755568555,1021.1012
1588755568594,1021.1012
1588755568633,1021.1012
1588755568672,1021.0617
1588755568709,1021.0617
1588755568747,1021.0617
1588755568788,1021.0617
1588755568824,1021.0255
1588755568863,1021.0255
1588755568905,1021.0255
1588755568943,1021.0255
1588755568981,1020.9795
1588755569017,1020.9795
1588755569055,1020.9795
1588755569095,1020.9795
1588755569132,1020.9331
1588755569171,1020.9331
1588755569210,1020.9331
1588755569249,1020.9331
1588755569286,1020.9331
1588755569326,1020.8773
1588755569364,1020.8773
1588755569401,1020.8773
1588755569441,1020.8773
1588755569478,1020.8202
1588755569520,1020.8202
1588755569554,1020.8202
1588755569592,1020.8202
1588755569631,1020.75916
1588755569672,1020.75916
1588755569710,1020.75916
1588755569749,1020.75916
1588755569786,1020.7108
1588755569838,1020.7108
1588755569871,1020.7108
1588755569900,1020.7108
1588755569942,1020.6481
1588755569981,1020.6481
1588755570017,1020.6481
1588755570056,1020.6481
1588755570097,1020.5945
1588755570148,1020.5945
1588755570169,1020.5945
1588755570209,1020.5945
1588755570247,1020.53503
1588755570286,1020.53503
1588755570326,1020.53503
1588755570364,1020.53503
1588755570406,1020.53503
1588755570443,1020.47034
1588755570477,1020.47034
1588755570517,1020.47034
1588755570564,1020.47034
1588755570594,1020.41187
1588755570635,1020.41187
1588755570670,1020.41187
1588755570711,1020.41187
1588755570750,1020.3381
1588755570787,1020.3381
1588755570825,1020.3381
1588755570862,1020.3381
1588755570903,1020.2717
1588755570940,1020.2717
1588755570977,1020.2717
1588755571015,1020.2717
1588755571055,1020.2235
1588755571092,1020.2235
1588755571145,1020.2235
1588755571172,1020.2235
1588755571210,1020.16864
1588755571251,1020.16864
1588755571287,1020.16864
1588755571326,1020.16864
1588755571365,1020.11786
1588755571402,1020.11786
1588755571442,1020.11786
1588755571478,1020.11786
1588755571517,1020.07526
1588755571555,1020.07526
1588755571593,1020.07526
1588755571633,1020.07526
1588755571670,1020.07526
1588755571709,1020.0343
1588755571748,1020.0343
1588755571785,1020.0343
1588755571823,1020.0343
1588755571861,1019.99817
1588755571904,1019.99817
1588755571939,1019.99817
1588755571977,1019.99817
1588755572016,1019.9572
1588755572055,1019.9572
1588755572095,1019.9572
1588755572132,1019.9572
1588755572171,1019.92236
1588755572208,1019.92236
1588755572250,1019.92236
1588755572287,1019.92236
1588755572325,1019.87976
1588755572361,1019.87976
1588755572402,1019.87976
1588755572440,1019.87976
1588755572477,1019.8355
1588755572518,1019.8355
1588755572556,1019.8355
1588755572594,1019.8355
1588755572630,1019.7929
1588755572670,1019.7929
1588755572708,1019.7929
1588755572749,1019.7929
1588755572785,1019.7601
1588755572823,1019.7601
1588755572864,1019.7601
1588755572902,1019.7601
1588755572939,1019.7601
1588755572980,1019.7289
1588755573018,1019.7289
1588755573054,1019.7289
1588755573094,1019.7289
1588755573142,1019.7009
1588755573169,1019.7009
1588755573209,1019.7009
1588755573246,1019.7009
1588755573285,1019.673
1588755573323,1019.673
1588755573363,1019.673
1588755573404,1019.673
1588755573442,1019.64825
1588755573476,1019.64825
1588755573519,1019.64825
1588755573554,1019.64825
1588755573593,1019.62103
1588755573636,1019.62103
1588755573670,1019.62103
1588755573707,1019.62103
1588755573748,1019.59674
1588755573785,1019.59674
1588755573833,1019.59674
1588755573863,1019.59674
1588755573901,1019.57404
1588755573939,1019.57404
1588755573977,1019.57404
1588755574015,1019.57404
1588755574055,1019.57404
1588755574093,1019.5517
1588755574145,1019.5517
1588755574172,1019.5517
1588755574210,1019.5517
1588755574246,1019.53064
1588755574285,1019.53064
1588755574324,1019.53064
1588755574363,1019.53064
1588755574405,1019.51776
1588755574440,1019.51776
1588755574476,1019.51776
1588755574516,1019.51776
1588755574552,1019.5
1588755574595,1019.5
1588755574641,1019.5
1588755574671,1019.5
1588755574709,1019.4972
1588755574747,1019.4972
1588755574787,1019.4972
1588755574824,1019.4972
1588755574862,1019.4912
1588755574904,1019.4912
1588755574939,1019.4912
1588755574977,1019.4912
1588755575016,1019.4741
1588755575054,1019.4741
1588755575096,1019.4741
1588755575143,1019.4741
1588755575169,1019.4743
1588755575208,1019.4743
1588755575248,1019.4743
1588755575285,1019.4743
1588755575324,1019.4743
1588755575362,1019.4679
1588755575399,1019.4679
1588755575444,1019.4679
1588755575478,1019.4679
1588755575516,1019.459
1588755575556,1019.459
1588755575593,1019.459
1588755575633,1019.459
1588755575671,1019.4575
1588755575710,1019.4575
1588755575747,1019.4575
1588755575785,1019.4575
1588755575823,1019.46
1588755575862,1019.46
1588755575900,1019.46
1588755575939,1019.46
1588755575981,1019.45886
1588755576016,1019.45886
1588755576053,1019.45886
1588755576093,1019.45886
1588755576133,1019.4549
1588755576168,1019.4549
1588755576210,1019.4549
1588755576247,1019.4549
1588755576285,1019.45123
1588755576323,1019.45123
1588755576361,1019.45123
1588755576403,1019.45123
1588755576441,1019.45123
1588755576477,1019.455
1588755576517,1019.455
1588755576554,1019.455
1588755576594,1019.455
1588755576634,1019.4612
1588755576669,1019.4612
1588755576709,1019.4612
1588755576745,1019.4612
1588755576785,1019.46497
1588755576824,1019.46497
1588755576861,1019.46497
1588755576898,1019.46497
1588755576940,1019.4613
1588755576978,1019.4613
1588755577015,1019.4613
1588755577053,1019.4613
1588755577091,1019.46704
1588755577130,1019.46704
1588755577168,1019.46704
1588755577208,1019.46704
1588755577245,1019.46924
1588755577285,1019.46924
1588755577325,1019.46924
1588755577364,1019.46924
1588755577400,1019.4689
1588755577439,1019.4689
1588755577482,1019.4689
1588755577516,1019.4689
1588755577554,1019.46686
1588755577593,1019.46686
1588755577630,1019.46686
1588755577669,1019.46686
1588755577707,1019.46686
1588755577747,1019.46643
1588755577785,1019.46643
1588755577822,1019.46643
1588755577862,1019.46643
1588755577900,1019.45667
1588755577938,1019.45667
1588755577978,1019.45667
1588755578017,1019.45667
1588755578054,1019.4572
1588755578093,1019.4572
1588755578132,1019.4572
1588755578169,1019.4572
1588755578206,1019.45557
1588755578245,1019.45557
1588755578282,1019.45557
1588755578325,1019.45557
1588755578362,1019.4568
1588755578402,1019.4568
1588755578440,1019.4568
1588755578480,1019.4568
1588755578517,1019.4577
1588755578554,1019.4577
1588755578592,1019.4577
1588755578635,1019.4577
1588755578668,1019.46344
1588755578707,1019.46344
1588755578746,1019.46344
1588755578785,1019.46344
1588755578823,1019.4618
1588755578861,1019.4618
1588755578902,1019.4618
1588755578940,1019.4618
1588755578977,1019.4618
1588755579015,1019.4696
1588755579054,1019.4696
1588755579091,1019.4696
1588755579130,1019.4696
1588755579169,1019.4725
1588755579207,1019.4725
1588755579246,1019.4725
1588755579283,1019.4725
1588755579324,1019.47174
1588755579361,1019.47174
1588755579400,1019.47174
1588755579442,1019.47174
1588755579476,1019.47626
1588755579514,1019.47626
1588755579553,1019.47626
1588755579593,1019.47626
1588755579631,1019.4759
1588755579674,1019.4759
1588755579706,1019.4759
1588755579744,1019.4759
1588755579783,1019.47754
1588755579822,1019.47754
1588755579861,1019.47754
1588755579900,1019.47754
1588755579942,1019.4722
1588755579976,1019.4722
1588755580015,1019.4722
1588755580052,1019.4722
1588755580093,1019.4722
1588755580131,1019.4657
1588755580167,1019.4657
1588755580206,1019.4657
1588755580245,1019.4657
1588755580285,1019.4601
1588755580324,1019.4601
1588755580361,1019.4601
1588755580398,1019.4601
1588755580438,1019.4552
1588755580476,1019.4552
1588755580514,1019.4552
1588755580557,1019.4552
1588755580592,1019.4679
1588755580631,1019.4679
1588755580667,1019.4679
1588755580706,1019.4679
1588755580746,1019.47076
1588755580783,1019.47076
1588755580828,1019.47076
1588755580861,1019.47076
1588755580899,1019.472
1588755580936,1019.472
1588755580976,1019.472
1588755581014,1019.472
1588755581054,1019.45935
1588755581091,1019.45935
1588755581131,1019.45935
1588755581166,1019.45935
1588755581207,1019.46387
1588755581245,1019.46387
1588755581285,1019.46387
1588755581321,1019.46387
1588755581360,1019.46387
1588755581399,1019.4647
1588755581438,1019.4647
1588755581475,1019.4647
1588755581514,1019.4647
1588755581558,1019.466
1588755581593,1019.466
1588755581631,1019.466
1588755581669,1019.466
1588755581707,1019.47217
1588755581746,1019.47217
1588755581783,1019.47217
1588755581822,1019.47217
1588755581859,1019.47015
1588755581898,1019.47015
1588755581938,1019.47015
1588755581976,1019.47015
1588755582014,1019.4718
1588755582052,1019.4718
1588755582093,1019.4718
1588755582129,1019.4718
1588755582168,1019.48047
1588755582207,1019.48047
1588755582245,1019.48047
1588755582285,1019.48047
1588755582326,1019.4882
1588755582364,1019.4882
1588755582406,1019.4882
1588755582436,1019.4882
1588755582475,1019.4882
1588755582514,1019.4862
1588755582555,1019.4862
1588755582591,1019.4862
1588755582629,1019.4862
1588755582668,1019.4813
1588755582708,1019.4813
1588755582759,1019.4813
1588755582784,1019.4813
1588755582822,1019.4874
1588755582859,1019.4874
1588755582901,1019.4874
1588755582936,1019.4874
1588755582975,1019.4891
1588755583014,1019.4891
1588755583051,1019.4891
1588755583091,1019.4891
1588755583130,1019.4874
1588755583166,1019.4874
1588755583211,1019.4874
1588755583245,1019.4874
1588755583283,1019.49164
1588755583323,1019.49164
1588755583362,1019.49164
1588755583402,1019.49164
1588755583437,1019.4912
1588755583475,1019.4912
1588755583514,1019.4912
1588755583553,1019.4912
1588755583593,1019.48474
1588755583629,1019.48474
1588755583670,1019.48474
1588755583707,1019.48474
1588755583744,1019.48474
1588755583783,1019.4811
1588755583823,1019.4811
1588755583863,1019.4811
1588755583898,1019.4811
1588755583936,1019.47327
1588755583974,1019.47327
1588755584013,1019.47327
1588755584052,1019.47327
1588755584092,1019.4778
1588755584131,1019.4778
1588755584170,1019.4778
1588755584207,1019.4778
1588755584245,1019.48395
1588755584283,1019.48395
1588755584322,1019.48395
1588755584360,1019.48395
1588755584397,1019.4905
1588755584435,1019.4905
1588755584475,1019.4905
1588755584526,1019.4905
1588755584550,1019.4905
1588755584588,1019.4905
1588755584628,1019.4905
1588755584667,1019.4905
1588755584705,1019.4963
1588755584743,1019.4963
1588755584781,1019.4963
1588755584823,1019.4963
1588755584863,1019.49756
1588755584896,1019.49756
1588755584936,1019.49756
1588755584975,1019.49756
1588755585014,1019.49756
1588755585053,1019.4906
1588755585092,1019.4906
1588755585131,1019.4906
1588755585166,1019.4906
1588755585206,1019.4792
1588755585245,1019.4792
1588755585284,1019.4792
1588755585321,1019.4792
1588755585359,1019.47595
1588755585398,1019.47595
1588755585437,1019.47595
1588755585476,1019.47595
1588755585515,1019.47595
1588755585550,1019.47595
1588755585591,1019.47595
1588755585629,1019.47595
1588755585667,1019.46454
1588755585704,1019.46454
1588755585746,1019.46454
1588755585782,1019.46454
1588755585824,1019.46454
1588755585862,1019.46454
1588755585897,1019.46454
1588755585937,1019.46454
1588755585974,1019.4547
1588755586014,1019.4547
1588755586053,1019.4547
1588755586091,1019.4547
1588755586129,1019.4547
1588755586184,1019.45764
1588755586208,1019.45764
1588755586244,1019.45764
1588755586282,1019.45764
1588755586329,1019.4487
1588755586360,1019.4487
1588755586399,1019.4487
1588755586438,1019.4487
1588755586476,1019.44995
1588755586513,1019.44995
1588755586552,1019.44995
1588755586591,1019.44995
1588755586634,1019.44507
1588755586666,1019.44507
1588755586705,1019.44507
1588755586745,1019.44507
1588755586791,1019.4369
1588755586820,1019.4369
1588755586863,1019.4369
1588755586898,1019.4369
1588755586943,1019.4271
1588755586974,1019.4271
1588755587013,1019.4271
1588755587050,1019.4271
1588755587090,1019.4284
1588755587129,1019.4284
1588755587168,1019.4284
1588755587205,1019.4284
1588755587244,1019.41406
1588755587282,1019.41406
1588755587324,1019.41406
1588755587359,1019.41406
1588755587397,1019.41406
1588755587437,1019.4231
1588755587475,1019.4231
1588755587514,1019.4231
1588755587555,1019.4231
1588755587589,1019.4231
1588755587629,1019.4231
1588755587667,1019.4231
1588755587703,1019.4231
1588755587742,1019.4264
1588755587782,1019.4264
1588755587820,1019.4264
1588755587864,1019.4264
1588755587897,1019.426
1588755587934,1019.426
1588755587976,1019.426
1588755588015,1019.426
1588755588068,1019.41876
1588755588090,1019.41876
1588755588131,1019.41876
1588755588165,1019.41876
1588755588204,1019.4138
1588755588245,1019.4138
1588755588281,1019.4138
1588755588323,1019.4138
1588755588359,1019.40857
1588755588397,1019.40857
1588755588437,1019.40857
1588755588476,1019.40857
1588755588512,1019.3955
1588755588551,1019.3955
1588755588590,1019.3955
1588755588630,1019.3955
1588755588669,1019.3955
1588755588704,1019.38245
1588755588743,1019.38245
1588755588781,1019.38245
1588755588820,1019.38245
1588755588859,1019.369
1588755588899,1019.369
1588755588936,1019.369
1588755588974,1019.369
1588755589012,1019.3495
1588755589051,1019.3495
1588755589089,1019.3495
1588755589128,1019.3495
1588755589167,1019.3393
1588755589204,1019.3393
1588755589242,1019.3393
1588755589282,1019.3393
1588755589322,1019.31195
1588755589357,1019.31195
1588755589396,1019.31195
1588755589436,1019.31195
1588755589473,1019.292
1588755589518,1019.292
1588755589550,1019.292
1588755589589,1019.292
1588755589629,1019.2675
1588755589667,1019.2675
1588755589704,1019.2675
1588755589742,1019.2675
1588755589781,1019.2675
1588755589820,1019.2374
1588755589859,1019.2374
1588755589897,1019.2374
1588755589935,1019.2374
1588755589973,1019.2006
1588755590013,1019.2006
1588755590051,1019.2006
1588755590090,1019.2006
1588755590127,1019.1689
1588755590166,1019.1689
1588755590206,1019.1689
1588755590243,1019.1689
1588755590286,1019.133
1588755590321,1019.133
1588755590357,1019.133
1588755590396,1019.133
1588755590437,1019.0935
1588755590474,1019.0935
1588755590512,1019.0935
1588755590552,1019.0935
1588755590590,1019.0572
1588755590627,1019.0572
1588755590666,1019.0572
1588755590703,1019.0572
1588755590741,1019.02094
1588755590782,1019.02094
1588755590821,1019.02094
1588755590859,1019.02094
1588755590900,1018.9752
1588755590935,1018.9752
1588755590973,1018.9752
1588755591011,1018.9752
1588755591050,1018.9752
1588755591089,1018.9321
1588755591129,1018.9321
1588755591166,1018.9321
1588755591203,1018.9321
1588755591244,1018.88477
1588755591280,1018.88477
1588755591319,1018.88477
1588755591359,1018.88477
1588755591397,1018.8391
1588755591434,1018.8391
1588755591473,1018.8391
1588755591512,1018.8391
1588755591550,1018.79834
1588755591589,1018.79834
1588755591627,1018.79834
1588755591665,1018.79834
1588755591704,1018.7539
1588755591743,1018.7539
1588755591780,1018.7539
1588755591819,1018.7539
1588755591858,1018.71106
1588755591898,1018.71106
1588755591935,1018.71106
1588755591981,1018.71106
1588755592012,1018.6622
1588755592050,1018.6622
1588755592088,1018.6622
1588755592129,1018.6622
1588755592168,1018.6622
1588755592203,1018.6116
1588755592243,1018.6116
1588755592281,1018.6116
1588755592320,1018.6116
1588755592360,1018.56714
1588755592397,1018.56714
1588755592434,1018.56714
1588755592474,1018.56714
1588755592512,1018.51984
1588755592550,1018.51984
1588755592588,1018.51984
1588755592627,1018.51984
1588755592667,1018.47217
1588755592702,1018.47217
1588755592748,1018.47217
1588755592781,1018.47217
1588755592819,1018.4176
1588755592858,1018.4176
1588755592896,1018.4176
1588755592934,1018.4176
1588755592974,1018.3621
1588755593012,1018.3621
1588755593050,1018.3621
1588755593088,1018.3621
1588755593127,1018.3083
1588755593168,1018.3083
1588755593202,1018.3083
1588755593241,1018.3083
1588755593282,1018.2557
1588755593319,1018.2557
1588755593360,1018.2557
1588755593396,1018.2557
1588755593433,1018.2557
1588755593474,1018.2047
1588755593512,1018.2047
1588755593549,1018.2047
1588755593587,1018.2047
1588755593628,1018.1509
1588755593664,1018.1509
1588755593707,1018.1509
1588755593741,1018.1509
1588755593785,1018.10645
1588755593818,1018.10645
1588755593858,1018.10645
1588755593896,1018.10645
1588755593934,1018.0584
1588755593973,1018.0584
1588755594017,1018.0584
1588755594052,1018.0584
1588755594088,1018.0091
1588755594127,1018.0091
1588755594165,1018.0091
1588755594205,1018.0091
1588755594243,1017.9585
1588755594286,1017.9585
1588755594320,1017.9585
1588755594364,1017.9585
1588755594395,1017.90466
1588755594435,1017.90466
1588755594473,1017.90466
1588755594511,1017.90466
1588755594548,1017.85333
1588755594588,1017.85333
1588755594628,1017.85333
1588755594664,1017.85333
1588755594704,1017.85333
1588755594742,1017.80273
1588755594779,1017.80273
1588755594819,1017.80273
1588755594857,1017.80273
1588755594893,1017.744
1588755594936,1017.744
1588755594974,1017.744
1588755595012,1017.744
1588755595049,1017.6935
1588755595089,1017.6935
1588755595128,1017.6935
1588755595164,1017.6935
1588755595210,1017.6438
1588755595241,1017.6438
1588755595279,1017.6438
1588755595317,1017.6438
1588755595357,1017.5928
1588755595397,1017.5928
1588755595434,1017.5928
1588755595474,1017.5928
1588755595513,1017.54224
1588755595549,1017.54224
1588755595588,1017.54224
1588755595626,1017.54224
1588755595664,1017.4851
1588755595706,1017.4851
1588755595742,1017.4851
1588755595780,1017.4851
1588755595818,1017.4851
1588755595859,1017.43744
1588755595897,1017.43744
1588755595934,1017.43744
1588755595973,1017.43744
1588755596015,1017.38196
1588755596049,1017.38196
1588755596088,1017.38196
1588755596126,1017.38196
1588755596165,1017.3342
1588755596211,1017.3342
1588755596241,1017.3342
1588755596280,1017.3342
1588755596319,1017.27966
1588755596358,1017.27966
1588755596396,1017.27966
1588755596434,1017.27966
1588755596472,1017.22095
1588755596511,1017.22095
1588755596549,1017.22095
1588755596587,1017.22095
1588755596625,1017.16547
1588755596665,1017.16547
1588755596703,1017.16547
1588755596741,1017.16547
1588755596780,1017.1064
1588755596818,1017.1064
1588755596857,1017.1064
1588755596896,1017.1064
1588755596933,1017.0476
1588755596974,1017.0476
1588755597011,1017.0476
1588755597050,1017.0476
1588755597088,1017.0476
1588755597127,1017.0032
1588755597164,1017.0032
1588755597202,1017.0032
1588755597242,1017.0032
1588755597280,1016.9506
1588755597321,1016.9506
1588755597357,1016.9506
1588755597396,1016.9506
1588755597432,1016.9
1588755597473,1016.9
1588755597509,1016.9
1588755597549,1016.9
1588755597588,1016.8429
1588755597628,1016.8429
1588755597664,1016.8429
1588755597715,1016.8429
1588755597741,1016.79034
1588755597780,1016.79034
1588755597816,1016.79034
1588755597859,1016.79034
1588755597895,1016.7325
1588755597941,1016.7325
1588755597973,1016.7325
1588755598009,1016.7325
1588755598048,1016.6721
1588755598086,1016.6721
1588755598126,1016.6721
1588755598163,1016.6721
1588755598225,1016.6163
1588755598242,1016.6163
1588755598278,1016.6163
1588755598317,1016.6163
1588755598356,1016.6163
1588755598395,1016.5673
1588755598436,1016.5673
1588755598472,1016.5673
1588755598510,1016.5673
1588755598551,1016.52124
1588755598587,1016.52124
1588755598626,1016.52124
1588755598665,1016.52124
1588755598701,1016.4719
1588755598742,1016.4719
1588755598778,1016.4719
1588755598817,1016.4719
1588755598857,1016.4197
1588755598897,1016.4197
1588755598933,1016.4197
1588755598971,1016.4197
1588755599009,1016.3635
1588755599048,1016.3635
1588755599087,1016.3635
1588755599125,1016.3635
1588755599164,1016.2982
1588755599205,1016.2982
1588755599241,1016.2982
1588755599279,1016.2982
1588755599317,1016.2428
1588755599356,1016.2428
1588755599395,1016.2428
1588755599433,1016.2428
1588755599470,1016.2428
1588755599509,1016.18854
1588755599549,1016.18854
1588755599588,1016.18854
1588755599628,1016.18854
1588755599666,1016.1376
1588755599700,1016.1376
1588755599740,1016.1376
1588755599782,1016.1376
1588755599817,1016.07556
1588755599856,1016.07556
1588755599896,1016.07556
1588755599931,1016.07556
1588755599972,1016.02625
1588755600025,1016.02625
1588755600054,1016.02625
1588755600085,1016.02625
1588755600124,1015.9733
1588755600166,1015.9733
1588755600205,1015.9733
1588755600243,1015.9733
1588755600277,1015.9081
1588755600318,1015.9081
1588755600356,1015.9081
1588755600396,1015.9081
1588755600432,1015.85547
1588755600471,1015.85547
1588755600509,1015.85547
1588755600549,1015.85547
1588755600587,1015.80444
1588755600628,1015.80444
1588755600664,1015.80444
1588755600701,1015.80444
1588755600741,1015.80444
1588755600778,1015.7633
1588755600817,1015.7633
1588755600855,1015.7633
1588755600895,1015.7633
1588755600938,1015.71765
1588755600971,1015.71765
1588755601010,1015.71765
1588755601049,1015.71765
1588755601086,1015.6683
1588755601125,1015.6683
1588755601163,1015.6683
1588755601201,1015.6683
1588755601240,1015.6112
1588755601280,1015.6112
1588755601319,1015.6112
1588755601355,1015.6112
1588755601394,1015.5615
1588755601433,1015.5615
1588755601471,1015.5615
1588755601512,1015.5615
1588755601548,1015.5138
1588755601586,1015.5138
1588755601627,1015.5138
1588755601664,1015.5138
1588755601702,1015.4583
1588755601739,1015.4583
1588755601777,1015.4583
1588755601817,1015.4583
1588755601856,1015.4583
1588755601894,1015.40735
1588755601935,1015.40735
1588755601969,1015.40735
1588755602008,1015.40735
1588755602048,1015.347
1588755602088,1015.347
1588755602124,1015.347
1588755602163,1015.347
1588755602205,1015.2895
1588755602239,1015.2895
1588755602279,1015.2895
1588755602318,1015.2895
1588755602357,1015.2258
1588755602394,1015.2258
1588755602432,1015.2258
1588755602480,1015.2258
1588755602510,1015.17615
1588755602547,1015.17615
1588755602586,1015.17615
1588755602623,1015.17615
1588755602663,1015.12354
1588755602702,1015.12354
1588755602740,1015.12354
1588755602778,1015.12354
1588755602819,1015.05994
1588755602854,1015.05994
1588755602894,1015.05994
1588755602932,1015.05994
1588755602975,1014.9996
1588755603010,1014.9996
1588755603049,1014.9996
1588755603086,1014.9996
1588755603124,1014.9996
1588755603163,1014.9421
1588755603202,1014.9421
1588755603242,1014.9421
1588755603279,1014.9421
1588755603316,1014.88293
1588755603355,1014.88293
1588755603393,1014.88293
1588755603432,1014.88293
1588755603469,1014.81934
1588755603511,1014.81934
1588755603548,1014.81934
1588755603585,1014.81934
1588755603625,1014.77124
1588755603662,1014.77124
1588755603711,1014.77124
1588755603738,1014.77124
1588755603777,1014.72516
1588755603817,1014.72516
1588755603856,1014.72516
1588755603895,1014.72516
1588755603934,1014.67175
1588755603973,1014.67175
1588755604009,1014.67175
1588755604052,1014.67175
1588755604085,1014.63666
1588755604125,1014.63666
1588755604163,1014.63666
1588755604209,1014.63666
1588755604238,1014.59265
1588755604277,1014.59265
1588755604316,1014.59265
1588755604356,1014.59265
1588755604394,1014.59265
1588755604431,1014.558
1588755604469,1014.558
1588755604510,1014.558
1588755604547,1014.558
1588755604586,1014.5233
1588755604624,1014.5233
1588755604662,1014.5233
1588755604705,1014.5233
1588755604739,1014.48254
1588755604779,1014.48254
1588755604831,1014.48254
1588755604856,1014.48254
1588755604894,1014.4475
1588755604934,1014.4475
1588755604970,1014.4475
1588755605008,1014.4475
1588755605046,1014.40674
1588755605086,1014.40674
1588755605124,1014.40674
1588755605162,1014.40674
1588755605204,1014.37366
1588755605241,1014.37366
1588755605277,1014.37366
1588755605317,1014.37366
1588755605353,1014.3549
1588755605396,1014.3549
1588755605431,1014.3549
1588755605470,1014.3549
1588755605507,1014.3549
1588755605546,1014.3272
1588755605584,1014.3272
1588755605623,1014.3272
1588755605665,1014.3272
1588755605704,1014.2987
1588755605737,1014.2987
1588755605777,1014.2987
1588755605817,1014.2987
1588755605854,1014.2726
1588755605894,1014.2726
1588755605932,1014.2726
1588755605972,1014.2726
1588755606010,1014.2543
1588755606049,1014.2543
1588755606086,1014.2543
1588755606125,1014.2543
1588755606162,1014.22614
1588755606199,1014.22614
1588755606240,1014.22614
1588755606276,1014.22614
1588755606316,1014.2094
1588755606354,1014.2094
1588755606392,1014.2094
1588755606433,1014.2094
1588755606470,1014.194
1588755606511,1014.194
1588755606548,1014.194
1588755606585,1014.194
1588755606623,1014.18054
1588755606662,1014.18054
1588755606701,1014.18054
1588755606742,1014.18054
1588755606777,1014.18054
1588755606817,1014.1626
1588755606853,1014.1626
1588755606892,1014.1626
1588755606931,1014.1626
1588755606971,1014.14624
1588755607012,1014.14624
1588755607046,1014.14624
1588755607086,1014.14624
1588755607124,1014.1377
1588755607164,1014.1377
1588755607202,1014.1377
1588755607237,1014.1377
1588755607277,1014.1279
1588755607315,1014.1279
1588755607354,1014.1279
1588755607392,1014.1279
1588755607430,1014.12463
1588755607468,1014.12463
1588755607509,1014.12463
1588755607546,1014.12463
1588755607587,1014.12427
1588755607622,1014.12427
1588755607664,1014.12427
1588755607703,1014.12427
1588755607738,1014.12427
1588755607779,1014.12427
1588755607817,1014.12427
1588755607853,1014.12427
1588755607893,1014.128
1588755607930,1014.128
1588755607970,1014.128
1588755608009,1014.128
1588755608047,1014.128
1588755608084,1014.12964
1588755608127,1014.12964
1588755608163,1014.12964
1588755608201,1014.12964
1588755608238,1014.13574
1588755608279,1014.13574
1588755608316,1014.13574
1588755608353,1014.13574
1588755608392,1014.13367
1588755608431,1014.13367
1588755608469,1014.13367
1588755608507,1014.13367
1588755608546,1014.1333
1588755608586,1014.1333
1588755608624,1014.1333
1588755608662,1014.1333
1588755608701,1014.13165
1588755608737,1014.13165
1588755608777,1014.13165
1588755608816,1014.13165
1588755608857,1014.13416
1588755608892,1014.13416
1588755608929,1014.13416
1588755608969,1014.13416
1588755609008,1014.1354
1588755609047,1014.1354
1588755609085,1014.1354
1588755609123,1014.1354
1588755609162,1014.1354
1588755609198,1014.12726
1588755609238,1014.12726
1588755609277,1014.12726
1588755609315,1014.12726
1588755609355,1014.1317
1588755609393,1014.1317
1588755609429,1014.1317
1588755609470,1014.1317
1588755609507,1014.13336
1588755609546,1014.13336
1588755609587,1014.13336
1588755609622,1014.13336
1588755609660,1014.1317
1588755609701,1014.1317
1588755609738,1014.1317
1588755609777,1014.1317
1588755609817,1014.13135
1588755609853,1014.13135
1588755609897,1014.13135
1588755609931,1014.13135
1588755609972,1014.1322
1588755610006,1014.1322
1588755610045,1014.1322
1588755610085,1014.1322
1588755610127,1014.13184
1588755610161,1014.13184
1588755610204,1014.13184
1588755610237,1014.13184
1588755610276,1014.13184
1588755610315,1014.13184
1588755610356,1014.13184
1588755610396,1014.13184
1588755610429,1014.13184
1588755610469,1014.14246
1588755610507,1014.14246
1588755610544,1014.14246
1588755610584,1014.14246
1588755610623,1014.1375
1588755610662,1014.1375
1588755610700,1014.1375
1588755610738,1014.1375
1588755610775,1014.14166
1588755610816,1014.14166
1588755610854,1014.14166
1588755610896,1014.14166
1588755610930,1014.13965
1588755610968,1014.13965
1588755611007,1014.13965
1588755611046,1014.13965
1588755611084,1014.14575
1588755611123,1014.14575
1588755611159,1014.14575
1588755611202,1014.14575
1588755611238,1014.158
1588755611276,1014.158
1588755611315,1014.158
1588755611353,1014.158
1588755611390,1014.14984
1588755611430,1014.14984
1588755611469,1014.14984
1588755611507,1014.14984
1588755611546,1014.14984
1588755611583,1014.15076
1588755611622,1014.15076
1588755611660,1014.15076
1588755611702,1014.15076
1588755611738,1014.1503
1588755611775,1014.1503
1588755611827,1014.1503
1588755611852,1014.1503
1588755611892,1014.1487
1588755611931,1014.1487
1588755611968,1014.1487
1588755612008,1014.1487
1588755612046,1014.14667
1588755612084,1014.14667
1588755612126,1014.14667
1588755612165,1014.14667
1588755612198,1014.1511
1588755612248,1014.1511
1588755612276,1014.1511
1588755612315,1014.1511
1588755612353,1014.1537
1588755612390,1014.1537
1588755612430,1014.1537
1588755612469,1014.1537
1588755612508,1014.15814
1588755612548,1014.15814
1588755612583,1014.15814
1588755612628,1014.15814
1588755612661,1014.1598
1588755612698,1014.1598
1588755612739,1014.1598
1588755612776,1014.1598
1588755612813,1014.1598
1588755612853,1014.1712
1588755612891,1014.1712
1588755612931,1014.1712
1588755612967,1014.1712
1588755613006,1014.1598
1588755613045,1014.1598
1588755613088,1014.1598
1588755613121,1014.1598
1588755613160,1014.1606
1588755613198,1014.1606
1588755613241,1014.1606
1588755613276,1014.1606
1588755613314,1014.16223
1588755613353,1014.16223
1588755613393,1014.16223
1588755613430,1014.16223
1588755613468,1014.15735
1588755613505,1014.15735
1588755613545,1014.15735
1588755613585,1014.15735
1588755613624,1014.1533
1588755613661,1014.1533
1588755613698,1014.1533
1588755613753,1014.1533
1588755613775,1014.13824
1588755613814,1014.13824
1588755613852,1014.13824
1588755613889,1014.13824
1588755613928,1014.1203
1588755613967,1014.1203
1588755614005,1014.1203
1588755614043,1014.1203
1588755614083,1014.1203
1588755614122,1014.12476
1588755614160,1014.12476
1588755614200,1014.12476
1588755614238,1014.12476
1588755614274,1014.12317
1588755614316,1014.12317
1588755614352,1014.12317
1588755614392,1014.12317
1588755614430,1014.1293
1588755614468,1014.1293
1588755614507,1014.1293
1588755614543,1014.1293
1588755614588,1014.1162
1588755614624,1014.1162
1588755614661,1014.1162
1588755614697,1014.1162
1588755614738,1014.1236
1588755614774,1014.1236
1588755614814,1014.1236
1588755614853,1014.1236
1588755614892,1014.1187
1588755614931,1014.1187
1588755614968,1014.1187
1588755615005,1014.1187
1588755615048,1014.10974
1588755615084,1014.10974
1588755615121,1014.10974
1588755615159,1014.10974
1588755615197,1014.10974
1588755615240,1014.1077
1588755615274,1014.1077
1588755615315,1014.1077
1588755615351,1014.1077
1588755615391,1014.122
1588755615429,1014.122
1588755615466,1014.122
1588755615504,1014.122
1588755615545,1014.1334
1588755615583,1014.1334
1588755615626,1014.1334
1588755615659,1014.1334
1588755615702,1014.12854
1588755615735,1014.12854
1588755615775,1014.12854
1588755615814,1014.12854
1588755615851,1014.1327
1588755615893,1014.1327
1588755615929,1014.1327
1588755615968,1014.1327
1588755616007,1014.1367
1588755616046,1014.1367
1588755616081,1014.1367
1588755616123,1014.1367
1588755616161,1014.1298
1588755616199,1014.1298
1588755616235,1014.1298
1588755616275,1014.1298
1588755616314,1014.1291
1588755616352,1014.1291
1588755616390,1014.1291
1588755616428,1014.1291
1588755616469,1014.1291
1588755616505,1014.13684
1588755616547,1014.13684
1588755616582,1014.13684
1588755616621,1014.13684
1588755616660,1014.1723
1588755616698,1014.1723
1588755616741,1014.1723
1588755616777,1014.1723
1588755616813,1014.1703
1588755616851,1014.1703
1588755616889,1014.1703
1588755616928,1014.1703
1588755616969,1014.1483
1588755617006,1014.1483
1588755617046,1014.1483
1588755617090,1014.1483
1588755617122,1014.1271
1588755617161,1014.1271
1588755617199,1014.1271
1588755617241,1014.1271
1588755617273,1014.1463
1588755617312,1014.1463
1588755617354,1014.1463
1588755617391,1014.1463
1588755617431,1014.1524
1588755617467,1014.1524
1588755617504,1014.1524
1588755617543,1014.1524
1588755617583,1014.1553
1588755617621,1014.1553
1588755617660,1014.1553
1588755617699,1014.1553
1588755617736,1014.1553
1588755617776,1014.1565
1588755617812,1014.1565
1588755617852,1014.1565
1588755617890,1014.1565
1588755617929,1014.1639
1588755617971,1014.1639
1588755618004,1014.1639
1588755618042,1014.1639
1588755618086,1014.16345
1588755618119,1014.16345
1588755618159,1014.16345
1588755618196,1014.16345
1588755618241,1014.157
1588755618274,1014.157
1588755618315,1014.157
1588755618351,1014.157
1588755618390,1014.1467
1588755618432,1014.1467
1588755618469,1014.1467
1588755618511,1014.1467
1588755618544,1014.14636
1588755618583,1014.14636
1588755618620,1014.14636
1588755618657,1014.14636
1588755618697,1014.1415
1588755618742,1014.1415
1588755618773,1014.1415
1588755618813,1014.1415
1588755618856,1014.1415
1588755618894,1014.1358
1588755618929,1014.1358
1588755618966,1014.1358
1588755619013,1014.1358
1588755619043,1014.1338
1588755619082,1014.1338
1588755619120,1014.1338
1588755619160,1014.1338
1588755619198,1014.12726
1588755619238,1014.12726
1588755619275,1014.12726
1588755619311,1014.12726
1588755619351,1014.11584
1588755619393,1014.11584
1588755619431,1014.11584
1588755619467,1014.11584
1588755619506,1014.11664
1588755619543,1014.11664
1588755619584,1014.11664
1588755619622,1014.11664
1588755619660,1014.1085
1588755619697,1014.1085
1588755619735,1014.1085
1588755619773,1014.1085
1588755619813,1014.1127
1588755619852,1014.1127
1588755619889,1014.1127
1588755619927,1014.1127
1588755619967,1014.1155
1588755620005,1014.1155
1588755620044,1014.1155
1588755620082,1014.1155
1588755620126,1014.1155
1588755620159,1014.1139
1588755620199,1014.1139
1588755620237,1014.1139
1588755620273,1014.1139
1588755620312,1014.11835
1588755620348,1014.11835
1588755620388,1014.11835
1588755620427,1014.11835
1588755620467,1014.1179
1588755620505,1014.1179
1588755620544,1014.1179
1588755620583,1014.1179
1588755620621,1014.11755
1588755620660,1014.11755
1588755620696,1014.11755
1588755620736,1014.11755
1588755620773,1014.1077
1588755620812,1014.1077
1588755620850,1014.1077
1588755620890,1014.1077
1588755620927,1014.0931
1588755620966,1014.0931
1588755621007,1014.0931
1588755621044,1014.0931
1588755621082,1014.0825
1588755621121,1014.0825
1588755621158,1014.0825
1588755621197,1014.0825
1588755621240,1014.06415
1588755621273,1014.06415
1588755621313,1014.06415
1588755621350,1014.06415
1588755621389,1014.06415
1588755621427,1014.0556
1588755621466,1014.0556
1588755621505,1014.0556
1588755621542,1014.0556
1588755621581,1014.03766
1588755621621,1014.03766
1588755621658,1014.03766
1588755621696,1014.03766
1588755621736,1014.016
1588755621775,1014.016
1588755621812,1014.016
1588755621851,1014.016
1588755621888,1013.99316
1588755621927,1013.99316
1588755621967,1013.99316
1588755622006,1013.99316
1588755622044,1013.9712
1588755622082,1013.9712
1588755622121,1013.9712
1588755622160,1013.9712
1588755622200,1013.95123
1588755622235,1013.95123
1588755622273,1013.95123
1588755622312,1013.95123
1588755622360,1013.9333
1588755622389,1013.9333
1588755622427,1013.9333
1588755622467,1013.9333
1588755622503,1013.9333
1588755622543,1013.9116
1588755622581,1013.9116
1588755622620,1013.9116
1588755622660,1013.9116
1588755622697,1013.89166
1588755622735,1013.89166
1588755622774,1013.89166
1588755622810,1013.89166
1588755622850,1013.86804
1588755622888,1013.86804
1588755622931,1013.86804
1588755622965,1013.86804
1588755623003,1013.84644
1588755623049,1013.84644
1588755623082,1013.84644
1588755623123,1013.84644
1588755623159,1013.82684
1588755623196,1013.82684
1588755623234,1013.82684
1588755623277,1013.82684
1588755623311,1013.80237
1588755623352,1013.80237
1588755623391,1013.80237
1588755623427,1013.80237
1588755623464,1013.78564
1588755623504,1013.78564
1588755623544,1013.78564
1588755623581,1013.78564
1588755623620,1013.7677
1588755623660,1013.7677
1588755623698,1013.7677
1588755623734,1013.7677
1588755623773,1013.7677
1588755623811,1013.7624
1588755623850,1013.7624
1588755623892,1013.7624
1588755623935,1013.7624
1588755623965,1013.76
1588755624005,1013.76
1588755624043,1013.76
1588755624082,1013.76
1588755624122,1013.7498
1588755624157,1013.7498
1588755624197,1013.7498
1588755624236,1013.7498
1588755624273,1013.75104
1588755624310,1013.75104
1588755624350,1013.75104
1588755624390,1013.75104
1588755624426,1013.749
1588755624466,1013.749
1588755624504,1013.749
1588755624542,1013.749
1588755624582,1013.7437
1588755624618,1013.7437
1588755624656,1013.7437
1588755624697,1013.7437
1588755624738,1013.7462
1588755624773,1013.7462
1588755624812,1013.7462
1588755624856,1013.7462
1588755624888,1013.74133
1588755624928,1013.74133
1588755624966,1013.74133
1588755625006,1013.74133
1588755625043,1013.74133
1588755625081,1013.74744
1588755625120,1013.74744
1588755625158,1013.74744
1588755625196,1013.74744
1588755625238,1013.747
1588755625273,1013.747
1588755625312,1013.747
1588755625352,1013.747
1588755625388,1013.75195
1588755625427,1013.75195
1588755625463,1013.75195
1588755625503,1013.75195
1588755625541,1013.7482
1588755625580,1013.7482
1588755625618,1013.7482
1588755625659,1013.7482
1588755625697,1013.74335
1588755625735,1013.74335
1588755625771,1013.74335
1588755625813,1013.74335
1588755625849,1013.74915
1588755625889,1013.74915
1588755625927,1013.74915
1588755625967,1013.74915
1588755626006,1013.7524
1588755626041,1013.7524
1588755626082,1013.7524
1588755626120,1013.7524
1588755626157,1013.7524
1588755626197,1013.7487
1588755626235,1013.7487
1588755626271,1013.7487
1588755626310,1013.7487
1588755626349,1013.7565
1588755626394,1013.7565
1588755626426,1013.7565
1588755626465,1013.7565
1588755626502,1013.75604
1588755626542,1013.75604
1588755626580,1013.75604
1588755626620,1013.75604
1588755626657,1013.7446
1588755626697,1013.7446
1588755626732,1013.7446
1588755626772,1013.7446
1588755626810,1013.7406
1588755626861,1013.7406
1588755626891,1013.7406
1588755626926,1013.7406
1588755626964,1013.74347
1588755627003,1013.74347
1588755627041,1013.74347
1588755627081,1013.74347
1588755627119,1013.7398
1588755627157,1013.7398
1588755627195,1013.7398
1588755627236,1013.7398
1588755627276,1013.7349
1588755627311,1013.7349
1588755627349,1013.7349
1588755627388,1013.7349
1588755627426,1013.7349
1588755627466,1013.7366
1588755627504,1013.7366
1588755627544,1013.7366
1588755627580,1013.7366
1588755627618,1013.7378
1588755627658,1013.7378
1588755627694,1013.7378
1588755627735,1013.7378
1588755627779,1013.7394
1588755627812,1013.7394
1588755627848,1013.7394
1588755627889,1013.7394
1588755627926,1013.7455
1588755627964,1013.7455
1588755628002,1013.7455
1588755628042,1013.7455
1588755628079,1013.73334
1588755628120,1013.73334
1588755628158,1013.73334
1588755628196,1013.73334
1588755628233,1013.73334
1588755628270,1013.73334
1588755628310,1013.73334
1588755628348,1013.73334
1588755628391,1013.74066
1588755628425,1013.74066
1588755628465,1013.74066
1588755628503,1013.74066
1588755628541,1013.7423
1588755628582,1013.7423
1588755628618,1013.7423
1588755628657,1013.7423
1588755628695,1013.7423
1588755628733,1013.7419
1588755628774,1013.7419
1588755628810,1013.7419
1588755628850,1013.7419
1588755628890,1013.74023
1588755628926,1013.74023
1588755628964,1013.74023
1588755629003,1013.74023
1588755629041,1013.74023
1588755629080,1013.74023
1588755629122,1013.74023
1588755629157,1013.74023
1588755629195,1013.73627
1588755629234,1013.73627
1588755629270,1013.73627
1588755629311,1013.73627
1588755629357,1013.7232
1588755629388,1013.7232
1588755629426,1013.7232
1588755629464,1013.7232
1588755629506,1013.7232
1588755629543,1013.7232
1588755629580,1013.7232
1588755629619,1013.7232
1588755629657,1013.7261
1588755629696,1013.7261
1588755629734,1013.7261
1588755629772,1013.7261
1588755629810,1013.7179
1588755629854,1013.7224
1588755629885,1013.7224
1588755629924,1013.7224
1588755629964,1013.7224
1588755630002,1013.71704
1588755630041,1013.71704
1588755630081,1013.71704
1588755630117,1013.71704
1588755630160,1013.7056
1588755630194,1013.7056
1588755630236,1013.7056
1588755630270,1013.7056
1588755630309,1013.7098
1588755630350,1013.7098
1588755630386,1013.7098
1588755630425,1013.7098
1588755630463,1013.71716
1588755630506,1013.71716
1588755630541,1013.71716
1588755630583,1013.71716
1588755630620,1013.72485
1588755630657,1013.72485
1588755630697,1013.72485
1588755630733,1013.72485
1588755630775,1013.72577
1588755630809,1013.72577
1588755630849,1013.72577
1588755630888,1013.72577
1588755630929,1013.72375
1588755630964,1013.72375
1588755631003,1013.72375
1588755631041,1013.72375
1588755631079,1013.72375
1588755631116,1013.7139
1588755631155,1013.7139
1588755631193,1013.7139
1588755631245,1013.7139
1588755631270,1013.71515
1588755631309,1013.71515
1588755631351,1013.71515
1588755631388,1013.71515
1588755631426,1013.7115
1588755631466,1013.7115
1588755631504,1013.7115
1588755631541,1013.7115
1588755631578,1013.71106
1588755631618,1013.71106
1588755631656,1013.71106
1588755631693,1013.71106
1588755631733,1013.69965
1588755631784,1013.69965
1588755631812,1013.69965
1588755631847,1013.69965
1588755631887,1013.6931
1588755631929,1013.6931
1588755631964,1013.6931
1588755632002,1013.6931
1588755632041,1013.6875
1588755632078,1013.6875
1588755632116,1013.6875
1588755632157,1013.6875
1588755632195,1013.6821
1588755632233,1013.6821
1588755632273,1013.6821
1588755632308,1013.6821
1588755632348,1013.6821
1588755632387,1013.68176
1588755632425,1013.68176
1588755632464,1013.68176
1588755632502,1013.68176
1588755632542,1013.683
1588755632584,1013.683
1588755632621,1013.683
1588755632654,1013.683
1588755632694,1013.6781
1588755632735,1013.6781
1588755632775,1013.6781
1588755632811,1013.6781
1588755632850,1013.6806
1588755632885,1013.6806
1588755632926,1013.6806
1588755632964,1013.6806
1588755633004,1013.6753
1588755633041,1013.6753
1588755633080,1013.6753
1588755633118,1013.6753
1588755633154,1013.67487
1588755633195,1013.67487
1588755633232,1013.67487
1588755633272,1013.67487
1588755633309,1013.67
1588755633347,1013.67
1588755633384,1013.67
1588755633427,1013.67
1588755633464,1013.66345
1588755633502,1013.66345
1588755633540,1013.66345
1588755633580,1013.66345
1588755633616,1013.66345
1588755633657,1013.66797
1588755633694,1013.66797
1588755633732,1013.66797
1588755633770,1013.66797
1588755633810,1013.6647
1588755633849,1013.6647
1588755633886,1013.6647
1588755633924,1013.6647
1588755633962,1013.6672
1588755634002,1013.6672
1588755634040,1013.6672
1588755634078,1013.6672
1588755634116,1013.66394
1588755634155,1013.66394
1588755634196,1013.66394
1588755634232,1013.66394
1588755634274,1013.67334
1588755634307,1013.67334
1588755634348,1013.67334
1588755634387,1013.67334
1588755634424,1013.6778
1588755634463,1013.6778
1588755634501,1013.6778
1588755634543,1013.6778
1588755634578,1013.6725
1588755634616,1013.6725
1588755634655,1013.6725
1588755634695,1013.6725
1588755634735,1013.6725
1588755634771,1013.6725
1588755634807,1013.6725
1588755634847,1013.6725
1588755634887,1013.6725
1588755634924,1013.6704
1588755634964,1013.6704
1588755635003,1013.6704
1588755635040,1013.6704
1588755635077,1013.6672
1588755635116,1013.6672
1588755635156,1013.6672
1588755635193,1013.6672
1588755635230,1013.6681
1588755635273,1013.6681
1588755635308,1013.6681
1588755635347,1013.6681
1588755635387,1013.6758
1588755635423,1013.6758
1588755635462,1013.6758
1588755635500,1013.6758
1588755635538,1013.6803
1588755635579,1013.6803
1588755635625,1013.6803
1588755635661,1013.6803
1588755635693,1013.677
1588755635732,1013.677
1588755635769,1013.677
1588755635809,1013.677
1588755635847,1013.67664
1588755635886,1013.67664
1588755635923,1013.67664
1588755635961,1013.67664
1588755636001,1013.67664
1588755636039,1013.6775
1588755636078,1013.6775
1588755636117,1013.6775
1588755636154,1013.6775
1588755636193,1013.68036
1588755636233,1013.68036
1588755636270,1013.68036
1588755636310,1013.68036
1588755636347,1013.6816
1588755636386,1013.6816
1588755636424,1013.6816
1588755636467,1013.6816
1588755636500,1013.68115
1588755636542,1013.68115
1588755636579,1013.68115
1588755636616,1013.68115
1588755636655,1013.68445
1588755636694,1013.68445
1588755636731,1013.68445
1588755636770,1013.68445
1588755636807,1013.6853
1588755636845,1013.6853
1588755636886,1013.6853
1588755636923,1013.6853
1588755636962,1013.6849
1588755637012,1013.6849
1588755637039,1013.6849
1588755637076,1013.6849
1588755637116,1013.6849
1588755637155,1013.68286
1588755637193,1013.68286
1588755637234,1013.68286
1588755637269,1013.68286
1588755637309,1013.6665
1588755637348,1013.6665
1588755637384,1013.6665
1588755637424,1013.6665
1588755637462,1013.66125
1588755637500,1013.66125
1588755637538,1013.66125
1588755637577,1013.66125
1588755637620,1013.6514
1588755637655,1013.6514
1588755637696,1013.6514
1588755637739,1013.6514
1588755637774,1013.64
1588755637808,1013.64
1588755637847,1013.64
1588755637889,1013.64
1588755637924,1013.62854
1588755637964,1013.62854
1588755638002,1013.62854
1588755638041,1013.62854
1588755638077,1013.61707
1588755638117,1013.61707
1588755638154,1013.61707
1588755638194,1013.61707
1588755638232,1013.6024
1588755638269,1013.6024
1588755638308,1013.6024
1588755638347,1013.6024
1588755638388,1013.6024
1588755638424,1013.5837
1588755638462,1013.5837
1588755638500,1013.5837
1588755638537,1013.5837
1588755638580,1013.5637
1588755638615,1013.5637
1588755638653,1013.5637
1588755638693,1013.5637
1588755638730,1013.5404
1588755638769,1013.5404
1588755638807,1013.5404
1588755638846,1013.5404
1588755638884,1013.51715
1588755638922,1013.51715
1588755638961,1013.51715
1588755639000,1013.51715
1588755639038,1013.4935
1588755639081,1013.4935
1588755639115,1013.4935
1588755639154,1013.4935
1588755639193,1013.4658
1588755639230,1013.4658
1588755639273,1013.4658
1588755639306,1013.4658
1588755639346,1013.4409
1588755639385,1013.4409
1588755639424,1013.4409
1588755639464,1013.4409
1588755639502,1013.4181
1588755639546,1013.4181
1588755639579,1013.4181
1588755639615,1013.4181
1588755639654,1013.4181
1588755639694,1013.3981
1588755639738,1013.3981
1588755639780,1013.3981
1588755639806,1013.3981
1588755639847,1013.37195
1588755639885,1013.37195
1588755639923,1013.37195
1588755639961,1013.37195
1588755639999,1013.34705
1588755640038,1013.34705
1588755640076,1013.34705
1588755640117,1013.34705
1588755640153,1013.32996
1588755640192,1013.32996
1588755640229,1013.32996
1588755640269,1013.32996
1588755640307,1013.3148
1588755640345,1013.3148
1588755640384,1013.3148
1588755640424,1013.3148
1588755640464,1013.3079
1588755640499,1013.3079
1588755640537,1013.3079
1588755640577,1013.3079
1588755640618,1013.29486
1588755640655,1013.29486
1588755640713,1013.29486
1588755640732,1013.29486
1588755640768,1013.28467
1588755640815,1013.28467
1588755640845,1013.28467
1588755640884,1013.28467
1588755640923,1013.28467
1588755640960,1013.2732
1588755641002,1013.2732
1588755641037,1013.2732
1588755641076,1013.2732
1588755641117,1013.2643
1588755641154,1013.2643
1588755641193,1013.2643
1588755641232,1013.2643
1588755641288,1013.2639
1588755641308,1013.2639
1588755641345,1013.2639
1588755641385,1013.2639
1588755641423,1013.2541
1588755641465,1013.2541
1588755641498,1013.2541
1588755641538,1013.2541
1588755641577,1013.25085
1588755641615,1013.25085
1588755641653,1013.25085
1588755641693,1013.25085
1588755641731,1013.2472
1588755641771,1013.2472
1588755641806,1013.2472
1588755641846,1013.2472
1588755641884,1013.24023
1588755641924,1013.24023
1588755641962,1013.24023
1588755641999,1013.24023
1588755642039,1013.24023
1588755642076,1013.2398
1588755642115,1013.2398
1588755642155,1013.2398
1588755642193,1013.2398
1588755642231,1013.2456
1588755642269,1013.2456
1588755642310,1013.2456
1588755642345,1013.2456
1588755642385,1013.2456
1588755642424,1013.2456
1588755642461,1013.2456
1588755642499,1013.2456
1588755642537,1013.2517
1588755642574,1013.2517
1588755642616,1013.2517
1588755642653,1013.2517
1588755642694,1013.2529
1588755642732,1013.2529
1588755642770,1013.2529
1588755642807,1013.2529
1588755642848,1013.24805
1588755642883,1013.24805
1588755642923,1013.24805
1588755642962,1013.24805
1588755643001,1013.2517
1588755643037,1013.2517
1588755643082,1013.2517
1588755643118,1013.2517
1588755643153,1013.24036
1588755643193,1013.24036
1588755643229,1013.24036
1588755643268,1013.24036
1588755643341,1013.24036
1588755643346,1013.2399
1588755643383,1013.2399
1588755643422,1013.2399
1588755643459,1013.2399
1588755643501,1013.2395
1588755643538,1013.2395
1588755643578,1013.2395
1588755643614,1013.2395
1588755643654,1013.2342
1588755643712,1013.2342
1588755643730,1013.2342
1588755643767,1013.2342
1588755643807,1013.226
1588755643845,1013.226
1588755643884,1013.226
1588755643925,1013.226
1588755643963,1013.2269
1588755644004,1013.2269
1588755644039,1013.2269
1588755644076,1013.2269
1588755644114,1013.2334
1588755644154,1013.2334
1588755644191,1013.2334
1588755644231,1013.2334
1588755644269,1013.2334
1588755644311,1013.2334
1588755644344,1013.2334
1588755644383,1013.2334
1588755644423,1013.22815
1588755644462,1013.22815
1588755644512,1013.22815
1588755644536,1013.22815
1588755644574,1013.22815
1588755644613,1013.22156
1588755644652,1013.22156
1588755644692,1013.22156
1588755644729,1013.22156
1588755644767,1013.2183
1588755644806,1013.2183
1588755644845,1013.2183
1588755644883,1013.2183
1588755644923,1013.2191
1588755644962,1013.2191
1588755645003,1013.2191
1588755645037,1013.2191
1588755645076,1013.21423
1588755645116,1013.21423
1588755645154,1013.21423
1588755645191,1013.21423
1588755645232,1013.21875
1588755645268,1013.21875
1588755645307,1013.21875
1588755645344,1013.21875
1588755645385,1013.2138
1588755645425,1013.2138
1588755645460,1013.2138
1588755645500,1013.2138
1588755645540,1013.20984
1588755645576,1013.20984
1588755645614,1013.20984
1588755645663,1013.20984
1588755645690,1013.20984
1588755645730,1013.2094
1588755645768,1013.2094
1588755645807,1013.2094
1588755645844,1013.2094
1588755645885,1013.2041
1588755645920,1013.2041
1588755645960,1013.2041
1588755646001,1013.2041
1588755646040,1013.21594
1588755646075,1013.21594
1588755646114,1013.21594
1588755646152,1013.21594
1588755646191,1013.21716
1588755646230,1013.21716
1588755646271,1013.21716
1588755646306,1013.21716
1588755646343,1013.2107
1588755646383,1013.2107
1588755646423,1013.2107
1588755646461,1013.2107
1588755646500,1013.2135
1588755646538,1013.2135
1588755646575,1013.2135
1588755646615,1013.2135
1588755646653,1013.2147
1588755646690,1013.2147
1588755646729,1013.2147
1588755646767,1013.2147
1588755646809,1013.2189
1588755646845,1013.2189
1588755646883,1013.2189
1588755646926,1013.2189
1588755646961,1013.2189
1588755646997,1013.2107
1588755647037,1013.2107
1588755647076,1013.2107
1588755647116,1013.2107
1588755647152,1013.21967
1588755647193,1013.21967
1588755647229,1013.21967
1588755647267,1013.21967
1588755647309,1013.21643
1588755647343,1013.21643
1588755647383,1013.21643
1588755647424,1013.21643
1588755647463,1013.21686
1588755647498,1013.21686
1588755647537,1013.21686
1588755647577,1013.21686
1588755647615,1013.2136
1588755647663,1013.2136
1588755647690,1013.2136
1588755647727,1013.2136
1588755647767,1013.2197
1588755647811,1013.2197
1588755647843,1013.2197
1588755647882,1013.2197
1588755647921,1013.22424
1588755647960,1013.22424
1588755647998,1013.22424
1588755648036,1013.22424
1588755648074,1013.22095
1588755648113,1013.22095
1588755648151,1013.22095
1588755648191,1013.22095
1588755648228,1013.22095
1588755648265,1013.22546
1588755648306,1013.22546
1588755648345,1013.22546
1588755648382,1013.22546
1588755648421,1013.2283
1588755648460,1013.2283
1588755648500,1013.2283
1588755648535,1013.2283
1588755648574,1013.2348
1588755648615,1013.2348
1588755648653,1013.2348
1588755648689,1013.2348
1588755648729,1013.2406
1588755648768,1013.2406
1588755648805,1013.2406
1588755648842,1013.2406
1588755648882,1013.23895
1588755648922,1013.23895
1588755648959,1013.23895
1588755648998,1013.23895
1588755649036,1013.2418
1588755649077,1013.2418
1588755649113,1013.2418
1588755649153,1013.2418
1588755649190,1013.2414
1588755649227,1013.2414
1588755649267,1013.2414
1588755649310,1013.2414
1588755649344,1013.2414
1588755649383,1013.24585
1588755649432,1013.24585
1588755649460,1013.24585
1588755649498,1013.24585
1588755649535,1013.24097
1588755649576,1013.24097
1588755649617,1013.24097
1588755649654,1013.24097
1588755649690,1013.24347
1588755649729,1013.24347
1588755649768,1013.24347
1588755649808,1013.24347
1588755649843,1013.24677
1588755649886,1013.24677
1588755649922,1013.24677
1588755649960,1013.24677
1588755649999,1013.2512
1588755650037,1013.2512
1588755650074,1013.2512
1588755650113,1013.2512
1588755650151,1013.25244
1588755650190,1013.25244
1588755650231,1013.25244
1588755650267,1013.25244
1588755650305,1013.25366
1588755650343,1013.25366
1588755650383,1013.25366
1588755650421,1013.25366
1588755650458,1013.2504
1588755650497,1013.2504
1588755650538,1013.2504
1588755650576,1013.2504
1588755650613,1013.2504
1588755650650,1013.24963
1588755650690,1013.24963
1588755650729,1013.24963
1588755650769,1013.24963
1588755650805,1013.25085
1588755650846,1013.25085
1588755650880,1013.25085
1588755650922,1013.25085
1588755650959,1013.2505
1588755650997,1013.2505
1588755651035,1013.2505
1588755651073,1013.2505
1588755651113,1013.2472
1588755651153,1013.2472
1588755651190,1013.2472
1588755651230,1013.2472
1588755651270,1013.2505
1588755651304,1013.2505
1588755651344,1013.2505
1588755651382,1013.2505
1588755651420,1013.2484
1588755651459,1013.2484
1588755651497,1013.2484
1588755651537,1013.2484
1588755651574,1013.24677
1588755651611,1013.24677
1588755651651,1013.24677
1588755651697,1013.24677
1588755651727,1013.24475
1588755651766,1013.24475
1588755651805,1013.24475
1588755651844,1013.24475
1588755651881,1013.24475
1588755651922,1013.24634
1588755651958,1013.24634
1588755651996,1013.24634
1588755652039,1013.24634
1588755652072,1013.2456
1588755652111,1013.2456
1588755652150,1013.2456
1588755652193,1013.2456
1588755652228,1013.2423
1588755652268,1013.2423
1588755652304,1013.2423
1588755652348,1013.2423
1588755652382,1013.255
1588755652420,1013.255
1588755652458,1013.255
1588755652497,1013.255
1588755652534,1013.2558
1588755652574,1013.2558
1588755652611,1013.2558
1588755652650,1013.2558
1588755652690,1013.2558
1588755652729,1013.2558
1588755652766,1013.2558
1588755652804,1013.2558
1588755652842,1013.2583
1588755652881,1013.2583
1588755652921,1013.2583
1588755652959,1013.2583
1588755652997,1013.25507
1588755653038,1013.2595
1588755653075,1013.2595
1588755653115,1013.2595
1588755653151,1013.2595
1588755653190,1013.26074
1588755653228,1013.26074
1588755653269,1013.26074
1588755653305,1013.26074
1588755653343,1013.2636
1588755653381,1013.2636
1588755653419,1013.2636
1588755653458,1013.2636
1588755653498,1013.26447
1588755653535,1013.26447
1588755653574,1013.26447
1588755653612,1013.26447
1588755653649,1013.27386
1588755653689,1013.27386
1588755653727,1013.27386
1588755653772,1013.27386
1588755653805,1013.27386
1588755653846,1013.27386
1588755653880,1013.27386
1588755653920,1013.27386
1588755653959,1013.2816
1588755653995,1013.2816
1588755654035,1013.2816
1588755654073,1013.2816
1588755654113,1013.27954
1588755654153,1013.27954
1588755654189,1013.27954
1588755654229,1013.27954
1588755654267,1013.27954
1588755654303,1013.2775
1588755654348,1013.2775
1588755654379,1013.2775
1588755654421,1013.2775
1588755654458,1013.2653
1588755654495,1013.2653
1588755654534,1013.2653
1588755654572,1013.2653
1588755654610,1013.2572
1588755654649,1013.2572
1588755654689,1013.2572
1588755654726,1013.2572
1588755654765,1013.24536
1588755654803,1013.24536
1588755654845,1013.24536
1588755654880,1013.24536
1588755654919,1013.2306
1588755654958,1013.2306
1588755654996,1013.2306
1588755655035,1013.2306
1588755655074,1013.21875
1588755655113,1013.21875
1588755655151,1013.21875
1588755655188,1013.21875
1588755655226,1013.2037
1588755655264,1013.2037
1588755655308,1013.2037
1588755655346,1013.2037
1588755655383,1013.18823
1588755655418,1013.18823
1588755655456,1013.18823
1588755655498,1013.18823
1588755655536,1013.18823
1588755655572,1013.16534
1588755655612,1013.16534
1588755655651,1013.16534
1588755655689,1013.16534
1588755655728,1013.1515
1588755655767,1013.1515
1588755655813,1013.1515
1588755655851,1013.1515
1588755655879,1013.13635
1588755655922,1013.13635
1588755655957,1013.13635
1588755655995,1013.13635
1588755656034,1013.10535
1588755656074,1013.10535
1588755656111,1013.10535
1588755656150,1013.10535
1588755656192,1013.07434
1588755656225,1013.07434
1588755656263,1013.07434
1588755656304,1013.07434
1588755656356,1013.0503
1588755656380,1013.0503
1588755656420,1013.0503
1588755656458,1013.0503
1588755656496,1013.01764
1588755656535,1013.01764
1588755656573,1013.01764
1588755656617,1013.01764
1588755656648,1012.9829
1588755656687,1012.9829
1588755656726,1012.9829
1588755656765,1012.9829
1588755656804,1012.9829
1588755656851,1012.93555
1588755656880,1012.93555
1588755656918,1012.93555
1588755656960,1012.93555
1588755656996,1012.9123
1588755657035,1012.9123
1588755657072,1012.9123
1588755657111,1012.9123
1588755657151,1012.8878
1588755657189,1012.8878
1588755657226,1012.8878
1588755657264,1012.8878
1588755657302,1012.84784
1588755657343,1012.84784
1588755657382,1012.84784
1588755657419,1012.84784
1588755657456,1012.8164
1588755657497,1012.8164
1588755657535,1012.8164
1588755657572,1012.8164
1588755657611,1012.79193
1588755657651,1012.79193
1588755657707,1012.79193
1588755657732,1012.79193
1588755657765,1012.7687
1588755657808,1012.7687
1588755657842,1012.7687
1588755657881,1012.7687
1588755657920,1012.7687
1588755657958,1012.7584
1588755657995,1012.7584
1588755658034,1012.7584
1588755658071,1012.7584
1588755658111,1012.73883
1588755658150,1012.73883
1588755658188,1012.73883
1588755658228,1012.73883
1588755658266,1012.716
1588755658302,1012.716
1588755658341,1012.716
1588755658379,1012.716
1588755658419,1012.69434
1588755658460,1012.69434
1588755658496,1012.69434
1588755658534,1012.69434
1588755658572,1012.6764
1588755658611,1012.6764
1588755658649,1012.6764
1588755658698,1012.6764
1588755658726,1012.6675
1588755658763,1012.6675
1588755658802,1012.6675
1588755658846,1012.6675
1588755658881,1012.6572
1588755658917,1012.6572
1588755658958,1012.6572
1588755658995,1012.6572
1588755659032,1012.6507
1588755659072,1012.6507
1588755659111,1012.6507
1588755659148,1012.6507
1588755659188,1012.6507
1588755659226,1012.65686
1588755659265,1012.65686
1588755659303,1012.65686
1588755659343,1012.65686
1588755659379,1012.6564
1588755659417,1012.6564
1588755659463,1012.6564
1588755659495,1012.6564
1588755659535,1012.65405
1588755659575,1012.65405
1588755659611,1012.65405
1588755659647,1012.65405
1588755659689,1012.6487
1588755659728,1012.6487
1588755659764,1012.6487
1588755659803,1012.6487
1588755659846,1012.6356
1588755659879,1012.6356
1588755659918,1012.6356
1588755659962,1012.6356
1588755659997,1012.63525
1588755660034,1012.63525
1588755660070,1012.63525
1588755660108,1012.63525
1588755660149,1012.70667
1588755660188,1012.70667
1588755660233,1012.70667
1588755660265,1012.70667
1588755660309,1012.656
1588755660340,1012.656
1588755660379,1012.656
1588755660417,1012.656
1588755660458,1012.656
1588755660495,1012.63403
1588755660532,1012.63403
1588755660572,1012.63403
1588755660609,1012.63403
1588755660648,1012.6222
1588755660690,1012.6222
1588755660727,1012.6222
1588755660765,1012.6222
1588755660804,1012.60913
1588755660841,1012.60913
1588755660879,1012.60913
1588755660917,1012.60913
1588755660959,1012.59894
1588755660996,1012.59894
1588755661034,1012.59894
1588755661077,1012.59894
1588755661110,1012.59686
1588755661148,1012.59686
1588755661187,1012.59686
1588755661226,1012.59686
1588755661275,1012.58215
1588755661303,1012.58215
1588755661342,1012.58215
1588755661385,1012.58215
1588755661417,1012.5867
1588755661456,1012.5867
1588755661493,1012.5867
1588755661533,1012.5867
1588755661573,1012.57684
1588755661610,1012.581
1588755661660,1012.581
1588755661686,1012.581
1588755661724,1012.581
