1588755123509,1018.3216
1588755123509,1018.3216
1588755123550,1018.3216
1588755123587,1018.3216
1588755123626,1018.3166
1588755123663,1018.3166
1588755123701,1018.3166
1588755123740,1018.3166
1588755123783,1018.3093
1588755123818,1018.3093
1588755123858,1018.3093
1588755123897,1018.3093
1588755123933,1018.31506
1588755123971,1018.31506
1588755124010,1018.31506
1588755124048,1018.31506
1588755124088,1018.31085
1588755124126,1018.31085
1588755124167,1018.31085
1588755124203,1018.31085
1588755124243,1018.31085
1588755124282,1018.31116
1588755124317,1018.31116
1588755124356,1018.31116
1588755124395,1018.31116
1588755124435,1018.31586
1588755124472,1018.31586
1588755124509,1018.31586
1588755124548,1018.31586
1588755124586,1018.3166
1588755124630,1018.3166
1588755124666,1018.3166
1588755124701,1018.3166
1588755124742,1018.32556
1588755124779,1018.32556
1588755124818,1018.32556
1588755124858,1018.32556
1588755124895,1018.33154
1588755124935,1018.33154
1588755124971,1018.33154
1588755125011,1018.33154
1588755125048,1018.33655
1588755125085,1018.33655
1588755125124,1018.33655
1588755125164,1018.33655
1588755125203,1018.3296
1588755125242,1018.3296
1588755125280,1018.3296
1588755125357,1018.3296
1588755125358,1018.3296
1588755125410,1018.33105
1588755125457,1018.33105
1588755125473,1018.33105
1588755125510,1018.33105
1588755125548,1018.3375
1588755125586,1018.3375
1588755125628,1018.3375
1588755125667,1018.3375
1588755125700,1018.3318
1588755125740,1018.3318
1588755125777,1018.3318
1588755125817,1018.3318
1588755125858,1018.33606
1588755125893,1018.33606
1588755125935,1018.33606
1588755125971,1018.33606
1588755126011,1018.3447
1588755126048,1018.3447
1588755126086,1018.3447
1588755126125,1018.3447
1588755126164,1018.3718
1588755126204,1018.3718
1588755126241,1018.3718
1588755126282,1018.3718
1588755126317,1018.3793
1588755126359,1018.3793
1588755126396,1018.3793
1588755126432,1018.3793
1588755126472,1018.3793
1588755126510,1018.38025
1588755126549,1018.38025
1588755126590,1018.38025
1588755126625,1018.38025
1588755126664,1018.3864
1588755126704,1018.3864
1588755126740,1018.3864
1588755126778,1018.3864
1588755126822,1018.3923
1588755126858,1018.3923
1588755126894,1018.3923
1588755126936,1018.3923
1588755126970,1018.4245
1588755127009,1018.4245
1588755127047,1018.4245
1588755127085,1018.4245
1588755127126,1018.4075
1588755127162,1018.4075
1588755127206,1018.4075
1588755127242,1018.4075
1588755127277,1018.3701
1588755127317,1018.3701
1588755127380,1018.3701
1588755127412,1018.3701
1588755127431,1018.3717
1588755127472,1018.3762
1588755127510,1018.3762
1588755127547,1018.3762
1588755127587,1018.3762
1588755127623,1018.38043
1588755127663,1018.38043
1588755127700,1018.38043
1588755127739,1018.38043
1588755127778,1018.4059
1588755127816,1018.4059
1588755127856,1018.4059
1588755127893,1018.4059
1588755127931,1018.43463
1588755127970,1018.43463
1588755128011,1018.43463
1588755128047,1018.43463
1588755128087,1018.43274
1588755128125,1018.43274
1588755128163,1018.43274
1588755128202,1018.43274
1588755128241,1018.45593
1588755128280,1018.45593
1588755128324,1018.45593
1588755128355,1018.45593
1588755128393,1018.4846
1588755128435,1018.4846
1588755128472,1018.4846
1588755128510,1018.4846
1588755128547,1018.4846
1588755128589,1018.4331
1588755128626,1018.4331
1588755128663,1018.4331
1588755128702,1018.4331
1588755128739,1018.39087
1588755128778,1018.39087
1588755128820,1018.39087
1588755128855,1018.39087
1588755128895,1018.3987
1588755128934,1018.3987
1588755128971,1018.3987
1588755129010,1018.3987
1588755129050,1018.43506
1588755129085,1018.43506
1588755129126,1018.43506
1588755129163,1018.43506
1588755129203,1018.4477
1588755129241,1018.4477
1588755129279,1018.4477
1588755129317,1018.4477
1588755129381,1018.486
1588755129396,1018.486
1588755129434,1018.486
1588755129470,1018.486
1588755129507,1018.48737
1588755129547,1018.48737
1588755129586,1018.48737
1588755129624,1018.48737
1588755129661,1018.48737
1588755129703,1018.53186
1588755129739,1018.53186
1588755129777,1018.53186
1588755129821,1018.53186
1588755129855,1018.5251
1588755129894,1018.5251
1588755129932,1018.5251
1588755129970,1018.5251
1588755130008,1018.47003
1588755130048,1018.47003
1588755130086,1018.47003
1588755130125,1018.47003
1588755130162,1018.4762
1588755130203,1018.4762
1588755130239,1018.4762
1588755130279,1018.4762
1588755130316,1018.51294
1588755130355,1018.51294
1588755130395,1018.51294
1588755130432,1018.51294
1588755130472,1018.51135
1588755130508,1018.51135
1588755130547,1018.51135
1588755130587,1018.51135
1588755130623,1018.5284
1588755130664,1018.5284
1588755130703,1018.5284
1588755130740,1018.5284
1588755130780,1018.5284
1588755130816,1018.5442
1588755130855,1018.5442
1588755130893,1018.5442
1588755130934,1018.5442
1588755130970,1018.5291
1588755131013,1018.5291
1588755131047,1018.5291
1588755131089,1018.5291
1588755131123,1018.6016
1588755131162,1018.6016
1588755131201,1018.6016
1588755131246,1018.6016
1588755131282,1018.5784
1588755131315,1018.5784
1588755131354,1018.5784
1588755131419,1018.5784
1588755131432,1018.5217
1588755131472,1018.5217
1588755131510,1018.5217
1588755131547,1018.5217
1588755131585,1018.50854
1588755131623,1018.50854
1588755131664,1018.50854
1588755131701,1018.50854
1588755131739,1018.51306
1588755131783,1018.51306
1588755131816,1018.51306
1588755131854,1018.51306
1588755131892,1018.51306
1588755131937,1018.5363
1588755131968,1018.5363
1588755132008,1018.5363
1588755132048,1018.5363
1588755132085,1018.54565
1588755132124,1018.54565
1588755132162,1018.54565
1588755132203,1018.54565
1588755132240,1018.5254
1588755132278,1018.5254
1588755132315,1018.5254
1588755132355,1018.5254
1588755132392,1018.5557
1588755132431,1018.5557
1588755132469,1018.5557
1588755132508,1018.5557
1588755132549,1018.55865
1588755132586,1018.55865
1588755132624,1018.55865
1588755132663,1018.55865
1588755132700,1018.52966
1588755132744,1018.52966
1588755132778,1018.52966
1588755132820,1018.52966
1588755132854,1018.52966
1588755132893,1018.51166
1588755132930,1018.51166
1588755132969,1018.51166
1588755133009,1018.51166
1588755133048,1018.5081
1588755133086,1018.5081
1588755133127,1018.5081
1588755133163,1018.5081
1588755133200,1018.5072
1588755133241,1018.5072
1588755133278,1018.5072
1588755133317,1018.5072
1588755133354,1018.5198
1588755133393,1018.5198
1588755133430,1018.5198
1588755133471,1018.5198
1588755133511,1018.5179
1588755133547,1018.5179
1588755133584,1018.5179
1588755133623,1018.5179
1588755133662,1018.50757
1588755133701,1018.50757
1588755133742,1018.50757
1588755133777,1018.50757
1588755133817,1018.5604
1588755133854,1018.5604
1588755133893,1018.5604
1588755133934,1018.5604
1588755133970,1018.5604
1588755134011,1018.5695
1588755134045,1018.5695
1588755134083,1018.5695
1588755134123,1018.5695
1588755134160,1018.546
1588755134201,1018.546
1588755134238,1018.546
1588755134277,1018.546
1588755134318,1018.54114
1588755134354,1018.54114
1588755134391,1018.54114
1588755134431,1018.54114
1588755134471,1018.55023
1588755134508,1018.55023
1588755134549,1018.55023
1588755134592,1018.55023
1588755134622,1018.558
1588755134662,1018.558
1588755134702,1018.558
1588755134740,1018.558
1588755134778,1018.58124
1588755134815,1018.58124
1588755134856,1018.58124
1588755134898,1018.58124
1588755134934,1018.58417
1588755134968,1018.58417
1588755135008,1018.58417
1588755135045,1018.58417
1588755135085,1018.58417
1588755135123,1018.5871
1588755135163,1018.5871
1588755135198,1018.5871
1588755135237,1018.5871
1588755135282,1018.59937
1588755135314,1018.59937
1588755135354,1018.59937
1588755135392,1018.59937
1588755135429,1018.5781
1588755135468,1018.5781
1588755135508,1018.5781
1588755135547,1018.5781
1588755135589,1018.55975
1588755135623,1018.55975
1588755135662,1018.55975
1588755135700,1018.55975
1588755135740,1018.5607
1588755135777,1018.5607
1588755135817,1018.5607
1588755135854,1018.5607
1588755135893,1018.58167
1588755135930,1018.58167
1588755135968,1018.58167
1588755136009,1018.58167
1588755136049,1018.594
1588755136088,1018.594
1588755136123,1018.594
1588755136162,1018.594
1588755136200,1018.594
1588755136239,1018.59045
1588755136276,1018.59045
1588755136316,1018.59045
1588755136354,1018.59045
1588755136394,1018.59143
1588755136434,1018.59143
1588755136469,1018.59143
1588755136507,1018.59143
1588755136546,1018.6314
1588755136588,1018.6314
1588755136635,1018.6314
1588755136661,1018.6314
1588755136698,1018.61633
1588755136740,1018.61633
1588755136777,1018.61633
1588755136815,1018.61633
1588755136853,1018.5967
1588755136892,1018.5967
1588755136932,1018.5967
1588755136968,1018.5967
1588755137008,1018.59924
1588755137047,1018.59924
1588755137084,1018.59924
1588755137123,1018.59924
1588755137161,1018.6154
1588755137198,1018.6154
1588755137238,1018.6154
1588755137278,1018.6154
1588755137318,1018.6154
1588755137352,1018.63416
1588755137392,1018.63416
1588755137430,1018.63416
1588755137467,1018.63416
1588755137509,1018.6467
1588755137549,1018.6467
1588755137584,1018.6467
1588755137624,1018.6467
1588755137664,1018.6477
1588755137699,1018.6477
1588755137738,1018.6477
1588755137778,1018.6477
1588755137815,1018.7245
1588755137852,1018.7245
1588755137892,1018.7245
1588755137930,1018.7245
1588755137967,1018.72064
1588755138007,1018.72064
1588755138046,1018.72064
1588755138084,1018.72064
1588755138122,1018.672
1588755138164,1018.672
1588755138198,1018.672
1588755138238,1018.672
1588755138276,1018.672
1588755138314,1018.6749
1588755138352,1018.6749
1588755138392,1018.6749
1588755138434,1018.6749
1588755138471,1018.67944
1588755138507,1018.67944
1588755138546,1018.67944
1588755138583,1018.67944
1588755138622,1018.68884
1588755138662,1018.68884
1588755138700,1018.68884
1588755138736,1018.68884
1588755138775,1018.704
1588755138816,1018.704
1588755138852,1018.704
1588755138892,1018.704
1588755138929,1018.69727
1588755138968,1018.69727
1588755139007,1018.69727
1588755139044,1018.69727
1588755139085,1018.6818
1588755139123,1018.6818
1588755139161,1018.6818
1588755139199,1018.6818
1588755139238,1018.775
1588755139278,1018.775
1588755139316,1018.775
1588755139353,1018.775
1588755139391,1018.775
1588755139430,1018.73444
1588755139469,1018.73444
1588755139508,1018.73444
1588755139547,1018.73444
1588755139583,1018.7051
1588755139622,1018.7051
1588755139660,1018.7051
1588755139700,1018.7051
1588755139737,1018.71576
1588755139777,1018.71576
1588755139823,1018.71576
1588755139855,1018.71576
1588755139892,1018.7474
1588755139932,1018.7474
1588755139969,1018.7474
1588755140006,1018.7474
1588755140047,1018.7503
1588755140084,1018.7503
1588755140121,1018.7503
1588755140160,1018.7503
1588755140200,1018.72266
1588755140238,1018.72266
1588755140277,1018.72266
1588755140319,1018.72266
1588755140354,1018.76196
1588755140392,1018.76196
1588755140430,1018.76196
1588755140468,1018.76196
1588755140506,1018.76196
1588755140545,1018.75653
1588755140583,1018.75653
1588755140624,1018.75653
1588755140660,1018.75653
1588755140701,1018.7478
1588755140749,1018.7478
1588755140778,1018.7478
1588755140817,1018.7478
1588755140852,1018.7231
1588755140891,1018.7231
1588755140931,1018.7231
1588755140969,1018.7231
1588755141006,1018.70984
1588755141047,1018.70984
1588755141083,1018.70984
1588755141122,1018.70984
1588755141162,1018.70734
1588755141198,1018.70734
1588755141236,1018.70734
1588755141277,1018.70734
1588755141313,1018.71155
1588755141353,1018.71155
1588755141390,1018.71155
1588755141429,1018.71155
1588755141467,1018.6964
1588755141506,1018.6964
1588755141545,1018.6964
1588755141582,1018.6964
1588755141623,1018.6964
1588755141660,1018.74255
1588755141702,1018.74255
1588755141739,1018.74255
1588755141774,1018.74255
1588755141814,1018.7342
1588755141852,1018.7342
1588755141892,1018.7342
1588755141930,1018.7342
1588755141970,1018.70166
1588755142007,1018.70166
1588755142044,1018.70166
1588755142082,1018.70166
1588755142120,1018.6946
1588755142160,1018.6946
1588755142201,1018.6946
1588755142236,1018.6946
1588755142274,1018.69104
1588755142314,1018.69104
1588755142352,1018.69104
1588755142390,1018.69104
1588755142428,1018.7066
1588755142474,1018.7066
1588755142506,1018.7066
1588755142545,1018.7066
1588755142582,1018.7253
1588755142622,1018.7253
1588755142661,1018.7253
1588755142699,1018.7253
1588755142737,1018.7253
1588755142774,1018.7298
1588755142814,1018.7298
1588755142853,1018.7298
1588755142889,1018.7298
1588755142928,1018.7276
1588755142967,1018.7276
1588755143005,1018.7276
1588755143045,1018.7276
1588755143083,1018.75275
1588755143123,1018.75275
1588755143159,1018.75275
1588755143199,1018.75275
1588755143238,1018.7586
1588755143275,1018.7586
1588755143313,1018.7586
1588755143354,1018.7586
1588755143388,1018.72284
1588755143429,1018.72284
1588755143468,1018.72284
1588755143514,1018.72284
1588755143546,1018.7306
1588755143584,1018.7306
1588755143623,1018.7306
1588755143659,1018.7306
1588755143700,1018.7445
1588755143736,1018.7445
1588755143774,1018.7445
1588755143814,1018.7445
1588755143850,1018.7445
1588755143889,1018.7458
1588755143930,1018.7458
1588755143968,1018.7458
1588755144005,1018.7458
1588755144049,1018.74255
1588755144082,1018.74255
1588755144123,1018.74255
1588755144159,1018.74255
1588755144200,1018.74066
1588755144236,1018.74066
1588755144274,1018.74066
1588755144312,1018.74066
1588755144350,1018.7936
1588755144388,1018.7936
1588755144428,1018.7936
1588755144466,1018.7936
1588755144507,1018.79126
1588755144543,1018.79126
1588755144583,1018.79126
1588755144620,1018.79126
1588755144659,1018.75366
1588755144697,1018.75366
1588755144736,1018.75366
1588755144778,1018.75366
1588755144812,1018.75366
1588755144853,1018.763
1588755144890,1018.763
1588755144930,1018.763
1588755144965,1018.763
1588755145005,1018.7865
1588755145045,1018.7865
1588755145082,1018.7865
1588755145120,1018.7865
1588755145161,1018.7975
1588755145197,1018.7975
1588755145237,1018.7975
1588755145274,1018.7975
1588755145312,1018.8214
1588755145352,1018.8214
1588755145388,1018.8214
1588755145427,1018.8214
1588755145465,1018.814
1588755145504,1018.814
1588755145544,1018.814
1588755145582,1018.814
1588755145621,1018.854
1588755145658,1018.854
1588755145699,1018.854
1588755145734,1018.854
1588755145773,1018.82764
1588755145813,1018.82764
1588755145857,1018.82764
1588755145890,1018.82764
1588755145927,1018.82764
1588755145967,1018.8331
1588755146004,1018.8331
1588755146045,1018.8331
1588755146082,1018.8331
1588755146119,1018.8183
1588755146159,1018.8183
1588755146197,1018.8183
1588755146234,1018.8183
1588755146272,1018.8148
1588755146313,1018.8148
1588755146359,1018.8148
1588755146389,1018.8148
1588755146427,1018.8226
1588755146467,1018.8226
1588755146504,1018.8226
1588755146543,1018.8226
1588755146582,1018.8426
1588755146619,1018.8426
1588755146663,1018.8426
1588755146697,1018.8426
1588755146736,1018.81006
1588755146774,1018.81006
1588755146813,1018.81006
1588755146855,1018.81006
1588755146889,1018.85004
1588755146928,1018.85004
1588755146967,1018.85004
1588755147006,1018.85004
1588755147042,1018.85004
1588755147081,1018.85583
1588755147121,1018.85583
1588755147158,1018.85583
1588755147198,1018.85583
1588755147236,1018.8104
1588755147276,1018.8104
1588755147312,1018.8104
1588755147350,1018.8104
1588755147389,1018.7908
1588755147427,1018.7908
1588755147467,1018.7908
1588755147505,1018.7908
1588755147544,1018.78754
1588755147583,1018.78754
1588755147622,1018.78754
1588755147658,1018.78754
1588755147697,1018.805
1588755147736,1018.805
1588755147774,1018.805
1588755147812,1018.805
1588755147850,1018.82336
1588755147888,1018.82336
1588755147929,1018.82336
1588755147966,1018.82336
1588755148005,1018.84406
1588755148043,1018.84406
1588755148083,1018.84406
1588755148121,1018.84406
1588755148160,1018.84406
1588755148197,1018.91113
1588755148234,1018.91113
1588755148275,1018.91113
1588755148316,1018.91113
1588755148355,1018.875
1588755148388,1018.875
1588755148427,1018.875
1588755148466,1018.875
1588755148504,1018.828
1588755148543,1018.828
1588755148582,1018.828
1588755148620,1018.828
1588755148659,1018.8419
1588755148698,1018.8419
1588755148735,1018.8419
1588755148775,1018.8419
1588755148813,1018.87317
1588755148851,1018.87317
1588755148891,1018.87317
1588755148928,1018.87317
1588755148966,1018.8858
1588755149005,1018.8858
1588755149047,1018.8858
1588755149084,1018.8858
1588755149119,1018.8858
1588755149158,1018.89197
1588755149197,1018.89197
1588755149235,1018.89197
1588755149273,1018.89197
1588755149313,1018.9239
1588755149352,1018.9239
1588755149389,1018.9239
1588755149427,1018.9239
1588755149465,1018.9523
1588755149504,1018.9523
1588755149544,1018.9523
1588755149583,1018.9523
1588755149620,1018.8633
1588755149657,1018.8633
1588755149697,1018.8633
1588755149737,1018.8633
1588755149775,1018.874
1588755149815,1018.874
1588755149851,1018.874
1588755149889,1018.874
1588755149927,1018.9265
1588755149966,1018.9265
1588755150003,1018.9265
1588755150043,1018.9265
1588755150086,1018.9153
1588755150120,1018.9153
1588755150158,1018.9153
1588755150195,1018.9153
1588755150235,1018.9153
1588755150273,1018.9133
1588755150313,1018.9133
1588755150355,1018.9133
1588755150388,1018.9133
1588755150427,1018.9579
1588755150465,1018.9579
1588755150503,1018.9579
1588755150541,1018.9579
1588755150580,1018.94434
1588755150619,1018.94434
1588755150658,1018.94434
1588755150697,1018.94434
1588755150735,1018.9341
1588755150772,1018.9341
1588755150812,1018.9341
1588755150850,1018.9341
1588755150890,1018.9531
1588755150927,1018.9531
1588755150964,1018.9531
1588755151005,1018.9531
1588755151041,1018.9686
1588755151082,1018.9686
1588755151120,1018.9686
1588755151157,1018.9686
1588755151196,1018.9857
1588755151235,1018.9857
1588755151274,1018.9857
1588755151312,1018.9857
1588755151351,1018.9857
1588755151387,1018.9722
1588755151430,1018.9722
1588755151464,1018.9722
1588755151503,1018.9722
1588755151545,1018.978
1588755151579,1018.978
1588755151620,1018.978
1588755151660,1018.978
1588755151698,1019.0519
1588755151736,1019.0519
1588755151774,1019.0519
1588755151812,1019.0519
1588755151850,1018.9774
1588755151887,1018.9774
1588755151926,1018.9774
1588755151965,1018.9774
1588755152004,1018.96844
1588755152043,1018.96844
1588755152081,1018.96844
1588755152120,1018.96844
1588755152157,1018.9488
1588755152196,1018.9488
1588755152237,1018.9488
1588755152272,1018.9488
1588755152311,1018.9759
1588755152357,1018.9759
1588755152388,1018.9759
1588755152425,1018.9759
1588755152471,1018.9759
1588755152505,1019.0111
1588755152542,1019.0111
1588755152580,1019.0111
1588755152621,1019.0111
1588755152659,1018.9892
1588755152696,1018.9892
1588755152733,1018.9892
1588755152774,1018.9892
1588755152810,1019.034
1588755152861,1019.034
1588755152888,1019.034
1588755152926,1019.034
1588755152964,1019.0111
1588755153004,1019.0111
1588755153045,1019.0111
1588755153080,1019.0111
1588755153118,1018.9957
1588755153158,1018.9957
1588755153199,1018.9957
1588755153246,1018.9957
1588755153272,1018.9828
1588755153312,1018.9828
1588755153349,1018.9828
1588755153387,1018.9828
1588755153426,1018.98706
1588755153466,1018.98706
1588755153502,1018.98706
1588755153541,1018.98706
1588755153580,1018.98706
1588755153619,1018.9916
1588755153657,1018.9916
1588755153696,1018.9916
1588755153734,1018.9916
1588755153775,1019.00806
1588755153811,1019.00806
1588755153849,1019.00806
1588755153890,1019.00806
1588755153925,1019.01294
1588755153964,1019.01294
1588755154002,1019.01294
1588755154043,1019.01294
1588755154081,1019.06195
1588755154120,1019.06195
1588755154157,1019.06195
1588755154195,1019.06195
1588755154234,1019.0468
1588755154272,1019.0468
1588755154312,1019.0468
1588755154353,1019.0468
1588755154388,1019.0249
1588755154426,1019.0249
1588755154467,1019.0249
1588755154502,1019.0249
1588755154543,1019.0249
1588755154581,1019.034
1588755154620,1019.034
1588755154657,1019.034
1588755154695,1019.034
1588755154733,1019.0544
1588755154773,1019.0544
1588755154818,1019.0544
1588755154852,1019.0544
1588755154886,1019.0553
1588755154926,1019.0553
1588755154965,1019.0553
1588755155002,1019.0553
1588755155067,1019.05634
1588755155082,1019.05634
1588755155118,1019.05634
1588755155157,1019.05634
1588755155196,1019.0754
1588755155235,1019.0754
1588755155272,1019.0754
1588755155310,1019.0754
1588755155351,1019.10864
1588755155386,1019.10864
1588755155426,1019.10864
1588755155464,1019.10864
1588755155502,1019.0951
1588755155541,1019.0951
1588755155580,1019.0951
1588755155617,1019.0951
1588755155655,1019.0951
1588755155695,1019.03674
1588755155735,1019.03674
1588755155773,1019.03674
1588755155814,1019.03674
1588755155849,1019.0426
1588755155890,1019.0426
1588755155925,1019.0426
1588755155967,1019.0426
1588755156001,1019.0646
1588755156040,1019.0646
1588755156079,1019.0646
1588755156121,1019.0646
1588755156157,1019.08105
1588755156194,1019.08105
1588755156235,1019.08105
1588755156272,1019.08105
1588755156311,1019.08984
1588755156355,1019.08984
1588755156388,1019.08984
1588755156424,1019.08984
1588755156465,1019.1124
1588755156502,1019.1124
1588755156541,1019.1124
1588755156579,1019.1124
1588755156619,1019.17896
1588755156656,1019.17896
1588755156697,1019.17896
1588755156733,1019.17896
1588755156777,1019.17896
1588755156810,1019.13385
1588755156851,1019.13385
1588755156886,1019.13385
1588755156924,1019.13385
1588755156963,1019.0856
1588755157002,1019.0856
1588755157046,1019.0856
1588755157079,1019.0856
1588755157118,1019.07947
1588755157157,1019.07947
1588755157195,1019.07947
1588755157235,1019.07947
1588755157271,1019.1037
1588755157311,1019.1037
1588755157349,1019.1037
1588755157390,1019.1037
1588755157424,1019.10925
1588755157465,1019.10925
1588755157503,1019.10925
1588755157546,1019.10925
1588755157578,1019.12225
1588755157618,1019.12225
1588755157657,1019.12225
1588755157697,1019.12225
1588755157733,1019.151
1588755157772,1019.151
1588755157811,1019.151
1588755157850,1019.151
1588755157894,1019.151
1588755157926,1019.16235
1588755157967,1019.16235
1588755158002,1019.16235
1588755158041,1019.16235
1588755158078,1019.15405
1588755158122,1019.15405
1588755158156,1019.15405
1588755158203,1019.15405
1588755158233,1019.12994
1588755158271,1019.12994
1588755158308,1019.12994
1588755158350,1019.12994
1588755158390,1019.1471
1588755158426,1019.1471
1588755158464,1019.1471
1588755158502,1019.1471
1588755158541,1019.1533
1588755158580,1019.1533
1588755158624,1019.1533
1588755158655,1019.1533
1588755158695,1019.1776
1588755158733,1019.1776
1588755158773,1019.1776
1588755158811,1019.1776
1588755158849,1019.20184
1588755158885,1019.20184
1588755158926,1019.20184
1588755158964,1019.20184
1588755159003,1019.20184
1588755159041,1019.179
1588755159079,1019.179
1588755159121,1019.179
1588755159155,1019.179
1588755159194,1019.2097
1588755159232,1019.2097
1588755159271,1019.2097
1588755159310,1019.2097
1588755159349,1019.24365
1588755159387,1019.24365
1588755159424,1019.24365
1588755159465,1019.24365
1588755159503,1019.2169
1588755159543,1019.2169
1588755159578,1019.2169
1588755159617,1019.2169
1588755159656,1019.20734
1588755159693,1019.20734
1588755159733,1019.20734
1588755159771,1019.20734
1588755159808,1019.20123
1588755159851,1019.20123
1588755159890,1019.20123
1588755159924,1019.20123
1588755159963,1019.1851
1588755160002,1019.20294
1588755160041,1019.20294
1588755160079,1019.20294
1588755160117,1019.20294
1588755160156,1019.2159
1588755160194,1019.2159
1588755160234,1019.2159
1588755160273,1019.2159
1588755160314,1019.2192
1588755160348,1019.2192
1588755160388,1019.2192
1588755160425,1019.2192
1588755160464,1019.22955
1588755160501,1019.22955
1588755160544,1019.22955
1588755160578,1019.22955
1588755160617,1019.21246
1588755160655,1019.21246
1588755160695,1019.21246
1588755160732,1019.21246
1588755160770,1019.2532
1588755160809,1019.2532
1588755160848,1019.2532
1588755160890,1019.2532
1588755160924,1019.2232
1588755160965,1019.2232
1588755161002,1019.2232
1588755161038,1019.2232
1588755161078,1019.2232
1588755161117,1019.19165
1588755161156,1019.19165
1588755161193,1019.19165
1588755161232,1019.19165
1588755161271,1019.20874
1588755161310,1019.20874
1588755161348,1019.20874
1588755161386,1019.20874
1588755161424,1019.2349
1588755161462,1019.2349
1588755161502,1019.2349
1588755161542,1019.2349
1588755161578,1019.2466
1588755161616,1019.2466
1588755161656,1019.2466
1588755161711,1019.2466
1588755161737,1019.2505
1588755161769,1019.2505
1588755161813,1019.2505
1588755161848,1019.2505
1588755161887,1019.29956
1588755161925,1019.29956
1588755161963,1019.29956
1588755162001,1019.29956
1588755162039,1019.2941
1588755162078,1019.2941
1588755162116,1019.2941
1588755162156,1019.2941
1588755162194,1019.2941
1588755162233,1019.2626
1588755162273,1019.2626
1588755162309,1019.2626
1588755162348,1019.2626
1588755162391,1019.2668
1588755162424,1019.2668
1588755162462,1019.2668
1588755162504,1019.2668
1588755162539,1019.29004
1588755162582,1019.29004
1588755162624,1019.29004
1588755162654,1019.29004
1588755162693,1019.28784
1588755162732,1019.28784
1588755162770,1019.28784
1588755162811,1019.28784
1588755162846,1019.30457
1588755162886,1019.30457
1588755162925,1019.30457
1588755162961,1019.30457
1588755163001,1019.2914
1588755163040,1019.2914
1588755163077,1019.2914
1588755163117,1019.2914
1588755163156,1019.3037
1588755163193,1019.3037
1588755163231,1019.3037
1588755163272,1019.3037
1588755163310,1019.3037
1588755163348,1019.314
1588755163391,1019.314
1588755163423,1019.314
1588755163475,1019.314
1588755163501,1019.2618
1588755163539,1019.2618
1588755163577,1019.2618
1588755163616,1019.2618
1588755163654,1019.26404
1588755163693,1019.26404
1588755163733,1019.26404
1588755163770,1019.26404
1588755163808,1019.2847
1588755163847,1019.2847
1588755163886,1019.2847
1588755163923,1019.2847
1588755163961,1019.29736
1588755164001,1019.29736
1588755164039,1019.29736
1588755164077,1019.29736
1588755164116,1019.3158
1588755164155,1019.3158
1588755164193,1019.3158
1588755164232,1019.3158
1588755164269,1019.3364
1588755164312,1019.3364
1588755164345,1019.3364
1588755164383,1019.3364
1588755164430,1019.3364
1588755164460,1019.3216
1588755164499,1019.3216
1588755164540,1019.3216
1588755164578,1019.3216
1588755164617,1019.30774
1588755164654,1019.30774
1588755164693,1019.30774
1588755164734,1019.30774
1588755164773,1019.3281
1588755164809,1019.3281
1588755164846,1019.3281
1588755164887,1019.3281
1588755164925,1019.3488
1588755164961,1019.3488
1588755165001,1019.3488
1588755165040,1019.3488
1588755165079,1019.3436
1588755165116,1019.3436
1588755165155,1019.3436
1588755165192,1019.3436
1588755165231,1019.36395
1588755165268,1019.36395
1588755165308,1019.36395
1588755165347,1019.36395
1588755165385,1019.365
1588755165422,1019.365
1588755165466,1019.365
1588755165503,1019.365
1588755165539,1019.365
1588755165577,1019.4302
1588755165615,1019.4302
1588755165655,1019.4302
1588755165693,1019.4302
1588755165731,1019.4028
1588755165769,1019.4028
1588755165809,1019.4028
1588755165855,1019.4028
1588755165884,1019.3944
1588755165922,1019.3944
1588755165961,1019.3944
1588755165999,1019.3944
1588755166039,1019.37146
1588755166078,1019.37146
1588755166115,1019.37146
1588755166153,1019.37146
1588755166193,1019.3744
1588755166232,1019.3744
1588755166268,1019.3744
1588755166307,1019.3744
1588755166348,1019.3948
1588755166384,1019.3948
1588755166423,1019.3948
1588755166464,1019.3948
1588755166500,1019.40576
1588755166541,1019.40576
1588755166577,1019.40576
1588755166618,1019.40576
1588755166654,1019.40576
1588755166693,1019.37964
1588755166735,1019.37964
1588755166771,1019.37964
1588755166809,1019.37964
1588755166846,1019.43256
1588755166884,1019.43256
1588755166923,1019.43256
1588755166962,1019.43256
1588755167000,1019.40485
1588755167038,1019.40485
1588755167076,1019.40485
1588755167117,1019.40485
1588755167154,1019.39325
1588755167192,1019.39325
1588755167231,1019.39325
1588755167270,1019.39325
1588755167306,1019.3658
1588755167348,1019.3658
1588755167385,1019.3658
1588755167422,1019.3658
1588755167463,1019.3639
1588755167501,1019.3639
1588755167539,1019.3639
1588755167576,1019.3639
1588755167616,1019.3639
1588755167654,1019.3797
1588755167694,1019.3797
1588755167732,1019.3797
1588755167769,1019.3797
1588755167807,1019.3762
1588755167845,1019.3762
1588755167884,1019.3762
1588755167926,1019.3762
1588755167960,1019.361
1588755168002,1019.361
1588755168037,1019.361
1588755168077,1019.361
1588755168115,1019.37366
1588755168153,1019.37366
1588755168192,1019.37366
1588755168231,1019.37366
1588755168269,1019.3362
1588755168309,1019.3362
1588755168344,1019.3362
1588755168384,1019.3362
1588755168423,1019.3385
1588755168463,1019.3385
1588755168500,1019.3385
1588755168538,1019.3385
1588755168576,1019.3721
1588755168613,1019.3721
1588755168655,1019.3721
1588755168693,1019.3721
1588755168730,1019.3721
1588755168770,1019.39307
1588755168807,1019.39307
1588755168848,1019.39307
1588755168885,1019.39307
1588755168923,1019.40405
1588755168962,1019.40405
1588755169000,1019.40405
1588755169038,1019.40405
1588755169077,1019.39404
1588755169116,1019.39404
1588755169157,1019.39404
1588755169192,1019.39404
1588755169234,1019.39856
1588755169270,1019.39856
1588755169307,1019.39856
1588755169346,1019.39856
1588755169386,1019.4544
1588755169422,1019.4544
1588755169462,1019.4544
1588755169499,1019.4544
1588755169537,1019.4541
1588755169575,1019.4541
1588755169614,1019.4541
1588755169658,1019.4541
1588755169693,1019.42316
1588755169730,1019.42316
1588755169767,1019.42316
1588755169806,1019.42316
1588755169846,1019.42316
1588755169884,1019.4296
1588755169936,1019.4296
1588755169960,1019.4296
1588755169998,1019.4296
1588755170038,1019.4293
1588755170076,1019.4293
1588755170115,1019.4293
1588755170152,1019.4293
1588755170193,1019.427
1588755170231,1019.427
1588755170268,1019.427
1588755170309,1019.427
1588755170345,1019.4509
1588755170386,1019.4509
1588755170423,1019.4509
1588755170460,1019.4509
1588755170501,1019.4474
1588755170538,1019.4474
1588755170578,1019.4474
1588755170618,1019.4474
1588755170652,1019.47455
1588755170691,1019.47455
1588755170730,1019.47455
1588755170769,1019.47455
1588755170807,1019.5239
1588755170846,1019.5239
1588755170885,1019.5239
1588755170925,1019.5239
1588755170960,1019.5239
1588755171003,1019.4981
1588755171037,1019.4981
1588755171076,1019.4981
1588755171115,1019.4981
1588755171152,1019.47034
1588755171190,1019.47034
1588755171231,1019.47034
1588755171268,1019.47034
1588755171307,1019.47815
1588755171346,1019.47815
1588755171383,1019.47815
1588755171425,1019.47815
1588755171460,1019.48456
1588755171499,1019.48456
1588755171537,1019.48456
1588755171575,1019.48456
1588755171616,1019.4988
1588755171653,1019.4988
1588755171691,1019.4988
1588755171728,1019.4988
1588755171769,1019.51495
1588755171806,1019.51495
1588755171846,1019.51495
1588755171884,1019.51495
1588755171921,1019.5385
1588755171962,1019.5385
1588755171998,1019.5385
1588755172040,1019.5385
1588755172075,1019.5385
1588755172113,1019.54114
1588755172152,1019.54114
1588755172192,1019.54114
1588755172233,1019.54114
1588755172268,1019.51984
1588755172306,1019.51984
1588755172346,1019.51984
1588755172383,1019.51984
1588755172421,1019.55505
1588755172462,1019.55505
1588755172500,1019.55505
1588755172537,1019.55505
1588755172576,1019.5544
1588755172615,1019.5544
1588755172654,1019.5544
1588755172694,1019.5544
1588755172730,1019.5783
1588755172769,1019.5783
1588755172808,1019.5783
1588755172845,1019.5783
1588755172884,1019.6054
1588755172921,1019.6054
1588755172960,1019.6054
1588755172999,1019.6054
1588755173037,1019.5777
1588755173077,1019.5777
1588755173115,1019.5777
1588755173153,1019.5777
1588755173191,1019.5777
1588755173230,1019.62866
1588755173268,1019.62866
1588755173310,1019.62866
1588755173345,1019.62866
1588755173384,1019.61707
1588755173425,1019.61707
1588755173460,1019.61707
1588755173500,1019.61707
1588755173555,1019.59125
1588755173575,1019.59125
1588755173615,1019.59125
1588755173656,1019.59125
1588755173693,1019.57324
1588755173728,1019.57324
1588755173768,1019.57324
1588755173807,1019.57324
1588755173845,1019.5713
1588755173883,1019.5713
1588755173927,1019.5713
1588755173961,1019.5713
1588755173999,1019.5771
1588755174037,1019.5771
1588755174075,1019.5771
1588755174113,1019.5771
1588755174152,1019.56903
1588755174190,1019.56903
1588755174228,1019.56903
1588755174268,1019.56903
1588755174305,1019.56903
1588755174345,1019.5897
1588755174383,1019.5897
1588755174426,1019.5897
1588755174459,1019.5897
1588755174504,1019.6346
1588755174538,1019.6346
1588755174575,1019.6346
1588755174612,1019.6346
1588755174653,1019.644
1588755174692,1019.644
1588755174729,1019.644
1588755174767,1019.644
1588755174806,1019.5665
1588755174844,1019.5665
1588755174882,1019.5665
1588755174947,1019.5665
1588755174959,1019.57104
1588755174997,1019.57104
1588755175038,1019.57104
1588755175074,1019.57104
1588755175116,1019.58813
1588755175154,1019.58813
1588755175190,1019.58813
1588755175229,1019.58813
1588755175268,1019.58813
1588755175307,1019.5878
1588755175345,1019.5878
1588755175382,1019.5878
1588755175424,1019.5878
1588755175459,1019.60364
1588755175497,1019.60364
1588755175538,1019.60364
1588755175574,1019.60364
1588755175626,1019.60986
1588755175653,1019.60986
1588755175690,1019.60986
1588755175730,1019.60986
1588755175767,1019.647
1588755175807,1019.647
1588755175845,1019.647
1588755175882,1019.647
1588755175924,1019.6043
1588755175960,1019.6043
1588755175998,1019.6043
1588755176037,1019.6043
1588755176075,1019.6024
1588755176115,1019.6024
1588755176152,1019.6024
1588755176191,1019.6024
1588755176230,1019.6276
1588755176267,1019.6276
1588755176306,1019.6276
1588755176344,1019.6276
1588755176382,1019.6276
1588755176424,1019.63245
1588755176459,1019.63245
1588755176497,1019.63245
1588755176536,1019.63245
1588755176576,1019.6447
1588755176613,1019.6447
1588755176653,1019.6447
1588755176691,1019.6447
1588755176731,1019.6377
1588755176766,1019.6377
1588755176805,1019.6377
1588755176844,1019.6377
1588755176882,1019.6583
1588755176921,1019.6583
1588755176958,1019.6583
1588755176998,1019.6583
1588755177037,1019.669
1588755177075,1019.669
1588755177113,1019.669
1588755177152,1019.669
1588755177188,1019.61383
1588755177227,1019.61383
1588755177268,1019.61383
1588755177306,1019.61383
1588755177343,1019.6248
1588755177382,1019.6248
1588755177426,1019.6248
1588755177458,1019.6248
1588755177497,1019.6248
1588755177535,1019.6568
1588755177576,1019.6568
1588755177614,1019.6568
1588755177652,1019.6568
1588755177691,1019.66296
1588755177728,1019.66296
1588755177767,1019.66296
1588755177808,1019.66296
1588755177843,1019.67004
1588755177882,1019.67004
1588755177921,1019.67004
1588755177960,1019.67004
1588755177999,1019.6859
1588755178034,1019.6859
1588755178075,1019.6859
1588755178114,1019.6859
1588755178151,1019.7085
1588755178190,1019.7085
1588755178227,1019.7085
1588755178266,1019.7085
1588755178306,1019.65656
1588755178343,1019.65656
1588755178382,1019.65656
1588755178420,1019.65656
1588755178458,1019.6769
1588755178498,1019.6769
1588755178535,1019.6769
1588755178574,1019.6769
1588755178612,1019.6769
1588755178652,1019.6959
1588755178695,1019.6959
1588755178729,1019.6959
1588755178769,1019.6959
1588755178805,1019.70044
1588755178843,1019.70044
1588755178884,1019.70044
1588755178921,1019.70044
1588755178958,1019.7147
1588755178995,1019.7147
1588755179035,1019.7147
1588755179075,1019.7147
1588755179114,1019.71216
1588755179157,1019.71216
1588755179189,1019.71216
1588755179228,1019.71216
1588755179266,1019.80383
1588755179308,1019.80383
1588755179343,1019.80383
1588755179381,1019.80383
1588755179420,1019.77637
1588755179457,1019.77637
1588755179496,1019.77637
1588755179537,1019.77637
1588755179575,1019.7761
1588755179614,1019.7761
1588755179652,1019.7761
1588755179691,1019.7761
1588755179728,1019.7761
1588755179767,1019.74994
1588755179805,1019.74994
1588755179843,1019.74994
1588755179883,1019.74994
1588755179949,1019.76385
1588755179957,1019.76385
1588755179996,1019.76385
1588755180043,1019.76385
1588755180073,1019.77515
1588755180110,1019.77515
1588755180151,1019.77515
1588755180189,1019.77515
1588755180229,1019.7764
1588755180265,1019.7764
1588755180308,1019.7764
1588755180344,1019.7764
1588755180392,1019.7665
1588755180423,1019.7665
1588755180457,1019.7665
1588755180497,1019.7665
1588755180536,1019.813
1588755180575,1019.813
1588755180615,1019.813
1588755180651,1019.813
1588755180689,1019.7978
1588755180732,1019.7978
1588755180766,1019.7978
1588755180805,1019.7978
1588755180843,1019.7978
1588755180880,1019.8007
1588755180920,1019.8007
1588755180957,1019.8007
1588755180997,1019.8007
1588755181034,1019.7601
1588755181074,1019.7601
1588755181113,1019.7601
1588755181152,1019.7601
1588755181188,1019.7517
1588755181228,1019.7517
1588755181265,1019.7517
1588755181308,1019.7517
1588755181343,1019.75104
1588755181383,1019.75104
1588755181422,1019.75104
1588755181459,1019.75104
1588755181496,1019.77625
1588755181536,1019.77625
1588755181574,1019.77625
1588755181612,1019.77625
1588755181651,1019.7743
1588755181688,1019.7743
1588755181727,1019.7743
1588755181765,1019.7743
1588755181805,1019.78534
1588755181843,1019.78534
1588755181880,1019.78534
1588755181918,1019.78534
1588755181959,1019.78534
1588755181996,1019.75885
1588755182035,1019.75885
1588755182080,1019.75885
1588755182114,1019.75885
1588755182150,1019.7389
1588755182188,1019.7389
1588755182227,1019.7389
1588755182265,1019.7389
1588755182304,1019.7499
1588755182342,1019.7499
1588755182381,1019.7499
1588755182423,1019.7499
1588755182459,1019.7718
1588755182496,1019.7718
1588755182534,1019.7718
1588755182574,1019.7718
1588755182612,1019.79407
1588755182651,1019.79407
1588755182690,1019.79407
1588755182728,1019.79407
1588755182765,1019.78864
1588755182805,1019.78864
1588755182842,1019.78864
1588755182881,1019.78864
1588755182921,1019.78864
1588755182957,1019.77185
1588755182995,1019.77185
1588755183034,1019.77185
1588755183073,1019.77185
1588755183111,1019.7848
1588755183163,1019.7848
1588755183190,1019.7848
1588755183226,1019.7848
1588755183265,1019.7522
1588755183306,1019.7522
1588755183341,1019.7522
1588755183380,1019.7522
1588755183422,1019.7306
1588755183457,1019.7306
1588755183495,1019.7306
1588755183537,1019.7306
1588755183574,1019.7412
1588755183612,1019.7412
1588755183650,1019.7412
1588755183687,1019.7412
1588755183730,1019.7603
1588755183768,1019.7603
1588755183803,1019.7603
1588755183842,1019.7603
1588755183880,1019.7939
1588755183921,1019.7939
1588755183956,1019.7939
1588755183995,1019.7939
1588755184035,1019.7939
1588755184072,1019.77905
1588755184113,1019.77905
1588755184157,1019.77905
1588755184187,1019.77905
1588755184226,1019.82074
1588755184267,1019.82074
1588755184306,1019.82074
1588755184342,1019.82074
1588755184380,1019.833
1588755184423,1019.833
1588755184457,1019.833
1588755184496,1019.833
1588755184534,1019.7907
1588755184572,1019.7907
1588755184612,1019.7907
1588755184650,1019.7907
1588755184689,1019.78723
1588755184727,1019.78723
1588755184764,1019.78723
1588755184803,1019.78723
1588755184842,1019.8159
1588755184881,1019.8159
1588755184929,1019.8159
1588755184958,1019.8159
1588755184996,1019.83307
1588755185035,1019.83307
1588755185074,1019.83307
1588755185111,1019.83307
1588755185153,1019.83307
1588755185189,1019.87604
1588755185231,1019.87604
1588755185265,1019.87604
1588755185303,1019.87604
1588755185342,1019.8889
1588755185382,1019.8889
1588755185422,1019.8889
1588755185457,1019.8889
1588755185494,1019.91125
1588755185536,1019.91125
1588755185574,1019.91125
1588755185611,1019.91125
1588755185649,1019.9442
1588755185690,1019.9442
1588755185725,1019.9442
1588755185764,1019.9442
1588755185802,1019.899
1588755185844,1019.899
1588755185880,1019.899
1588755185918,1019.899
1588755185956,1019.88416
1588755185995,1019.88416
1588755186035,1019.88416
1588755186073,1019.88416
1588755186112,1019.87256
1588755186148,1019.87256
1588755186187,1019.87256
1588755186225,1019.87256
1588755186264,1019.87256
1588755186304,1019.88196
1588755186343,1019.88196
1588755186380,1019.88196
1588755186417,1019.88196
1588755186457,1019.9087
1588755186500,1019.9087
1588755186533,1019.9087
1588755186571,1019.9087
1588755186611,1019.9055
1588755186651,1019.9055
1588755186688,1019.9055
1588755186727,1019.9055
1588755186764,1019.8842
1588755186803,1019.8842
1588755186843,1019.8842
1588755186881,1019.8842
1588755186919,1019.921
1588755186958,1019.921
1588755186994,1019.921
1588755187035,1019.921
1588755187071,1019.92236
1588755187110,1019.92236
1588755187148,1019.92236
1588755187187,1019.92236
1588755187226,1019.912
1588755187265,1019.912
1588755187304,1019.912
1588755187341,1019.912
1588755187380,1019.912
1588755187422,1019.902
1588755187465,1019.902
1588755187494,1019.902
1588755187533,1019.902
1588755187572,1019.88684
1588755187611,1019.88684
1588755187651,1019.88684
1588755187688,1019.88684
1588755187728,1019.88525
1588755187764,1019.88525
1588755187802,1019.88525
1588755187840,1019.88525
1588755187881,1019.8959
1588755187918,1019.8959
1588755187959,1019.8959
1588755187995,1019.8959
1588755188033,1019.915
1588755188073,1019.915
1588755188110,1019.915
1588755188149,1019.915
1588755188187,1019.9179
1588755188227,1019.9179
1588755188263,1019.9179
1588755188302,1019.9179
1588755188342,1019.95087
1588755188382,1019.95087
1588755188420,1019.95087
1588755188457,1019.95087
1588755188494,1019.95087
1588755188533,1019.9602
1588755188575,1019.9602
1588755188611,1019.9602
1588755188648,1019.9602
1588755188687,1019.9131
1588755188726,1019.9131
1588755188763,1019.9131
1588755188802,1019.9131
1588755188840,1019.9209
1588755188879,1019.9209
1588755188920,1019.9209
1588755188956,1019.9209
1588755188996,1019.9222
1588755189035,1019.9222
1588755189078,1019.9222
1588755189110,1019.9222
1588755189151,1019.9471
1588755189187,1019.9471
1588755189226,1019.9471
1588755189264,1019.9471
1588755189303,1019.95325
1588755189342,1019.95325
1588755189381,1019.95325
1588755189417,1019.95325
1588755189456,1019.9562
1588755189494,1019.9562
1588755189534,1019.9562
1588755189572,1019.9562
1588755189610,1019.9562
1588755189648,1019.95386
1588755189686,1019.95386
1588755189725,1019.95386
1588755189763,1019.95386
1588755189803,1019.9923
1588755189841,1019.9923
1588755189879,1019.9923
1588755189918,1019.9923
1588755189955,1019.992
1588755189993,1019.992
1588755190034,1019.992
1588755190072,1019.992
1588755190113,1019.96686
1588755190148,1019.96686
1588755190188,1019.96686
1588755190224,1019.96686
1588755190264,1019.9617
1588755190302,1019.9617
1588755190341,1019.9617
1588755190377,1019.9617
1588755190418,1019.9905
1588755190457,1019.9905
1588755190494,1019.9905
1588755190533,1019.9905
1588755190573,1019.9953
1588755190610,1019.9953
1588755190648,1019.9953
1588755190694,1019.9953
1588755190725,1019.9953
1588755190764,1020.00464
1588755190801,1020.00464
1588755190843,1020.00464
1588755190879,1020.00464
1588755190920,1020.01245
1588755190959,1020.01245
1588755190994,1020.01245
1588755191033,1020.01245
1588755191076,1020.05994
1588755191108,1020.05994
1588755191150,1020.05994
1588755191188,1020.05994
1588755191226,1020.03217
1588755191263,1020.03217
1588755191302,1020.03217
1588755191342,1020.03217
1588755191378,1019.9989
1588755191417,1019.9989
1588755191461,1019.9989
1588755191495,1019.9989
1588755191533,1020.01636
1588755191571,1020.01636
1588755191609,1020.01636
1588755191649,1020.01636
1588755191686,1020.071
1588755191728,1020.071
1588755191764,1020.071
1588755191803,1020.071
1588755191840,1020.071
1588755191881,1020.0755
1588755191931,1020.0755
1588755191958,1020.0755
1588755191993,1020.0755
1588755192033,1020.09424
1588755192071,1020.09424
1588755192113,1020.09424
1588755192148,1020.09424
1588755192185,1020.081
1588755192223,1020.081
1588755192265,1020.081
1588755192302,1020.081
1588755192340,1020.0646
1588755192382,1020.0646
1588755192415,1020.0646
1588755192456,1020.0646
1588755192495,1020.10144
1588755192532,1020.10144
1588755192569,1020.10144
1588755192608,1020.10144
1588755192648,1020.0465
1588755192686,1020.0465
1588755192728,1020.0465
1588755192764,1020.0465
1588755192803,1020.0465
1588755192841,1020.0149
1588755192881,1020.0149
1588755192917,1020.0149
1588755192954,1020.0149
1588755192993,1020.0046
1588755193034,1020.0046
1588755193071,1020.0046
1588755193108,1020.0046
1588755193146,1020.02686
1588755193186,1020.02686
1588755193225,1020.02686
1588755193264,1020.02686
1588755193302,1020.0714
1588755193339,1020.0714
1588755193381,1020.0714
1588755193417,1020.0714
1588755193454,1020.04205
1588755193492,1020.04205
1588755193533,1020.04205
1588755193569,1020.04205
1588755193608,1020.0902
1588755193647,1020.0902
1588755193687,1020.0902
1588755193726,1020.0902
1588755193762,1020.10443
1588755193801,1020.10443
1588755193841,1020.10443
1588755193880,1020.10443
1588755193917,1020.10443
1588755193956,1020.0812
1588755193996,1020.0812
1588755194033,1020.0812
1588755194070,1020.0812
1588755194114,1020.0324
1588755194146,1020.0324
1588755194185,1020.0324
1588755194226,1020.0324
1588755194262,1020.0111
1588755194302,1020.0111
1588755194340,1020.0111
1588755194378,1020.0111
1588755194416,1020.02795
1588755194454,1020.02795
1588755194492,1020.02795
1588755194531,1020.02795
1588755194568,1020.0486
1588755194607,1020.0486
1588755194647,1020.0486
1588755194684,1020.0486
1588755194724,1020.079
1588755194761,1020.079
1588755194798,1020.079
1588755194839,1020.079
1588755194882,1020.10095
1588755194919,1020.10095
1588755194954,1020.10095
1588755194993,1020.10095
1588755195031,1020.10095
1588755195069,1020.16656
1588755195113,1020.16656
1588755195148,1020.16656
1588755195185,1020.16656
1588755195223,1020.12427
1588755195265,1020.12427
1588755195302,1020.12427
1588755195339,1020.12427
1588755195378,1020.061
1588755195421,1020.061
1588755195456,1020.061
1588755195491,1020.061
1588755195531,1020.0704
1588755195570,1020.0704
1588755195609,1020.0704
1588755195647,1020.0704
1588755195684,1020.10425
1588755195724,1020.10425
1588755195769,1020.10425
1588755195801,1020.10425
1588755195839,1020.1165
1588755195876,1020.1165
1588755195917,1020.1165
1588755195954,1020.1165
1588755195992,1020.1353
1588755196033,1020.1353
1588755196071,1020.1353
1588755196111,1020.1353
1588755196146,1020.1353
1588755196189,1020.1434
1588755196230,1020.1434
1588755196261,1020.1434
1588755196301,1020.1434
1588755196338,1020.11884
1588755196377,1020.11884
1588755196417,1020.11884
1588755196458,1020.11884
1588755196491,1020.14886
1588755196532,1020.14886
1588755196570,1020.14886
1588755196618,1020.14886
1588755196646,1020.1421
1588755196684,1020.1421
1588755196723,1020.1421
1588755196762,1020.1421
1588755196800,1020.1079
1588755196840,1020.1079
1588755196878,1020.1079
1588755196915,1020.1079
1588755196955,1020.1186
1588755196992,1020.1186
1588755197030,1020.1186
1588755197069,1020.1186
1588755197109,1020.1502
1588755197147,1020.1502
1588755197184,1020.1502
1588755197223,1020.1502
1588755197263,1020.1502
1588755197300,1020.16284
1588755197340,1020.16284
1588755197378,1020.16284
1588755197415,1020.16284
1588755197456,1020.1735
1588755197493,1020.1735
1588755197531,1020.1735
1588755197569,1020.1735
1588755197609,1020.1697
1588755197648,1020.1697
1588755197685,1020.1697
1588755197723,1020.1697
1588755197764,1020.2275
1588755197800,1020.2275
1588755197839,1020.2275
1588755197878,1020.2275
1588755197915,1020.193
1588755197953,1020.193
1588755197994,1020.193
1588755198032,1020.193
1588755198070,1020.151
1588755198108,1020.151
1588755198145,1020.151
1588755198184,1020.151
1588755198227,1020.1791
1588755198261,1020.1791
1588755198300,1020.1791
1588755198340,1020.1791
1588755198376,1020.1791
1588755198416,1020.2079
1588755198454,1020.2079
1588755198493,1020.2079
1588755198530,1020.2079
1588755198568,1020.2085
1588755198608,1020.2085
1588755198646,1020.2085
1588755198691,1020.2085
1588755198723,1020.213
1588755198762,1020.213
1588755198801,1020.213
1588755198838,1020.213
1588755198877,1020.1947
1588755198918,1020.1947
1588755198953,1020.1947
1588755198992,1020.1947
1588755199032,1020.2418
1588755199069,1020.2418
1588755199108,1020.2418
1588755199147,1020.2418
1588755199197,1020.25446
1588755199225,1020.25446
1588755199263,1020.25446
1588755199299,1020.25446
1588755199339,1020.23737
1588755199382,1020.23737
1588755199415,1020.23737
1588755199453,1020.23737
1588755199492,1020.23737
1588755199530,1020.2532
1588755199570,1020.2532
1588755199609,1020.2532
1588755199646,1020.2532
1588755199685,1020.2542
1588755199723,1020.2542
1588755199762,1020.2542
1588755199801,1020.2542
1588755199839,1020.25165
1588755199878,1020.25165
1588755199921,1020.25165
1588755199953,1020.25165
1588755199996,1020.2691
1588755200031,1020.2691
1588755200069,1020.2691
1588755200111,1020.2691
1588755200146,1020.2378
1588755200185,1020.2378
1588755200222,1020.2378
1588755200261,1020.2378
1588755200301,1020.2372
1588755200339,1020.2372
1588755200378,1020.2372
1588755200416,1020.2372
1588755200455,1020.28204
1588755200496,1020.28204
1588755200529,1020.28204
1588755200569,1020.28204
1588755200608,1020.28204
1588755200646,1020.2653
1588755200682,1020.2653
1588755200722,1020.2653
1588755200760,1020.2653
1588755200799,1020.2598
1588755200839,1020.2598
1588755200877,1020.2598
1588755200916,1020.2598
1588755200954,1020.24335
1588755200993,1020.24335
1588755201032,1020.24335
1588755201068,1020.24335
1588755201109,1020.23334
1588755201145,1020.23334
1588755201183,1020.23334
1588755201223,1020.23334
1588755201261,1020.24274
1588755201298,1020.24274
1588755201339,1020.24274
1588755201378,1020.24274
1588755201416,1020.2566
1588755201455,1020.2566
1588755201501,1020.2566
1588755201530,1020.2566
1588755201568,1020.24207
1588755201605,1020.24207
1588755201644,1020.24207
1588755201685,1020.24207
1588755201723,1020.24207
1588755201761,1020.235
1588755201799,1020.235
1588755201846,1020.235
1588755201877,1020.235
1588755201913,1020.2638
1588755201953,1020.2638
1588755201992,1020.2638
1588755202031,1020.2638
1588755202069,1020.2273
1588755202108,1020.2273
1588755202148,1020.2273
1588755202183,1020.2273
1588755202225,1020.20435
1588755202260,1020.20435
1588755202299,1020.20435
1588755202338,1020.20435
1588755202374,1020.2218
1588755202416,1020.2218
1588755202451,1020.2218
1588755202491,1020.2218
1588755202529,1020.2467
1588755202567,1020.2467
1588755202607,1020.2467
1588755202645,1020.2467
1588755202683,1020.28
1588755202723,1020.28
1588755202768,1020.28
1588755202800,1020.28
1588755202838,1020.28
1588755202878,1020.2991
1588755202916,1020.2991
1588755202953,1020.2991
1588755203004,1020.2991
1588755203028,1020.30945
1588755203066,1020.30945
1588755203107,1020.30945
1588755203144,1020.30945
1588755203185,1020.2849
1588755203222,1020.2849
1588755203261,1020.2849
1588755203301,1020.2849
1588755203340,1020.34534
1588755203376,1020.34534
1588755203414,1020.34534
1588755203453,1020.34534
1588755203491,1020.2949
1588755203530,1020.2949
1588755203569,1020.2949
1588755203607,1020.2949
1588755203645,1020.2801
1588755203684,1020.2801
1588755203723,1020.2801
1588755203761,1020.2801
1588755203799,1020.29565
1588755203836,1020.29565
1588755203879,1020.29565
1588755203914,1020.29565
1588755203952,1020.29565
1588755203992,1020.3192
1588755204029,1020.3192
1588755204067,1020.3192
1588755204110,1020.3192
1588755204147,1020.3593
1588755204184,1020.3593
1588755204231,1020.3593
1588755204260,1020.3593
1588755204298,1020.37354
1588755204336,1020.37354
1588755204376,1020.37354
1588755204414,1020.37354
1588755204453,1020.3635
1588755204495,1020.3635
1588755204528,1020.3635
1588755204568,1020.3635
1588755204607,1020.35645
1588755204645,1020.35645
1588755204684,1020.35645
1588755204722,1020.35645
1588755204760,1020.38165
1588755204802,1020.38165
1588755204836,1020.38165
1588755204874,1020.38165
1588755204920,1020.3833
1588755204952,1020.3878
1588755204995,1020.3878
1588755205029,1020.3878
1588755205067,1020.3878
1588755205107,1020.3629
1588755205145,1020.3629
1588755205183,1020.3629
1588755205221,1020.3629
1588755205258,1020.3419
1588755205300,1020.3419
1588755205340,1020.3419
1588755205374,1020.3419
1588755205415,1020.3481
1588755205452,1020.3481
1588755205503,1020.3481
1588755205528,1020.3481
1588755205567,1020.40076
1588755205604,1020.40076
1588755205643,1020.40076
1588755205684,1020.40076
1588755205722,1020.4121
1588755205758,1020.4121
1588755205799,1020.4121
1588755205837,1020.4121
1588755205874,1020.4069
1588755205917,1020.4069
1588755205952,1020.4069
1588755205992,1020.4069
1588755206028,1020.4069
1588755206067,1020.3966
1588755206105,1020.3966
1588755206147,1020.3966
1588755206183,1020.3966
1588755206221,1020.38306
1588755206260,1020.38306
1588755206302,1020.38306
1588755206334,1020.38306
1588755206373,1020.42474
1588755206414,1020.42474
1588755206452,1020.42474
1588755206495,1020.42474
1588755206529,1020.3963
1588755206568,1020.3963
1588755206606,1020.3963
1588755206647,1020.3963
1588755206683,1020.3705
1588755206721,1020.3705
1588755206761,1020.3705
1588755206798,1020.3705
1588755206835,1020.3957
1588755206875,1020.3957
1588755206915,1020.3957
1588755206953,1020.3957
1588755206991,1020.41766
1588755207028,1020.41766
1588755207067,1020.41766
1588755207107,1020.41766
1588755207147,1020.41766
1588755207183,1020.43353
1588755207221,1020.43353
1588755207258,1020.43353
1588755207300,1020.43353
1588755207340,1020.4187
1588755207377,1020.4187
1588755207412,1020.4187
1588755207450,1020.4187
1588755207494,1020.429
1588755207528,1020.429
1588755207567,1020.429
1588755207606,1020.429
1588755207644,1020.4756
1588755207683,1020.4756
1588755207721,1020.4756
1588755207758,1020.4756
1588755207799,1020.4639
1588755207837,1020.4639
1588755207876,1020.4639
1588755207913,1020.4639
1588755207952,1020.47656
1588755207991,1020.47656
1588755208028,1020.47656
1588755208068,1020.47656
1588755208104,1020.432
1588755208146,1020.432
1588755208183,1020.432
1588755208222,1020.432
1588755208260,1020.432
1588755208298,1020.4385
1588755208335,1020.4385
1588755208375,1020.4385
1588755208415,1020.4385
1588755208454,1020.47174
1588755208488,1020.47174
1588755208529,1020.47174
1588755208566,1020.47174
1588755208605,1020.46014
1588755208643,1020.46014
1588755208682,1020.46014
1588755208721,1020.46014
1588755208759,1020.46594
1588755208797,1020.46594
1588755208837,1020.46594
1588755208874,1020.46594
1588755208922,1020.5012
1588755208957,1020.5012
1588755208990,1020.5012
1588755209028,1020.5012
1588755209065,1020.4721
1588755209106,1020.4721
1588755209143,1020.4721
1588755209183,1020.4721
1588755209223,1020.45374
1588755209260,1020.45374
1588755209298,1020.45374
1588755209336,1020.45374
1588755209376,1020.45374
1588755209414,1020.4401
1588755209452,1020.4401
1588755209491,1020.4401
1588755209528,1020.4401
1588755209568,1020.44305
1588755209607,1020.44305
1588755209643,1020.44305
1588755209681,1020.44305
1588755209720,1020.4492
1588755209759,1020.4492
1588755209798,1020.4492
1588755209843,1020.4492
1588755209876,1020.44244
1588755209916,1020.44244
1588755209950,1020.44244
1588755209996,1020.44244
1588755210028,1020.4551
1588755210068,1020.4551
1588755210105,1020.4551
1588755210143,1020.4551
1588755210181,1020.50745
1588755210221,1020.50745
1588755210262,1020.50745
1588755210297,1020.50745
1588755210336,1020.499
1588755210374,1020.499
1588755210413,1020.499
1588755210451,1020.499
1588755210510,1020.499
1588755210530,1020.4422
1588755210566,1020.4422
1588755210605,1020.4422
1588755210642,1020.4422
1588755210684,1020.4625
1588755210724,1020.4625
1588755210759,1020.4625
1588755210796,1020.4625
1588755210835,1020.50586
1588755210875,1020.50586
1588755210911,1020.50586
1588755210952,1020.50586
1588755210991,1020.51685
1588755211026,1020.51685
1588755211067,1020.51685
1588755211107,1020.51685
1588755211146,1020.523
1588755211183,1020.523
1588755211220,1020.523
1588755211260,1020.523
1588755211299,1020.5382
1588755211335,1020.5382
1588755211373,1020.5382
1588755211412,1020.5382
1588755211451,1020.53625
1588755211491,1020.53625
1588755211526,1020.53625
1588755211566,1020.53625
1588755211606,1020.53625
1588755211645,1020.55634
1588755211683,1020.55634
1588755211721,1020.55634
1588755211757,1020.55634
1588755211805,1020.49304
1588755211835,1020.49304
1588755211874,1020.49304
1588755211912,1020.49304
1588755211952,1020.50854
1588755211990,1020.50854
1588755212027,1020.50854
1588755212067,1020.50854
1588755212104,1020.52277
1588755212143,1020.52277
1588755212183,1020.52277
1588755212221,1020.52277
1588755212262,1020.5422
1588755212297,1020.5422
1588755212335,1020.5422
1588755212373,1020.5422
1588755212413,1020.5654
1588755212451,1020.5654
1588755212489,1020.5654
1588755212526,1020.5654
1588755212566,1020.5651
1588755212604,1020.5651
1588755212642,1020.5651
1588755212681,1020.5651
1588755212720,1020.5651
1588755212759,1020.57874
1588755212797,1020.57874
1588755212835,1020.57874
1588755212877,1020.57874
1588755212911,1020.57324
1588755212952,1020.57324
1588755212989,1020.57324
1588755213027,1020.57324
1588755213064,1020.5684
1588755213103,1020.5684
1588755213144,1020.5684
1588755213181,1020.5684
1588755213222,1020.51935
1588755213260,1020.51935
1588755213298,1020.51935
1588755213335,1020.51935
1588755213372,1020.5368
1588755213413,1020.5368
1588755213451,1020.5368
1588755213488,1020.5368
1588755213531,1020.54456
1588755213565,1020.54456
1588755213607,1020.54456
1588755213644,1020.54456
1588755213683,1020.57654
1588755213720,1020.57654
1588755213758,1020.57654
1588755213797,1020.57654
1588755213834,1020.57654
1588755213873,1020.60144
1588755213914,1020.60144
1588755213951,1020.60144
1588755213992,1020.60144
1588755214026,1020.62994
1588755214066,1020.62994
1588755214104,1020.62994
1588755214143,1020.62994
1588755214183,1020.62964
1588755214220,1020.62964
1588755214259,1020.62964
1588755214302,1020.62964
1588755214336,1020.6674
1588755214374,1020.6674
1588755214411,1020.6674
1588755214450,1020.6674
1588755214488,1020.6542
1588755214527,1020.6542
1588755214566,1020.6542
1588755214609,1020.6542
1588755214645,1020.6151
1588755214681,1020.6151
1588755214719,1020.6151
1588755214757,1020.6151
1588755214796,1020.6355
1588755214834,1020.6355
1588755214873,1020.6355
1588755214912,1020.6355
1588755214952,1020.6355
1588755214989,1020.63354
1588755215029,1020.63354
1588755215067,1020.63354
1588755215104,1020.63354
1588755215142,1020.64294
1588755215184,1020.64294
1588755215221,1020.64294
1588755215259,1020.64294
1588755215295,1020.66394
1588755215333,1020.66394
1588755215373,1020.66394
1588755215412,1020.66394
1588755215450,1020.6714
1588755215487,1020.6714
1588755215528,1020.6714
1588755215566,1020.6714
1588755215605,1020.6562
1588755215641,1020.6562
1588755215680,1020.6562
1588755215721,1020.6562
1588755215757,1020.717
1588755215796,1020.717
1588755215835,1020.717
1588755215875,1020.717
1588755215912,1020.6941
1588755215950,1020.6941
1588755215989,1020.6941
1588755216031,1020.6941
1588755216064,1020.6941
1588755216103,1020.7144
1588755216143,1020.7144
1588755216183,1020.7144
1588755216218,1020.7144
1588755216257,1020.70087
1588755216295,1020.70087
1588755216334,1020.70087
1588755216374,1020.70087
1588755216411,1020.6925
1588755216450,1020.6925
1588755216487,1020.6925
1588755216530,1020.6925
1588755216565,1020.7028
1588755216603,1020.7028
1588755216643,1020.7028
1588755216681,1020.7028
1588755216721,1020.6958
1588755216759,1020.6958
1588755216796,1020.6958
1588755216837,1020.6958
1588755216871,1020.6919
1588755216913,1020.6919
1588755216950,1020.6919
1588755216987,1020.6919
1588755217027,1020.7061
1588755217063,1020.7061
1588755217102,1020.7061
1588755217140,1020.7061
1588755217181,1020.7061
1588755217220,1020.75397
1588755217257,1020.75397
1588755217294,1020.75397
1588755217334,1020.75397
1588755217372,1020.70844
1588755217410,1020.70844
1588755217451,1020.70844
1588755217489,1020.70844
1588755217529,1020.7058
1588755217566,1020.7058
1588755217604,1020.7058
1588755217641,1020.7058
1588755217679,1020.7233
1588755217720,1020.7233
1588755217756,1020.7233
1588755217794,1020.7233
1588755217833,1020.73267
1588755217873,1020.73267
1588755217910,1020.73267
1588755217950,1020.73267
1588755217989,1020.7463
1588755218029,1020.7463
1588755218063,1020.7463
1588755218104,1020.7463
1588755218148,1020.7463
1588755218180,1020.7463
1588755218217,1020.7463
1588755218256,1020.7463
1588755218296,1020.7463
1588755218334,1020.74756
1588755218374,1020.74756
1588755218412,1020.74756
1588755218448,1020.74756
1588755218487,1020.75214
1588755218527,1020.75214
1588755218565,1020.75214
1588755218603,1020.75214
1588755218642,1020.7046
1588755218683,1020.7046
1588755218719,1020.7046
1588755218759,1020.7046
1588755218794,1020.7027
1588755218833,1020.7027
1588755218872,1020.7027
1588755218911,1020.7027
1588755218951,1020.72015
1588755219003,1020.72015
1588755219024,1020.72015
1588755219065,1020.72015
1588755219103,1020.7425
1588755219140,1020.7425
1588755219179,1020.7425
1588755219219,1020.7425
1588755219257,1020.74536
1588755219294,1020.74536
1588755219333,1020.74536
1588755219374,1020.74536
1588755219413,1020.74536
1588755219461,1020.73663
1588755219488,1020.73663
1588755219525,1020.73663
1588755219564,1020.73663
1588755219605,1020.7234
1588755219641,1020.7234
1588755219679,1020.7234
1588755219718,1020.7234
1588755219757,1020.7519
1588755219795,1020.7519
1588755219835,1020.7519
1588755219871,1020.7519
1588755219910,1020.71405
1588755219947,1020.71405
1588755219988,1020.71405
1588755220026,1020.71405
1588755220062,1020.696
1588755220110,1020.696
1588755220141,1020.696
1588755220181,1020.696
1588755220217,1020.718
1588755220260,1020.718
1588755220296,1020.718
1588755220334,1020.718
1588755220370,1020.74646
1588755220411,1020.74646
1588755220448,1020.74646
1588755220487,1020.74646
1588755220527,1020.74646
1588755220565,1020.77844
1588755220604,1020.77844
1588755220641,1020.77844
1588755220682,1020.77844
1588755220719,1020.7943
1588755220756,1020.7943
1588755220797,1020.7943
1588755220835,1020.7943
1588755220872,1020.7633
1588755220911,1020.7633
1588755220948,1020.7633
1588755220988,1020.7633
1588755221027,1020.7836
1588755221062,1020.7836
1588755221103,1020.7836
1588755221144,1020.7836
1588755221181,1020.7429
1588755221218,1020.7429
1588755221256,1020.7429
1588755221295,1020.7429
1588755221333,1020.72
1588755221370,1020.72
1588755221410,1020.72
1588755221448,1020.72
1588755221486,1020.73584
1588755221525,1020.73584
1588755221564,1020.73584
1588755221601,1020.73584
1588755221642,1020.73584
1588755221678,1020.7485
1588755221718,1020.7485
1588755221755,1020.7485
1588755221795,1020.7485
1588755221833,1020.78467
1588755221871,1020.78467
1588755221909,1020.78467
1588755221948,1020.78467
1588755221986,1020.77466
1588755222026,1020.77466
1588755222062,1020.77466
1588755222103,1020.77466
1588755222142,1020.7614
1588755222179,1020.7614
1588755222217,1020.7614
1588755222257,1020.7614
1588755222293,1020.8817
1588755222331,1020.8817
1588755222371,1020.8817
1588755222409,1020.8817
1588755222448,1020.82513
1588755222488,1020.82513
1588755222526,1020.82513
1588755222565,1020.82513
1588755222603,1020.82513
1588755222640,1020.80054
1588755222678,1020.80054
1588755222721,1020.80054
1588755222757,1020.80054
1588755222793,1020.786
1588755222834,1020.786
1588755222873,1020.786
1588755222912,1020.786
1588755222948,1020.80286
1588755222986,1020.80286
1588755223026,1020.80286
1588755223064,1020.80286
1588755223101,1020.8365
1588755223139,1020.8365
1588755223180,1020.8365
1588755223216,1020.8365
1588755223257,1020.8381
1588755223294,1020.8381
1588755223335,1020.8381
1588755223370,1020.8381
1588755223411,1020.80835
1588755223448,1020.80835
1588755223486,1020.80835
1588755223527,1020.80835
1588755223563,1020.85815
1588755223607,1020.85815
1588755223643,1020.85815
1588755223678,1020.85815
1588755223717,1020.85815
1588755223756,1020.86395
1588755223794,1020.86395
1588755223833,1020.86395
1588755223876,1020.86395
1588755223911,1020.8766
1588755223946,1020.8766
1588755223987,1020.8766
1588755224026,1020.8766
1588755224062,1020.8243
1588755224102,1020.8243
1588755224141,1020.8243
1588755224181,1020.8243
1588755224216,1020.7929
1588755224254,1020.7929
1588755224296,1020.7929
1588755224333,1020.7929
1588755224370,1020.8136
1588755224411,1020.8136
1588755224448,1020.8136
1588755224495,1020.8136
1588755224523,1020.8165
1588755224562,1020.8165
1588755224602,1020.8165
1588755224644,1020.8165
1588755224677,1020.80975
1588755224716,1020.80975
1588755224755,1020.80975
1588755224793,1020.80975
1588755224830,1020.80975
1588755224870,1020.80585
1588755224908,1020.80585
1588755224946,1020.80585
1588755224985,1020.80585
1588755225023,1020.8589
1588755225062,1020.8589
1588755225101,1020.8589
1588755225143,1020.8589
1588755225178,1020.8276
1588755225217,1020.8276
1588755225254,1020.8276
1588755225293,1020.8276
1588755225332,1020.78845
1588755225375,1020.78845
1588755225409,1020.78845
1588755225448,1020.78845
1588755225487,1020.8121
1588755225524,1020.8121
1588755225562,1020.8121
1588755225606,1020.8121
1588755225641,1020.8505
1588755225678,1020.8505
1588755225716,1020.8505
1588755225756,1020.8505
1588755225795,1020.86316
1588755225831,1020.86316
1588755225871,1020.86316
1588755225912,1020.86316
1588755225948,1020.86316
1588755225986,1020.8612
1588755226023,1020.8612
1588755226064,1020.8612
1588755226100,1020.8612
1588755226138,1020.8622
1588755226178,1020.8622
1588755226219,1020.8622
1588755226255,1020.8622
1588755226293,1020.8713
1588755226333,1020.8713
1588755226371,1020.8713
1588755226408,1020.8713
1588755226446,1020.879
1588755226487,1020.879
1588755226526,1020.879
1588755226568,1020.879
1588755226601,1020.8749
1588755226639,1020.8749
1588755226678,1020.8749
1588755226716,1020.8749
1588755226759,1020.8584
1588755226792,1020.8584
1588755226832,1020.8584
1588755226871,1020.8584
1588755226908,1020.8694
1588755226947,1020.8694
1588755226985,1020.8694
1588755227023,1020.8694
1588755227068,1020.8694
1588755227100,1020.89136
1588755227138,1020.89136
1588755227178,1020.89136
1588755227218,1020.89136
1588755227260,1020.9185
1588755227293,1020.9185
1588755227332,1020.9185
1588755227371,1020.9185
1588755227410,1020.89557
1588755227447,1020.89557
1588755227487,1020.89557
1588755227524,1020.89557
1588755227561,1020.8772
1588755227601,1020.8772
1588755227640,1020.8772
1588755227676,1020.8772
1588755227723,1020.8976
1588755227753,1020.8976
1588755227794,1020.8976
1588755227832,1020.8976
1588755227868,1020.8765
1588755227907,1020.8765
1588755227949,1020.8765
1588755227985,1020.8765
1588755228024,1020.8665
1588755228064,1020.8665
1588755228103,1020.8665
1588755228140,1020.8665
1588755228179,1020.8665
1588755228215,1020.87885
1588755228253,1020.87885
1588755228293,1020.87885
1588755228332,1020.87885
1588755228368,1020.89825
1588755228408,1020.89825
1588755228448,1020.89825
1588755228484,1020.89825
1588755228522,1020.91376
1588755228563,1020.91376
1588755228600,1020.91376
1588755228640,1020.91376
1588755228677,1020.9215
1588755228717,1020.9215
1588755228758,1020.9215
1588755228793,1020.9215
1588755228831,1020.9067
1588755228870,1020.9067
1588755228909,1020.9067
1588755228946,1020.9067
1588755228983,1021.0625
1588755229023,1021.0625
1588755229062,1021.0625
1588755229099,1021.0625
1588755229139,1021.01855
1588755229178,1021.01855
1588755229216,1021.01855
1588755229253,1021.01855
1588755229292,1021.01855
1588755229330,1021.02795
1588755229371,1021.02795
1588755229407,1021.02795
1588755229446,1021.02795
1588755229487,1020.9791
1588755229523,1020.9791
1588755229563,1020.9791
1588755229600,1020.9791
1588755229639,1020.95294
1588755229677,1020.95294
1588755229715,1020.95294
1588755229753,1020.95294
1588755229792,1020.9555
1588755229831,1020.9555
1588755229870,1020.9555
1588755229908,1020.9555
1588755229949,1020.9795
1588755229986,1020.9795
1588755230022,1020.9795
1588755230062,1020.9795
1588755230100,1021.00635
1588755230138,1021.00635
1588755230177,1021.00635
1588755230215,1021.00635
1588755230255,1020.9701
1588755230300,1020.9701
1588755230331,1020.9701
1588755230370,1020.9701
1588755230409,1020.9701
1588755230445,1021.00696
1588755230484,1021.00696
1588755230522,1021.00696
1588755230566,1021.00696
1588755230599,1021.0193
1588755230638,1021.0193
1588755230677,1021.0193
1588755230715,1021.0193
1588755230753,1020.96045
1588755230792,1020.96045
1588755230831,1020.96045
1588755230874,1020.96045
1588755230907,1020.9569
1588755230946,1020.9569
1588755230985,1020.9569
1588755231024,1020.9569
1588755231062,1020.95984
1588755231098,1020.95984
1588755231138,1020.95984
1588755231176,1020.95984
1588755231214,1020.98083
1588755231253,1020.98083
1588755231293,1020.98083
1588755231330,1020.98083
1588755231371,1020.9928
1588755231409,1020.9928
1588755231446,1020.9928
1588755231485,1020.9928
1588755231524,1020.9928
1588755231566,1021.00415
1588755231601,1021.00415
1588755231637,1021.00415
1588755231678,1021.00415
1588755231715,1021.0216
1588755231756,1021.0216
1588755231794,1021.0216
1588755231833,1021.0216
1588755231869,1021.03424
1588755231907,1021.03424
1588755231946,1021.03424
1588755231992,1021.03424
1588755232023,1021.0126
1588755232059,1021.0126
1588755232100,1021.0126
1588755232138,1021.0126
1588755232177,1021.0297
1588755232216,1021.0297
1588755232252,1021.0297
1588755232292,1021.0297
1588755232332,1021.04364
1588755232368,1021.04364
1588755232406,1021.04364
1588755232446,1021.04364
1588755232484,1021.07404
1588755232530,1021.07404
1588755232566,1021.07404
1588755232600,1021.07404
1588755232639,1021.07404
1588755232677,1021.0815
1588755232714,1021.0815
1588755232754,1021.0815
1588755232795,1021.0815
1588755232829,1021.09247
1588755232875,1021.09247
1588755232908,1021.09247
1588755232945,1021.09247
1588755232983,1021.1194
1588755233022,1021.1194
1588755233063,1021.1194
1588755233098,1021.1194
1588755233139,1021.1472
1588755233177,1021.1472
1588755233214,1021.1472
1588755233253,1021.1472
1588755233292,1021.07764
1588755233331,1021.07764
1588755233368,1021.07764
1588755233407,1021.07764
1588755233446,1021.0676
1588755233484,1021.0676
1588755233522,1021.0676
1588755233564,1021.0676
1588755233599,1021.0764
1588755233641,1021.0764
1588755233676,1021.0764
1588755233713,1021.0764
1588755233754,1021.0764
1588755233793,1021.0712
1588755233832,1021.0712
1588755233868,1021.0712
1588755233907,1021.0712
1588755233947,1021.0706
1588755233985,1021.0706
1588755234020,1021.0706
1588755234061,1021.0706
1588755234098,1021.0619
1588755234137,1021.0619
1588755234176,1021.0619
1588755234214,1021.0619
1588755234254,1021.1065
1588755234293,1021.1065
1588755234330,1021.1065
1588755234368,1021.1065
1588755234406,1021.05963
1588755234445,1021.05963
1588755234484,1021.05963
1588755234524,1021.05963
1588755234561,1021.0506
1588755234600,1021.0506
1588755234637,1021.0506
1588755234676,1021.0506
1588755234713,1021.0842
1588755234756,1021.0842
1588755234794,1021.0842
1588755234831,1021.0842
1588755234869,1021.0842
1588755234905,1021.11597
1588755234955,1021.11597
1588755234985,1021.11597
1588755235022,1021.11597
1588755235061,1021.1415
1588755235100,1021.1415
1588755235137,1021.1415
1588755235175,1021.1415
1588755235215,1021.1334
1588755235252,1021.1334
1588755235290,1021.1334
1588755235329,1021.1334
1588755235371,1021.0907
1588755235406,1021.0907
1588755235445,1021.0907
1588755235484,1021.0907
1588755235524,1021.15344
1588755235564,1021.15344
1588755235599,1021.15344
1588755235636,1021.15344
1588755235675,1021.1548
1588755235714,1021.1548
1588755235757,1021.1548
1588755235794,1021.1548
1588755235829,1021.14246
1588755235868,1021.14246
1588755235906,1021.14246
1588755235945,1021.14246
1588755235985,1021.14246
1588755236023,1021.0937
1588755236061,1021.0937
1588755236098,1021.0937
1588755236137,1021.0937
1588755236176,1021.08527
1588755236214,1021.08527
1588755236252,1021.08527
1588755236290,1021.08527
1588755236328,1021.09564
1588755236372,1021.09564
1588755236405,1021.09564
1588755236444,1021.09564
1588755236485,1021.11475
1588755236525,1021.11475
1588755236561,1021.11475
1588755236597,1021.11475
1588755236638,1021.1144
1588755236679,1021.1144
1588755236715,1021.1144
1588755236752,1021.1144
1588755236793,1021.1409
1588755236830,1021.1409
1588755236868,1021.1409
1588755236908,1021.1409
1588755236944,1021.15845
1588755236982,1021.15845
1588755237021,1021.15845
1588755237063,1021.15845
1588755237098,1021.15845
1588755237136,1021.1067
1588755237174,1021.1067
1588755237215,1021.1067
1588755237251,1021.1067
1588755237291,1021.09344
1588755237328,1021.09344
1588755237367,1021.09344
1588755237406,1021.09344
1588755237444,1021.07983
1588755237486,1021.07983
1588755237523,1021.07983
1588755237561,1021.07983
1588755237599,1021.09216
1588755237637,1021.09216
1588755237679,1021.09216
1588755237713,1021.09216
1588755237752,1021.1048
1588755237791,1021.1048
1588755237829,1021.1048
1588755237866,1021.1048
1588755237907,1021.11743
1588755237953,1021.11743
1588755237984,1021.11743
1588755238022,1021.11743
1588755238062,1021.13257
1588755238100,1021.13257
1588755238136,1021.13257
1588755238175,1021.13257
1588755238212,1021.13257
1588755238251,1021.1455
1588755238292,1021.1455
1588755238329,1021.1455
1588755238373,1021.1455
1588755238405,1021.12225
1588755238445,1021.12225
1588755238483,1021.12225
1588755238522,1021.12225
1588755238558,1021.12683
1588755238596,1021.12683
1588755238636,1021.12683
1588755238676,1021.12683
1588755238713,1021.11487
1588755238752,1021.11487
1588755238792,1021.11487
1588755238830,1021.11487
1588755238866,1021.14526
1588755238907,1021.14526
1588755238946,1021.14526
1588755238982,1021.14526
1588755239025,1021.1579
1588755239064,1021.1579
1588755239100,1021.1579
1588755239136,1021.1579
1588755239175,1021.1524
1588755239217,1021.1524
1588755239252,1021.1524
1588755239291,1021.1524
1588755239330,1021.1524
1588755239369,1021.15015
1588755239406,1021.15015
1588755239444,1021.15015
1588755239482,1021.15015
1588755239520,1021.17084
1588755239560,1021.17084
1588755239598,1021.17084
1588755239635,1021.17084
1588755239676,1021.17346
1588755239713,1021.17346
1588755239750,1021.17346
1588755239794,1021.17346
1588755239829,1021.1314
1588755239868,1021.1314
1588755239909,1021.1314
1588755239947,1021.1314
1588755239981,1021.1256
1588755240026,1021.1256
1588755240062,1021.1256
1588755240096,1021.1256
1588755240138,1021.13336
1588755240174,1021.13336
1588755240213,1021.13336
1588755240252,1021.13336
1588755240289,1021.16315
1588755240327,1021.16315
1588755240377,1021.16315
1588755240405,1021.16315
1588755240445,1021.16315
1588755240481,1021.1709
1588755240521,1021.1709
1588755240558,1021.1709
1588755240596,1021.1709
1588755240637,1021.1787
1588755240677,1021.1787
1588755240713,1021.1787
1588755240751,1021.1787
1588755240791,1021.2107
1588755240832,1021.2107
1588755240867,1021.2107
1588755240905,1021.2107
1588755240943,1021.18384
1588755240982,1021.18384
1588755241023,1021.18384
1588755241060,1021.18384
1588755241096,1021.1755
1588755241135,1021.1755
1588755241175,1021.1755
1588755241214,1021.1755
1588755241254,1021.18646
1588755241291,1021.18646
1588755241329,1021.18646
1588755241366,1021.18646
1588755241405,1021.18646
1588755241443,1021.18646
1588755241481,1021.18646
1588755241520,1021.18646
1588755241560,1021.18646
1588755241598,1021.19104
1588755241635,1021.19104
1588755241676,1021.19104
1588755241715,1021.19104
1588755241751,1021.224
1588755241793,1021.224
1588755241831,1021.224
1588755241868,1021.224
1588755241906,1021.2143
1588755241944,1021.2143
1588755241981,1021.2143
1588755242020,1021.2143
1588755242058,1021.2913
1588755242097,1021.2913
1588755242135,1021.2913
1588755242173,1021.2913
1588755242212,1021.3068
1588755242252,1021.3068
1588755242291,1021.3068
1588755242328,1021.3068
1588755242366,1021.2434
1588755242405,1021.2434
1588755242444,1021.2434
1588755242482,1021.2434
1588755242520,1021.2286
1588755242558,1021.2286
1588755242598,1021.2286
1588755242634,1021.2286
1588755242673,1021.2286
1588755242713,1021.204
1588755242754,1021.204
1588755242788,1021.204
1588755242829,1021.204
1588755242874,1021.22437
1588755242908,1021.22437
1588755242942,1021.22437
1588755242983,1021.22437
1588755243021,1021.2418
1588755243058,1021.2418
1588755243107,1021.2418
1588755243136,1021.2418
1588755243177,1021.24994
1588755243212,1021.24994
1588755243251,1021.24994
1588755243288,1021.24994
1588755243327,1021.2577
1588755243369,1021.2577
1588755243406,1021.2577
1588755243444,1021.2577
1588755243481,1021.314
1588755243518,1021.314
1588755243558,1021.314
1588755243598,1021.314
1588755243634,1021.2846
1588755243674,1021.2846
1588755243712,1021.2846
1588755243751,1021.2846
1588755243788,1021.2846
1588755243827,1021.2807
1588755243868,1021.2807
1588755243903,1021.2807
1588755243943,1021.2807
1588755243981,1021.2707
1588755244019,1021.2707
1588755244058,1021.2707
1588755244101,1021.2707
1588755244134,1021.2655
1588755244173,1021.2655
1588755244212,1021.2655
1588755244251,1021.2655
1588755244291,1021.27167
1588755244327,1021.27167
1588755244366,1021.27167
1588755244404,1021.27167
1588755244441,1021.2691
1588755244481,1021.2691
1588755244520,1021.2691
1588755244558,1021.2691
1588755244603,1021.28656
1588755244635,1021.28656
1588755244673,1021.28656
1588755244712,1021.28656
1588755244751,1021.2895
1588755244788,1021.2895
1588755244826,1021.2895
1588755244865,1021.2895
1588755244903,1021.2895
1588755244948,1021.2581
1588755244981,1021.2581
1588755245019,1021.2581
1588755245059,1021.2581
1588755245101,1021.24646
1588755245136,1021.24646
1588755245173,1021.24646
1588755245211,1021.24646
1588755245252,1021.2782
1588755245290,1021.2782
1588755245326,1021.2782
1588755245365,1021.2782
1588755245406,1021.29407
1588755245444,1021.29407
1588755245481,1021.29407
1588755245521,1021.29407
1588755245559,1021.2982
1588755245595,1021.2982
1588755245637,1021.2982
1588755245673,1021.2982
1588755245710,1021.30115
1588755245750,1021.30115
1588755245788,1021.30115
1588755245834,1021.30115
1588755245865,1021.3154
1588755245903,1021.3154
1588755245943,1021.3154
1588755245981,1021.3154
1588755246021,1021.3154
1588755246060,1021.3555
1588755246101,1021.3555
1588755246134,1021.3555
1588755246172,1021.3555
1588755246212,1021.3323
1588755246249,1021.3323
1588755246293,1021.3323
1588755246327,1021.3323
1588755246364,1021.29443
1588755246407,1021.29443
1588755246442,1021.29443
1588755246481,1021.29443
1588755246521,1021.3006
1588755246559,1021.3006
1588755246598,1021.3006
1588755246636,1021.3006
1588755246673,1021.34
1588755246711,1021.34
1588755246749,1021.34
1588755246787,1021.34
1588755246827,1021.3511
1588755246865,1021.3511
1588755246906,1021.3511
1588755246943,1021.3511
1588755246983,1021.36694
1588755247019,1021.36694
1588755247058,1021.36694
1588755247098,1021.36694
1588755247134,1021.36694
1588755247172,1021.3498
1588755247212,1021.3498
1588755247250,1021.3498
1588755247288,1021.3498
1588755247326,1021.3656
1588755247366,1021.3656
1588755247403,1021.3656
1588755247442,1021.3656
1588755247485,1021.3702
1588755247519,1021.3702
1588755247557,1021.3702
1588755247598,1021.3702
1588755247634,1021.3472
1588755247671,1021.3472
1588755247714,1021.3472
1588755247750,1021.3472
1588755247788,1021.34143
1588755247825,1021.34143
1588755247864,1021.34143
1588755247905,1021.34143
1588755247944,1021.35565
1588755247980,1021.35565
1588755248021,1021.35565
1588755248058,1021.35565
1588755248095,1021.37506
1588755248135,1021.37506
1588755248175,1021.37506
1588755248212,1021.37506
1588755248251,1021.37506
1588755248296,1021.387
1588755248326,1021.387
1588755248364,1021.387
1588755248405,1021.387
1588755248441,1021.3722
1588755248480,1021.3722
1588755248519,1021.3722
1588755248559,1021.3722
1588755248594,1021.3812
1588755248633,1021.3812
1588755248672,1021.3812
1588755248713,1021.3812
1588755248750,1021.4078
1588755248787,1021.4078
1588755248827,1021.4078
1588755248864,1021.4078
1588755248903,1021.39935
1588755248943,1021.39935
1588755248979,1021.39935
1588755249018,1021.39935
1588755249057,1021.3926
1588755249095,1021.3926
1588755249135,1021.3926
1588755249172,1021.3926
1588755249214,1021.4246
1588755249250,1021.4246
1588755249287,1021.4246
1588755249326,1021.4246
1588755249366,1021.4246
1588755249405,1021.4369
1588755249442,1021.4369
1588755249481,1021.4369
1588755249519,1021.4369
1588755249563,1021.44794
1588755249604,1021.44794
1588755249632,1021.44794
1588755249672,1021.44794
1588755249710,1021.4796
1588755249749,1021.4796
1588755249787,1021.4796
1588755249826,1021.4796
1588755249866,1021.48193
1588755249904,1021.48193
1588755249940,1021.48193
1588755249981,1021.48193
1588755250018,1021.459
1588755250056,1021.459
1588755250096,1021.459
1588755250133,1021.459
1588755250172,1021.5146
1588755250210,1021.5146
1588755250249,1021.5146
1588755250286,1021.5146
1588755250327,1021.5033
1588755250364,1021.5033
1588755250403,1021.5033
1588755250441,1021.5033
1588755250480,1021.5033
1588755250518,1021.48517
1588755250556,1021.48517
1588755250596,1021.48517
1588755250632,1021.48517
1588755250677,1021.48645
1588755250710,1021.48645
1588755250748,1021.48645
1588755250789,1021.48645
1588755250825,1021.44995
1588755250864,1021.44995
1588755250904,1021.44995
1588755250941,1021.44995
1588755250979,1021.4321
1588755251017,1021.4321
1588755251056,1021.4321
1588755251097,1021.4321
1588755251133,1021.438
1588755251172,1021.438
1588755251210,1021.438
1588755251251,1021.438
1588755251287,1021.4535
1588755251328,1021.4535
1588755251365,1021.4535
1588755251402,1021.4535
1588755251441,1021.472
1588755251482,1021.472
1588755251518,1021.472
1588755251566,1021.472
1588755251594,1021.472
1588755251631,1021.5202
1588755251671,1021.5202
1588755251711,1021.5202
1588755251748,1021.5202
1588755251791,1021.4778
1588755251826,1021.4778
1588755251863,1021.4778
1588755251903,1021.4778
1588755251941,1021.44934
1588755251979,1021.44934
1588755252018,1021.44934
1588755252056,1021.44934
1588755252096,1021.43964
1588755252133,1021.43964
1588755252170,1021.43964
1588755252211,1021.43964
1588755252250,1021.48267
1588755252290,1021.48267
1588755252328,1021.48267
1588755252362,1021.48267
1588755252404,1021.4869
1588755252442,1021.4869
1588755252478,1021.4869
1588755252518,1021.4869
1588755252557,1021.4943
1588755252594,1021.4943
1588755252633,1021.4943
1588755252673,1021.4943
1588755252710,1021.4943
1588755252748,1021.48785
1588755252785,1021.48785
1588755252825,1021.48785
1588755252864,1021.48785
1588755252901,1021.5345
1588755252941,1021.5345
1588755252980,1021.5345
1588755253019,1021.5345
1588755253057,1021.5093
1588755253094,1021.5093
1588755253135,1021.5093
1588755253172,1021.5093
1588755253211,1021.4685
1588755253252,1021.4685
1588755253288,1021.4685
1588755253324,1021.4685
1588755253364,1021.46497
1588755253405,1021.46497
1588755253440,1021.46497
1588755253481,1021.46497
1588755253520,1021.4824
1588755253555,1021.4824
1588755253598,1021.4824
1588755253635,1021.4824
1588755253669,1021.50604
1588755253711,1021.50604
1588755253749,1021.50604
1588755253785,1021.50604
1588755253825,1021.50604
1588755253863,1021.5187
1588755253902,1021.5187
1588755253942,1021.5187
1588755253978,1021.5187
1588755254016,1021.51514
1588755254055,1021.51514
1588755254093,1021.51514
1588755254134,1021.51514
1588755254173,1021.51447
1588755254211,1021.51447
1588755254247,1021.51447
1588755254288,1021.51447
1588755254325,1021.53326
1588755254362,1021.53326
1588755254401,1021.53326
1588755254441,1021.53326
1588755254479,1021.50867
1588755254516,1021.50867
1588755254556,1021.50867
1588755254596,1021.50867
1588755254634,1021.48926
1588755254670,1021.48926
1588755254710,1021.48926
1588755254751,1021.48926
1588755254785,1021.4955
1588755254825,1021.4955
1588755254863,1021.4955
1588755254903,1021.4955
1588755254939,1021.4955
1588755254980,1021.49963
1588755255018,1021.49963
1588755255056,1021.49963
1588755255094,1021.49963
1588755255130,1021.53
1588755255181,1021.53
1588755255208,1021.53
1588755255248,1021.53
1588755255287,1021.5537
1588755255324,1021.5537
1588755255364,1021.5537
1588755255402,1021.5537
1588755255441,1021.56274
1588755255478,1021.56274
1588755255518,1021.56274
1588755255558,1021.56274
1588755255595,1021.54596
1588755255632,1021.54596
1588755255671,1021.54596
1588755255710,1021.54596
1588755255748,1021.57153
1588755255787,1021.57153
1588755255826,1021.57153
1588755255862,1021.57153
1588755255901,1021.57733
1588755255938,1021.57733
1588755255983,1021.57733
1588755256017,1021.57733
1588755256055,1021.57733
1588755256093,1021.5285
1588755256134,1021.5285
1588755256170,1021.5285
1588755256208,1021.5285
1588755256248,1021.53143
1588755256287,1021.53143
1588755256324,1021.53143
1588755256362,1021.53143
1588755256402,1021.5476
1588755256442,1021.5476
1588755256479,1021.5476
1588755256517,1021.5476
1588755256558,1021.5596
1588755256593,1021.5596
1588755256633,1021.5596
1588755256670,1021.5596
1588755256710,1021.5673
1588755256749,1021.5673
1588755256784,1021.5673
1588755256825,1021.5673
1588755256862,1021.5622
1588755256902,1021.5622
1588755256940,1021.5622
1588755256979,1021.5622
1588755257019,1021.55994
1588755257056,1021.55994
1588755257093,1021.55994
1588755257132,1021.55994
1588755257171,1021.55994
1588755257210,1021.5674
1588755257246,1021.5674
1588755257286,1021.5674
1588755257325,1021.5674
1588755257363,1021.56384
1588755257403,1021.56384
1588755257442,1021.56384
1588755257478,1021.56384
1588755257519,1021.6072
1588755257555,1021.6072
1588755257594,1021.6072
1588755257636,1021.6072
1588755257668,1021.59875
1588755257709,1021.59875
1588755257749,1021.59875
1588755257785,1021.59875
1588755257823,1021.59485
1588755257862,1021.59485
1588755257901,1021.59485
1588755257938,1021.59485
1588755257981,1021.60425
1588755258016,1021.60425
1588755258053,1021.60425
1588755258093,1021.60425
1588755258132,1021.6477
1588755258169,1021.6477
1588755258209,1021.6477
1588755258246,1021.6477
1588755258285,1021.6477
1588755258323,1021.6765
1588755258362,1021.6765
1588755258401,1021.6765
1588755258438,1021.6765
1588755258477,1021.7583
1588755258516,1021.7583
1588755258555,1021.7583
1588755258592,1021.7583
1588755258631,1021.67065
1588755258668,1021.67065
1588755258707,1021.67065
1588755258747,1021.67065
1588755258786,1021.6415
1588755258825,1021.6415
1588755258867,1021.6415
1588755258905,1021.6415
1588755258938,1021.6053
1588755258978,1021.6053
1588755259017,1021.6053
1588755259056,1021.6053
1588755259096,1021.5904
1588755259131,1021.5904
1588755259170,1021.5904
1588755259209,1021.5904
1588755259247,1021.583
1588755259285,1021.583
1588755259325,1021.583
1588755259363,1021.583
1588755259401,1021.583
1588755259441,1021.57104
1588755259478,1021.57104
1588755259518,1021.57104
1588755259555,1021.57104
1588755259593,1021.56226
1588755259633,1021.56226
1588755259674,1021.56226
1588755259707,1021.56226
1588755259749,1021.5681
1588755259784,1021.5681
1588755259822,1021.5681
1588755259863,1021.5681
1588755259900,1021.56946
