1588754250760,1024.9948
1588754250760,1024.9948
1588754250799,1024.9948
1588754250837,1024.9948
1588754250876,1025.02
1588754250915,1025.02
1588754250953,1025.02
1588754250993,1025.02
1588754251029,1025.0221
1588754251068,1025.0221
1588754251107,1025.0221
1588754251148,1025.0221
1588754251191,1025.0215
1588754251222,1025.0215
1588754251261,1025.0215
1588754251301,1025.0215
1588754251340,1025.0287
1588754251378,1025.0287
1588754251418,1025.0287
1588754251454,1025.0287
1588754251492,1025.0287
1588754251532,1025.0349
1588754251569,1025.0349
1588754251610,1025.0349
1588754251646,1025.0349
1588754251684,1025.0413
1588754251723,1025.0413
1588754251761,1025.0413
1588754251801,1025.0413
1588754251840,1025.0477
1588754251877,1025.0477
1588754251916,1025.0477
1588754251954,1025.0477
1588754251995,1025.0558
1588754252030,1025.0558
1588754252069,1025.0558
1588754252110,1025.0558
1588754252146,1025.0784
1588754252185,1025.0784
1588754252224,1025.0784
1588754252261,1025.0784
1588754252300,1025.0947
1588754252339,1025.0947
1588754252377,1025.0947
1588754252414,1025.0947
1588754252455,1025.1191
1588754252494,1025.1191
1588754252543,1025.1191
1588754252598,1025.1191
1588754252608,1025.1191
1588754252645,1025.1378
1588754252684,1025.1378
1588754252725,1025.1378
1588754252763,1025.1378
1588754252801,1025.148
1588754252843,1025.148
1588754252875,1025.148
1588754252915,1025.148
1588754252952,1025.1566
1588754252993,1025.1566
1588754253032,1025.1566
1588754253068,1025.1566
1588754253106,1025.1542
1588754253147,1025.1542
1588754253185,1025.1542
1588754253226,1025.1542
1588754253264,1025.1367
1588754253298,1025.1367
1588754253338,1025.1367
1588754253377,1025.1367
1588754253416,1025.144
1588754253454,1025.144
1588754253494,1025.144
1588754253529,1025.144
1588754253571,1025.1785
1588754253608,1025.1785
1588754253647,1025.1785
1588754253685,1025.1785
1588754253723,1025.1785
1588754253764,1025.1858
1588754253800,1025.1858
1588754253838,1025.1858
1588754253877,1025.1858
1588754253916,1025.2201
1588754253958,1025.2201
1588754253996,1025.2201
1588754254029,1025.2201
1588754254075,1025.1727
1588754254106,1025.1727
1588754254145,1025.1727
1588754254185,1025.1727
1588754254223,1025.1442
1588754254259,1025.1442
1588754254301,1025.1442
1588754254336,1025.1442
1588754254375,1025.1367
1588754254415,1025.1367
1588754254454,1025.1367
1588754254491,1025.1367
1588754254529,1025.1405
1588754254605,1025.1405
1588754254646,1025.1405
1588754254647,1025.1405
1588754254686,1025.1514
1588754254721,1025.1514
1588754254762,1025.1514
1588754254800,1025.1514
1588754254839,1025.1514
1588754254875,1025.1937
1588754254915,1025.1937
1588754254955,1025.1937
1588754254993,1025.1937
1588754255029,1025.2559
1588754255067,1025.2559
1588754255108,1025.2559
1588754255145,1025.2559
1588754255184,1025.2386
1588754255221,1025.2386
1588754255263,1025.2386
1588754255298,1025.2386
1588754255338,1025.1766
1588754255376,1025.1766
1588754255413,1025.1766
1588754255453,1025.1766
1588754255492,1025.1791
1588754255528,1025.1791
1588754255567,1025.1791
1588754255606,1025.1791
1588754255644,1025.2057
1588754255685,1025.2057
1588754255723,1025.2057
1588754255761,1025.2057
1588754255799,1025.2057
1588754255837,1025.2128
1588754255879,1025.2128
1588754255914,1025.2128
1588754255953,1025.2128
1588754255997,1025.1588
1588754256028,1025.1588
1588754256068,1025.1588
1588754256107,1025.1588
1588754256144,1025.2257
1588754256182,1025.2257
1588754256221,1025.2257
1588754256262,1025.2257
1588754256298,1025.2136
1588754256336,1025.2136
1588754256376,1025.2136
1588754256414,1025.2136
1588754256452,1025.2112
1588754256490,1025.2112
1588754256530,1025.2112
1588754256581,1025.2112
1588754256614,1025.167
1588754256664,1025.167
1588754256704,1025.167
1588754256721,1025.167
1588754256760,1025.1643
1588754256800,1025.1643
1588754256836,1025.1643
1588754256874,1025.1643
1588754256914,1025.1643
1588754256951,1025.1893
1588754256992,1025.1893
1588754257028,1025.1893
1588754257068,1025.1893
1588754257107,1025.2043
1588754257145,1025.2043
1588754257182,1025.2043
1588754257224,1025.2043
1588754257259,1025.2377
1588754257301,1025.2377
1588754257336,1025.2377
1588754257374,1025.2377
1588754257413,1025.2772
1588754257452,1025.2772
1588754257492,1025.2772
1588754257527,1025.2772
1588754257566,1025.3148
1588754257606,1025.3148
1588754257644,1025.3148
1588754257683,1025.3148
1588754257721,1025.2418
1588754257760,1025.2418
1588754257797,1025.2418
1588754257836,1025.2418
1588754257874,1025.2118
1588754257914,1025.2118
1588754257952,1025.2118
1588754257994,1025.2118
1588754258030,1025.2118
1588754258067,1025.224
1588754258105,1025.224
1588754258148,1025.224
1588754258185,1025.224
1588754258221,1025.2261
1588754258263,1025.2261
1588754258298,1025.2261
1588754258340,1025.2261
1588754258374,1025.2495
1588754258416,1025.2495
1588754258451,1025.2495
1588754258490,1025.2495
1588754258528,1025.2596
1588754258566,1025.2596
1588754258605,1025.2596
1588754258645,1025.2596
1588754258682,1025.2764
1588754258720,1025.2764
1588754258759,1025.2764
1588754258799,1025.2764
1588754258836,1025.1581
1588754258875,1025.1581
1588754258913,1025.1581
1588754258952,1025.1581
1588754258995,1025.1581
1588754259029,1025.1537
1588754259068,1025.1537
1588754259106,1025.1537
1588754259143,1025.1537
1588754259181,1025.201
1588754259221,1025.201
1588754259259,1025.201
1588754259298,1025.201
1588754259335,1025.2177
1588754259375,1025.2177
1588754259414,1025.2177
1588754259454,1025.2177
1588754259491,1025.193
1588754259528,1025.193
1588754259568,1025.193
1588754259606,1025.193
1588754259646,1025.2384
1588754259682,1025.2384
1588754259721,1025.2384
1588754259760,1025.2384
1588754259796,1025.2554
1588754259838,1025.2554
1588754259874,1025.2554
1588754259912,1025.2554
1588754259951,1025.2253
1588754259993,1025.2253
1588754260028,1025.2253
1588754260069,1025.2253
1588754260107,1025.2253
1588754260144,1025.1918
1588754260183,1025.1918
1588754260220,1025.1918
1588754260259,1025.1918
1588754260297,1025.2291
1588754260335,1025.2291
1588754260373,1025.2291
1588754260412,1025.2291
1588754260454,1025.2347
1588754260491,1025.2347
1588754260535,1025.2347
1588754260566,1025.2347
1588754260606,1025.1892
1588754260643,1025.1892
1588754260683,1025.1892
1588754260722,1025.1892
1588754260763,1025.2474
1588754260801,1025.2474
1588754260837,1025.2474
1588754260875,1025.2474
1588754260914,1025.2496
1588754260952,1025.2496
1588754260989,1025.2496
1588754261028,1025.2496
1588754261068,1025.2582
1588754261107,1025.2582
1588754261144,1025.2582
1588754261182,1025.2582
1588754261224,1025.2582
1588754261262,1025.1909
1588754261299,1025.1909
1588754261339,1025.1909
1588754261381,1025.1909
1588754261412,1025.1753
1588754261452,1025.1753
1588754261491,1025.1753
1588754261528,1025.1753
1588754261567,1025.2013
1588754261606,1025.2013
1588754261645,1025.2013
1588754261685,1025.2013
1588754261720,1025.199
1588754261760,1025.199
1588754261803,1025.199
1588754261842,1025.199
1588754261874,1025.1573
1588754261913,1025.1573
1588754261955,1025.1573
1588754261991,1025.1573
1588754262027,1025.2075
1588754262066,1025.2075
1588754262109,1025.2075
1588754262145,1025.2075
1588754262182,1025.2075
1588754262220,1025.2291
1588754262258,1025.2291
1588754262297,1025.2291
1588754262338,1025.2291
1588754262374,1025.199
1588754262413,1025.199
1588754262454,1025.199
1588754262490,1025.199
1588754262528,1025.188
1588754262566,1025.188
1588754262604,1025.188
1588754262644,1025.188
1588754262682,1025.2144
1588754262722,1025.2144
1588754262759,1025.2144
1588754262798,1025.2144
1588754262837,1025.2067
1588754262876,1025.2067
1588754262918,1025.2067
1588754262952,1025.2067
1588754262990,1025.1971
1588754263031,1025.1971
1588754263065,1025.1971
1588754263105,1025.1971
1588754263143,1025.2029
1588754263182,1025.2029
1588754263220,1025.2029
1588754263258,1025.2029
1588754263297,1025.2029
1588754263335,1025.2386
1588754263374,1025.2386
1588754263412,1025.2386
1588754263452,1025.2386
1588754263490,1025.2483
1588754263529,1025.2483
1588754263567,1025.2483
1588754263607,1025.2483
1588754263643,1025.1664
1588754263683,1025.1664
1588754263720,1025.1664
1588754263758,1025.1664
1588754263797,1025.1267
1588754263837,1025.1267
1588754263876,1025.1267
1588754263913,1025.1267
1588754263952,1025.1659
1588754263995,1025.1659
1588754264027,1025.1659
1588754264066,1025.1659
1588754264105,1025.1823
1588754264143,1025.1823
1588754264183,1025.1823
1588754264220,1025.1823
1588754264259,1025.1439
1588754264298,1025.1439
1588754264334,1025.1439
1588754264373,1025.1439
1588754264413,1025.1439
1588754264450,1025.2019
1588754264491,1025.2019
1588754264534,1025.2019
1588754264566,1025.2019
1588754264606,1025.2189
1588754264643,1025.2189
1588754264686,1025.2189
1588754264720,1025.2189
1588754264759,1025.2527
1588754264796,1025.2527
1588754264837,1025.2527
1588754264874,1025.2527
1588754264911,1025.2079
1588754264951,1025.2079
1588754264989,1025.2079
1588754265032,1025.2079
1588754265066,1025.1549
1588754265105,1025.1549
1588754265143,1025.1549
1588754265181,1025.1549
1588754265221,1025.1777
1588754265257,1025.1777
1588754265297,1025.1777
1588754265335,1025.1777
1588754265374,1025.1777
1588754265411,1025.1897
1588754265450,1025.1897
1588754265489,1025.1897
1588754265530,1025.1897
1588754265565,1025.1478
1588754265605,1025.1478
1588754265643,1025.1478
1588754265682,1025.1478
1588754265721,1025.2235
1588754265757,1025.2235
1588754265797,1025.2235
1588754265835,1025.2235
1588754265873,1025.1931
1588754265917,1025.1931
1588754265955,1025.1931
1588754265990,1025.1931
1588754266028,1025.1564
1588754266065,1025.1564
1588754266105,1025.1564
1588754266142,1025.1564
1588754266181,1025.097
1588754266219,1025.097
1588754266266,1025.097
1588754266298,1025.097
1588754266337,1025.123
1588754266374,1025.123
1588754266411,1025.123
1588754266450,1025.123
1588754266490,1025.123
1588754266528,1025.1344
1588754266565,1025.1344
1588754266604,1025.1344
1588754266643,1025.1344
1588754266683,1025.1279
1588754266721,1025.1279
1588754266765,1025.1279
1588754266796,1025.1279
1588754266834,1025.1415
1588754266874,1025.1415
1588754266912,1025.1415
1588754266949,1025.1415
1588754266988,1025.1832
1588754267026,1025.1832
1588754267066,1025.1832
1588754267104,1025.1832
1588754267142,1025.1993
1588754267183,1025.1993
1588754267220,1025.1993
1588754267257,1025.1993
1588754267297,1025.0918
1588754267339,1025.0918
1588754267373,1025.0918
1588754267412,1025.0918
1588754267450,1025.0598
1588754267499,1025.0598
1588754267529,1025.0598
1588754267567,1025.0598
1588754267604,1025.0598
1588754267643,1025.1017
1588754267681,1025.1017
1588754267722,1025.1017
1588754267759,1025.1017
1588754267796,1025.121
1588754267834,1025.121
1588754267874,1025.121
1588754267911,1025.121
1588754267955,1025.081
1588754267988,1025.081
1588754268029,1025.081
1588754268064,1025.081
1588754268103,1025.155
1588754268142,1025.155
1588754268179,1025.155
1588754268220,1025.155
1588754268258,1025.1357
1588754268295,1025.1357
1588754268334,1025.1357
1588754268374,1025.1357
1588754268410,1025.1348
1588754268452,1025.1348
1588754268490,1025.1348
1588754268532,1025.1348
1588754268564,1025.1348
1588754268604,1025.0929
1588754268642,1025.0929
1588754268681,1025.0929
1588754268718,1025.0929
1588754268757,1025.098
1588754268796,1025.098
1588754268834,1025.098
1588754268872,1025.098
1588754268912,1025.1222
1588754268948,1025.1222
1588754268988,1025.1222
1588754269029,1025.1222
1588754269066,1025.1251
1588754269102,1025.1251
1588754269141,1025.1251
1588754269181,1025.1251
1588754269221,1025.1238
1588754269257,1025.1238
1588754269295,1025.1238
1588754269334,1025.1238
1588754269376,1025.1865
1588754269411,1025.1865
1588754269448,1025.1865
1588754269488,1025.1865
1588754269527,1025.2158
1588754269565,1025.2158
1588754269605,1025.2158
1588754269642,1025.2158
1588754269682,1025.2158
1588754269719,1025.1256
1588754269758,1025.1256
1588754269796,1025.1256
1588754269833,1025.1256
1588754269874,1025.0728
1588754269913,1025.0728
1588754269949,1025.0728
1588754269989,1025.0728
1588754270028,1025.1001
1588754270063,1025.1001
1588754270102,1025.1001
1588754270141,1025.1001
1588754270180,1025.1115
1588754270219,1025.1115
1588754270257,1025.1115
1588754270296,1025.1115
1588754270335,1025.0637
1588754270371,1025.0637
1588754270411,1025.0637
1588754270451,1025.0637
1588754270488,1025.1329
1588754270528,1025.1329
1588754270565,1025.1329
1588754270604,1025.1329
1588754270642,1025.1298
1588754270682,1025.1298
1588754270718,1025.1298
1588754270757,1025.1298
1588754270798,1025.1298
1588754270834,1025.1475
1588754270873,1025.1475
1588754270910,1025.1475
1588754270949,1025.1475
1588754270988,1025.1027
1588754271028,1025.1027
1588754271069,1025.1027
1588754271103,1025.1027
1588754271141,1025.0897
1588754271184,1025.0897
1588754271220,1025.0897
1588754271257,1025.0897
1588754271295,1025.0865
1588754271334,1025.0865
1588754271373,1025.0865
1588754271412,1025.0865
1588754271450,1025.0848
1588754271487,1025.0848
1588754271533,1025.0848
1588754271565,1025.0848
1588754271602,1025.0333
1588754271641,1025.0333
1588754271686,1025.0333
1588754271720,1025.0333
1588754271756,1025.0333
1588754271799,1025.0479
1588754271833,1025.0479
1588754271873,1025.0479
1588754271911,1025.0479
1588754271948,1025.0688
1588754271986,1025.0688
1588754272026,1025.0688
1588754272064,1025.0688
1588754272102,1025.064
1588754272143,1025.064
1588754272180,1025.064
1588754272218,1025.064
1588754272259,1025.0543
1588754272295,1025.0543
1588754272332,1025.0543
1588754272372,1025.0543
1588754272411,1025.0817
1588754272450,1025.0817
1588754272486,1025.0817
1588754272527,1025.0817
1588754272563,1025.0865
1588754272602,1025.0865
1588754272642,1025.0865
1588754272681,1025.0865
1588754272718,1025.1074
1588754272761,1025.1074
1588754272794,1025.1074
1588754272833,1025.1074
1588754272872,1025.1074
1588754272911,1025.1318
1588754272949,1025.1318
1588754272991,1025.1318
1588754273028,1025.1318
1588754273063,1025.1896
1588754273102,1025.1896
1588754273142,1025.1896
1588754273178,1025.1896
1588754273218,1025.1896
1588754273256,1025.1896
1588754273295,1025.1896
1588754273333,1025.1896
1588754273371,1025.1442
1588754273410,1025.1442
1588754273450,1025.1442
1588754273487,1025.1442
1588754273525,1025.1168
1588754273564,1025.1168
1588754273602,1025.1168
1588754273642,1025.1168
1588754273679,1025.1903
1588754273721,1025.1903
1588754273757,1025.1903
1588754273794,1025.1903
1588754273835,1025.2241
1588754273874,1025.2241
1588754273911,1025.2241
1588754273948,1025.2241
1588754273987,1025.2241
1588754274025,1025.2402
1588754274065,1025.2402
1588754274102,1025.2402
1588754274141,1025.2402
1588754274181,1025.2965
1588754274219,1025.2965
1588754274256,1025.2965
1588754274295,1025.2965
1588754274335,1025.273
1588754274373,1025.273
1588754274409,1025.273
1588754274449,1025.273
1588754274487,1025.3087
1588754274525,1025.3087
1588754274564,1025.3087
1588754274603,1025.3087
1588754274641,1025.3038
1588754274678,1025.3038
1588754274719,1025.3038
1588754274757,1025.3038
1588754274797,1025.3135
1588754274833,1025.3135
1588754274873,1025.3135
1588754274909,1025.3135
1588754274948,1025.3135
1588754274986,1025.3505
1588754275024,1025.3505
1588754275064,1025.3505
1588754275101,1025.3505
1588754275140,1025.3505
1588754275179,1025.3505
1588754275217,1025.3505
1588754275255,1025.3505
1588754275296,1025.3489
1588754275333,1025.3489
1588754275371,1025.3489
1588754275410,1025.3489
1588754275448,1025.3728
1588754275488,1025.3728
1588754275525,1025.3728
1588754275563,1025.3728
1588754275601,1025.3535
1588754275641,1025.3535
1588754275679,1025.3535
1588754275718,1025.3535
1588754275755,1025.2778
1588754275793,1025.2778
1588754275837,1025.2778
1588754275871,1025.2778
1588754275910,1025.2128
1588754275948,1025.2128
1588754275988,1025.2128
1588754276025,1025.2128
1588754276064,1025.2128
1588754276101,1025.2102
1588754276141,1025.2102
1588754276178,1025.2102
1588754276217,1025.2102
1588754276255,1025.2161
1588754276293,1025.2161
1588754276335,1025.2161
1588754276371,1025.2161
1588754276409,1025.1549
1588754276450,1025.1549
1588754276487,1025.1549
1588754276525,1025.1549
1588754276568,1025.2096
1588754276602,1025.2096
1588754276645,1025.2096
1588754276677,1025.2096
1588754276720,1025.1984
1588754276757,1025.1984
1588754276795,1025.1984
1588754276832,1025.1984
1588754276870,1025.1838
1588754276910,1025.1838
1588754276947,1025.1838
1588754276995,1025.1838
1588754277026,1025.1224
1588754277063,1025.1224
1588754277100,1025.1224
1588754277140,1025.1224
1588754277178,1025.1224
1588754277217,1025.1482
1588754277255,1025.1482
1588754277294,1025.1482
1588754277334,1025.1482
1588754277373,1025.1771
1588754277409,1025.1771
1588754277448,1025.1771
1588754277486,1025.1771
1588754277524,1025.1901
1588754277561,1025.1901
1588754277601,1025.1901
1588754277640,1025.1901
1588754277678,1025.2107
1588754277717,1025.2107
1588754277755,1025.2107
1588754277795,1025.2107
1588754277833,1025.2349
1588754277870,1025.2349
1588754277909,1025.2349
1588754277948,1025.2349
1588754277985,1025.2235
1588754278024,1025.2235
1588754278070,1025.2235
1588754278100,1025.2235
1588754278139,1025.2235
1588754278179,1025.1785
1588754278217,1025.1785
1588754278256,1025.1785
1588754278292,1025.1785
1588754278332,1025.1493
1588754278372,1025.1493
1588754278410,1025.1493
1588754278448,1025.1493
1588754278486,1025.1937
1588754278524,1025.1937
1588754278561,1025.1937
1588754278602,1025.1937
1588754278638,1025.2211
1588754278677,1025.2211
1588754278717,1025.2211
1588754278756,1025.2211
1588754278793,1025.1906
1588754278833,1025.1906
1588754278870,1025.1906
1588754278908,1025.1906
1588754278947,1025.2565
1588754278985,1025.2565
1588754279025,1025.2565
1588754279066,1025.2565
1588754279103,1025.2417
1588754279140,1025.2417
1588754279178,1025.2417
1588754279216,1025.2417
1588754279254,1025.2417
1588754279293,1025.2692
1588754279333,1025.2692
1588754279370,1025.2692
1588754279411,1025.2692
1588754279447,1025.2269
1588754279486,1025.2269
1588754279524,1025.2269
1588754279563,1025.2269
1588754279601,1025.219
1588754279639,1025.219
1588754279678,1025.219
1588754279717,1025.219
1588754279755,1025.2576
1588754279793,1025.2576
1588754279832,1025.2576
1588754279871,1025.2576
1588754279909,1025.2654
1588754279947,1025.2654
1588754279986,1025.2654
1588754280042,1025.2654
1588754280061,1025.2672
1588754280100,1025.2672
1588754280137,1025.2672
1588754280178,1025.2672
1588754280215,1025.3043
1588754280255,1025.3043
1588754280294,1025.3043
1588754280332,1025.3043
1588754280373,1025.3043
1588754280409,1025.3088
1588754280448,1025.3088
1588754280486,1025.3088
1588754280528,1025.3088
1588754280563,1025.2542
1588754280600,1025.2542
1588754280639,1025.2542
1588754280676,1025.2542
1588754280716,1025.2074
1588754280757,1025.2074
1588754280794,1025.2074
1588754280840,1025.2074
1588754280869,1025.2493
1588754280908,1025.2493
1588754280948,1025.2493
1588754280985,1025.2493
1588754281024,1025.2793
1588754281061,1025.2793
1588754281100,1025.2793
1588754281138,1025.2793
1588754281177,1025.2693
1588754281215,1025.2693
1588754281253,1025.2693
1588754281291,1025.2693
1588754281330,1025.3595
1588754281368,1025.3595
1588754281407,1025.3595
1588754281445,1025.3595
1588754281487,1025.3595
1588754281524,1025.3372
1588754281564,1025.3372
1588754281603,1025.3372
1588754281639,1025.3372
1588754281684,1025.3402
1588754281715,1025.3402
1588754281756,1025.3402
1588754281794,1025.3402
1588754281832,1025.2211
1588754281870,1025.2211
1588754281907,1025.2211
1588754281945,1025.2211
1588754281987,1025.2272
1588754282024,1025.2272
1588754282066,1025.2272
1588754282104,1025.2272
1588754282138,1025.2578
1588754282179,1025.2578
1588754282215,1025.2578
1588754282257,1025.2578
1588754282294,1025.2865
1588754282330,1025.2865
1588754282369,1025.2865
1588754282409,1025.2865
1588754282446,1025.2865
1588754282484,1025.2543
1588754282524,1025.2543
1588754282561,1025.2543
1588754282600,1025.2543
1588754282639,1025.3297
1588754282677,1025.3297
1588754282715,1025.3297
1588754282753,1025.3297
1588754282791,1025.3195
1588754282830,1025.3195
1588754282870,1025.3195
1588754282910,1025.3195
1588754282947,1025.2695
1588754282985,1025.2695
1588754283025,1025.2695
1588754283065,1025.2695
1588754283101,1025.2438
1588754283138,1025.2438
1588754283176,1025.2438
1588754283215,1025.2438
1588754283254,1025.2886
1588754283292,1025.2886
1588754283332,1025.2886
1588754283369,1025.2886
1588754283407,1025.3143
1588754283446,1025.3143
1588754283485,1025.3143
1588754283524,1025.3143
1588754283564,1025.3143
1588754283600,1025.3237
1588754283639,1025.3237
1588754283683,1025.3237
1588754283715,1025.3237
1588754283753,1025.3737
1588754283792,1025.3737
1588754283831,1025.3737
1588754283869,1025.3737
1588754283908,1025.4027
1588754283945,1025.4027
1588754283983,1025.4027
1588754284024,1025.4027
1588754284064,1025.412
1588754284106,1025.412
1588754284137,1025.412
1588754284177,1025.412
1588754284228,1025.3235
1588754284255,1025.3235
1588754284292,1025.3235
1588754284331,1025.3235
1588754284369,1025.2859
1588754284407,1025.2859
1588754284446,1025.2859
1588754284484,1025.2859
1588754284523,1025.2985
1588754284563,1025.2985
1588754284601,1025.2985
1588754284638,1025.2985
1588754284678,1025.2985
1588754284715,1025.3258
1588754284753,1025.3258
1588754284792,1025.3258
1588754284831,1025.3258
1588754284870,1025.2516
1588754284910,1025.2516
1588754284948,1025.2516
1588754284983,1025.2516
1588754285026,1025.3401
1588754285062,1025.3401
1588754285102,1025.3401
1588754285138,1025.3401
1588754285176,1025.3688
1588754285217,1025.3688
1588754285258,1025.3688
1588754285292,1025.3688
1588754285331,1025.4106
1588754285369,1025.4106
1588754285408,1025.4106
1588754285446,1025.4106
1588754285485,1025.3623
1588754285523,1025.3623
1588754285561,1025.3623
1588754285599,1025.3623
1588754285637,1025.3623
1588754285677,1025.3302
1588754285714,1025.3302
1588754285755,1025.3302
1588754285792,1025.3302
1588754285830,1025.3575
1588754285869,1025.3575
1588754285909,1025.3575
1588754285946,1025.3575
1588754285983,1025.3666
1588754286023,1025.3666
1588754286062,1025.3666
1588754286100,1025.3666
1588754286139,1025.3695
1588754286177,1025.3695
1588754286214,1025.3695
1588754286252,1025.3695
1588754286290,1025.4403
1588754286329,1025.4403
1588754286368,1025.4403
1588754286406,1025.4403
1588754286448,1025.387
1588754286485,1025.387
1588754286521,1025.387
1588754286560,1025.387
1588754286602,1025.3741
1588754286638,1025.3741
1588754286678,1025.3741
1588754286715,1025.3741
1588754286754,1025.3741
1588754286794,1025.3256
1588754286831,1025.3256
1588754286871,1025.3256
1588754286905,1025.3256
1588754286945,1025.3397
1588754286983,1025.3397
1588754287022,1025.3397
1588754287060,1025.3397
1588754287099,1025.3729
1588754287136,1025.3729
1588754287179,1025.3729
1588754287214,1025.3729
1588754287252,1025.3583
1588754287294,1025.3583
1588754287330,1025.3583
1588754287367,1025.3583
1588754287407,1025.3776
1588754287446,1025.3776
1588754287483,1025.3776
1588754287521,1025.3776
1588754287561,1025.453
1588754287603,1025.453
1588754287637,1025.453
1588754287676,1025.453
1588754287713,1025.4188
1588754287753,1025.4188
1588754287791,1025.4188
1588754287830,1025.4188
1588754287869,1025.4188
1588754287907,1025.34
1588754287944,1025.34
1588754287985,1025.34
1588754288022,1025.34
1588754288063,1025.2943
1588754288105,1025.2943
1588754288136,1025.2943
1588754288176,1025.2943
1588754288214,1025.3087
1588754288252,1025.3087
1588754288292,1025.3087
1588754288330,1025.3087
1588754288368,1025.323
1588754288406,1025.323
1588754288445,1025.323
1588754288484,1025.323
1588754288525,1025.2793
1588754288561,1025.2793
1588754288602,1025.2793
1588754288636,1025.2793
1588754288676,1025.3936
1588754288714,1025.3936
1588754288752,1025.3936
1588754288791,1025.3936
1588754288832,1025.3936
1588754288866,1025.3644
1588754288905,1025.3644
1588754288945,1025.3644
1588754288983,1025.3644
1588754289021,1025.3622
1588754289060,1025.3622
1588754289102,1025.3622
1588754289138,1025.3622
1588754289175,1025.3038
1588754289214,1025.3038
1588754289252,1025.3038
1588754289291,1025.3038
1588754289331,1025.2762
1588754289368,1025.2762
1588754289406,1025.2762
1588754289446,1025.2762
1588754289483,1025.2731
1588754289521,1025.2731
1588754289561,1025.2731
1588754289599,1025.2731
1588754289637,1025.276
1588754289675,1025.276
1588754289713,1025.276
1588754289754,1025.276
1588754289789,1025.2615
1588754289830,1025.2615
1588754289867,1025.2615
1588754289907,1025.2615
1588754289944,1025.2615
1588754289984,1025.3157
1588754290021,1025.3157
1588754290060,1025.3157
1588754290098,1025.3157
1588754290136,1025.3186
1588754290175,1025.3186
1588754290215,1025.3186
1588754290252,1025.3186
1588754290290,1025.307
1588754290329,1025.307
1588754290367,1025.307
1588754290407,1025.307
1588754290445,1025.2297
1588754290484,1025.2297
1588754290521,1025.2297
1588754290564,1025.2297
1588754290602,1025.233
1588754290636,1025.233
1588754290675,1025.233
1588754290714,1025.233
1588754290753,1025.2344
1588754290793,1025.2344
1588754290831,1025.2344
1588754290871,1025.2344
1588754290907,1025.1957
1588754290946,1025.1957
1588754290984,1025.1957
1588754291022,1025.1957
1588754291060,1025.1957
1588754291098,1025.2528
1588754291135,1025.2528
1588754291175,1025.2528
1588754291212,1025.2528
1588754291251,1025.2848
1588754291288,1025.2848
1588754291328,1025.2848
1588754291367,1025.2848
1588754291404,1025.3182
1588754291442,1025.3182
1588754291481,1025.3182
1588754291519,1025.3182
1588754291558,1025.2279
1588754291597,1025.2279
1588754291637,1025.2279
1588754291674,1025.2279
1588754291712,1025.1967
1588754291750,1025.1967
1588754291790,1025.1967
1588754291828,1025.1967
1588754291867,1025.216
1588754291906,1025.216
1588754291944,1025.216
1588754291982,1025.216
1588754292020,1025.216
1588754292058,1025.2224
1588754292101,1025.2224
1588754292135,1025.2224
1588754292173,1025.2224
1588754292211,1025.166
1588754292250,1025.166
1588754292288,1025.166
1588754292327,1025.166
1588754292366,1025.2206
1588754292405,1025.2206
1588754292443,1025.2206
1588754292483,1025.2206
1588754292520,1025.2203
1588754292559,1025.2203
1588754292598,1025.2203
1588754292638,1025.2203
1588754292673,1025.238
1588754292712,1025.238
1588754292751,1025.238
1588754292790,1025.238
1588754292827,1025.2184
1588754292866,1025.2184
1588754292903,1025.2184
1588754292943,1025.2184
1588754292982,1025.1936
1588754293019,1025.1936
1588754293057,1025.1936
1588754293098,1025.1936
1588754293134,1025.1936
1588754293175,1025.1969
1588754293213,1025.1969
1588754293250,1025.1969
1588754293288,1025.1969
1588754293326,1025.1853
1588754293368,1025.1853
1588754293404,1025.1853
1588754293443,1025.1853
1588754293483,1025.1383
1588754293523,1025.1383
1588754293559,1025.1383
1588754293598,1025.1383
1588754293644,1025.1945
1588754293674,1025.1945
1588754293715,1025.1945
1588754293752,1025.1945
1588754293788,1025.1913
1588754293828,1025.1913
1588754293868,1025.1913
1588754293904,1025.1913
1588754293944,1025.1703
1588754293981,1025.1703
1588754294021,1025.1703
1588754294058,1025.1703
1588754294098,1025.1227
1588754294135,1025.1227
1588754294173,1025.1227
1588754294213,1025.1227
1588754294251,1025.1227
1588754294290,1025.1437
1588754294327,1025.1437
1588754294374,1025.1437
1588754294406,1025.1437
1588754294445,1025.1498
1588754294482,1025.1498
1588754294520,1025.1498
1588754294557,1025.1498
1588754294596,1025.156
1588754294635,1025.156
1588754294673,1025.156
1588754294712,1025.156
1588754294750,1025.1171
1588754294789,1025.1171
1588754294832,1025.1171
1588754294866,1025.1171
1588754294904,1025.1703
1588754294944,1025.1703
1588754294981,1025.1703
1588754295019,1025.1703
1588754295057,1025.1681
1588754295097,1025.1681
1588754295135,1025.1681
1588754295172,1025.1681
1588754295212,1025.1616
1588754295250,1025.1616
1588754295290,1025.1616
1588754295327,1025.1616
1588754295366,1025.1616
1588754295405,1025.113
1588754295442,1025.113
1588754295483,1025.113
1588754295524,1025.113
1588754295560,1025.1433
1588754295598,1025.1433
1588754295634,1025.1433
1588754295676,1025.1433
1588754295713,1025.1641
1588754295755,1025.1641
1588754295789,1025.1641
1588754295830,1025.1641
1588754295867,1025.1576
1588754295905,1025.1576
1588754295942,1025.1576
1588754295985,1025.1576
1588754296020,1025.1167
1588754296060,1025.1167
1588754296098,1025.1167
1588754296134,1025.1167
1588754296174,1025.1487
1588754296211,1025.1487
1588754296250,1025.1487
1588754296288,1025.1487
1588754296327,1025.1487
1588754296369,1025.1644
1588754296408,1025.1644
1588754296442,1025.1644
1588754296482,1025.1644
1588754296520,1025.1819
1588754296558,1025.1819
1588754296597,1025.1819
1588754296635,1025.1819
1588754296673,1025.1378
1588754296714,1025.1378
1588754296753,1025.1378
1588754296789,1025.1378
1588754296829,1025.1505
1588754296865,1025.1505
1588754296904,1025.1505
1588754296942,1025.1505
1588754296982,1025.1873
1588754297021,1025.1873
1588754297059,1025.1873
1588754297101,1025.1873
1588754297135,1025.1808
1588754297172,1025.1808
1588754297213,1025.1808
1588754297251,1025.1808
1588754297289,1025.1561
1588754297328,1025.1561
1588754297367,1025.1561
1588754297405,1025.1561
1588754297442,1025.1561
1588754297485,1025.2092
1588754297520,1025.2092
1588754297557,1025.2092
1588754297596,1025.2092
1588754297635,1025.2383
1588754297672,1025.2383
1588754297713,1025.2383
1588754297750,1025.2383
1588754297789,1025.2731
1588754297828,1025.2731
1588754297867,1025.2731
1588754297904,1025.2731
1588754297942,1025.1746
1588754297981,1025.1746
1588754298023,1025.1746
1588754298059,1025.1746
1588754298096,1025.1453
1588754298135,1025.1453
1588754298175,1025.1453
1588754298214,1025.1453
1588754298253,1025.1741
1588754298289,1025.1741
1588754298330,1025.1741
1588754298366,1025.1741
1588754298407,1025.1815
1588754298443,1025.1815
1588754298482,1025.1815
1588754298518,1025.1815
1588754298557,1025.1815
1588754298596,1025.1444
1588754298635,1025.1444
1588754298673,1025.1444
1588754298711,1025.1444
1588754298750,1025.2102
1588754298789,1025.2102
1588754298830,1025.2102
1588754298865,1025.2102
1588754298904,1025.2418
1588754298943,1025.2418
1588754298982,1025.2418
1588754299019,1025.2418
1588754299066,1025.2612
1588754299096,1025.2612
1588754299134,1025.2612
1588754299175,1025.2612
1588754299212,1025.1608
1588754299250,1025.1608
1588754299288,1025.1608
1588754299326,1025.1608
1588754299365,1025.1411
1588754299406,1025.1411
1588754299444,1025.1411
1588754299482,1025.1411
1588754299524,1025.1411
1588754299557,1025.1731
1588754299595,1025.1731
1588754299634,1025.1731
1588754299673,1025.1731
1588754299711,1025.1921
1588754299749,1025.1921
1588754299788,1025.1921
1588754299830,1025.1921
1588754299867,1025.1758
1588754299904,1025.1758
1588754299941,1025.1758
1588754299981,1025.1758
1588754300019,1025.2605
1588754300057,1025.2605
1588754300097,1025.2605
1588754300140,1025.2605
1588754300173,1025.2538
1588754300213,1025.2538
1588754300248,1025.2538
1588754300287,1025.2538
1588754300327,1025.2681
1588754300367,1025.2681
1588754300407,1025.2681
1588754300444,1025.2681
1588754300481,1025.1583
1588754300519,1025.1583
1588754300567,1025.1583
1588754300597,1025.1583
1588754300637,1025.1583
1588754300672,1025.1464
1588754300711,1025.1464
1588754300752,1025.1464
1588754300787,1025.1464
1588754300826,1025.1929
1588754300866,1025.1929
1588754300903,1025.1929
1588754300941,1025.1929
1588754300989,1025.22
1588754301019,1025.22
1588754301056,1025.22
1588754301098,1025.22
1588754301134,1025.2247
1588754301172,1025.2247
1588754301211,1025.2247
1588754301250,1025.2247
1588754301289,1025.2986
1588754301326,1025.2986
1588754301364,1025.2986
1588754301402,1025.2986
1588754301445,1025.2819
1588754301480,1025.2819
1588754301521,1025.2819
1588754301557,1025.2819
1588754301596,1025.2975
1588754301634,1025.2975
1588754301672,1025.2975
1588754301720,1025.2975
1588754301753,1025.2975
1588754301789,1025.2234
1588754301827,1025.2234
1588754301866,1025.2234
1588754301904,1025.2234
1588754301941,1025.2145
1588754301981,1025.2145
1588754302021,1025.2145
1588754302072,1025.2145
1588754302096,1025.2161
1588754302137,1025.2161
1588754302171,1025.2161
1588754302211,1025.2161
1588754302248,1025.2235
1588754302287,1025.2235
1588754302325,1025.2235
1588754302364,1025.2235
1588754302407,1025.212
1588754302441,1025.212
1588754302480,1025.212
1588754302521,1025.212
1588754302556,1025.27
1588754302595,1025.27
1588754302635,1025.27
1588754302672,1025.27
1588754302712,1025.27
1588754302751,1025.2311
1588754302787,1025.2311
1588754302826,1025.2311
1588754302864,1025.2311
1588754302902,1025.2096
1588754302942,1025.2096
1588754302984,1025.2096
1588754303019,1025.2096
1588754303057,1025.1722
1588754303096,1025.1722
1588754303136,1025.1722
1588754303172,1025.1722
1588754303211,1025.1897
1588754303249,1025.1897
1588754303288,1025.1897
1588754303325,1025.1897
1588754303365,1025.2313
1588754303402,1025.2313
1588754303441,1025.2313
1588754303481,1025.2313
1588754303520,1025.2307
1588754303556,1025.2307
1588754303595,1025.2307
1588754303636,1025.2307
1588754303672,1025.2401
1588754303710,1025.2401
1588754303749,1025.2401
1588754303792,1025.2401
1588754303828,1025.2401
1588754303864,1025.2833
1588754303901,1025.2833
1588754303942,1025.2833
1588754303980,1025.2833
1588754304018,1025.2865
1588754304060,1025.2865
1588754304096,1025.2865
1588754304133,1025.2865
1588754304174,1025.1768
1588754304209,1025.1768
1588754304249,1025.1768
1588754304286,1025.1768
1588754304327,1025.1504
1588754304364,1025.1504
1588754304402,1025.1504
1588754304441,1025.1504
1588754304482,1025.1858
1588754304518,1025.1858
1588754304557,1025.1858
1588754304596,1025.1858
1588754304632,1025.221
1588754304670,1025.221
1588754304711,1025.221
1588754304748,1025.221
1588754304786,1025.216
1588754304827,1025.216
1588754304865,1025.216
1588754304903,1025.216
1588754304943,1025.216
1588754304980,1025.2559
1588754305026,1025.2559
1588754305058,1025.2559
1588754305095,1025.2559
1588754305133,1025.2782
1588754305171,1025.2782
1588754305211,1025.2782
1588754305248,1025.2782
1588754305287,1025.3071
1588754305326,1025.3071
1588754305368,1025.3071
1588754305402,1025.3071
1588754305442,1025.2228
1588754305480,1025.2228
1588754305520,1025.2228
1588754305557,1025.2228
1588754305596,1025.1986
1588754305636,1025.1986
1588754305671,1025.1986
1588754305710,1025.1986
1588754305748,1025.2
1588754305788,1025.2
1588754305826,1025.2
1588754305863,1025.2
1588754305902,1025.2
1588754305940,1025.2094
1588754305987,1025.2094
1588754306019,1025.2094
1588754306057,1025.2094
1588754306100,1025.1643
1588754306135,1025.1643
1588754306170,1025.1643
1588754306211,1025.1643
1588754306247,1025.2445
1588754306289,1025.2445
1588754306325,1025.2445
1588754306363,1025.2445
1588754306403,1025.2423
1588754306440,1025.2423
1588754306479,1025.2423
1588754306517,1025.2423
1588754306557,1025.234
1588754306595,1025.234
1588754306633,1025.234
1588754306670,1025.234
1588754306710,1025.1906
1588754306748,1025.1906
1588754306787,1025.1906
1588754306826,1025.1906
1588754306866,1025.2112
1588754306902,1025.2112
1588754306948,1025.2112
1588754306978,1025.2112
1588754307017,1025.2112
1588754307055,1025.2289
1588754307095,1025.2289
1588754307134,1025.2289
1588754307173,1025.2289
1588754307210,1025.2416
1588754307250,1025.2416
1588754307287,1025.2416
1588754307325,1025.2416
1588754307365,1025.2264
1588754307402,1025.2264
1588754307440,1025.2264
1588754307479,1025.2264
1588754307517,1025.2504
1588754307557,1025.2504
1588754307594,1025.2504
1588754307633,1025.2504
1588754307670,1025.2229
1588754307709,1025.2229
1588754307747,1025.2229
1588754307787,1025.2229
1588754307824,1025.1826
1588754307864,1025.1826
1588754307903,1025.1826
1588754307940,1025.1826
1588754307981,1025.1711
1588754308018,1025.1711
1588754308055,1025.1711
1588754308094,1025.1711
1588754308131,1025.1711
1588754308177,1025.1998
1588754308212,1025.1998
1588754308248,1025.1998
1588754308287,1025.1998
1588754308324,1025.1964
1588754308362,1025.1964
1588754308402,1025.1964
1588754308439,1025.1964
1588754308480,1025.1915
1588754308518,1025.1915
1588754308555,1025.1915
1588754308594,1025.1915
1588754308634,1025.1458
1588754308674,1025.1458
1588754308709,1025.1458
1588754308750,1025.1458
1588754308786,1025.2068
1588754308825,1025.2068
1588754308895,1025.2068
1588754308920,1025.2068
1588754308940,1025.2081
1588754308978,1025.2081
1588754309018,1025.2081
1588754309059,1025.2081
1588754309093,1025.2081
1588754309132,1025.1791
1588754309172,1025.1791
1588754309208,1025.1791
1588754309248,1025.1791
1588754309288,1025.1193
1588754309330,1025.1193
1588754309362,1025.1193
1588754309401,1025.1193
1588754309441,1025.1525
1588754309478,1025.1525
1588754309522,1025.1525
1588754309556,1025.1525
1588754309592,1025.1586
1588754309632,1025.1586
1588754309671,1025.1586
1588754309709,1025.1586
1588754309749,1025.152
1588754309785,1025.152
1588754309823,1025.152
1588754309863,1025.152
1588754309901,1025.1565
1588754309941,1025.1565
1588754309980,1025.1565
1588754310025,1025.1565
1588754310055,1025.1865
1588754310093,1025.1865
1588754310130,1025.1865
1588754310170,1025.1865
1588754310208,1025.1865
1588754310248,1025.1993
1588754310287,1025.1993
1588754310325,1025.1993
1588754310363,1025.1993
1588754310401,1025.1523
1588754310441,1025.1523
1588754310479,1025.1523
1588754310522,1025.1523
1588754310555,1025.0941
1588754310593,1025.0941
1588754310634,1025.0941
1588754310672,1025.0941
1588754310707,1025.1019
1588754310746,1025.1019
1588754310786,1025.1019
1588754310824,1025.1019
1588754310862,1025.097
1588754310901,1025.097
1588754310941,1025.097
1588754310978,1025.097
1588754311016,1025.0626
1588754311055,1025.0626
1588754311109,1025.0626
1588754311132,1025.0626
1588754311169,1025.1172
1588754311207,1025.1172
1588754311246,1025.1172
1588754311284,1025.1172
1588754311323,1025.1172
1588754311361,1025.1427
1588754311401,1025.1427
1588754311438,1025.1427
1588754311478,1025.1427
1588754311516,1025.1826
1588754311555,1025.1826
1588754311594,1025.1826
1588754311633,1025.1826
1588754311672,1025.1195
1588754311709,1025.1195
1588754311747,1025.1195
1588754311785,1025.1195
1588754311824,1025.089
1588754311863,1025.089
1588754311902,1025.089
1588754311939,1025.089
1588754311978,1025.1238
1588754312017,1025.1238
1588754312055,1025.1238
1588754312093,1025.1238
1588754312135,1025.1444
1588754312174,1025.1444
1588754312208,1025.1444
1588754312245,1025.1444
1588754312285,1025.1444
1588754312324,1025.1023
1588754312363,1025.1023
1588754312401,1025.1023
1588754312439,1025.1023
1588754312477,1025.1813
1588754312515,1025.1813
1588754312554,1025.1813
1588754312592,1025.1813
1588754312634,1025.1636
1588754312671,1025.1636
1588754312707,1025.1636
1588754312746,1025.1636
1588754312785,1025.1746
1588754312823,1025.1746
1588754312863,1025.1746
1588754312903,1025.1746
1588754312939,1025.0869
1588754312980,1025.0869
1588754313017,1025.0869
1588754313055,1025.0869
1588754313092,1025.106
1588754313132,1025.106
1588754313169,1025.106
1588754313207,1025.106
1588754313247,1025.1173
1588754313284,1025.1173
1588754313323,1025.1173
1588754313362,1025.1173
1588754313401,1025.1173
1588754313441,1025.0831
1588754313481,1025.0831
1588754313515,1025.0831
1588754313554,1025.0831
1588754313592,1025.157
1588754313631,1025.157
1588754313674,1025.157
1588754313708,1025.157
1588754313747,1025.1677
1588754313785,1025.1677
1588754313823,1025.1677
1588754313862,1025.1677
1588754313900,1025.2031
1588754313940,1025.2031
1588754313980,1025.2031
1588754314016,1025.2031
1588754314055,1025.1288
1588754314092,1025.1288
1588754314130,1025.1288
1588754314170,1025.1288
1588754314207,1025.103
1588754314246,1025.103
1588754314285,1025.103
1588754314322,1025.103
1588754314361,1025.1268
1588754314401,1025.1268
1588754314440,1025.1268
1588754314478,1025.1268
1588754314517,1025.1268
1588754314553,1025.1362
1588754314592,1025.1362
1588754314631,1025.1362
1588754314669,1025.1362
1588754314709,1025.0892
1588754314746,1025.0892
1588754314784,1025.0892
1588754314823,1025.0892
1588754314862,1025.1747
1588754314901,1025.1747
1588754314941,1025.1747
1588754314978,1025.1747
1588754315017,1025.1456
1588754315054,1025.1456
1588754315095,1025.1456
1588754315131,1025.1456
1588754315168,1025.166
1588754315208,1025.166
1588754315245,1025.166
1588754315287,1025.166
1588754315323,1025.1061
1588754315362,1025.1061
1588754315401,1025.1061
1588754315440,1025.1061
1588754315477,1025.1058
1588754315516,1025.1058
1588754315554,1025.1058
1588754315597,1025.1058
1588754315631,1025.1058
1588754315681,1025.1313
1588754315707,1025.1313
1588754315747,1025.1313
1588754315786,1025.1313
1588754315825,1025.1307
1588754315863,1025.1307
1588754315902,1025.1307
1588754315938,1025.1307
1588754315977,1025.1321
1588754316015,1025.1321
1588754316052,1025.1321
1588754316093,1025.1321
1588754316131,1025.193
1588754316171,1025.193
1588754316207,1025.193
1588754316244,1025.193
1588754316283,1025.1847
1588754316322,1025.1847
1588754316365,1025.1847
1588754316402,1025.1847
1588754316437,1025.1815
1588754316476,1025.1815
1588754316514,1025.1815
1588754316554,1025.1815
1588754316594,1025.1815
1588754316629,1025.0913
1588754316680,1025.0913
1588754316707,1025.0913
1588754316744,1025.0913
1588754316785,1025.1001
1588754316821,1025.1001
1588754316862,1025.1001
1588754316898,1025.1001
1588754316939,1025.1162
1588754316975,1025.1162
1588754317014,1025.1162
1588754317053,1025.1162
1588754317091,1025.0885
1588754317131,1025.0885
1588754317168,1025.0885
1588754317209,1025.0885
1588754317244,1025.1495
1588754317282,1025.1495
1588754317322,1025.1495
1588754317360,1025.1495
1588754317399,1025.1779
1588754317436,1025.1779
1588754317475,1025.1779
1588754317514,1025.1779
1588754317554,1025.2002
1588754317591,1025.2002
1588754317630,1025.2002
1588754317668,1025.2002
1588754317706,1025.2002
1588754317747,1025.0984
1588754317783,1025.0984
1588754317822,1025.0984
1588754317860,1025.0984
1588754317900,1025.0449
1588754317938,1025.0449
1588754317976,1025.0449
1588754318015,1025.0449
1588754318053,1025.0594
1588754318093,1025.0594
1588754318130,1025.0594
1588754318174,1025.0594
1588754318206,1025.0769
1588754318245,1025.0769
1588754318285,1025.0769
1588754318324,1025.0769
1588754318360,1025.0415
1588754318399,1025.0415
1588754318438,1025.0415
1588754318476,1025.0415
1588754318517,1025.1215
1588754318552,1025.1215
1588754318593,1025.1215
1588754318631,1025.1215
1588754318675,1025.1324
1588754318707,1025.1324
1588754318745,1025.1324
1588754318784,1025.1324
1588754318822,1025.1324
1588754318860,1025.1676
1588754318899,1025.1676
1588754318937,1025.1676
1588754318980,1025.1676
1588754319015,1025.1177
1588754319056,1025.1177
1588754319091,1025.1177
1588754319131,1025.1177
1588754319169,1025.1157
1588754319208,1025.1157
1588754319244,1025.1157
1588754319284,1025.1157
1588754319322,1025.1249
1588754319361,1025.1249
1588754319399,1025.1249
1588754319443,1025.1249
1588754319478,1025.1182
1588754319513,1025.1182
1588754319556,1025.1182
1588754319591,1025.1182
1588754319633,1025.0795
1588754319668,1025.0795
1588754319707,1025.0795
1588754319747,1025.0795
1588754319783,1025.0956
1588754319822,1025.0956
1588754319862,1025.0956
1588754319900,1025.0956
1588754319937,1025.0956
1588754319975,1025.113
1588754320018,1025.113
1588754320055,1025.113
1588754320091,1025.113
1588754320129,1025.0983
1588754320168,1025.0983
1588754320205,1025.0983
1588754320244,1025.0983
1588754320283,1025.0571
1588754320322,1025.0571
1588754320360,1025.0571
1588754320400,1025.0571
1588754320437,1025.0636
1588754320476,1025.0636
1588754320514,1025.0636
1588754320558,1025.0636
1588754320592,1025.0793
1588754320630,1025.0793
1588754320667,1025.0793
1588754320706,1025.0793
1588754320744,1025.0887
1588754320782,1025.0887
1588754320821,1025.0887
1588754320859,1025.0887
1588754320898,1025.0887
1588754320937,1025.0632
1588754320977,1025.0632
1588754321015,1025.0632
1588754321055,1025.0632
1588754321092,1025.1095
1588754321137,1025.1095
1588754321168,1025.1095
1588754321208,1025.1095
1588754321244,1025.1249
1588754321284,1025.1249
1588754321320,1025.1249
1588754321362,1025.1249
1588754321400,1025.1215
1588754321437,1025.1215
1588754321478,1025.1215
1588754321513,1025.1215
1588754321552,1025.0391
1588754321592,1025.0391
1588754321630,1025.0391
1588754321670,1025.0391
1588754321706,1025.0709
1588754321743,1025.0709
1588754321782,1025.0709
1588754321821,1025.0709
1588754321861,1025.0945
1588754321898,1025.0945
1588754321937,1025.0945
1588754321976,1025.0945
1588754322015,1025.0945
1588754322052,1025.0878
1588754322091,1025.0878
1588754322131,1025.0878
1588754322169,1025.0878
1588754322208,1025.1246
1588754322244,1025.1246
1588754322285,1025.1246
1588754322322,1025.1246
1588754322359,1025.1334
1588754322398,1025.1334
1588754322438,1025.1334
1588754322475,1025.1334
1588754322514,1025.1735
1588754322551,1025.1735
1588754322595,1025.1735
1588754322629,1025.1735
1588754322667,1025.0977
1588754322707,1025.0977
1588754322745,1025.0977
1588754322783,1025.0977
1588754322821,1025.0751
1588754322860,1025.0751
1588754322902,1025.0751
1588754322938,1025.0751
1588754322975,1025.0974
1588754323015,1025.0974
1588754323052,1025.0974
1588754323092,1025.0974
1588754323128,1025.0974
1588754323168,1025.0988
1588754323206,1025.0988
1588754323243,1025.0988
1588754323284,1025.0988
1588754323321,1025.0802
1588754323359,1025.0802
1588754323397,1025.0802
1588754323436,1025.0802
1588754323474,1025.1333
1588754323513,1025.1333
1588754323552,1025.1333
1588754323592,1025.1333
1588754323629,1025.1154
1588754323666,1025.1154
1588754323705,1025.1154
1588754323744,1025.1154
1588754323783,1025.1006
1588754323822,1025.1006
1588754323861,1025.1006
1588754323898,1025.1006
1588754323937,1025.0632
1588754323974,1025.0632
1588754324015,1025.0632
1588754324051,1025.0632
1588754324088,1025.0487
1588754324129,1025.0487
1588754324169,1025.0487
1588754324204,1025.0487
1588754324244,1025.0487
1588754324284,1025.0884
1588754324321,1025.0884
1588754324358,1025.0884
1588754324399,1025.0884
1588754324437,1025.0933
1588754324474,1025.0933
1588754324513,1025.0933
1588754324553,1025.0933
1588754324590,1025.1381
1588754324628,1025.1381
1588754324671,1025.1381
1588754324707,1025.1381
1588754324743,1025.1813
1588754324782,1025.1813
1588754324821,1025.1813
1588754324859,1025.1813
1588754324897,1025.1907
1588754324935,1025.1907
1588754324976,1025.1907
1588754325013,1025.1907
1588754325055,1025.0875
1588754325090,1025.0875
1588754325129,1025.0875
1588754325167,1025.0875
1588754325204,1025.0875
1588754325243,1025.0499
1588754325282,1025.0499
1588754325324,1025.0499
1588754325360,1025.0499
1588754325397,1025.0833
1588754325436,1025.0833
1588754325473,1025.0833
1588754325516,1025.0833
1588754325551,1025.1055
1588754325591,1025.1055
1588754325628,1025.1055
1588754325668,1025.1055
1588754325710,1025.0701
1588754325744,1025.0701
1588754325785,1025.0701
1588754325820,1025.0701
1588754325857,1025.1506
1588754325898,1025.1506
1588754325936,1025.1506
1588754325974,1025.1506
1588754326015,1025.1312
1588754326052,1025.1312
1588754326091,1025.1312
1588754326128,1025.1312
1588754326166,1025.121
1588754326208,1025.121
1588754326242,1025.121
1588754326283,1025.121
1588754326328,1025.121
1588754326360,1025.0404
1588754326397,1025.0404
1588754326435,1025.0404
1588754326474,1025.0404
1588754326516,1025.0724
1588754326551,1025.0724
1588754326590,1025.0724
1588754326629,1025.0724
1588754326669,1025.0869
1588754326707,1025.0869
1588754326743,1025.0869
1588754326783,1025.0869
1588754326820,1025.0786
1588754326860,1025.0786
1588754326901,1025.0786
1588754326937,1025.0786
1588754326973,1025.117
1588754327012,1025.117
1588754327049,1025.117
1588754327089,1025.117
1588754327127,1025.1395
1588754327168,1025.1395
1588754327209,1025.1395
1588754327243,1025.1395
1588754327282,1025.1572
1588754327323,1025.1572
1588754327358,1025.1572
1588754327399,1025.1572
1588754327434,1025.1572
1588754327476,1025.0387
1588754327519,1025.0387
1588754327551,1025.0387
1588754327589,1025.0387
1588754327626,1025.0046
1588754327666,1025.0046
1588754327707,1025.0046
1588754327744,1025.0046
1588754327781,1025.0333
1588754327819,1025.0333
1588754327859,1025.0333
1588754327899,1025.0333
1588754327936,1025.0527
1588754327973,1025.0527
1588754328011,1025.0527
1588754328051,1025.0527
1588754328091,1025.0267
1588754328129,1025.0267
1588754328167,1025.0267
1588754328205,1025.0267
1588754328242,1025.0953
1588754328283,1025.0953
1588754328322,1025.0953
1588754328358,1025.0953
1588754328398,1025.0918
1588754328442,1025.0918
1588754328474,1025.0918
1588754328512,1025.0918
1588754328552,1025.0918
1588754328590,1025.124
1588754328629,1025.124
1588754328667,1025.124
1588754328704,1025.124
1588754328742,1025.1047
1588754328781,1025.1047
1588754328821,1025.1047
1588754328858,1025.1047
1588754328896,1025.0931
1588754328935,1025.0931
1588754328972,1025.0931
1588754329012,1025.0931
1588754329050,1025.1141
1588754329088,1025.1141
1588754329127,1025.1141
1588754329167,1025.1141
1588754329212,1025.1155
1588754329243,1025.1155
1588754329281,1025.1155
1588754329320,1025.1155
1588754329360,1025.0923
1588754329399,1025.0923
1588754329436,1025.0923
1588754329474,1025.0923
1588754329511,1025.1401
1588754329551,1025.1401
1588754329588,1025.1401
1588754329627,1025.1401
1588754329667,1025.1401
1588754329708,1025.1395
1588754329742,1025.1395
1588754329782,1025.1395
1588754329819,1025.1395
1588754329858,1025.1573
1588754329895,1025.1573
1588754329936,1025.1573
1588754329975,1025.1573
1588754330014,1025.0856
1588754330053,1025.0856
1588754330089,1025.0856
1588754330126,1025.0856
1588754330167,1025.0482
1588754330205,1025.0482
1588754330241,1025.0482
1588754330288,1025.0482
1588754330322,1025.0769
1588754330358,1025.0769
1588754330397,1025.0769
1588754330434,1025.0769
1588754330473,1025.0924
1588754330518,1025.0924
1588754330550,1025.0924
1588754330589,1025.0924
1588754330626,1025.0924
1588754330665,1025.0664
1588754330704,1025.0664
1588754330746,1025.0664
1588754330780,1025.0664
1588754330820,1025.1466
1588754330858,1025.1466
1588754330898,1025.1466
1588754330934,1025.1466
1588754330973,1025.1047
1588754331012,1025.1047
1588754331051,1025.1047
1588754331092,1025.1047
1588754331129,1025.0948
1588754331164,1025.0948
1588754331205,1025.0948
1588754331242,1025.0948
1588754331280,1025.0604
1588754331318,1025.0604
1588754331359,1025.0604
1588754331395,1025.0604
1588754331435,1025.0426
1588754331473,1025.0426
1588754331511,1025.0426
1588754331552,1025.0426
1588754331588,1025.0762
1588754331627,1025.0762
1588754331665,1025.0762
1588754331708,1025.0762
1588754331762,1025.0762
1588754331782,1025.0746
1588754331818,1025.0746
1588754331856,1025.0746
1588754331897,1025.0746
1588754331935,1025.105
1588754331972,1025.105
1588754332011,1025.105
1588754332049,1025.105
1588754332088,1025.1337
1588754332130,1025.1337
1588754332166,1025.1337
1588754332204,1025.1337
1588754332244,1025.138
1588754332280,1025.138
1588754332321,1025.138
1588754332357,1025.138
1588754332395,1025.0541
1588754332435,1025.0541
1588754332472,1025.0541
1588754332514,1025.0541
1588754332551,1025.012
1588754332590,1025.012
1588754332629,1025.012
1588754332665,1025.012
1588754332707,1025.0312
1588754332740,1025.0312
1588754332781,1025.0312
1588754332818,1025.0312
1588754332857,1025.0312
1588754332896,1025.0487
1588754332935,1025.0487
1588754332973,1025.0487
1588754333013,1025.0487
1588754333051,1025.0131
1588754333088,1025.0131
1588754333125,1025.0131
1588754333164,1025.0131
1588754333203,1025.0659
1588754333241,1025.0659
1588754333280,1025.0659
1588754333319,1025.0659
1588754333356,1025.0547
1588754333396,1025.0547
1588754333433,1025.0547
1588754333471,1025.0547
1588754333510,1025.0927
1588754333550,1025.0927
1588754333588,1025.0927
1588754333626,1025.0927
1588754333665,1025.0311
1588754333704,1025.0311
1588754333740,1025.0311
1588754333779,1025.0311
1588754333818,1024.9987
1588754333855,1024.9987
1588754333896,1024.9987
1588754333936,1024.9987
1588754333973,1024.9987
1588754334010,1025.0277
1588754334048,1025.0277
1588754334088,1025.0277
1588754334125,1025.0277
1588754334166,1025.0275
1588754334207,1025.0275
1588754334243,1025.0275
1588754334281,1025.0275
1588754334322,1024.9758
1588754334357,1024.9758
1588754334395,1024.9758
1588754334433,1024.9758
1588754334472,1025.0571
1588754334512,1025.0571
1588754334548,1025.0571
1588754334588,1025.0571
1588754334626,1025.0282
1588754334665,1025.0282
1588754334703,1025.0282
1588754334741,1025.0282
1588754334780,1025.0685
1588754334819,1025.0685
1588754334856,1025.0685
1588754334895,1025.0685
1588754334933,1025.0685
1588754334972,1025.0166
1588754335011,1025.0166
1588754335050,1025.0166
1588754335093,1025.0166
1588754335129,1024.9938
1588754335165,1024.9938
1588754335203,1024.9938
1588754335245,1024.9938
1588754335278,1025.0189
1588754335317,1025.0189
1588754335357,1025.0189
1588754335396,1025.0189
1588754335433,1025.0397
1588754335472,1025.0397
1588754335511,1025.0397
1588754335552,1025.0397
1588754335587,1025.0168
1588754335625,1025.0168
1588754335666,1025.0168
1588754335703,1025.0168
1588754335742,1025.0939
1588754335779,1025.0939
1588754335821,1025.0939
1588754335856,1025.0939
1588754335895,1025.0665
1588754335933,1025.0665
1588754335973,1025.0665
1588754336012,1025.0665
1588754336048,1025.0665
1588754336089,1025.0391
1588754336126,1025.0391
1588754336163,1025.0391
1588754336203,1025.0391
1588754336244,1024.9889
1588754336279,1024.9889
1588754336320,1024.9889
1588754336356,1024.9889
1588754336395,1024.9872
1588754336432,1024.9872
1588754336473,1024.9872
1588754336512,1024.9872
1588754336550,1025.027
1588754336588,1025.027
1588754336626,1025.027
1588754336663,1025.027
1588754336702,1025.038
1588754336743,1025.038
1588754336780,1025.038
1588754336817,1025.038
1588754336856,1024.996
1588754336899,1024.996
1588754336933,1024.996
1588754336974,1024.996
1588754337010,1025.0989
1588754337048,1025.0989
1588754337087,1025.0989
1588754337125,1025.0989
1588754337163,1025.0989
1588754337201,1025.055
1588754337241,1025.055
1588754337279,1025.055
1588754337318,1025.055
1588754337356,1025.043
1588754337395,1025.043
1588754337432,1025.043
1588754337473,1025.043
1588754337510,1024.9672
1588754337550,1024.9672
1588754337588,1024.9672
1588754337625,1024.9672
1588754337663,1024.972
1588754337702,1024.972
1588754337747,1024.972
1588754337779,1024.972
1588754337818,1025.0011
1588754337856,1025.0011
1588754337894,1025.0011
1588754337932,1025.0011
1588754337972,1024.975
1588754338010,1024.975
1588754338049,1024.975
1588754338087,1024.975
1588754338126,1025.0537
1588754338167,1025.0537
1588754338203,1025.0537
1588754338240,1025.0537
1588754338280,1025.0537
1588754338317,1025.0612
1588754338355,1025.0612
1588754338394,1025.0612
1588754338434,1025.0612
1588754338471,1025.0963
1588754338509,1025.0963
1588754338548,1025.0963
1588754338589,1025.0963
1588754338624,1024.9865
1588754338665,1024.9865
1588754338706,1024.9865
1588754338740,1024.9865
1588754338782,1024.9507
1588754338818,1024.9507
1588754338855,1024.9507
1588754338893,1024.9507
1588754338932,1024.9733
1588754338972,1024.9733
1588754339009,1024.9733
1588754339048,1024.9733
1588754339086,1024.9923
1588754339125,1024.9923
1588754339165,1024.9923
1588754339202,1024.9923
1588754339239,1024.9923
1588754339278,1024.952
1588754339316,1024.952
1588754339355,1024.952
1588754339394,1024.952
1588754339432,1025.04
1588754339472,1025.04
1588754339510,1025.04
1588754339550,1025.04
1588754339588,1025.0302
1588754339625,1025.0302
1588754339663,1025.0302
1588754339702,1025.0302
1588754339740,1025.0653
1588754339778,1025.0653
1588754339817,1025.0653
1588754339855,1025.0653
1588754339894,1025.0364
1588754339933,1025.0364
1588754339973,1025.0364
1588754340011,1025.0364
1588754340048,1025.0009
1588754340086,1025.0009
1588754340123,1025.0009
1588754340161,1025.0009
1588754340204,1025.0073
1588754340247,1025.0073
1588754340278,1025.0073
1588754340316,1025.0073
1588754340355,1025.0073
1588754340397,1025.0167
1588754340432,1025.0167
1588754340471,1025.0167
1588754340509,1025.0167
1588754340547,1024.97
1588754340588,1024.97
1588754340625,1024.97
1588754340663,1024.97
1588754340702,1025.058
1588754340743,1025.058
1588754340783,1025.058
1588754340816,1025.058
1588754340855,1025.0193
1588754340893,1025.0193
1588754340933,1025.0193
1588754340971,1025.0193
1588754341008,1025.0287
1588754341049,1025.0287
1588754341086,1025.0287
1588754341124,1025.0287
1588754341163,1024.9608
1588754341202,1024.9608
1588754341240,1024.9608
1588754341278,1024.9608
1588754341316,1024.9624
1588754341356,1024.9624
1588754341394,1024.9624
1588754341432,1024.9624
1588754341471,1024.9624
1588754341511,1024.9718
1588754341549,1024.9718
1588754341585,1024.9718
1588754341624,1024.9718
1588754341662,1024.9728
1588754341700,1024.9728
1588754341741,1024.9728
1588754341777,1024.9728
1588754341817,1024.9824
1588754341855,1024.9824
1588754341893,1024.9824
1588754341932,1024.9824
1588754341972,1025.0256
1588754342009,1025.0256
1588754342047,1025.0256
1588754342085,1025.0256
1588754342125,1025.0402
1588754342163,1025.0402
1588754342206,1025.0402
1588754342240,1025.0402
1588754342277,1025.0028
1588754342316,1025.0028
1588754342354,1025.0028
1588754342392,1025.0028
1588754342435,1024.9574
1588754342472,1024.9574
1588754342509,1024.9574
1588754342547,1024.9574
1588754342586,1024.9574
1588754342624,1024.9664
1588754342663,1024.9664
1588754342701,1024.9664
1588754342739,1024.9664
1588754342778,1024.9904
1588754342817,1024.9904
1588754342854,1024.9904
1588754342893,1024.9904
1588754342932,1024.9708
1588754342971,1024.9708
1588754343010,1024.9708
1588754343047,1024.9708
1588754343085,1024.9995
1588754343136,1024.9995
1588754343163,1024.9995
1588754343201,1024.9995
1588754343243,1025.0267
1588754343276,1025.0267
1588754343317,1025.0267
1588754343355,1025.0267
1588754343396,1025.0396
1588754343431,1025.0396
1588754343472,1025.0396
1588754343508,1025.0396
1588754343547,1025.0396
1588754343585,1024.9841
1588754343625,1024.9841
1588754343663,1024.9841
1588754343700,1024.9841
1588754343739,1024.9275
1588754343778,1024.9275
1588754343817,1024.9275
1588754343856,1024.9275
1588754343891,1024.961
1588754343930,1024.961
1588754343970,1024.961
1588754344011,1024.961
1588754344046,1024.9769
1588754344087,1024.9769
1588754344127,1024.9769
1588754344162,1024.9769
1588754344204,1024.9447
1588754344240,1024.9447
1588754344277,1024.9447
1588754344314,1024.9447
1588754344356,1025.0101
1588754344393,1025.0101
1588754344430,1025.0101
1588754344470,1025.0101
1588754344510,1024.9827
1588754344546,1024.9827
1588754344585,1024.9827
1588754344624,1024.9827
1588754344661,1024.9827
1588754344700,1025.0323
1588754344748,1025.0323
1588754344777,1025.0323
1588754344815,1025.0323
1588754344855,1024.9695
1588754344895,1024.9695
1588754344934,1024.9695
1588754344970,1024.9695
1588754345016,1024.9625
1588754345049,1024.9625
1588754345085,1024.9625
1588754345124,1024.9625
1588754345162,1024.9723
1588754345199,1024.9723
1588754345247,1024.9723
1588754345282,1024.9723
1588754345314,1024.978
1588754345356,1024.978
1588754345392,1024.978
1588754345432,1024.978
1588754345470,1024.9423
1588754345510,1024.9423
1588754345546,1024.9423
1588754345583,1024.9423
1588754345623,1024.9968
1588754345663,1024.9968
1588754345701,1024.9968
1588754345740,1024.9968
1588754345777,1024.9968
1588754345817,1024.9968
1588754345855,1024.9968
1588754345893,1024.9968
1588754345932,1024.9968
1588754345970,1024.9772
1588754346007,1024.9772
1588754346046,1024.9772
1588754346085,1024.9772
1588754346123,1024.948
1588754346164,1024.948
1588754346205,1024.948
1588754346237,1024.948
1588754346276,1024.957
1588754346314,1024.957
1588754346353,1024.957
1588754346393,1024.957
1588754346434,1024.9729
1588754346470,1024.9729
1588754346509,1024.9729
1588754346547,1024.9729
1588754346587,1024.9774
1588754346624,1024.9774
1588754346661,1024.9774
1588754346700,1024.9774
1588754346742,1024.9465
1588754346776,1024.9465
1588754346815,1024.9465
1588754346854,1024.9465
1588754346894,1024.9465
1588754346931,1024.9991
1588754346969,1024.9991
1588754347007,1024.9991
1588754347046,1024.9991
1588754347085,1025.0135
1588754347122,1025.0135
1588754347163,1025.0135
1588754347201,1025.0135
1588754347239,1024.994
1588754347280,1024.994
1588754347315,1024.994
1588754347354,1024.994
1588754347391,1024.9534
1588754347431,1024.9534
1588754347471,1024.9534
1588754347507,1024.9534
1588754347548,1024.9854
1588754347585,1024.9854
1588754347622,1024.9854
1588754347667,1024.9854
1588754347698,1025.0219
1588754347737,1025.0219
1588754347786,1025.0219
1588754347815,1025.0219
1588754347856,1025.0299
1588754347892,1025.0299
1588754347932,1025.0299
1588754347968,1025.0299
1588754348007,1025.0299
1588754348048,1025.0635
1588754348085,1025.0635
1588754348123,1025.0635
1588754348162,1025.0635
1588754348199,1025.089
1588754348239,1025.089
1588754348278,1025.089
1588754348315,1025.089
1588754348353,1025.0778
1588754348394,1025.0778
1588754348430,1025.0778
1588754348469,1025.0778
1588754348507,1024.9823
1588754348549,1024.9823
1588754348585,1024.9823
1588754348624,1024.9823
1588754348661,1024.9543
1588754348699,1024.9543
1588754348739,1024.9543
1588754348776,1024.9543
1588754348815,1025.0007
1588754348855,1025.0007
1588754348893,1025.0007
1588754348932,1025.0007
1588754348970,1025.0007
1588754349010,1025.0153
1588754349047,1025.0153
1588754349085,1025.0153
1588754349126,1025.0153
1588754349161,1025.0034
1588754349198,1025.0034
1588754349238,1025.0034
1588754349276,1025.0034
1588754349314,1025.0873
1588754349353,1025.0873
1588754349391,1025.0873
1588754349430,1025.0873
1588754349468,1025.0757
1588754349508,1025.0757
1588754349545,1025.0757
1588754349584,1025.0757
1588754349622,1025.0992
1588754349663,1025.0992
1588754349702,1025.0992
1588754349739,1025.0992
1588754349777,1025.0026
1588754349815,1025.0026
1588754349854,1025.0026
1588754349893,1025.0026
1588754349930,1024.9685
1588754349968,1024.9685
1588754350007,1024.9685
1588754350048,1024.9685
1588754350082,1024.9685
1588754350125,1024.9991
1588754350161,1024.9991
1588754350198,1024.9991
1588754350238,1024.9991
1588754350276,1025.0165
1588754350317,1025.0165
1588754350355,1025.0165
1588754350392,1025.0165
1588754350432,1024.9907
1588754350467,1024.9907
1588754350506,1024.9907
1588754350545,1024.9907
1588754350585,1025.0608
1588754350622,1025.0608
1588754350664,1025.0608
1588754350698,1025.0608
1588754350739,1025.0444
1588754350776,1025.0444
1588754350815,1025.0444
1588754350851,1025.0444
1588754350891,1025.0122
1588754350931,1025.0122
1588754350968,1025.0122
1588754351005,1025.0122
1588754351045,1024.9845
1588754351083,1024.9845
1588754351120,1024.9845
1588754351161,1024.9845
1588754351200,1024.9845
1588754351237,1025.012
1588754351279,1025.012
1588754351315,1025.012
1588754351352,1025.012
1588754351391,1025.0249
1588754351432,1025.0249
1588754351471,1025.0249
1588754351507,1025.0249
1588754351544,1025.0104
1588754351584,1025.0104
1588754351621,1025.0104
1588754351664,1025.0104
1588754351698,1025.0345
1588754351737,1025.0345
1588754351777,1025.0345
1588754351814,1025.0345
1588754351855,1025.0646
1588754351891,1025.0646
1588754351934,1025.0646
1588754351968,1025.0646
1588754352008,1025.0659
1588754352045,1025.0659
1588754352083,1025.0659
1588754352122,1025.0659
1588754352161,1025.0044
1588754352199,1025.0044
1588754352236,1025.0044
1588754352274,1025.0044
1588754352314,1025.0044
1588754352357,1024.9673
1588754352392,1024.9673
1588754352429,1024.9673
1588754352468,1024.9673
1588754352508,1025.0073
1588754352546,1025.0073
1588754352586,1025.0073
1588754352623,1025.0073
1588754352660,1025.0347
1588754352698,1025.0347
1588754352737,1025.0347
1588754352775,1025.0347
1588754352814,1025.0312
1588754352853,1025.0312
1588754352891,1025.0312
1588754352930,1025.0312
1588754352968,1025.087
1588754353006,1025.087
1588754353045,1025.087
1588754353084,1025.087
1588754353122,1025.0741
1588754353160,1025.0741
1588754353202,1025.0741
1588754353237,1025.0741
1588754353278,1025.0741
1588754353313,1025.0645
1588754353352,1025.0645
1588754353391,1025.0645
1588754353429,1025.0645
1588754353468,1025.0061
1588754353507,1025.0061
1588754353544,1025.0061
1588754353582,1025.0061
1588754353621,1025.0253
1588754353661,1025.0253
1588754353702,1025.0253
1588754353737,1025.0253
1588754353775,1025.0365
1588754353813,1025.0365
1588754353852,1025.0365
1588754353892,1025.0365
1588754353935,1025.0443
1588754353969,1025.0443
1588754354007,1025.0443
1588754354044,1025.0443
1588754354082,1025.0862
1588754354126,1025.0862
1588754354164,1025.0862
1588754354199,1025.0862
1588754354236,1025.1033
1588754354279,1025.1033
1588754354313,1025.1033
1588754354354,1025.1033
1588754354390,1025.1033
1588754354427,1025.1482
1588754354467,1025.1482
1588754354509,1025.1482
1588754354544,1025.1482
1588754354584,1025.0721
1588754354623,1025.0721
1588754354672,1025.0721
1588754354700,1025.0721
1588754354737,1025.0222
1588754354774,1025.0222
1588754354812,1025.0222
1588754354851,1025.0222
1588754354890,1025.0509
1588754354929,1025.0509
1588754354965,1025.0509
1588754355013,1025.0509
1588754355046,1025.0638
1588754355081,1025.0638
1588754355119,1025.0638
1588754355159,1025.0638
1588754355197,1025.0487
1588754355236,1025.0487
1588754355280,1025.0487
1588754355313,1025.0487
1588754355351,1025.0935
1588754355390,1025.0935
1588754355428,1025.0935
1588754355467,1025.0935
1588754355506,1025.0935
1588754355544,1025.0707
1588754355583,1025.0707
1588754355641,1025.0707
1588754355661,1025.0707
1588754355697,1025.0885
1588754355736,1025.0885
1588754355778,1025.0885
1588754355814,1025.0885
1588754355854,1025.0847
1588754355889,1025.0847
1588754355927,1025.0847
1588754355970,1025.0847
1588754356005,1025.0808
1588754356044,1025.0808
1588754356082,1025.0808
1588754356121,1025.0808
1588754356160,1025.0808
1588754356198,1025.0808
1588754356238,1025.0808
1588754356279,1025.0808
1588754356315,1025.0857
1588754356352,1025.0857
1588754356389,1025.0857
1588754356428,1025.0857
1588754356466,1025.0792
1588754356507,1025.0792
1588754356545,1025.0792
1588754356587,1025.0792
1588754356622,1025.0792
1588754356660,1025.1095
1588754356697,1025.1095
1588754356738,1025.1095
1588754356775,1025.1095
1588754356813,1025.1077
1588754356851,1025.1077
1588754356891,1025.1077
1588754356928,1025.1077
1588754356969,1025.0719
1588754357006,1025.0719
1588754357045,1025.0719
1588754357082,1025.0719
1588754357122,1025.0269
1588754357175,1025.0269
1588754357196,1025.0269
1588754357235,1025.0269
1588754357274,1025.0568
1588754357312,1025.0568
1588754357351,1025.0568
1588754357390,1025.0568
1588754357429,1025.0746
1588754357466,1025.0746
1588754357506,1025.0746
1588754357543,1025.0746
1588754357581,1025.0746
1588754357621,1025.0594
1588754357660,1025.0594
1588754357697,1025.0594
1588754357740,1025.0594
1588754357775,1025.1223
1588754357812,1025.1223
1588754357851,1025.1223
1588754357890,1025.1223
1588754357927,1025.1254
1588754357965,1025.1254
1588754358007,1025.1254
1588754358043,1025.1254
1588754358084,1025.1586
1588754358120,1025.1586
1588754358158,1025.1586
1588754358197,1025.1586
1588754358235,1025.1389
1588754358275,1025.1389
1588754358311,1025.1389
1588754358350,1025.1389
1588754358390,1025.129
1588754358434,1025.129
1588754358467,1025.129
1588754358505,1025.129
1588754358543,1025.1394
1588754358582,1025.1394
1588754358621,1025.1394
1588754358661,1025.1394
1588754358697,1025.1394
1588754358736,1025.1361
1588754358776,1025.1361
1588754358812,1025.1361
1588754358853,1025.1361
1588754358893,1025.1007
1588754358928,1025.1007
1588754358966,1025.1007
1588754359006,1025.1007
1588754359044,1025.1536
1588754359088,1025.1536
1588754359125,1025.1536
1588754359159,1025.1536
1588754359197,1025.1276
1588754359236,1025.1276
1588754359273,1025.1276
1588754359311,1025.1276
1588754359363,1025.145
1588754359391,1025.145
1588754359427,1025.145
1588754359465,1025.145
1588754359505,1025.077
1588754359543,1025.077
1588754359582,1025.077
1588754359619,1025.077
1588754359659,1025.0851
1588754359696,1025.0851
1588754359735,1025.0851
1588754359781,1025.0851
1588754359811,1025.0851
1588754359849,1025.1044
1588754359888,1025.1044
1588754359927,1025.1044
1588754359966,1025.1044
1588754360005,1025.1165
1588754360042,1025.1165
1588754360082,1025.1165
1588754360120,1025.1165
1588754360173,1025.0662
1588754360196,1025.0662
1588754360235,1025.0662
1588754360273,1025.0662
1588754360311,1025.1145
1588754360354,1025.1145
1588754360389,1025.1145
1588754360427,1025.1145
1588754360466,1025.1049
1588754360504,1025.1049
1588754360548,1025.1049
1588754360582,1025.1049
1588754360619,1025.1191
1588754360658,1025.1191
1588754360697,1025.1191
1588754360735,1025.1191
1588754360772,1025.0804
1588754360813,1025.0804
1588754360850,1025.0804
1588754360889,1025.0804
1588754360926,1025.0804
1588754360967,1025.0685
1588754361004,1025.0685
1588754361043,1025.0685
1588754361081,1025.0685
1588754361121,1025.0975
1588754361160,1025.0975
1588754361197,1025.0975
1588754361234,1025.0975
1588754361274,1025.1072
1588754361313,1025.1072
1588754361350,1025.1072
1588754361391,1025.1072
1588754361426,1025.0714
1588754361464,1025.0714
1588754361504,1025.0714
1588754361544,1025.0714
1588754361581,1025.1405
1588754361620,1025.1405
1588754361658,1025.1405
1588754361696,1025.1405
1588754361735,1025.1226
1588754361775,1025.1226
1588754361814,1025.1226
1588754361851,1025.1226
1588754361888,1025.1396
1588754361928,1025.1396
1588754361965,1025.1396
1588754362004,1025.1396
1588754362043,1025.1396
1588754362080,1025.1249
1588754362120,1025.1249
1588754362161,1025.1249
1588754362196,1025.1249
1588754362235,1025.1168
1588754362273,1025.1168
1588754362315,1025.1168
1588754362350,1025.1168
1588754362387,1025.139
1588754362427,1025.139
1588754362466,1025.139
1588754362503,1025.139
1588754362544,1025.1453
1588754362580,1025.1453
1588754362620,1025.1453
1588754362657,1025.1453
1588754362695,1025.1208
1588754362745,1025.1208
1588754362774,1025.1208
1588754362809,1025.1208
1588754362849,1025.1869
1588754362887,1025.1869
1588754362926,1025.1869
1588754362967,1025.1869
1588754363004,1025.1869
1588754363044,1025.1621
1588754363081,1025.1621
1588754363118,1025.1621
1588754363158,1025.1621
1588754363198,1025.1603
1588754363235,1025.1603
1588754363275,1025.1603
1588754363312,1025.1603
1588754363349,1025.1038
1588754363387,1025.1038
1588754363426,1025.1038
1588754363466,1025.1038
1588754363523,1025.1084
1588754363543,1025.1084
1588754363582,1025.1084
1588754363619,1025.1084
1588754363659,1025.1212
1588754363696,1025.1212
1588754363734,1025.1212
1588754363774,1025.1212
1588754363818,1025.1097
1588754363849,1025.1097
1588754363887,1025.1097
1588754363929,1025.1097
1588754363968,1025.1139
1588754364006,1025.1139
1588754364042,1025.1139
1588754364080,1025.1139
1588754364120,1025.1139
1588754364157,1025.1781
1588754364196,1025.1781
1588754364233,1025.1781
1588754364274,1025.1781
1588754364314,1025.149
1588754364348,1025.149
1588754364387,1025.149
1588754364426,1025.149
1588754364465,1025.1373
1588754364507,1025.1373
1588754364542,1025.1373
1588754364582,1025.1373
1588754364618,1025.0818
1588754364658,1025.0818
1588754364696,1025.0818
1588754364733,1025.0818
1588754364774,1025.0977
1588754364817,1025.0977
1588754364851,1025.0977
1588754364886,1025.0977
1588754364926,1025.1232
1588754364966,1025.1232
1588754365002,1025.1232
1588754365042,1025.1232
1588754365082,1025.132
1588754365119,1025.132
1588754365159,1025.132
1588754365197,1025.132
1588754365234,1025.132
1588754365272,1025.138
1588754365311,1025.138
1588754365350,1025.138
1588754365386,1025.138
1588754365425,1025.2051
1588754365465,1025.2051
1588754365509,1025.2051
1588754365541,1025.2051
1588754365580,1025.1945
1588754365618,1025.1945
1588754365661,1025.1945
1588754365695,1025.1945
1588754365733,1025.1708
1588754365774,1025.1708
1588754365814,1025.1708
1588754365848,1025.1708
1588754365887,1025.1106
1588754365947,1025.1106
1588754365964,1025.1106
1588754366003,1025.1106
1588754366043,1025.1223
1588754366081,1025.1223
1588754366121,1025.1223
1588754366164,1025.1223
1588754366196,1025.1311
1588754366233,1025.1311
1588754366272,1025.1311
1588754366313,1025.1311
1588754366348,1025.1311
1588754366388,1025.1025
1588754366430,1025.1025
1588754366465,1025.1025
1588754366503,1025.1025
1588754366540,1025.1415
1588754366580,1025.1415
1588754366618,1025.1415
1588754366656,1025.1415
1588754366697,1025.1499
1588754366734,1025.1499
1588754366770,1025.1499
1588754366817,1025.1499
1588754366849,1025.192
1588754366886,1025.192
1588754366925,1025.192
1588754366964,1025.192
1588754367002,1025.1019
1588754367041,1025.1019
1588754367080,1025.1019
1588754367117,1025.1019
1588754367156,1025.0844
1588754367197,1025.0844
1588754367234,1025.0844
1588754367273,1025.0844
1588754367312,1025.0844
1588754367349,1025.1039
1588754367401,1025.1039
1588754367424,1025.1039
1588754367464,1025.1039
1588754367502,1025.1176
1588754367542,1025.1176
1588754367580,1025.1176
1588754367617,1025.1176
1588754367658,1025.09
1588754367695,1025.09
1588754367734,1025.09
1588754367772,1025.09
1588754367811,1025.1757
1588754367848,1025.1757
1588754367889,1025.1757
1588754367928,1025.1757
1588754367965,1025.15
1588754368003,1025.15
1588754368042,1025.15
1588754368080,1025.15
1588754368118,1025.1456
1588754368159,1025.1456
1588754368194,1025.1456
1588754368233,1025.1456
1588754368272,1025.0945
1588754368311,1025.0945
1588754368355,1025.0945
1588754368389,1025.0945
1588754368425,1025.0945
1588754368465,1025.1075
1588754368502,1025.1075
1588754368540,1025.1075
1588754368579,1025.1075
1588754368617,1025.1261
1588754368656,1025.1261
1588754368693,1025.1261
1588754368733,1025.1261
1588754368771,1025.1329
1588754368811,1025.1329
1588754368853,1025.1329
1588754368886,1025.1329
1588754368930,1025.0953
1588754368963,1025.0953
1588754369004,1025.0953
1588754369041,1025.0953
1588754369080,1025.1554
1588754369118,1025.1554
1588754369158,1025.1554
1588754369195,1025.1554
1588754369233,1025.1287
1588754369272,1025.1287
1588754369311,1025.1287
1588754369347,1025.1287
1588754369388,1025.1843
1588754369425,1025.1843
1588754369463,1025.1843
1588754369512,1025.1843
1588754369542,1025.1843
1588754369590,1025.1312
1588754369617,1025.1312
1588754369655,1025.1312
1588754369697,1025.1312
1588754369733,1025.0997
1588754369770,1025.0997
1588754369809,1025.0997
1588754369855,1025.0997
1588754369888,1025.1344
1588754369925,1025.1344
1588754369963,1025.1344
1588754370006,1025.1344
1588754370041,1025.1493
1588754370078,1025.1493
1588754370117,1025.1493
1588754370155,1025.1493
1588754370197,1025.1162
1588754370234,1025.1162
1588754370271,1025.1162
1588754370308,1025.1162
1588754370348,1025.1547
1588754370385,1025.1547
1588754370425,1025.1547
1588754370468,1025.1547
1588754370502,1025.1395
1588754370542,1025.1395
1588754370579,1025.1395
1588754370618,1025.1395
1588754370659,1025.1395
1588754370696,1025.166
1588754370732,1025.166
1588754370772,1025.166
1588754370808,1025.166
1588754370850,1025.1559
1588754370885,1025.1559
1588754370924,1025.1559
1588754370963,1025.1559
1588754371003,1025.1469
1588754371041,1025.1469
1588754371078,1025.1469
1588754371119,1025.1469
1588754371156,1025.1611
1588754371195,1025.1611
1588754371232,1025.1611
1588754371273,1025.1611
1588754371310,1025.167
1588754371347,1025.167
1588754371385,1025.167
1588754371423,1025.167
1588754371463,1025.1412
1588754371503,1025.1412
1588754371546,1025.1412
1588754371578,1025.1412
1588754371615,1025.1412
1588754371660,1025.1664
1588754371695,1025.1664
1588754371732,1025.1664
1588754371771,1025.1664
1588754371810,1025.1339
1588754371847,1025.1339
1588754371887,1025.1339
1588754371924,1025.1339
1588754371964,1025.193
1588754372002,1025.193
1588754372043,1025.193
1588754372080,1025.193
1588754372117,1025.1671
1588754372155,1025.1671
1588754372195,1025.1671
1588754372232,1025.1671
1588754372272,1025.1294
1588754372319,1025.1294
1588754372348,1025.1294
1588754372386,1025.1294
1588754372425,1025.1356
1588754372463,1025.1356
1588754372501,1025.1356
1588754372542,1025.1356
1588754372579,1025.1499
1588754372618,1025.1499
1588754372655,1025.1499
1588754372694,1025.1499
1588754372731,1025.1499
1588754372770,1025.1466
1588754372810,1025.1466
1588754372853,1025.1466
1588754372886,1025.1466
1588754372926,1025.1609
1588754372963,1025.1609
1588754373002,1025.1609
1588754373038,1025.1609
1588754373079,1025.1573
1588754373116,1025.1573
1588754373156,1025.1573
1588754373197,1025.1573
1588754373232,1025.152
1588754373271,1025.152
1588754373310,1025.152
1588754373348,1025.152
1588754373385,1025.0923
1588754373424,1025.0923
1588754373462,1025.0923
1588754373503,1025.0923
1588754373539,1025.0662
1588754373579,1025.0662
1588754373617,1025.0662
1588754373656,1025.0662
1588754373697,1025.0594
1588754373732,1025.0594
1588754373770,1025.0594
1588754373809,1025.0594
1588754373849,1025.0594
1588754373885,1025.0449
1588754373934,1025.0449
1588754373962,1025.0449
1588754374001,1025.0449
1588754374039,1025.043
1588754374079,1025.043
1588754374120,1025.043
1588754374156,1025.043
1588754374193,1025.0479
1588754374236,1025.0479
1588754374271,1025.0479
1588754374309,1025.0479
1588754374350,1025.0424
1588754374385,1025.0424
1588754374423,1025.0424
1588754374463,1025.0424
1588754374501,1025.0421
1588754374544,1025.0421
1588754374583,1025.0421
1588754374615,1025.0421
1588754374661,1025.0424
1588754374692,1025.0424
1588754374731,1025.0424
1588754374770,1025.0424
1588754374807,1025.044
1588754374847,1025.044
1588754374886,1025.044
1588754374923,1025.044
1588754374964,1025.044
1588754375000,1025.0518
1588754375038,1025.0518
1588754375076,1025.0518
1588754375117,1025.0518
1588754375156,1025.058
1588754375192,1025.058
1588754375230,1025.058
1588754375269,1025.058
