1588756594737,1022.29114
1588756594737,1022.29114
1588756594765,1022.29114
1588756594804,1022.29114
1588756594841,1022.8247
1588756594880,1022.8247
1588756594919,1022.8247
1588756594958,1022.8247
1588756594996,1023.22034
1588756595034,1023.22034
1588756595074,1023.22034
1588756595111,1023.22034
1588756595153,1023.5062
1588756595190,1023.5062
1588756595234,1023.5062
1588756595267,1023.5062
1588756595306,1023.71716
1588756595342,1023.71716
1588756595381,1023.71716
1588756595426,1023.71716
1588756595460,1023.71716
1588756595498,1023.8673
1588756595534,1023.8673
1588756595578,1023.8673
1588756595612,1023.8673
1588756595654,1023.9728
1588756595690,1023.9728
1588756595729,1023.9728
1588756595769,1023.9728
1588756595807,1024.0618
1588756595844,1024.0618
1588756595882,1024.0618
1588756595919,1024.0618
1588756595959,1024.1271
1588756596001,1024.1271
1588756596035,1024.1271
1588756596073,1024.1271
1588756596114,1024.178
1588756596153,1024.178
1588756596192,1024.178
1588756596236,1024.178
1588756596266,1024.2001
1588756596306,1024.2001
1588756596343,1024.2001
1588756596382,1024.2001
1588756596421,1024.2281
1588756596459,1024.2281
1588756596502,1024.2281
1588756596608,1024.2281
1588756596609,1024.2281
1588756596637,1024.255
1588756596654,1024.255
1588756596688,1024.255
1588756596730,1024.255
1588756596780,1024.2803
1588756596807,1024.2803
1588756596844,1024.2803
1588756596887,1024.2803
1588756596918,1024.2991
1588756596957,1024.2991
1588756596997,1024.2991
1588756597036,1024.2991
1588756597073,1024.3031
1588756597110,1024.3031
1588756597151,1024.3031
1588756597188,1024.3031
1588756597227,1024.3674
1588756597267,1024.3674
1588756597308,1024.3674
1588756597341,1024.3674
1588756597382,1024.3904
1588756597420,1024.3904
1588756597458,1024.3904
1588756597496,1024.3904
1588756597534,1024.3612
1588756597574,1024.3612
1588756597615,1024.3612
1588756597656,1024.3612
1588756597693,1024.3612
1588756597729,1024.3785
1588756597768,1024.3785
1588756597803,1024.3785
1588756597843,1024.3785
1588756597882,1024.3678
1588756597919,1024.3678
1588756597959,1024.3678
1588756598011,1024.3678
1588756598035,1024.4164
1588756598072,1024.4164
1588756598111,1024.4164
1588756598150,1024.4164
1588756598189,1024.4407
1588756598227,1024.4407
1588756598267,1024.4407
1588756598309,1024.4407
1588756598342,1024.4164
1588756598381,1024.4164
1588756598419,1024.4164
1588756598457,1024.4164
1588756598495,1024.4307
1588756598534,1024.4307
1588756598576,1024.4307
1588756598618,1024.4307
1588756598651,1024.4126
1588756598688,1024.4126
1588756598733,1024.4126
1588756598767,1024.4126
1588756598817,1024.4126
1588756598846,1024.4602
1588756598882,1024.4602
1588756598918,1024.4602
1588756598957,1024.4602
1588756598997,1024.4987
1588756599034,1024.4987
1588756599072,1024.4987
1588756599111,1024.4987
1588756599149,1024.4608
1588756599188,1024.4608
1588756599226,1024.4608
1588756599265,1024.4608
1588756599304,1024.4583
1588756599340,1024.4583
1588756599382,1024.4583
1588756599418,1024.4583
1588756599457,1024.4288
1588756599497,1024.4288
1588756599536,1024.4288
1588756599573,1024.4288
1588756599612,1024.4781
1588756599649,1024.4781
1588756599688,1024.4781
1588756599727,1024.4781
1588756599765,1024.4985
1588756599803,1024.4985
1588756599843,1024.4985
1588756599880,1024.4985
1588756599919,1024.4985
1588756599958,1024.4415
1588756599994,1024.4415
1588756600035,1024.4415
1588756600072,1024.4415
1588756600112,1024.4523
1588756600149,1024.4523
1588756600193,1024.4523
1588756600226,1024.4523
1588756600263,1024.4277
1588756600307,1024.4277
1588756600342,1024.4277
1588756600380,1024.4277
1588756600423,1024.4552
1588756600459,1024.4552
1588756600495,1024.4552
1588756600534,1024.4552
1588756600575,1024.4277
1588756600612,1024.4277
1588756600648,1024.4277
1588756600688,1024.4277
1588756600726,1024.3999
1588756600764,1024.3999
1588756600818,1024.3999
1588756600842,1024.3999
1588756600882,1024.4323
1588756600917,1024.4323
1588756600962,1024.4323
1588756600994,1024.4323
1588756601033,1024.4323
1588756601073,1024.4258
1588756601111,1024.4258
1588756601148,1024.4258
1588756601186,1024.4258
1588756601226,1024.4938
1588756601265,1024.4938
1588756601302,1024.4938
1588756601344,1024.4938
1588756601378,1024.497
1588756601421,1024.497
1588756601456,1024.497
1588756601494,1024.497
1588756601533,1024.4695
1588756601572,1024.4695
1588756601611,1024.4695
1588756601651,1024.4695
1588756601686,1024.4918
1588756601725,1024.4918
1588756601763,1024.4918
1588756601802,1024.4918
1588756601842,1024.4713
1588756601883,1024.4713
1588756601918,1024.4713
1588756601960,1024.4713
1588756601995,1024.5216
1588756602035,1024.5216
1588756602071,1024.5216
1588756602111,1024.5216
1588756602149,1024.5216
1588756602187,1024.5203
1588756602224,1024.5203
1588756602263,1024.5203
1588756602302,1024.5203
1588756602341,1024.4991
1588756602379,1024.4991
1588756602417,1024.4991
1588756602457,1024.4991
1588756602493,1024.497
1588756602534,1024.497
1588756602572,1024.497
1588756602613,1024.497
1588756602650,1024.5182
1588756602689,1024.5182
1588756602726,1024.5182
1588756602765,1024.5182
1588756602802,1024.4991
1588756602840,1024.4991
1588756602879,1024.4991
1588756602920,1024.4991
1588756602961,1024.4431
1588756602997,1024.4431
1588756603033,1024.4431
1588756603071,1024.4431
1588756603110,1024.4761
1588756603148,1024.4761
1588756603190,1024.4761
1588756603227,1024.4761
1588756603264,1024.4761
1588756603305,1024.5013
1588756603352,1024.5013
1588756603381,1024.5013
1588756603417,1024.5013
1588756603457,1024.5664
1588756603495,1024.5664
1588756603534,1024.5664
1588756603574,1024.5664
1588756603611,1024.5378
1588756603648,1024.5378
1588756603688,1024.5378
1588756603727,1024.5378
1588756603764,1024.5206
1588756603804,1024.5206
1588756603843,1024.5206
1588756603881,1024.5206
1588756603920,1024.4983
1588756603958,1024.4983
1588756603995,1024.4983
1588756604039,1024.4983
1588756604071,1024.4922
1588756604112,1024.4922
1588756604152,1024.4922
1588756604187,1024.4922
1588756604226,1024.5365
1588756604267,1024.5365
1588756604304,1024.5365
1588756604341,1024.5365
1588756604379,1024.5365
1588756604420,1024.5197
1588756604456,1024.5197
1588756604497,1024.5197
1588756604534,1024.5197
1588756604571,1024.3713
1588756604613,1024.3713
1588756604651,1024.3713
1588756604687,1024.3713
1588756604728,1024.369
1588756604772,1024.369
1588756604804,1024.369
1588756604845,1024.369
1588756604884,1024.368
1588756604920,1024.368
1588756604956,1024.368
1588756604995,1024.368
1588756605035,1024.4547
1588756605073,1024.4547
1588756605110,1024.4547
1588756605153,1024.4547
1588756605187,1024.4598
1588756605226,1024.4598
1588756605271,1024.4598
1588756605305,1024.4598
1588756605340,1024.4589
1588756605386,1024.4589
1588756605423,1024.4589
1588756605457,1024.4589
1588756605494,1024.4589
1588756605536,1024.463
1588756605573,1024.463
1588756605612,1024.463
1588756605650,1024.463
1588756605686,1024.4734
1588756605726,1024.4734
1588756605766,1024.4734
1588756605803,1024.4734
1588756605843,1024.5293
1588756605881,1024.5293
1588756605917,1024.5293
1588756605959,1024.5293
1588756606000,1024.5089
1588756606033,1024.5089
1588756606072,1024.5089
1588756606111,1024.5089
1588756606156,1024.534
1588756606191,1024.534
1588756606226,1024.534
1588756606266,1024.534
1588756606303,1024.5225
1588756606341,1024.5225
1588756606380,1024.5225
1588756606419,1024.5225
1588756606457,1024.5001
1588756606496,1024.5001
1588756606532,1024.5001
1588756606572,1024.5001
1588756606609,1024.5001
1588756606649,1024.5398
1588756606688,1024.5398
1588756606726,1024.5398
1588756606763,1024.5398
1588756606804,1024.5327
1588756606844,1024.5327
1588756606881,1024.5327
1588756606918,1024.5327
1588756606956,1024.5248
1588756607001,1024.5248
1588756607034,1024.5248
1588756607071,1024.5248
1588756607111,1024.4921
1588756607148,1024.4921
1588756607190,1024.4921
1588756607228,1024.4921
1588756607267,1024.4995
1588756607304,1024.4995
1588756607341,1024.4995
1588756607379,1024.4995
1588756607419,1024.4872
1588756607456,1024.4872
1588756607495,1024.4872
1588756607533,1024.4872
1588756607572,1024.5137
1588756607610,1024.5137
1588756607650,1024.5137
1588756607688,1024.5137
1588756607727,1024.5137
1588756607766,1024.4971
1588756607801,1024.4971
1588756607851,1024.4971
1588756607879,1024.4971
1588756607918,1024.4576
1588756607957,1024.4576
1588756607993,1024.4576
1588756608034,1024.4576
1588756608072,1024.4489
1588756608110,1024.4489
1588756608149,1024.4489
1588756608186,1024.4489
1588756608227,1024.4274
1588756608264,1024.4274
1588756608303,1024.4274
1588756608341,1024.4274
1588756608378,1024.4944
1588756608417,1024.4944
1588756608464,1024.4944
1588756608500,1024.4944
1588756608535,1024.5146
1588756608574,1024.5146
1588756608608,1024.5146
1588756608649,1024.5146
1588756608687,1024.4668
1588756608725,1024.4668
1588756608765,1024.4668
1588756608802,1024.4668
1588756608840,1024.4668
1588756608881,1024.4421
1588756608916,1024.4421
1588756608954,1024.4421
1588756608995,1024.4421
1588756609033,1024.4188
1588756609070,1024.4188
1588756609109,1024.4188
1588756609146,1024.4188
1588756609187,1024.4518
1588756609229,1024.4518
1588756609264,1024.4518
1588756609304,1024.4518
1588756609342,1024.4222
1588756609379,1024.4222
1588756609417,1024.4222
1588756609456,1024.4222
1588756609496,1024.3873
1588756609535,1024.3873
1588756609570,1024.3873
1588756609609,1024.3873
1588756609649,1024.3821
1588756609687,1024.3821
1588756609726,1024.3821
1588756609763,1024.3821
1588756609800,1024.381
1588756609844,1024.381
1588756609877,1024.381
1588756609917,1024.381
1588756609960,1024.381
1588756609993,1024.4159
1588756610034,1024.4159
1588756610079,1024.4159
1588756610110,1024.4159
1588756610152,1024.3606
1588756610188,1024.3606
1588756610224,1024.3606
1588756610263,1024.3606
1588756610311,1024.3563
1588756610339,1024.3563
1588756610377,1024.3563
1588756610415,1024.3563
1588756610456,1024.3666
1588756610494,1024.3666
1588756610532,1024.3666
1588756610570,1024.3666
1588756610614,1024.3756
1588756610648,1024.3756
1588756610688,1024.3756
1588756610724,1024.3756
1588756610766,1024.4594
1588756610802,1024.4594
1588756610842,1024.4594
1588756610879,1024.4594
1588756610916,1024.4423
1588756610955,1024.4423
1588756610992,1024.4423
1588756611035,1024.4423
1588756611072,1024.4423
1588756611110,1024.4172
1588756611146,1024.4172
1588756611185,1024.4172
1588756611227,1024.4172
1588756611264,1024.4276
1588756611301,1024.4276
1588756611340,1024.4276
1588756611377,1024.4276
1588756611415,1024.424
1588756611454,1024.424
1588756611494,1024.424
1588756611532,1024.424
1588756611572,1024.4857
1588756611610,1024.4857
1588756611647,1024.4857
1588756611685,1024.4857
1588756611726,1024.4799
1588756611763,1024.4799
1588756611803,1024.4799
1588756611846,1024.4799
1588756611877,1024.4517
1588756611918,1024.4517
1588756611955,1024.4517
1588756611998,1024.4517
1588756612036,1024.4717
1588756612071,1024.4717
1588756612109,1024.4717
1588756612146,1024.4717
1588756612184,1024.4717
1588756612224,1024.4597
1588756612263,1024.4597
1588756612300,1024.4597
1588756612338,1024.4597
1588756612379,1024.5638
1588756612417,1024.5638
1588756612455,1024.5638
1588756612494,1024.5638
1588756612535,1024.539
1588756612570,1024.539
1588756612607,1024.539
1588756612647,1024.539
1588756612686,1024.4747
1588756612724,1024.4747
1588756612765,1024.4747
1588756612800,1024.4747
1588756612842,1024.4945
1588756612879,1024.4945
1588756612918,1024.4945
1588756612955,1024.4945
1588756612994,1024.455
1588756613030,1024.455
1588756613071,1024.455
1588756613108,1024.455
1588756613145,1024.5316
1588756613188,1024.5316
1588756613231,1024.5316
1588756613263,1024.5316
1588756613306,1024.5316
1588756613339,1024.5342
1588756613382,1024.5342
1588756613416,1024.5342
1588756613454,1024.5342
1588756613493,1024.4717
1588756613532,1024.4717
1588756613571,1024.4717
1588756613607,1024.4717
1588756613648,1024.4907
1588756613684,1024.4907
1588756613724,1024.4907
1588756613762,1024.4907
1588756613800,1024.4668
1588756613840,1024.4668
1588756613877,1024.4668
1588756613918,1024.4668
1588756613954,1024.5599
1588756613993,1024.5599
1588756614032,1024.5599
1588756614080,1024.5599
1588756614108,1024.4828
1588756614146,1024.4828
1588756614184,1024.4828
1588756614229,1024.4828
1588756614263,1024.4524
1588756614300,1024.4524
1588756614342,1024.4524
1588756614379,1024.4524
1588756614415,1024.4524
1588756614456,1024.4485
1588756614492,1024.4485
1588756614531,1024.4485
1588756614569,1024.4485
1588756614609,1024.4401
1588756614647,1024.4401
1588756614686,1024.4401
1588756614722,1024.4401
1588756614762,1024.4921
1588756614800,1024.4921
1588756614840,1024.4921
1588756614883,1024.4921
1588756614917,1024.4633
1588756614954,1024.4633
1588756614993,1024.4633
1588756615032,1024.4633
1588756615076,1024.4572
1588756615108,1024.4572
1588756615147,1024.4572
1588756615185,1024.4572
1588756615224,1024.4664
1588756615262,1024.4664
1588756615302,1024.4664
1588756615339,1024.4664
1588756615379,1024.4603
1588756615416,1024.4603
1588756615456,1024.4603
1588756615493,1024.4603
1588756615531,1024.4603
1588756615572,1024.5227
1588756615610,1024.5227
1588756615645,1024.5227
1588756615686,1024.5227
1588756615725,1024.5038
1588756615764,1024.5038
1588756615802,1024.5038
1588756615840,1024.5038
1588756615878,1024.4469
1588756615916,1024.4469
1588756615954,1024.4469
1588756615993,1024.4469
1588756616034,1024.4766
1588756616076,1024.4766
1588756616107,1024.4766
1588756616149,1024.4766
1588756616185,1024.4358
1588756616221,1024.4358
1588756616264,1024.4358
1588756616300,1024.4358
1588756616338,1024.4846
1588756616377,1024.4846
1588756616417,1024.4846
1588756616453,1024.4846
1588756616493,1024.5033
1588756616532,1024.5033
1588756616572,1024.5033
1588756616609,1024.5033
1588756616647,1024.5033
1588756616690,1024.46
1588756616722,1024.46
1588756616763,1024.46
1588756616799,1024.46
1588756616837,1024.4813
1588756616875,1024.4813
1588756616913,1024.4813
1588756616955,1024.4813
1588756616992,1024.4661
1588756617031,1024.4661
1588756617068,1024.4661
1588756617107,1024.4661
1588756617147,1024.5197
1588756617185,1024.5197
1588756617222,1024.5197
1588756617260,1024.5197
1588756617299,1024.554
1588756617339,1024.554
1588756617377,1024.554
1588756617415,1024.554
1588756617455,1024.5057
1588756617494,1024.5057
1588756617535,1024.5057
1588756617571,1024.5057
1588756617606,1024.5103
1588756617647,1024.5103
1588756617688,1024.5103
1588756617726,1024.5103
1588756617762,1024.5103
1588756617801,1024.4991
1588756617841,1024.4991
1588756617877,1024.4991
1588756617916,1024.4991
1588756617954,1024.547
1588756617995,1024.547
1588756618034,1024.547
1588756618070,1024.547
1588756618107,1024.5619
1588756618145,1024.5619
1588756618184,1024.5619
1588756618222,1024.5619
1588756618264,1024.5072
1588756618301,1024.5072
1588756618342,1024.5072
1588756618378,1024.5072
1588756618416,1024.5098
1588756618452,1024.5098
1588756618492,1024.5098
1588756618531,1024.5098
1588756618569,1024.4893
1588756618607,1024.4893
1588756618646,1024.4893
1588756618685,1024.4893
1588756618725,1024.5479
1588756618763,1024.5479
1588756618801,1024.5479
1588756618839,1024.5479
1588756618879,1024.5479
1588756618918,1024.5775
1588756618955,1024.5775
1588756618991,1024.5775
1588756619030,1024.5775
1588756619068,1024.5471
1588756619119,1024.5471
1588756619146,1024.5471
1588756619186,1024.5471
1588756619222,1024.5542
1588756619260,1024.5542
1588756619299,1024.5542
1588756619339,1024.5542
1588756619377,1024.5613
1588756619414,1024.5613
1588756619453,1024.5613
1588756619492,1024.5613
1588756619531,1024.5458
1588756619573,1024.5458
1588756619606,1024.5458
1588756619643,1024.5458
1588756619685,1024.5411
1588756619727,1024.5411
1588756619760,1024.5411
1588756619798,1024.5411
1588756619838,1024.5317
1588756619876,1024.5317
1588756619917,1024.5317
1588756619953,1024.5317
1588756619992,1024.5317
1588756620032,1024.547
1588756620069,1024.547
1588756620105,1024.547
1588756620144,1024.547
1588756620183,1024.6329
1588756620223,1024.6329
1588756620261,1024.6329
1588756620299,1024.6329
1588756620341,1024.5269
1588756620375,1024.5269
1588756620416,1024.5269
1588756620454,1024.5269
1588756620492,1024.513
1588756620533,1024.513
1588756620568,1024.513
1588756620618,1024.513
1588756620645,1024.4938
1588756620683,1024.4938
1588756620722,1024.4938
1588756620764,1024.4938
1588756620801,1024.4767
1588756620837,1024.4767
1588756620876,1024.4767
1588756620914,1024.4767
1588756620955,1024.5326
1588756620994,1024.5326
1588756621033,1024.5326
1588756621070,1024.5326
1588756621106,1024.5326
1588756621146,1024.4711
1588756621184,1024.4711
1588756621222,1024.4711
1588756621260,1024.4711
1588756621300,1024.4132
1588756621336,1024.4132
1588756621376,1024.4132
1588756621414,1024.4132
1588756621452,1024.4248
1588756621491,1024.4248
1588756621531,1024.4248
1588756621569,1024.4248
1588756621608,1024.4138
1588756621645,1024.4138
1588756621685,1024.4138
1588756621722,1024.4138
1588756621760,1024.5066
1588756621798,1024.5066
1588756621838,1024.5066
1588756621878,1024.5066
1588756621917,1024.4597
1588756621955,1024.4597
1588756621999,1024.4597
1588756622037,1024.4597
1588756622076,1024.4423
1588756622111,1024.4423
1588756622147,1024.4423
1588756622181,1024.4423
1588756622220,1024.4423
1588756622260,1024.4438
1588756622299,1024.4438
1588756622337,1024.4438
1588756622374,1024.4438
1588756622414,1024.4374
1588756622451,1024.4374
1588756622489,1024.4374
1588756622527,1024.4374
1588756622565,1024.5004
1588756622606,1024.5004
1588756622643,1024.5004
1588756622684,1024.5004
1588756622720,1024.4603
1588756622760,1024.4603
1588756622798,1024.4603
1588756622839,1024.4603
1588756622884,1024.4196
1588756622913,1024.4196
1588756622956,1024.4196
1588756622992,1024.4196
1588756623031,1024.4241
1588756623067,1024.4241
1588756623109,1024.4241
1588756623143,1024.4241
1588756623188,1024.4283
1588756623220,1024.4283
1588756623261,1024.4283
1588756623301,1024.4283
1588756623338,1024.4283
1588756623375,1024.4895
1588756623417,1024.4895
1588756623453,1024.4895
1588756623493,1024.4895
1588756623533,1024.5228
1588756623567,1024.5228
1588756623608,1024.5228
1588756623642,1024.5228
1588756623683,1024.4288
1588756623723,1024.4288
1588756623762,1024.4288
1588756623800,1024.4288
1588756623836,1024.402
1588756623878,1024.402
1588756623915,1024.402
1588756623953,1024.402
1588756623989,1024.3822
1588756624030,1024.3822
1588756624067,1024.3822
1588756624108,1024.3822
1588756624143,1024.5941
1588756624182,1024.5941
1588756624221,1024.5941
1588756624261,1024.5941
1588756624298,1024.5105
1588756624336,1024.5105
1588756624375,1024.5105
1588756624413,1024.5105
1588756624453,1024.5105
1588756624490,1024.4044
1588756624530,1024.4044
1588756624568,1024.4044
1588756624606,1024.4044
1588756624644,1024.4116
1588756624684,1024.4116
1588756624722,1024.4116
1588756624760,1024.4116
1588756624802,1024.4061
1588756624837,1024.4061
1588756624874,1024.4061
1588756624912,1024.4061
1588756624955,1024.4777
1588756624991,1024.4777
1588756625036,1024.4777
1588756625067,1024.4777
1588756625110,1024.4218
1588756625144,1024.4218
1588756625183,1024.4218
1588756625221,1024.4218
1588756625258,1024.3856
1588756625300,1024.3856
1588756625337,1024.3856
1588756625377,1024.3856
1588756625421,1024.419
1588756625452,1024.419
1588756625492,1024.419
1588756625530,1024.419
1588756625566,1024.419
1588756625607,1024.4344
1588756625642,1024.4344
1588756625683,1024.4344
1588756625722,1024.4344
1588756625758,1024.5148
1588756625797,1024.5148
1588756625838,1024.5148
1588756625875,1024.5148
1588756625916,1024.4675
1588756625954,1024.4675
1588756625991,1024.4675
1588756626028,1024.4675
1588756626067,1024.4216
1588756626125,1024.4216
1588756626145,1024.4216
1588756626180,1024.4216
1588756626222,1024.4388
1588756626261,1024.4388
1588756626297,1024.4388
1588756626337,1024.4388
1588756626375,1024.4767
1588756626418,1024.4767
1588756626450,1024.4767
1588756626490,1024.4767
1588756626528,1024.5135
1588756626572,1024.5135
1588756626610,1024.5135
1588756626644,1024.5135
1588756626681,1024.5135
1588756626719,1024.4939
1588756626759,1024.4939
1588756626801,1024.4939
1588756626837,1024.4939
1588756626877,1024.4551
1588756626911,1024.4551
1588756626953,1024.4551
1588756626990,1024.4551
1588756627031,1024.4341
1588756627066,1024.4341
1588756627106,1024.4341
1588756627142,1024.4341
1588756627182,1024.4419
1588756627220,1024.4419
1588756627257,1024.4419
1588756627301,1024.4419
1588756627339,1024.5098
1588756627375,1024.5098
1588756627411,1024.5098
1588756627452,1024.5098
1588756627493,1024.48
1588756627528,1024.48
1588756627566,1024.48
1588756627603,1024.48
1588756627644,1024.4364
1588756627682,1024.4364
1588756627719,1024.4364
1588756627757,1024.4364
1588756627800,1024.4364
1588756627837,1024.4493
1588756627875,1024.4493
1588756627917,1024.4493
1588756627951,1024.4493
1588756627991,1024.4364
1588756628029,1024.4364
1588756628068,1024.4364
1588756628105,1024.4364
1588756628144,1024.527
1588756628182,1024.527
1588756628221,1024.527
1588756628259,1024.527
1588756628301,1024.5364
1588756628335,1024.5364
1588756628376,1024.5364
1588756628414,1024.5364
1588756628454,1024.4668
1588756628491,1024.4668
1588756628528,1024.4668
1588756628570,1024.4668
1588756628608,1024.4601
1588756628643,1024.4601
1588756628683,1024.4601
1588756628733,1024.4601
1588756628760,1024.4309
1588756628798,1024.4309
1588756628836,1024.4309
1588756628878,1024.4309
1588756628913,1024.4309
1588756628954,1024.5101
1588756628992,1024.5101
1588756629031,1024.5101
1588756629066,1024.5101
1588756629105,1024.5005
1588756629143,1024.5005
1588756629181,1024.5005
1588756629220,1024.5005
1588756629260,1024.4652
1588756629298,1024.4652
1588756629334,1024.4652
1588756629373,1024.4652
1588756629412,1024.4652
1588756629452,1024.4652
1588756629489,1024.4652
1588756629529,1024.4652
1588756629568,1024.4315
1588756629605,1024.4315
1588756629643,1024.4315
1588756629681,1024.4315
1588756629722,1024.4807
1588756629758,1024.4807
1588756629797,1024.4807
1588756629837,1024.4807
1588756629875,1024.4241
1588756629915,1024.4241
1588756629954,1024.4241
1588756629989,1024.4241
1588756630028,1024.4241
1588756630066,1024.4078
1588756630118,1024.4078
1588756630143,1024.4078
1588756630180,1024.4078
1588756630224,1024.4373
1588756630259,1024.4373
1588756630297,1024.4373
1588756630337,1024.4373
1588756630373,1024.4279
1588756630412,1024.4279
1588756630451,1024.4279
1588756630489,1024.4279
1588756630526,1024.4764
1588756630568,1024.4764
1588756630605,1024.4764
1588756630641,1024.4764
1588756630682,1024.4602
1588756630720,1024.4602
1588756630759,1024.4602
1588756630796,1024.4602
1588756630836,1024.42
1588756630875,1024.42
1588756630913,1024.42
1588756630953,1024.42
1588756630991,1024.4412
1588756631027,1024.4412
1588756631065,1024.4412
1588756631104,1024.4412
1588756631143,1024.4412
1588756631181,1024.4388
1588756631223,1024.4388
1588756631257,1024.4388
1588756631299,1024.4388
1588756631335,1024.4679
1588756631375,1024.4679
1588756631413,1024.4679
1588756631450,1024.4679
1588756631488,1024.4679
1588756631528,1024.4679
1588756631565,1024.4679
1588756631604,1024.4679
1588756631644,1024.4473
1588756631680,1024.4473
1588756631721,1024.4473
1588756631757,1024.4473
1588756631799,1024.441
1588756631838,1024.441
1588756631874,1024.441
1588756631914,1024.441
1588756631950,1024.4304
1588756631991,1024.4304
1588756632028,1024.4304
1588756632064,1024.4304
1588756632104,1024.5161
1588756632142,1024.5161
1588756632179,1024.5161
1588756632219,1024.5161
1588756632258,1024.5161
1588756632295,1024.4371
1588756632335,1024.4371
1588756632374,1024.4371
1588756632411,1024.4371
1588756632454,1024.4099
1588756632487,1024.4099
1588756632526,1024.4099
1588756632566,1024.4099
1588756632605,1024.4183
1588756632643,1024.4183
1588756632679,1024.4183
1588756632718,1024.4183
1588756632759,1024.3995
1588756632797,1024.3995
1588756632835,1024.3995
1588756632873,1024.3995
1588756632915,1024.437
1588756632951,1024.437
1588756632990,1024.437
1588756633028,1024.437
1588756633066,1024.4144
1588756633104,1024.4144
1588756633141,1024.4144
1588756633181,1024.4144
1588756633220,1024.3905
1588756633256,1024.3905
1588756633296,1024.3905
1588756633335,1024.3905
1588756633373,1024.3905
1588756633414,1024.4001
1588756633450,1024.4001
1588756633490,1024.4001
1588756633528,1024.4001
1588756633564,1024.378
1588756633604,1024.378
1588756633642,1024.378
1588756633679,1024.378
1588756633719,1024.471
1588756633757,1024.471
1588756633797,1024.471
1588756633834,1024.471
1588756633872,1024.4906
1588756633912,1024.4906
1588756633950,1024.4906
1588756633990,1024.4906
1588756634027,1024.4635
1588756634064,1024.4635
1588756634105,1024.4635
1588756634142,1024.4635
1588756634181,1024.4863
1588756634219,1024.4863
1588756634255,1024.4863
1588756634298,1024.4863
1588756634336,1024.4714
1588756634373,1024.4714
1588756634412,1024.4714
1588756634453,1024.4714
1588756634486,1024.4714
1588756634528,1024.5203
1588756634566,1024.5203
1588756634605,1024.5203
1588756634643,1024.5203
1588756634680,1024.5115
1588756634719,1024.5115
1588756634759,1024.5115
1588756634795,1024.5115
1588756634833,1024.4601
1588756634873,1024.4601
1588756634911,1024.4601
1588756634950,1024.4601
1588756634987,1024.4878
1588756635025,1024.4878
1588756635072,1024.4878
1588756635105,1024.4878
1588756635154,1024.535
1588756635181,1024.535
1588756635225,1024.535
1588756635256,1024.535
1588756635297,1024.5437
1588756635334,1024.5437
1588756635380,1024.5437
1588756635410,1024.5437
1588756635451,1024.5521
1588756635487,1024.5521
1588756635525,1024.5521
1588756635565,1024.5521
1588756635615,1024.5521
1588756635645,1024.5233
1588756635683,1024.5233
1588756635720,1024.5233
1588756635759,1024.5233
1588756635795,1024.529
1588756635833,1024.529
1588756635874,1024.529
1588756635911,1024.529
1588756635951,1024.5306
1588756635988,1024.5306
1588756636026,1024.5306
1588756636064,1024.5306
1588756636102,1024.5326
1588756636145,1024.5326
1588756636179,1024.5326
1588756636219,1024.5326
1588756636257,1024.4567
1588756636295,1024.4567
1588756636333,1024.4567
1588756636372,1024.4567
1588756636414,1024.4763
1588756636448,1024.4763
1588756636498,1024.4763
1588756636526,1024.4763
1588756636564,1024.475
1588756636602,1024.475
1588756636647,1024.475
1588756636678,1024.475
1588756636718,1024.475
1588756636759,1024.5898
1588756636796,1024.5898
1588756636833,1024.5898
1588756636874,1024.5898
1588756636912,1024.5048
1588756636951,1024.5048
1588756636988,1024.5048
1588756637027,1024.5048
1588756637065,1024.4889
1588756637106,1024.4889
1588756637141,1024.4889
1588756637178,1024.4889
1588756637217,1024.4844
1588756637258,1024.4844
1588756637295,1024.4844
1588756637335,1024.4844
1588756637371,1024.4714
1588756637415,1024.4714
1588756637453,1024.4714
1588756637487,1024.4714
1588756637525,1024.5541
1588756637565,1024.5541
1588756637603,1024.5541
1588756637645,1024.5541
1588756637680,1024.4572
1588756637717,1024.4572
1588756637758,1024.4572
1588756637794,1024.4572
1588756637834,1024.4572
1588756637872,1024.4056
1588756637909,1024.4056
1588756637950,1024.4056
1588756637990,1024.4056
1588756638027,1024.4354
1588756638065,1024.4354
1588756638104,1024.4354
1588756638140,1024.4354
1588756638181,1024.4535
1588756638218,1024.4535
1588756638257,1024.4535
1588756638296,1024.4535
1588756638335,1024.5137
1588756638372,1024.5137
1588756638410,1024.5137
1588756638447,1024.5137
1588756638493,1024.4347
1588756638524,1024.4347
1588756638564,1024.4347
1588756638602,1024.4347
1588756638650,1024.3545
1588756638678,1024.3545
1588756638717,1024.3545
1588756638760,1024.3545
1588756638794,1024.371
1588756638832,1024.371
1588756638872,1024.371
1588756638911,1024.371
1588756638948,1024.371
1588756638989,1024.3729
1588756639027,1024.3729
1588756639067,1024.3729
1588756639104,1024.3729
1588756639144,1024.4747
1588756639179,1024.4747
1588756639218,1024.4747
1588756639255,1024.4747
1588756639295,1024.412
1588756639333,1024.412
1588756639370,1024.412
1588756639410,1024.412
1588756639450,1024.3641
1588756639487,1024.3641
1588756639524,1024.3641
1588756639567,1024.3641
1588756639601,1024.3755
1588756639641,1024.3755
1588756639683,1024.3755
1588756639722,1024.3755
1588756639755,1024.3708
1588756639797,1024.3708
1588756639835,1024.3708
1588756639875,1024.3708
1588756639909,1024.4585
1588756639952,1024.4585
1588756639989,1024.4585
1588756640025,1024.4585
1588756640066,1024.4585
1588756640105,1024.4152
1588756640144,1024.4152
1588756640178,1024.4152
1588756640216,1024.4152
1588756640255,1024.3828
1588756640294,1024.3828
1588756640333,1024.3828
1588756640372,1024.3828
1588756640410,1024.3785
1588756640448,1024.3785
1588756640488,1024.3785
1588756640526,1024.3785
1588756640563,1024.3854
1588756640611,1024.3854
1588756640641,1024.3854
1588756640678,1024.3854
1588756640719,1024.4358
1588756640758,1024.4358
1588756640793,1024.4358
1588756640832,1024.4358
1588756640875,1024.4213
1588756640910,1024.4213
1588756640951,1024.4213
1588756640990,1024.4213
1588756641025,1024.3989
1588756641065,1024.3989
1588756641103,1024.3989
1588756641141,1024.3989
1588756641178,1024.3989
1588756641217,1024.4121
1588756641256,1024.4121
1588756641295,1024.4121
1588756641334,1024.4121
1588756641374,1024.3885
1588756641411,1024.3885
1588756641449,1024.3885
1588756641486,1024.3885
1588756641523,1024.4729
1588756641563,1024.4729
1588756641603,1024.4729
1588756641640,1024.4729
1588756641680,1024.4861
1588756641719,1024.4861
1588756641754,1024.4861
1588756641796,1024.4861
1588756641833,1024.4557
1588756641875,1024.4557
1588756641914,1024.4557
1588756641949,1024.4557
1588756641986,1024.4945
1588756642027,1024.4945
1588756642065,1024.4945
1588756642103,1024.4945
1588756642142,1024.4822
1588756642178,1024.4822
1588756642216,1024.4822
1588756642254,1024.4822
1588756642295,1024.4822
1588756642336,1024.5259
1588756642370,1024.5259
1588756642414,1024.5259
1588756642447,1024.5259
1588756642485,1024.5018
1588756642527,1024.5018
1588756642564,1024.5018
1588756642603,1024.5018
1588756642641,1024.4728
1588756642676,1024.4728
1588756642717,1024.4728
1588756642755,1024.4728
1588756642796,1024.4893
1588756642831,1024.4893
1588756642872,1024.4893
1588756642909,1024.4893
1588756642949,1024.5024
1588756642986,1024.5024
1588756643023,1024.5024
1588756643063,1024.5024
1588756643101,1024.5565
1588756643141,1024.5565
1588756643179,1024.5565
1588756643220,1024.5565
1588756643255,1024.5565
1588756643295,1024.5565
1588756643334,1024.5565
1588756643372,1024.5565
1588756643411,1024.5565
1588756643446,1024.5085
1588756643487,1024.5085
1588756643524,1024.5085
1588756643561,1024.5085
1588756643602,1024.5153
1588756643639,1024.5153
1588756643680,1024.5153
1588756643715,1024.5153
1588756643759,1024.4927
1588756643794,1024.4927
1588756643833,1024.4927
1588756643869,1024.4927
1588756643910,1024.548
1588756643948,1024.548
1588756643989,1024.548
1588756644024,1024.548
1588756644061,1024.5841
1588756644100,1024.5841
1588756644142,1024.5841
1588756644179,1024.5841
1588756644219,1024.5146
1588756644257,1024.5146
1588756644294,1024.5146
1588756644332,1024.5146
1588756644372,1024.5033
1588756644411,1024.5033
1588756644446,1024.5033
1588756644484,1024.5033
1588756644526,1024.5033
1588756644564,1024.46
1588756644604,1024.46
1588756644646,1024.46
1588756644677,1024.46
1588756644716,1024.5278
1588756644755,1024.5278
1588756644793,1024.5278
1588756644833,1024.5278
1588756644871,1024.5363
1588756644910,1024.5363
1588756644951,1024.5363
1588756644987,1024.5363
1588756645023,1024.4855
1588756645065,1024.4855
1588756645103,1024.4855
1588756645139,1024.4855
1588756645177,1024.5178
1588756645217,1024.5178
1588756645254,1024.5178
1588756645292,1024.5178
1588756645332,1024.5326
1588756645369,1024.5326
1588756645409,1024.5326
1588756645453,1024.5326
1588756645485,1024.531
1588756645523,1024.531
1588756645563,1024.531
1588756645612,1024.531
1588756645640,1024.531
1588756645683,1024.5267
1588756645714,1024.5267
1588756645758,1024.5267
1588756645794,1024.5267
1588756645833,1024.5057
1588756645869,1024.5057
1588756645909,1024.5057
1588756645947,1024.5057
1588756645989,1024.5032
1588756646023,1024.5032
1588756646062,1024.5032
1588756646101,1024.5032
1588756646141,1024.5936
1588756646177,1024.5936
1588756646218,1024.5936
1588756646257,1024.5936
1588756646294,1024.4967
1588756646333,1024.4967
1588756646370,1024.4967
1588756646407,1024.4967
1588756646446,1024.4161
1588756646486,1024.4161
1588756646524,1024.4161
1588756646562,1024.4161
1588756646601,1024.3967
1588756646637,1024.3967
1588756646678,1024.3967
1588756646716,1024.3967
1588756646753,1024.3967
1588756646792,1024.3695
1588756646831,1024.3695
1588756646873,1024.3695
1588756646910,1024.3695
1588756646947,1024.4587
1588756646984,1024.4587
1588756647025,1024.4587
1588756647061,1024.4587
1588756647098,1024.406
1588756647137,1024.406
1588756647177,1024.406
1588756647216,1024.406
1588756647256,1024.3721
1588756647296,1024.3721
1588756647331,1024.3721
1588756647372,1024.3721
1588756647409,1024.374
1588756647447,1024.374
1588756647485,1024.374
1588756647522,1024.374
1588756647562,1024.3546
1588756647604,1024.3546
1588756647639,1024.3546
1588756647676,1024.3546
1588756647715,1024.4325
1588756647760,1024.4325
1588756647793,1024.4325
1588756647830,1024.4325
1588756647868,1024.4325
1588756647909,1024.418
1588756647949,1024.418
1588756647985,1024.418
1588756648027,1024.418
1588756648061,1024.3536
1588756648099,1024.3536
1588756648137,1024.3536
1588756648179,1024.3536
1588756648219,1024.3539
1588756648257,1024.3539
1588756648291,1024.3539
1588756648331,1024.3539
1588756648369,1024.3733
1588756648411,1024.3733
1588756648449,1024.3733
1588756648483,1024.3733
1588756648523,1024.4192
1588756648562,1024.4192
1588756648600,1024.4192
1588756648637,1024.4192
1588756648676,1024.3998
1588756648715,1024.3998
1588756648754,1024.3998
1588756648792,1024.3998
1588756648831,1024.3435
1588756648870,1024.3435
1588756648907,1024.3435
1588756648945,1024.3435
1588756648984,1024.3435
1588756649023,1024.3629
1588756649064,1024.3629
1588756649102,1024.3629
1588756649137,1024.3629
1588756649177,1024.3694
1588756649217,1024.3694
1588756649255,1024.3694
1588756649295,1024.3694
1588756649336,1024.4343
1588756649370,1024.4343
1588756649407,1024.4343
1588756649447,1024.4343
1588756649483,1024.4265
1588756649522,1024.4265
1588756649563,1024.4265
1588756649616,1024.4265
1588756649639,1024.3942
1588756649678,1024.3942
1588756649714,1024.3942
1588756649756,1024.3942
1588756649794,1024.4263
1588756649834,1024.4263
1588756649869,1024.4263
1588756649909,1024.4263
1588756649946,1024.4702
1588756649984,1024.4702
1588756650025,1024.4702
1588756650060,1024.4702
1588756650101,1024.4702
1588756650139,1024.4685
1588756650180,1024.4685
1588756650213,1024.4685
1588756650252,1024.4685
1588756650293,1024.5026
1588756650332,1024.5026
1588756650367,1024.5026
1588756650408,1024.5026
1588756650446,1024.5112
1588756650483,1024.5112
1588756650523,1024.5112
1588756650561,1024.5112
1588756650611,1024.5145
1588756650637,1024.5145
1588756650685,1024.5145
1588756650715,1024.5145
1588756650752,1024.5616
1588756650793,1024.5616
1588756650830,1024.5616
1588756650871,1024.5616
1588756650907,1024.4375
1588756650944,1024.4375
1588756650985,1024.4375
1588756651022,1024.4375
1588756651064,1024.3942
1588756651100,1024.3942
1588756651138,1024.3942
1588756651179,1024.3942
1588756651214,1024.3942
1588756651254,1024.3844
1588756651295,1024.3844
1588756651331,1024.3844
1588756651370,1024.3844
1588756651411,1024.377
1588756651446,1024.377
1588756651487,1024.377
1588756651523,1024.377
1588756651560,1024.453
1588756651599,1024.453
1588756651638,1024.453
1588756651679,1024.453
1588756651715,1024.3802
1588756651753,1024.3802
1588756651796,1024.3802
1588756651830,1024.3802
1588756651867,1024.3398
1588756651908,1024.3398
1588756651946,1024.3398
1588756651986,1024.3398
1588756652021,1024.3802
1588756652064,1024.3802
1588756652100,1024.3802
1588756652138,1024.3802
1588756652181,1024.3417
1588756652216,1024.3417
1588756652252,1024.3417
1588756652295,1024.3417
1588756652332,1024.3417
1588756652368,1024.4015
1588756652406,1024.4015
1588756652445,1024.4015
1588756652483,1024.4015
1588756652522,1024.3744
1588756652560,1024.3744
1588756652598,1024.3744
1588756652638,1024.3744
1588756652679,1024.3582
1588756652712,1024.3582
1588756652754,1024.3582
1588756652793,1024.3582
1588756652830,1024.3601
1588756652872,1024.3601
1588756652907,1024.3601
1588756652947,1024.3601
1588756652985,1024.3552
1588756653022,1024.3552
1588756653062,1024.3552
1588756653098,1024.3552
1588756653139,1024.4296
1588756653191,1024.4296
1588756653215,1024.4296
1588756653251,1024.4296
1588756653293,1024.4427
1588756653331,1024.4427
1588756653367,1024.4427
1588756653406,1024.4427
1588756653445,1024.4427
1588756653482,1024.4023
1588756653521,1024.4023
1588756653561,1024.4023
1588756653600,1024.4023
1588756653636,1024.4225
1588756653677,1024.4225
1588756653718,1024.4225
1588756653753,1024.4225
1588756653791,1024.4874
1588756653829,1024.4874
1588756653867,1024.4874
1588756653907,1024.4874
1588756653946,1024.4794
1588756653984,1024.4794
1588756654024,1024.4794
1588756654059,1024.4794
1588756654099,1024.5051
1588756654139,1024.5051
1588756654181,1024.5051
1588756654215,1024.5051
1588756654251,1024.4877
1588756654293,1024.4877
1588756654334,1024.4877
1588756654366,1024.4877
1588756654406,1024.4635
1588756654443,1024.4635
1588756654484,1024.4635
1588756654523,1024.4635
1588756654561,1024.4635
1588756654598,1024.5057
1588756654636,1024.5057
1588756654675,1024.5057
1588756654713,1024.5057
1588756654753,1024.4281
1588756654790,1024.4281
1588756654832,1024.4281
1588756654869,1024.4281
1588756654908,1024.3884
1588756654944,1024.3884
1588756654982,1024.3884
1588756655023,1024.3884
1588756655059,1024.3835
1588756655098,1024.3835
1588756655135,1024.3835
1588756655176,1024.3835
1588756655213,1024.3757
1588756655252,1024.3757
1588756655294,1024.3757
1588756655330,1024.3757
1588756655373,1024.39
1588756655407,1024.39
1588756655447,1024.39
1588756655484,1024.39
1588756655522,1024.3596
1588756655560,1024.3596
1588756655598,1024.3596
1588756655637,1024.3596
1588756655678,1024.3596
1588756655714,1024.3402
1588756655754,1024.3402
1588756655793,1024.3402
1588756655833,1024.3402
1588756655867,1024.3744
1588756655904,1024.3744
1588756655944,1024.3744
1588756655983,1024.3744
1588756656021,1024.3551
1588756656059,1024.3551
1588756656101,1024.3551
1588756656140,1024.3551
1588756656179,1024.3989
1588756656211,1024.3989
1588756656258,1024.3989
1588756656291,1024.3989
1588756656330,1024.4087
1588756656368,1024.4087
1588756656408,1024.4087
1588756656445,1024.4087
1588756656482,1024.4126
1588756656525,1024.4126
1588756656560,1024.4126
1588756656600,1024.4126
1588756656639,1024.4481
1588756656674,1024.4481
1588756656715,1024.4481
1588756656751,1024.4481
1588756656791,1024.4481
1588756656827,1024.5144
1588756656869,1024.5144
1588756656905,1024.5144
1588756656966,1024.5144
1588756656993,1024.4513
1588756657028,1024.4513
1588756657060,1024.4513
1588756657098,1024.4513
1588756657139,1024.4255
1588756657176,1024.4255
1588756657213,1024.4255
1588756657251,1024.4255
1588756657290,1024.432
1588756657330,1024.432
1588756657368,1024.432
1588756657406,1024.432
1588756657443,1024.4452
1588756657484,1024.4452
1588756657521,1024.4452
1588756657561,1024.4452
1588756657597,1024.5327
1588756657638,1024.5327
1588756657675,1024.5327
1588756657711,1024.5327
1588756657755,1024.5021
1588756657790,1024.5021
1588756657830,1024.5021
1588756657867,1024.5021
1588756657906,1024.5021
1588756657944,1024.4587
1588756657981,1024.4587
1588756658019,1024.4587
1588756658061,1024.4587
1588756658100,1024.4619
1588756658135,1024.4619
1588756658177,1024.4619
1588756658213,1024.4619
1588756658253,1024.4541
1588756658290,1024.4541
1588756658330,1024.4541
1588756658367,1024.4541
1588756658405,1024.5382
1588756658445,1024.5382
1588756658483,1024.5382
1588756658520,1024.5382
1588756658560,1024.5463
1588756658600,1024.5463
1588756658639,1024.5463
1588756658680,1024.5463
1588756658717,1024.5016
1588756658750,1024.5016
1588756658790,1024.5016
1588756658828,1024.5016
1588756658866,1024.5227
1588756658904,1024.5227
1588756658942,1024.5227
1588756658984,1024.5227
1588756659020,1024.5227
1588756659060,1024.5068
1588756659097,1024.5068
1588756659147,1024.5068
1588756659179,1024.5068
1588756659212,1024.586
1588756659251,1024.586
1588756659289,1024.586
1588756659327,1024.586
1588756659369,1024.5504
1588756659411,1024.5504
1588756659444,1024.5504
1588756659484,1024.5504
1588756659523,1024.502
1588756659559,1024.502
1588756659597,1024.502
1588756659635,1024.502
1588756659678,1024.5151
1588756659713,1024.5151
1588756659751,1024.5151
1588756659790,1024.5151
1588756659831,1024.4847
1588756659870,1024.4847
1588756659904,1024.4847
1588756659944,1024.4847
1588756659981,1024.4993
1588756660019,1024.4993
1588756660057,1024.4993
1588756660098,1024.4993
1588756660134,1024.4993
1588756660174,1024.5203
1588756660212,1024.5203
1588756660250,1024.5203
1588756660292,1024.5203
1588756660328,1024.4669
1588756660367,1024.4669
1588756660407,1024.4669
1588756660443,1024.4669
1588756660481,1024.4622
1588756660520,1024.4622
1588756660558,1024.4622
1588756660597,1024.4622
1588756660636,1024.4637
1588756660674,1024.4637
1588756660710,1024.4637
1588756660749,1024.4637
1588756660790,1024.4467
1588756660828,1024.4467
1588756660867,1024.4467
1588756660904,1024.4467
1588756660947,1024.4983
1588756660985,1024.4983
1588756661024,1024.4983
1588756661058,1024.4983
1588756661106,1024.4469
1588756661136,1024.4469
1588756661175,1024.4469
1588756661212,1024.4469
1588756661250,1024.4469
1588756661290,1024.442
1588756661326,1024.442
1588756661364,1024.442
1588756661404,1024.442
1588756661446,1024.5054
1588756661482,1024.5054
1588756661521,1024.5054
1588756661558,1024.5054
1588756661597,1024.4246
1588756661635,1024.4246
1588756661679,1024.4246
1588756661722,1024.4246
1588756661750,1024.3567
1588756661791,1024.3567
1588756661826,1024.3567
1588756661865,1024.3567
1588756661905,1024.3457
1588756661942,1024.3457
1588756661980,1024.3457
1588756662020,1024.3457
1588756662061,1024.3602
1588756662097,1024.3602
1588756662135,1024.3602
1588756662174,1024.3602
1588756662213,1024.3948
1588756662250,1024.3948
1588756662288,1024.3948
1588756662329,1024.3948
1588756662371,1024.3948
1588756662407,1024.3693
1588756662444,1024.3693
1588756662482,1024.3693
1588756662521,1024.3693
1588756662559,1024.332
1588756662594,1024.332
1588756662634,1024.332
1588756662676,1024.332
1588756662712,1024.3679
1588756662752,1024.3679
1588756662789,1024.3679
1588756662830,1024.3679
1588756662865,1024.3615
1588756662905,1024.3615
1588756662941,1024.3615
1588756662981,1024.3615
1588756663019,1024.4487
1588756663057,1024.4487
1588756663097,1024.4487
1588756663135,1024.4487
1588756663174,1024.4664
1588756663214,1024.4664
1588756663249,1024.4664
1588756663289,1024.4664
1588756663328,1024.4248
1588756663366,1024.4248
1588756663404,1024.4248
1588756663445,1024.4248
1588756663480,1024.4248
1588756663520,1024.4296
1588756663560,1024.4296
1588756663600,1024.4296
1588756663635,1024.4296
1588756663671,1024.428
1588756663714,1024.428
1588756663750,1024.428
1588756663788,1024.428
1588756663830,1024.4425
1588756663866,1024.4425
1588756663907,1024.4425
1588756663941,1024.4425
1588756663979,1024.4894
1588756664020,1024.4894
1588756664059,1024.4894
1588756664096,1024.4894
1588756664134,1024.4617
1588756664173,1024.4617
1588756664215,1024.4617
1588756664256,1024.4617
1588756664288,1024.4293
1588756664326,1024.4293
1588756664365,1024.4293
1588756664404,1024.4293
1588756664440,1024.5244
1588756664486,1024.5244
1588756664521,1024.5244
1588756664556,1024.5244
1588756664595,1024.5244
1588756664633,1024.442
1588756664675,1024.442
1588756664710,1024.442
1588756664752,1024.442
1588756664789,1024.3447
1588756664829,1024.3447
1588756664869,1024.3447
1588756664905,1024.3447
1588756664951,1024.3602
1588756664981,1024.3602
1588756665019,1024.3602
1588756665059,1024.3602
1588756665098,1024.3822
1588756665133,1024.3822
1588756665173,1024.3822
1588756665217,1024.3822
1588756665249,1024.4114
1588756665288,1024.4114
1588756665327,1024.4114
1588756665365,1024.4114
1588756665405,1024.3749
1588756665441,1024.3749
1588756665479,1024.3749
1588756665519,1024.3749
1588756665557,1024.3135
1588756665597,1024.3135
1588756665634,1024.3135
1588756665674,1024.3135
1588756665712,1024.3135
1588756665749,1024.327
1588756665791,1024.327
1588756665826,1024.327
1588756665866,1024.327
1588756665904,1024.3213
1588756665944,1024.3213
1588756665982,1024.3213
1588756666017,1024.3213
1588756666056,1024.4093
1588756666096,1024.4093
1588756666134,1024.4093
1588756666174,1024.4093
1588756666209,1024.3596
1588756666249,1024.3596
1588756666288,1024.3596
1588756666328,1024.3596
1588756666365,1024.3473
1588756666403,1024.3473
1588756666443,1024.3473
1588756666480,1024.3473
1588756666519,1024.3562
1588756666561,1024.3562
1588756666596,1024.3562
1588756666634,1024.3562
1588756666676,1024.428
1588756666713,1024.428
1588756666750,1024.428
1588756666787,1024.428
1588756666830,1024.428
1588756666865,1024.3414
1588756666927,1024.3414
1588756666944,1024.3414
1588756666979,1024.3414
1588756667021,1024.2982
1588756667059,1024.2982
1588756667095,1024.2982
1588756667137,1024.2982
1588756667171,1024.2972
1588756667210,1024.2972
1588756667247,1024.2972
1588756667287,1024.2972
1588756667329,1024.3076
1588756667365,1024.3076
1588756667404,1024.3076
1588756667440,1024.3076
1588756667480,1024.3617
1588756667520,1024.3617
1588756667556,1024.3617
1588756667595,1024.3617
1588756667632,1024.3026
1588756667673,1024.3026
1588756667718,1024.3026
1588756667750,1024.3026
1588756667786,1024.2512
1588756667827,1024.2512
1588756667864,1024.2512
1588756667909,1024.2512
1588756667943,1024.2512
1588756667979,1024.263
1588756668020,1024.263
1588756668058,1024.263
1588756668095,1024.263
1588756668133,1024.2794
1588756668171,1024.2794
1588756668211,1024.2794
1588756668249,1024.2794
1588756668287,1024.387
1588756668325,1024.387
1588756668363,1024.387
1588756668403,1024.387
1588756668442,1024.2987
1588756668482,1024.2987
1588756668516,1024.2987
1588756668556,1024.2987
1588756668596,1024.2046
1588756668632,1024.2046
1588756668673,1024.2046
1588756668718,1024.2046
1588756668747,1024.1863
1588756668789,1024.1863
1588756668826,1024.1863
1588756668866,1024.1863
1588756668903,1024.2161
1588756668941,1024.2161
1588756668985,1024.2161
1588756669020,1024.2161
1588756669059,1024.2161
1588756669096,1024.3221
1588756669139,1024.3221
1588756669172,1024.3221
1588756669211,1024.3221
1588756669248,1024.2875
1588756669286,1024.2875
1588756669326,1024.2875
1588756669367,1024.2875
1588756669403,1024.2355
1588756669445,1024.2355
1588756669480,1024.2355
1588756669518,1024.2355
1588756669558,1024.2805
1588756669596,1024.2805
1588756669633,1024.2805
1588756669672,1024.2805
1588756669713,1024.3248
1588756669753,1024.3248
1588756669786,1024.3248
1588756669824,1024.3248
1588756669865,1024.3378
1588756669906,1024.3378
1588756669946,1024.3378
1588756669981,1024.3378
1588756670017,1024.3291
1588756670057,1024.3291
1588756670096,1024.3291
1588756670133,1024.3291
1588756670170,1024.3291
1588756670211,1024.332
1588756670249,1024.332
1588756670288,1024.332
1588756670324,1024.332
1588756670364,1024.3644
1588756670403,1024.3644
1588756670442,1024.3644
1588756670479,1024.3644
1588756670517,1024.4403
1588756670554,1024.4403
1588756670596,1024.4403
1588756670633,1024.4403
1588756670672,1024.3334
1588756670715,1024.3334
1588756670748,1024.3334
1588756670788,1024.3334
1588756670826,1024.2712
1588756670863,1024.2712
1588756670903,1024.2712
1588756670942,1024.2712
1588756670980,1024.3016
1588756671018,1024.3016
1588756671055,1024.3016
1588756671094,1024.3016
1588756671132,1024.2693
1588756671171,1024.2693
1588756671213,1024.2693
1588756671251,1024.2693
1588756671285,1024.2693
1588756671324,1024.3324
1588756671364,1024.3324
1588756671405,1024.3324
1588756671442,1024.3324
1588756671478,1024.3566
1588756671518,1024.3566
1588756671556,1024.3566
1588756671593,1024.3566
1588756671632,1024.3195
1588756671671,1024.3195
1588756671712,1024.3195
1588756671748,1024.3195
1588756671786,1024.3534
1588756671825,1024.3534
1588756671866,1024.3534
1588756671903,1024.3534
1588756671941,1024.4097
1588756671980,1024.4097
1588756672018,1024.4097
1588756672056,1024.4097
1588756672098,1024.3304
1588756672135,1024.3304
1588756672170,1024.3304
1588756672213,1024.3304
1588756672248,1024.3695
1588756672286,1024.3695
1588756672324,1024.3695
1588756672363,1024.3695
1588756672403,1024.3695
1588756672441,1024.3936
1588756672480,1024.3936
1588756672518,1024.3936
1588756672557,1024.3936
1588756672594,1024.4065
1588756672634,1024.4065
1588756672672,1024.4065
1588756672708,1024.4065
1588756672748,1024.4808
1588756672786,1024.4808
1588756672824,1024.4808
1588756672863,1024.4808
1588756672905,1024.3951
1588756672942,1024.3951
1588756672981,1024.3951
1588756673017,1024.3951
1588756673055,1024.3451
1588756673093,1024.3451
1588756673132,1024.3451
1588756673171,1024.3451
1588756673209,1024.3514
1588756673253,1024.3514
1588756673286,1024.3514
1588756673325,1024.3514
1588756673364,1024.3628
1588756673409,1024.3628
1588756673439,1024.3628
1588756673480,1024.3628
1588756673517,1024.3628
1588756673555,1024.4194
1588756673592,1024.4194
1588756673633,1024.4194
1588756673673,1024.4194
1588756673712,1024.4036
1588756673746,1024.4036
1588756673785,1024.4036
1588756673826,1024.4036
1588756673864,1024.3777
1588756673904,1024.3777
1588756673941,1024.3777
1588756673978,1024.3777
1588756674019,1024.4293
1588756674055,1024.4293
1588756674094,1024.4293
1588756674134,1024.4293
1588756674170,1024.4423
1588756674211,1024.4423
1588756674248,1024.4423
1588756674285,1024.4423
1588756674328,1024.5054
1588756674362,1024.5054
1588756674402,1024.5054
1588756674439,1024.5054
1588756674477,1024.5232
1588756674516,1024.5232
1588756674557,1024.5232
1588756674594,1024.5232
1588756674632,1024.5232
1588756674676,1024.4869
1588756674708,1024.4869
1588756674746,1024.4869
1588756674786,1024.4869
1588756674824,1024.5015
1588756674862,1024.5015
1588756674905,1024.5015
1588756674941,1024.5015
1588756674978,1024.5677
1588756675018,1024.5677
1588756675055,1024.5677
1588756675094,1024.5677
1588756675132,1024.5146
1588756675171,1024.5146
1588756675208,1024.5146
1588756675247,1024.5146
1588756675285,1024.4646
1588756675324,1024.4646
1588756675363,1024.4646
1588756675401,1024.4646
1588756675439,1024.4646
1588756675479,1024.4646
1588756675518,1024.4646
1588756675555,1024.4646
1588756675594,1024.4519
1588756675631,1024.4519
1588756675671,1024.4519
1588756675709,1024.4519
1588756675745,1024.4519
1588756675788,1024.5217
1588756675823,1024.5217
1588756675865,1024.5217
1588756675900,1024.5217
1588756675939,1024.4911
1588756675978,1024.4911
1588756676017,1024.4911
1588756676055,1024.4911
1588756676093,1024.4364
1588756676132,1024.4364
1588756676170,1024.4364
1588756676213,1024.4364
1588756676247,1024.446
1588756676286,1024.446
1588756676324,1024.446
1588756676363,1024.446
1588756676401,1024.4476
1588756676440,1024.4476
1588756676477,1024.4476
1588756676516,1024.4476
1588756676556,1024.4774
1588756676593,1024.4774
1588756676633,1024.4774
1588756676669,1024.4774
1588756676708,1024.5308
1588756676746,1024.5308
1588756676784,1024.5308
1588756676826,1024.5308
1588756676864,1024.5308
1588756676902,1024.4823
1588756676946,1024.4823
1588756676979,1024.4823
1588756677016,1024.4823
1588756677053,1024.4761
1588756677094,1024.4761
1588756677135,1024.4761
1588756677172,1024.4761
1588756677214,1024.4764
1588756677248,1024.4764
1588756677285,1024.4764
1588756677322,1024.4764
1588756677362,1024.5106
1588756677400,1024.5106
1588756677439,1024.5106
1588756677476,1024.5106
1588756677516,1024.5194
1588756677554,1024.5194
1588756677592,1024.5194
1588756677630,1024.5194
1588756677672,1024.4889
1588756677711,1024.4889
1588756677747,1024.4889
1588756677784,1024.4889
1588756677826,1024.5281
1588756677861,1024.5281
1588756677900,1024.5281
1588756677937,1024.5281
1588756677978,1024.5281
1588756678020,1024.5797
1588756678056,1024.5797
1588756678097,1024.5797
1588756678132,1024.5797
1588756678173,1024.5446
1588756678211,1024.5446
1588756678253,1024.5446
1588756678286,1024.5446
1588756678324,1024.5073
1588756678362,1024.5073
1588756678400,1024.5073
1588756678439,1024.5073
1588756678481,1024.483
1588756678515,1024.483
1588756678561,1024.483
1588756678592,1024.483
1588756678631,1024.5057
1588756678673,1024.5057
1588756678709,1024.5057
1588756678746,1024.5057
1588756678785,1024.5499
1588756678824,1024.5499
1588756678862,1024.5499
1588756678905,1024.5499
1588756678938,1024.474
1588756678977,1024.474
1588756679018,1024.474
1588756679056,1024.474
1588756679095,1024.474
1588756679133,1024.4128
1588756679174,1024.4128
1588756679208,1024.4128
1588756679246,1024.4128
1588756679284,1024.4197
1588756679325,1024.4197
1588756679370,1024.4197
1588756679400,1024.4197
1588756679438,1024.4054
1588756679480,1024.4054
1588756679517,1024.4054
1588756679554,1024.4054
1588756679591,1024.4701
1588756679631,1024.4701
1588756679670,1024.4701
1588756679709,1024.4701
1588756679748,1024.417
1588756679788,1024.417
1588756679826,1024.417
1588756679862,1024.417
1588756679900,1024.3895
1588756679939,1024.3895
1588756679978,1024.3895
1588756680021,1024.3895
1588756680057,1024.387
1588756680091,1024.387
1588756680131,1024.387
1588756680170,1024.387
1588756680210,1024.387
1588756680251,1024.3823
1588756680286,1024.3823
1588756680327,1024.3823
1588756680362,1024.3823
1588756680402,1024.478
1588756680440,1024.478
1588756680475,1024.478
1588756680515,1024.478
1588756680555,1024.4655
1588756680593,1024.4655
1588756680631,1024.4655
1588756680669,1024.4655
1588756680706,1024.3982
1588756680745,1024.3982
1588756680784,1024.3982
1588756680824,1024.3982
1588756680862,1024.3839
1588756680900,1024.3839
1588756680940,1024.3839
1588756680977,1024.3839
1588756681015,1024.3645
1588756681054,1024.3645
1588756681097,1024.3645
1588756681130,1024.3645
1588756681169,1024.4065
1588756681210,1024.4065
1588756681246,1024.4065
1588756681282,1024.4065
1588756681323,1024.4065
1588756681367,1024.4165
1588756681402,1024.4165
1588756681437,1024.4165
1588756681476,1024.4165
1588756681515,1024.3716
1588756681553,1024.3716
1588756681590,1024.3716
1588756681632,1024.3716
1588756681672,1024.3845
1588756681707,1024.3845
1588756681749,1024.3845
1588756681787,1024.3845
1588756681824,1024.4039
1588756681862,1024.4039
1588756681901,1024.4039
1588756681937,1024.4039
1588756681976,1024.453
1588756682017,1024.453
1588756682052,1024.453
1588756682091,1024.453
1588756682129,1024.4323
1588756682167,1024.4323
1588756682207,1024.4323
1588756682247,1024.4323
1588756682289,1024.4052
1588756682324,1024.4052
1588756682361,1024.4052
1588756682402,1024.4052
1588756682438,1024.4052
1588756682478,1024.4407
1588756682516,1024.4407
1588756682554,1024.4407
1588756682591,1024.4407
1588756682630,1024.475
1588756682672,1024.475
1588756682710,1024.475
1588756682745,1024.475
1588756682786,1024.4368
1588756682822,1024.4368
1588756682860,1024.4368
1588756682902,1024.4368
1588756682940,1024.3899
1588756682976,1024.3899
1588756683013,1024.3899
1588756683053,1024.3899
1588756683092,1024.405
1588756683131,1024.405
1588756683173,1024.405
1588756683205,1024.405
1588756683247,1024.4276
1588756683284,1024.4276
1588756683324,1024.4276
1588756683361,1024.4276
1588756683401,1024.5253
1588756683436,1024.5253
1588756683476,1024.5253
1588756683514,1024.5253
1588756683554,1024.5253
1588756683595,1024.4784
1588756683635,1024.4784
1588756683671,1024.4784
1588756683707,1024.4784
1588756683749,1024.4159
1588756683785,1024.4159
1588756683826,1024.4159
1588756683860,1024.4159
1588756683902,1024.4257
1588756683942,1024.4257
1588756683976,1024.4257
1588756684017,1024.4257
1588756684053,1024.4288
1588756684092,1024.4288
1588756684133,1024.4288
1588756684169,1024.4288
1588756684209,1024.4938
1588756684243,1024.4938
1588756684283,1024.4938
1588756684323,1024.4938
1588756684361,1024.5178
1588756684402,1024.5178
1588756684439,1024.5178
1588756684476,1024.5178
1588756684516,1024.468
1588756684553,1024.468
1588756684592,1024.468
1588756684628,1024.468
1588756684668,1024.468
1588756684708,1024.512
1588756684745,1024.512
1588756684783,1024.512
1588756684823,1024.512
1588756684860,1024.512
1588756684899,1024.512
1588756684938,1024.512
1588756684977,1024.512
1588756685016,1024.5089
1588756685051,1024.5089
1588756685101,1024.5089
1588756685130,1024.5089
1588756685168,1024.5624
1588756685210,1024.5624
1588756685245,1024.5624
1588756685286,1024.5624
1588756685328,1024.5575
1588756685360,1024.5575
1588756685400,1024.5575
1588756685436,1024.5575
1588756685476,1024.5322
1588756685516,1024.5322
1588756685555,1024.5322
1588756685591,1024.5322
1588756685632,1024.5988
1588756685668,1024.5988
1588756685705,1024.5988
1588756685748,1024.5988
1588756685782,1024.5988
1588756685823,1024.5164
1588756685860,1024.5164
1588756685897,1024.5164
1588756685937,1024.5164
1588756685976,1024.4828
1588756686019,1024.4828
1588756686052,1024.4828
1588756686093,1024.4828
1588756686128,1024.4714
1588756686173,1024.4714
1588756686206,1024.4714
1588756686245,1024.4714
1588756686282,1024.4536
1588756686321,1024.4536
1588756686358,1024.4536
1588756686402,1024.4536
1588756686437,1024.5315
1588756686476,1024.5315
1588756686513,1024.5315
1588756686553,1024.5315
1588756686590,1024.558
1588756686631,1024.558
1588756686676,1024.558
1588756686706,1024.558
1588756686746,1024.5115
1588756686781,1024.5115
1588756686820,1024.5115
1588756686862,1024.5115
1588756686900,1024.5115
1588756686937,1024.547
1588756686976,1024.547
1588756687012,1024.547
1588756687053,1024.547
1588756687090,1024.5796
1588756687131,1024.5796
1588756687169,1024.5796
1588756687205,1024.5796
1588756687246,1024.5847
1588756687286,1024.5847
1588756687322,1024.5847
1588756687360,1024.5847
1588756687400,1024.58
1588756687437,1024.58
1588756687474,1024.58
1588756687514,1024.58
1588756687553,1024.5414
1588756687593,1024.5414
1588756687630,1024.5414
1588756687670,1024.5414
1588756687706,1024.5414
1588756687745,1024.5414
1588756687784,1024.5414
1588756687822,1024.5414
1588756687860,1024.6255
1588756687897,1024.6255
1588756687940,1024.6255
1588756687977,1024.6255
1588756688014,1024.6255
1588756688060,1024.5533
1588756688090,1024.5533
1588756688140,1024.5533
1588756688167,1024.5533
1588756688207,1024.5116
1588756688249,1024.5116
1588756688281,1024.5116
1588756688321,1024.5116
1588756688359,1024.502
1588756688398,1024.502
1588756688438,1024.502
1588756688474,1024.502
1588756688512,1024.5214
1588756688555,1024.5214
1588756688592,1024.5214
1588756688628,1024.5214
1588756688669,1024.5736
1588756688706,1024.5736
1588756688752,1024.5736
1588756688782,1024.5736
1588756688820,1024.5258
1588756688862,1024.5258
1588756688899,1024.5258
1588756688937,1024.5258
1588756688974,1024.4692
1588756689013,1024.4692
1588756689054,1024.4692
1588756689091,1024.4692
1588756689129,1024.4692
1588756689168,1024.4647
1588756689204,1024.4647
1588756689244,1024.4647
1588756689281,1024.4647
1588756689320,1024.4614
1588756689358,1024.4614
1588756689403,1024.4614
1588756689435,1024.4614
1588756689477,1024.4924
1588756689512,1024.4924
1588756689552,1024.4924
1588756689592,1024.4924
1588756689630,1024.4828
1588756689668,1024.4828
1588756689705,1024.4828
1588756689750,1024.4828
1588756689781,1024.4536
1588756689821,1024.4536
1588756689859,1024.4536
1588756689897,1024.4536
1588756689935,1024.4393
1588756689976,1024.4393
1588756690014,1024.4393
1588756690056,1024.4393
1588756690092,1024.4756
1588756690130,1024.4756
1588756690167,1024.4756
1588756690205,1024.4756
1588756690251,1024.4756
1588756690281,1024.5209
1588756690320,1024.5209
1588756690361,1024.5209
1588756690397,1024.5209
1588756690436,1024.4775
1588756690475,1024.4775
1588756690512,1024.4775
1588756690552,1024.4775
1588756690590,1024.4387
1588756690627,1024.4387
1588756690668,1024.4387
1588756690705,1024.4387
1588756690749,1024.439
1588756690780,1024.439
1588756690821,1024.439
1588756690859,1024.439
1588756690899,1024.4652
1588756690938,1024.4652
1588756690975,1024.4652
1588756691011,1024.4652
1588756691052,1024.4652
1588756691090,1024.4652
1588756691128,1024.4652
1588756691168,1024.4652
1588756691205,1024.47
1588756691244,1024.47
1588756691281,1024.47
1588756691321,1024.47
1588756691358,1024.47
1588756691397,1024.439
1588756691435,1024.439
1588756691474,1024.439
1588756691514,1024.439
1588756691553,1024.4442
1588756691591,1024.4442
1588756691629,1024.4442
1588756691669,1024.4442
1588756691713,1024.4958
1588756691742,1024.4958
1588756691781,1024.4958
1588756691822,1024.4958
1588756691862,1024.4603
1588756691900,1024.4603
1588756691937,1024.4603
1588756691974,1024.4603
1588756692014,1024.4652
1588756692050,1024.4652
1588756692090,1024.4652
1588756692128,1024.4652
1588756692167,1024.446
1588756692205,1024.446
1588756692243,1024.446
1588756692279,1024.446
1588756692320,1024.4337
1588756692360,1024.4337
1588756692404,1024.4337
1588756692437,1024.4337
1588756692473,1024.4337
1588756692514,1024.5243
1588756692553,1024.5243
1588756692590,1024.5243
1588756692629,1024.5243
1588756692667,1024.4551
1588756692709,1024.4551
1588756692742,1024.4551
1588756692783,1024.4551
1588756692821,1024.4841
1588756692860,1024.4841
1588756692896,1024.4841
1588756692935,1024.4841
1588756692973,1024.4569
1588756693011,1024.4569
1588756693050,1024.4569
1588756693091,1024.4569
1588756693128,1024.4492
1588756693167,1024.4492
1588756693206,1024.4492
1588756693254,1024.4492
1588756693281,1024.529
1588756693319,1024.529
1588756693358,1024.529
1588756693399,1024.529
1588756693435,1024.466
1588756693476,1024.466
1588756693511,1024.466
1588756693550,1024.466
1588756693590,1024.466
1588756693628,1024.4598
1588756693666,1024.4598
1588756693704,1024.4598
1588756693744,1024.4598
1588756693787,1024.4485
1588756693820,1024.4485
1588756693858,1024.4485
1588756693896,1024.4485
1588756693936,1024.4259
1588756693976,1024.4259
1588756694013,1024.4259
1588756694051,1024.4259
1588756694090,1024.5099
1588756694126,1024.5099
1588756694170,1024.5099
1588756694204,1024.5099
1588756694245,1024.4385
1588756694287,1024.4385
1588756694319,1024.4385
1588756694361,1024.4385
1588756694397,1024.4097
1588756694434,1024.4097
1588756694474,1024.4097
1588756694511,1024.4097
1588756694552,1024.3839
1588756694588,1024.3839
1588756694628,1024.3839
1588756694665,1024.3839
1588756694707,1024.3839
1588756694745,1024.4003
1588756694781,1024.4003
1588756694826,1024.4003
1588756694862,1024.4003
1588756694897,1024.4811
1588756694934,1024.4811
1588756694976,1024.4811
1588756695012,1024.4811
1588756695052,1024.4116
1588756695091,1024.4116
1588756695127,1024.4116
1588756695164,1024.4116
1588756695205,1024.3634
1588756695243,1024.3634
1588756695280,1024.3634
1588756695318,1024.3634
1588756695357,1024.3634
1588756695396,1024.3634
1588756695436,1024.3634
1588756695473,1024.3634
1588756695512,1024.3522
1588756695550,1024.3522
1588756695589,1024.3522
1588756695628,1024.3522
1588756695665,1024.4459
1588756695703,1024.4459
1588756695744,1024.4459
1588756695783,1024.4459
1588756695818,1024.4459
1588756695860,1024.4006
1588756695896,1024.4006
1588756695933,1024.4006
1588756695976,1024.4006
1588756696015,1024.343
1588756696052,1024.343
1588756696090,1024.343
1588756696128,1024.343
1588756696165,1024.343
1588756696204,1024.343
1588756696243,1024.343
1588756696279,1024.343
1588756696317,1024.3463
1588756696360,1024.3463
1588756696395,1024.3463
1588756696439,1024.3463
1588756696473,1024.4144
1588756696514,1024.4144
1588756696551,1024.4144
1588756696587,1024.4144
1588756696628,1024.4161
1588756696665,1024.4161
1588756696705,1024.4161
1588756696743,1024.4161
1588756696780,1024.3822
1588756696817,1024.3822
1588756696858,1024.3822
1588756696897,1024.3822
1588756696937,1024.3822
1588756696972,1024.4258
1588756697010,1024.4258
1588756697050,1024.4258
1588756697087,1024.4258
1588756697130,1024.4258
1588756697164,1024.4258
1588756697204,1024.4258
1588756697244,1024.4258
1588756697280,1024.4601
1588756697320,1024.4601
1588756697357,1024.4601
1588756697394,1024.4601
1588756697438,1024.4552
1588756697473,1024.4552
1588756697512,1024.4552
1588756697550,1024.4552
1588756697589,1024.4083
1588756697626,1024.4083
1588756697664,1024.4083
1588756697703,1024.4083
1588756697745,1024.4423
1588756697787,1024.4423
1588756697817,1024.4423
1588756697856,1024.4423
1588756697895,1024.4309
1588756697934,1024.4264
1588756697973,1024.4264
1588756698013,1024.4264
1588756698049,1024.4264
1588756698089,1024.4635
1588756698127,1024.4635
1588756698169,1024.4635
1588756698205,1024.4635
1588756698242,1024.3752
1588756698282,1024.3752
1588756698319,1024.3752
1588756698359,1024.3752
1588756698394,1024.3591
1588756698433,1024.3591
1588756698471,1024.3591
1588756698513,1024.3591
1588756698548,1024.398
1588756698589,1024.398
1588756698628,1024.398
1588756698665,1024.398
1588756698704,1024.4496
1588756698744,1024.4496
1588756698781,1024.4496
1588756698820,1024.4496
1588756698861,1024.4174
1588756698895,1024.4174
1588756698933,1024.4174
1588756698973,1024.4174
1588756699012,1024.4625
1588756699050,1024.4625
1588756699091,1024.4625
1588756699130,1024.4625
1588756699164,1024.4625
1588756699201,1024.437
1588756699242,1024.437
1588756699278,1024.437
1588756699316,1024.437
1588756699357,1024.447
1588756699396,1024.447
1588756699434,1024.447
1588756699472,1024.447
1588756699514,1024.4955
1588756699550,1024.4955
1588756699589,1024.4955
1588756699631,1024.4955
1588756699668,1024.4567
1588756699702,1024.4567
1588756699743,1024.4567
1588756699780,1024.4567
1588756699817,1024.5087
1588756699856,1024.5087
1588756699899,1024.5087
1588756699938,1024.5087
1588756699975,1024.4945
1588756700009,1024.4945
1588756700048,1024.4945
1588756700090,1024.4945
1588756700131,1024.4767
1588756700166,1024.4812
1588756700202,1024.4812
1588756700243,1024.4812
1588756700282,1024.4812
1588756700319,1024.5656
1588756700356,1024.5656
1588756700395,1024.5656
1588756700432,1024.5656
1588756700470,1024.4718
1588756700513,1024.4718
1588756700549,1024.4718
1588756700587,1024.4718
1588756700634,1024.4557
1588756700666,1024.4557
1588756700701,1024.4557
1588756700741,1024.4557
1588756700778,1024.4218
1588756700818,1024.4218
1588756700857,1024.4218
1588756700897,1024.4218
1588756700936,1024.4266
1588756700973,1024.4266
1588756701013,1024.4266
1588756701048,1024.4266
1588756701090,1024.508
1588756701126,1024.508
1588756701166,1024.508
1588756701208,1024.508
1588756701242,1024.4208
1588756701283,1024.4161
1588756701317,1024.4161
1588756701357,1024.4161
1588756701395,1024.4161
1588756701434,1024.4789
1588756701474,1024.4789
1588756701511,1024.4789
1588756701552,1024.4789
1588756701588,1024.4404
1588756701625,1024.4404
1588756701663,1024.4404
1588756701704,1024.4404
1588756701740,1024.4583
1588756701779,1024.4583
1588756701817,1024.4583
1588756701855,1024.4583
1588756701893,1024.5746
1588756701933,1024.5746
1588756701973,1024.5746
1588756702014,1024.5746
1588756702060,1024.5054
1588756702086,1024.5054
1588756702129,1024.5054
1588756702166,1024.5054
1588756702204,1024.5005
1588756702244,1024.5005
1588756702280,1024.5005
1588756702320,1024.5005
1588756702357,1024.5005
1588756702397,1024.444
1588756702433,1024.444
1588756702473,1024.444
1588756702512,1024.444
1588756702548,1024.4763
1588756702587,1024.4763
1588756702625,1024.4763
1588756702664,1024.4763
1588756702703,1024.4893
1588756702741,1024.4893
1588756702784,1024.4893
1588756702817,1024.4893
1588756702856,1024.5005
1588756702897,1024.5005
1588756702931,1024.5005
1588756702971,1024.5005
1588756703010,1024.5054
1588756703052,1024.5054
1588756703089,1024.5054
1588756703125,1024.5054
1588756703168,1024.4346
1588756703203,1024.4346
1588756703241,1024.4346
1588756703283,1024.4346
1588756703318,1024.4465
1588756703358,1024.4465
1588756703397,1024.4465
1588756703433,1024.4465
1588756703472,1024.4465
1588756703511,1024.4675
1588756703548,1024.4675
1588756703587,1024.4675
1588756703626,1024.4675
1588756703664,1024.4856
1588756703701,1024.4856
1588756703741,1024.4856
1588756703779,1024.4856
1588756703816,1024.4532
1588756703857,1024.4532
1588756703895,1024.4532
1588756703934,1024.4532
1588756703973,1024.4209
1588756704009,1024.4209
1588756704047,1024.4209
1588756704086,1024.4209
1588756704128,1024.4675
1588756704163,1024.4675
1588756704201,1024.4675
1588756704240,1024.4675
1588756704281,1024.4532
1588756704320,1024.4532
1588756704356,1024.4532
1588756704392,1024.4532
1588756704433,1024.4905
1588756704473,1024.4905
1588756704511,1024.4905
1588756704548,1024.4905
1588756704586,1024.4905
1588756704625,1024.5001
1588756704663,1024.5001
1588756704701,1024.5001
1588756704740,1024.5001
1588756704781,1024.4517
1588756704820,1024.4517
1588756704855,1024.4517
1588756704899,1024.4517
1588756704932,1024.4517
1588756704970,1024.4517
1588756705008,1024.4517
1588756705049,1024.4517
1588756705087,1024.4775
1588756705125,1024.4775
1588756705166,1024.4775
1588756705201,1024.4775
1588756705240,1024.497
1588756705280,1024.497
1588756705318,1024.497
1588756705355,1024.497
1588756705396,1024.5133
1588756705432,1024.5133
1588756705470,1024.5133
1588756705509,1024.5133
1588756705550,1024.4878
1588756705587,1024.4878
1588756705625,1024.4878
1588756705663,1024.4878
1588756705701,1024.4878
1588756705739,1024.4982
1588756705779,1024.4982
1588756705816,1024.4982
1588756705853,1024.4982
1588756705894,1024.524
1588756705932,1024.524
1588756705972,1024.524
1588756706010,1024.524
1588756706048,1024.4764
1588756706085,1024.4764
1588756706126,1024.4764
1588756706162,1024.4764
1588756706203,1024.4329
1588756706241,1024.4329
1588756706281,1024.4329
1588756706317,1024.4329
1588756706355,1024.4103
1588756706394,1024.4103
1588756706432,1024.4103
1588756706470,1024.4103
1588756706512,1024.4215
1588756706548,1024.4215
1588756706585,1024.4215
1588756706624,1024.4215
1588756706665,1024.4717
1588756706701,1024.4717
1588756706740,1024.4717
1588756706777,1024.4717
1588756706819,1024.4717
1588756706854,1024.4344
1588756706893,1024.4344
1588756706940,1024.4344
1588756706973,1024.4344
1588756707009,1024.4329
1588756707047,1024.4329
1588756707085,1024.4329
1588756707124,1024.4329
1588756707164,1024.3931
1588756707203,1024.3931
1588756707242,1024.3931
1588756707277,1024.3931
1588756707317,1024.4141
1588756707355,1024.4141
1588756707395,1024.4141
1588756707434,1024.4141
1588756707470,1024.4658
1588756707512,1024.4658
1588756707545,1024.4658
1588756707584,1024.4658
1588756707622,1024.4952
1588756707661,1024.4952
1588756707701,1024.4952
1588756707739,1024.4952
1588756707776,1024.4274
1588756707815,1024.4274
1588756707853,1024.4274
1588756707897,1024.4274
1588756707932,1024.4274
1588756707971,1024.387
1588756708008,1024.387
1588756708051,1024.387
1588756708085,1024.387
1588756708126,1024.4047
1588756708163,1024.4047
1588756708200,1024.4047
1588756708239,1024.4047
1588756708280,1024.481
1588756708316,1024.481
1588756708355,1024.481
1588756708396,1024.481
1588756708432,1024.4017
1588756708471,1024.4017
1588756708508,1024.4017
1588756708551,1024.4017
1588756708584,1024.3662
1588756708630,1024.3662
1588756708663,1024.3662
1588756708702,1024.3662
1588756708740,1024.3729
1588756708781,1024.3729
1588756708816,1024.3729
1588756708855,1024.3729
1588756708893,1024.3713
1588756708930,1024.3713
1588756708968,1024.3713
1588756709008,1024.3713
1588756709051,1024.3713
1588756709086,1024.4233
1588756709122,1024.4233
1588756709163,1024.4233
1588756709201,1024.4233
1588756709242,1024.3522
1588756709278,1024.3522
1588756709323,1024.3522
1588756709353,1024.3522
1588756709393,1024.3182
1588756709435,1024.3182
1588756709471,1024.3182
1588756709507,1024.3182
1588756709548,1024.3173
1588756709587,1024.3173
1588756709623,1024.3173
1588756709662,1024.3173
1588756709700,1024.3076
1588756709738,1024.3076
1588756709780,1024.3076
1588756709833,1024.3076
1588756709852,1024.3564
1588756709894,1024.3564
1588756709932,1024.3564
1588756709972,1024.3564
1588756710008,1024.3208
1588756710046,1024.3208
1588756710084,1024.3208
1588756710125,1024.3208
1588756710163,1024.3208
1588756710202,1024.2996
1588756710238,1024.2996
1588756710279,1024.2996
1588756710336,1024.2996
1588756710356,1024.2947
1588756710392,1024.2947
1588756710431,1024.2947
1588756710470,1024.2947
1588756710511,1024.2933
1588756710550,1024.2933
1588756710587,1024.2933
1588756710623,1024.2933
1588756710664,1024.3435
1588756710702,1024.3435
1588756710737,1024.3435
1588756710778,1024.3435
1588756710815,1024.3131
1588756710854,1024.3131
1588756710894,1024.3131
1588756710931,1024.3131
1588756710969,1024.3131
1588756711009,1024.3131
1588756711049,1024.3131
1588756711088,1024.3131
1588756711125,1024.3179
1588756711163,1024.3179
1588756711201,1024.3179
1588756711239,1024.3179
1588756711277,1024.3179
1588756711316,1024.3049
1588756711353,1024.3049
1588756711394,1024.3049
1588756711433,1024.3049
1588756711468,1024.3651
1588756711506,1024.3651
1588756711547,1024.3651
1588756711585,1024.3651
1588756711624,1024.3308
1588756711662,1024.3308
1588756711700,1024.3308
1588756711739,1024.3308
1588756711781,1024.2937
1588756711818,1024.2937
1588756711855,1024.2937
1588756711895,1024.2937
1588756711932,1024.294
1588756711976,1024.294
1588756712007,1024.294
1588756712045,1024.294
1588756712085,1024.2753
1588756712124,1024.2753
1588756712165,1024.2753
1588756712199,1024.2753
1588756712237,1024.3075
1588756712277,1024.3075
1588756712314,1024.3075
1588756712355,1024.3075
1588756712394,1024.3075
1588756712430,1024.335
1588756712472,1024.335
1588756712508,1024.335
1588756712548,1024.335
1588756712584,1024.2949
1588756712622,1024.2949
1588756712660,1024.2949
1588756712700,1024.2949
1588756712739,1024.3094
1588756712778,1024.3094
1588756712830,1024.3094
1588756712854,1024.3094
1588756712892,1024.3126
1588756712935,1024.3126
1588756712969,1024.3126
1588756713007,1024.3126
1588756713055,1024.355
1588756713084,1024.355
1588756713122,1024.355
1588756713161,1024.355
1588756713200,1024.3469
1588756713238,1024.3469
1588756713277,1024.3469
1588756713316,1024.3469
1588756713355,1024.3291
1588756713392,1024.3291
1588756713429,1024.3291
1588756713469,1024.3291
1588756713508,1024.3291
1588756713547,1024.334
1588756713584,1024.334
1588756713623,1024.334
1588756713660,1024.334
1588756713700,1024.3663
1588756713742,1024.3663
1588756713777,1024.3663
1588756713814,1024.3663
1588756713852,1024.3922
1588756713891,1024.3922
1588756713933,1024.3922
1588756713967,1024.3922
1588756714010,1024.407
1588756714045,1024.407
1588756714091,1024.407
1588756714123,1024.407
1588756714162,1024.4156
1588756714198,1024.4156
1588756714239,1024.4156
1588756714276,1024.4156
1588756714318,1024.3995
1588756714352,1024.3995
1588756714391,1024.3995
1588756714432,1024.3995
1588756714468,1024.3915
1588756714518,1024.3915
1588756714548,1024.3915
1588756714583,1024.3915
1588756714624,1024.3915
1588756714662,1024.429
1588756714700,1024.429
1588756714736,1024.429
1588756714775,1024.429
1588756714816,1024.4564
1588756714852,1024.4564
1588756714892,1024.4564
1588756714930,1024.4564
1588756714969,1024.406
1588756715008,1024.406
1588756715058,1024.406
1588756715083,1024.406
1588756715125,1024.3676
1588756715161,1024.3676
1588756715200,1024.3676
1588756715238,1024.3676
1588756715275,1024.319
1588756715325,1024.319
1588756715352,1024.319
1588756715391,1024.319
1588756715430,1024.3093
1588756715467,1024.3093
1588756715507,1024.3093
1588756715546,1024.3093
1588756715588,1024.2935
1588756715626,1024.2935
1588756715663,1024.2935
1588756715699,1024.2935
1588756715739,1024.2935
1588756715776,1024.2932
1588756715831,1024.2932
1588756715852,1024.2932
1588756715891,1024.2932
1588756715930,1024.2919
1588756715969,1024.2919
1588756716006,1024.2919
1588756716044,1024.2919
1588756716085,1024.2821
1588756716122,1024.2821
1588756716162,1024.2821
1588756716200,1024.2821
1588756716236,1024.2773
1588756716276,1024.2773
1588756716316,1024.2773
1588756716351,1024.2773
1588756716391,1024.2709
1588756716428,1024.2709
1588756716471,1024.2709
1588756716517,1024.2709
1588756716544,1024.2595
1588756716587,1024.2595
1588756716626,1024.2595
1588756716662,1024.2595
1588756716701,1024.2517
1588756716736,1024.2517
1588756716774,1024.2517
1588756716813,1024.2517
1588756716851,1024.2517
1588756716889,1024.2501
1588756716927,1024.2501
