1588754113948,1025.6561
1588754113948,1025.6561
1588754113987,1025.6561
1588754114024,1025.6561
1588754114063,1025.521
1588754114103,1025.521
1588754114140,1025.521
1588754114178,1025.521
1588754114217,1025.4142
1588754114256,1025.4142
1588754114296,1025.4142
1588754114333,1025.4142
1588754114371,1025.3259
1588754114414,1025.3259
1588754114447,1025.3259
1588754114487,1025.3259
1588754114525,1025.2615
1588754114563,1025.2615
1588754114603,1025.2615
1588754114640,1025.2615
1588754114682,1025.2085
1588754114718,1025.2085
1588754114756,1025.2085
1588754114799,1025.2085
1588754114833,1025.2085
1588754114872,1025.171
1588754114910,1025.171
1588754114948,1025.171
1588754114988,1025.171
1588754115026,1025.1343
1588754115065,1025.1343
1588754115105,1025.1343
1588754115141,1025.1343
1588754115183,1025.1134
1588754115218,1025.1134
1588754115255,1025.1134
1588754115296,1025.1134
1588754115336,1025.0973
1588754115373,1025.0973
1588754115413,1025.0973
1588754115449,1025.0973
1588754115487,1025.0751
1588754115524,1025.0751
1588754115601,1025.0751
1588754115602,1025.0751
1588754115654,1025.0702
1588754115678,1025.0702
1588754115717,1025.0702
1588754115755,1025.0702
1588754115800,1025.0698
1588754115832,1025.0698
1588754115872,1025.0698
1588754115909,1025.0698
1588754115948,1025.0698
1588754115986,1025.0691
1588754116024,1025.0691
1588754116065,1025.0691
1588754116101,1025.0691
1588754116141,1025.0765
1588754116181,1025.0765
1588754116216,1025.0765
1588754116255,1025.0765
1588754116296,1025.0862
1588754116333,1025.0862
1588754116373,1025.0862
1588754116412,1025.0862
1588754116450,1025.1078
1588754116488,1025.1078
1588754116533,1025.1078
1588754116563,1025.1078
1588754116603,1025.1296
1588754116642,1025.1296
1588754116680,1025.1296
1588754116718,1025.1296
1588754116755,1025.1421
1588754116794,1025.1421
1588754116833,1025.1421
1588754116872,1025.1421
1588754116911,1025.1421
1588754116949,1025.1447
1588754116987,1025.1447
1588754117025,1025.1447
1588754117062,1025.1447
1588754117102,1025.1576
1588754117141,1025.1576
1588754117182,1025.1576
1588754117216,1025.1576
1588754117256,1025.1659
1588754117296,1025.1659
1588754117333,1025.1659
1588754117371,1025.1659
1588754117410,1025.1824
1588754117448,1025.1824
1588754117489,1025.1824
1588754117527,1025.1824
1588754117564,1025.208
1588754117654,1025.208
1588754117654,1025.208
1588754117695,1025.208
1588754117739,1025.2062
1588754117755,1025.2062
1588754117793,1025.2062
1588754117834,1025.2062
1588754117870,1025.1981
1588754117910,1025.1981
1588754117946,1025.1981
1588754117985,1025.1981
1588754118024,1025.1981
1588754118066,1025.2086
1588754118103,1025.2086
1588754118139,1025.2086
1588754118178,1025.2086
1588754118216,1025.1987
1588754118254,1025.1987
1588754118295,1025.1987
1588754118332,1025.1987
1588754118370,1025.1953
1588754118411,1025.1953
1588754118447,1025.1953
1588754118485,1025.1953
1588754118526,1025.1884
1588754118562,1025.1884
1588754118602,1025.1884
1588754118643,1025.1884
1588754118678,1025.1865
1588754118717,1025.1865
1588754118756,1025.1865
1588754118793,1025.1865
1588754118833,1025.1876
1588754118871,1025.1876
1588754118908,1025.1876
1588754118947,1025.1876
1588754118986,1025.2006
1588754119025,1025.1823
1588754119064,1025.1823
1588754119100,1025.1823
1588754119140,1025.1823
1588754119177,1025.1757
1588754119216,1025.1757
1588754119258,1025.1757
1588754119292,1025.1757
1588754119331,1025.1722
1588754119372,1025.1722
1588754119413,1025.1722
1588754119446,1025.1722
1588754119487,1025.1781
1588754119525,1025.1781
1588754119561,1025.1781
1588754119601,1025.1781
1588754119668,1025.1747
1588754119695,1025.1747
1588754119727,1025.1747
1588754119757,1025.1747
1588754119794,1025.1677
1588754119831,1025.1677
1588754119869,1025.1677
1588754119915,1025.1677
1588754119947,1025.1576
1588754119984,1025.1576
1588754120024,1025.1576
1588754120063,1025.1576
1588754120102,1025.1576
1588754120143,1025.1461
1588754120180,1025.1461
1588754120215,1025.1461
1588754120254,1025.1461
1588754120294,1025.1294
1588754120331,1025.1294
1588754120369,1025.1294
1588754120409,1025.1294
1588754120448,1025.1405
1588754120486,1025.1405
1588754120523,1025.1405
1588754120563,1025.1405
1588754120600,1025.1335
1588754120638,1025.1335
1588754120679,1025.1335
1588754120718,1025.1335
1588754120754,1025.138
1588754120792,1025.138
1588754120831,1025.138
1588754120869,1025.138
1588754120908,1025.1361
1588754120948,1025.1361
1588754120986,1025.1361
1588754121022,1025.1361
1588754121065,1025.1337
1588754121100,1025.1337
1588754121140,1025.1337
1588754121177,1025.1337
1588754121218,1025.1337
1588754121255,1025.13
1588754121292,1025.13
1588754121332,1025.13
1588754121370,1025.13
1588754121407,1025.1198
1588754121447,1025.1198
1588754121486,1025.1198
1588754121525,1025.1198
1588754121561,1025.1161
1588754121602,1025.1161
1588754121670,1025.1161
1588754121676,1025.1161
1588754121720,1025.112
1588754121757,1025.112
1588754121792,1025.112
1588754121831,1025.112
1588754121870,1025.11
1588754121907,1025.11
1588754121945,1025.11
1588754121987,1025.11
1588754122024,1025.1144
1588754122063,1025.1144
1588754122099,1025.1144
1588754122142,1025.1144
1588754122178,1025.1144
1588754122215,1025.1077
1588754122254,1025.1077
1588754122292,1025.1077
1588754122330,1025.1077
1588754122369,1025.1052
1588754122409,1025.1052
1588754122447,1025.1052
1588754122485,1025.1052
1588754122524,1025.1047
1588754122561,1025.1047
1588754122600,1025.1047
1588754122640,1025.1047
1588754122676,1025.0995
1588754122716,1025.0995
1588754122754,1025.0995
1588754122794,1025.0995
1588754122831,1025.108
1588754122872,1025.108
1588754122910,1025.108
1588754122946,1025.108
1588754122985,1025.1091
1588754123023,1025.1091
1588754123062,1025.1091
1588754123102,1025.1091
1588754123138,1025.1031
1588754123180,1025.1031
1588754123217,1025.1031
1588754123254,1025.1031
1588754123293,1025.1031
1588754123330,1025.0963
1588754123369,1025.0963
1588754123409,1025.0963
1588754123448,1025.0963
1588754123485,1025.0936
1588754123523,1025.0936
1588754123562,1025.0936
1588754123600,1025.0936
1588754123639,1025.0848
1588754123678,1025.0848
1588754123717,1025.0848
1588754123754,1025.0848
1588754123804,1025.0779
1588754123831,1025.0779
1588754123868,1025.0779
1588754123910,1025.0779
1588754123946,1025.0817
1588754123985,1025.0817
1588754124023,1025.0817
1588754124061,1025.0817
1588754124100,1025.0825
1588754124139,1025.0825
1588754124179,1025.0825
1588754124217,1025.0825
1588754124256,1025.0825
1588754124295,1025.0653
1588754124330,1025.0653
1588754124369,1025.0653
1588754124408,1025.0653
1588754124446,1025.0626
1588754124493,1025.0626
1588754124523,1025.0626
1588754124561,1025.0626
1588754124601,1025.0538
1588754124643,1025.0538
1588754124684,1025.0538
1588754124716,1025.0538
1588754124754,1025.0453
1588754124792,1025.0453
1588754124832,1025.0453
1588754124871,1025.0453
1588754124909,1025.0345
1588754124947,1025.0345
1588754124985,1025.0345
1588754125023,1025.0345
1588754125065,1025.0258
1588754125100,1025.0258
1588754125142,1025.0258
1588754125180,1025.0258
1588754125221,1025.0359
1588754125253,1025.0359
1588754125297,1025.0359
1588754125331,1025.0359
1588754125370,1025.0359
1588754125408,1025.0432
1588754125448,1025.0432
1588754125485,1025.0432
1588754125525,1025.0432
1588754125563,1025.0518
1588754125601,1025.0518
1588754125638,1025.0518
1588754125677,1025.0518
1588754125724,1025.062
1588754125755,1025.062
1588754125797,1025.062
1588754125830,1025.062
1588754125872,1025.0725
1588754125910,1025.0725
1588754125951,1025.0725
1588754125984,1025.0725
1588754126026,1025.0656
1588754126062,1025.0656
1588754126102,1025.0656
1588754126138,1025.0656
1588754126177,1025.0754
1588754126214,1025.0754
1588754126254,1025.0754
1588754126294,1025.0754
1588754126330,1025.0776
1588754126368,1025.0776
1588754126407,1025.0776
1588754126446,1025.0776
1588754126489,1025.0776
1588754126522,1025.0817
1588754126562,1025.0817
1588754126599,1025.0817
1588754126640,1025.0817
1588754126677,1025.0839
1588754126718,1025.0839
1588754126754,1025.0839
1588754126795,1025.0839
1588754126831,1025.0889
1588754126869,1025.0889
1588754126907,1025.0889
1588754126945,1025.0889
1588754126986,1025.0946
1588754127022,1025.0946
1588754127062,1025.0946
1588754127100,1025.0946
1588754127141,1025.0964
1588754127177,1025.0964
1588754127216,1025.0964
1588754127254,1025.0964
1588754127295,1025.0941
1588754127332,1025.0941
1588754127371,1025.0941
1588754127406,1025.0941
1588754127446,1025.0941
1588754127483,1025.0962
1588754127525,1025.0962
1588754127562,1025.0962
1588754127599,1025.0962
1588754127639,1025.1029
1588754127676,1025.1029
1588754127714,1025.1029
1588754127761,1025.1029
1588754127796,1025.1051
1588754127831,1025.1051
1588754127869,1025.1051
1588754127908,1025.1051
1588754127945,1025.0963
1588754127987,1025.0963
1588754128023,1025.0963
1588754128060,1025.0963
1588754128098,1025.0917
1588754128138,1025.0917
1588754128175,1025.0917
1588754128214,1025.0917
1588754128253,1025.0845
1588754128292,1025.0845
1588754128329,1025.0845
1588754128368,1025.0845
1588754128407,1025.0864
1588754128446,1025.0864
1588754128486,1025.0864
1588754128522,1025.0864
1588754128562,1025.0864
1588754128600,1025.0856
1588754128639,1025.0856
1588754128676,1025.0856
1588754128715,1025.0856
1588754128755,1025.0781
1588754128791,1025.0781
1588754128830,1025.0781
1588754128869,1025.0781
1588754128906,1025.0728
1588754128945,1025.0728
1588754128984,1025.0728
1588754129022,1025.0728
1588754129061,1025.0667
1588754129102,1025.0667
1588754129141,1025.0667
1588754129178,1025.0667
1588754129215,1025.0557
1588754129253,1025.0557
1588754129292,1025.0557
1588754129329,1025.0557
1588754129367,1025.0594
1588754129407,1025.0594
1588754129446,1025.0594
1588754129486,1025.0594
1588754129522,1025.0594
1588754129562,1025.0583
1588754129598,1025.0583
1588754129637,1025.0583
1588754129676,1025.0583
1588754129717,1025.057
1588754129753,1025.057
1588754129792,1025.057
1588754129835,1025.057
1588754129870,1025.0718
1588754129908,1025.0718
1588754129944,1025.0718
1588754129983,1025.0718
1588754130022,1025.0774
1588754130061,1025.0774
1588754130099,1025.0774
1588754130138,1025.0774
1588754130179,1025.0792
1588754130215,1025.0792
1588754130252,1025.0792
1588754130298,1025.0792
1588754130329,1025.0892
1588754130367,1025.0892
1588754130406,1025.0892
1588754130446,1025.0892
1588754130484,1025.0883
1588754130526,1025.0883
1588754130560,1025.0883
1588754130598,1025.0883
1588754130642,1025.0883
1588754130676,1025.0807
1588754130715,1025.0807
1588754130754,1025.0807
1588754130794,1025.0807
1588754130831,1025.0751
1588754130867,1025.0751
1588754130906,1025.0751
1588754130947,1025.0751
1588754130985,1025.0721
1588754131026,1025.0721
1588754131060,1025.0721
1588754131099,1025.0721
1588754131139,1025.0773
1588754131176,1025.0773
1588754131213,1025.0773
1588754131252,1025.0773
1588754131292,1025.0756
1588754131328,1025.0756
1588754131367,1025.0756
1588754131407,1025.0756
1588754131448,1025.0679
1588754131484,1025.0679
1588754131524,1025.0679
1588754131561,1025.0679
1588754131597,1025.067
1588754131637,1025.067
1588754131677,1025.067
1588754131715,1025.067
1588754131752,1025.067
1588754131791,1025.0719
1588754131828,1025.0719
1588754131867,1025.0719
1588754131912,1025.0719
1588754131946,1025.0721
1588754131984,1025.0721
1588754132022,1025.0721
1588754132062,1025.0721
1588754132100,1025.0757
1588754132136,1025.0757
1588754132174,1025.0757
1588754132213,1025.0757
1588754132253,1025.0759
1588754132293,1025.0759
1588754132330,1025.0759
1588754132367,1025.0759
1588754132407,1025.0703
1588754132445,1025.0703
1588754132483,1025.0703
1588754132522,1025.0703
1588754132560,1025.0625
1588754132597,1025.0625
1588754132636,1025.0625
1588754132675,1025.0625
1588754132713,1025.0625
1588754132752,1025.058
1588754132791,1025.058
1588754132828,1025.058
1588754132866,1025.058
1588754132906,1025.0612
1588754132944,1025.0612
1588754132985,1025.0612
1588754133022,1025.0612
1588754133061,1025.0553
1588754133100,1025.0553
1588754133138,1025.0553
1588754133176,1025.0553
1588754133225,1025.057
1588754133251,1025.057
1588754133291,1025.057
1588754133334,1025.057
1588754133366,1025.0602
1588754133406,1025.0602
1588754133447,1025.0602
1588754133483,1025.0602
1588754133524,1025.0636
1588754133559,1025.0636
1588754133601,1025.0636
1588754133637,1025.0636
1588754133675,1025.0604
1588754133715,1025.0604
1588754133756,1025.0604
1588754133791,1025.0604
1588754133828,1025.0604
1588754133867,1025.0604
1588754133906,1025.0604
1588754133944,1025.0604
1588754133983,1025.0604
1588754134023,1025.0604
1588754134061,1025.0604
1588754134102,1025.0604
1588754134137,1025.0604
1588754134174,1025.062
1588754134213,1025.062
1588754134253,1025.062
1588754134290,1025.062
1588754134328,1025.0724
1588754134366,1025.0724
1588754134405,1025.0724
1588754134445,1025.0724
1588754134482,1025.0634
1588754134520,1025.0634
1588754134559,1025.0634
1588754134598,1025.0634
1588754134637,1025.066
1588754134675,1025.066
1588754134715,1025.066
1588754134753,1025.066
1588754134791,1025.066
1588754134843,1025.0676
1588754134865,1025.0676
1588754134907,1025.0676
1588754134943,1025.0676
1588754134982,1025.0658
1588754135022,1025.0658
1588754135061,1025.0658
1588754135098,1025.0658
1588754135137,1025.0652
1588754135192,1025.0652
1588754135212,1025.0652
1588754135254,1025.0652
1588754135291,1025.0533
1588754135328,1025.0533
1588754135366,1025.0533
1588754135405,1025.0533
1588754135449,1025.0497
1588754135482,1025.0497
1588754135523,1025.0497
1588754135560,1025.0497
1588754135598,1025.0488
1588754135638,1025.0488
1588754135674,1025.0488
1588754135717,1025.0488
1588754135752,1025.0482
1588754135789,1025.0482
1588754135830,1025.0482
1588754135866,1025.0482
1588754135904,1025.0482
1588754135945,1025.0461
1588754135980,1025.0461
1588754136020,1025.0461
1588754136063,1025.0461
1588754136096,1025.0372
1588754136136,1025.0372
1588754136174,1025.0372
1588754136215,1025.0372
1588754136251,1025.0345
1588754136288,1025.0345
1588754136336,1025.0345
1588754136366,1025.0345
1588754136406,1025.0411
1588754136445,1025.0411
1588754136481,1025.0411
1588754136521,1025.0411
1588754136558,1025.042
1588754136596,1025.042
1588754136638,1025.042
1588754136675,1025.042
1588754136713,1025.0393
1588754136752,1025.0393
1588754136791,1025.0393
1588754136832,1025.0393
1588754136866,1025.0393
1588754136906,1025.0427
1588754136944,1025.0427
1588754136982,1025.0427
1588754137021,1025.0427
1588754137060,1025.048
1588754137098,1025.048
1588754137140,1025.048
1588754137175,1025.048
1588754137215,1025.0553
1588754137262,1025.0553
1588754137289,1025.0553
1588754137329,1025.0553
1588754137367,1025.048
1588754137406,1025.048
1588754137443,1025.048
1588754137486,1025.048
1588754137522,1025.0488
1588754137560,1025.0488
1588754137597,1025.0488
1588754137637,1025.0488
1588754137674,1025.0399
1588754137713,1025.0399
1588754137752,1025.0399
1588754137790,1025.0399
1588754137831,1025.0314
1588754137865,1025.0314
1588754137904,1025.0314
1588754137943,1025.0314
1588754137983,1025.0314
1588754138020,1025.0321
1588754138057,1025.0321
1588754138099,1025.0321
1588754138136,1025.0321
1588754138175,1025.0299
1588754138215,1025.0299
1588754138251,1025.0299
1588754138291,1025.0299
1588754138332,1025.0181
1588754138367,1025.0181
1588754138406,1025.0181
1588754138443,1025.0181
1588754138487,1025.0192
1588754138519,1025.0192
1588754138559,1025.0192
1588754138597,1025.0192
1588754138636,1025.0157
1588754138675,1025.0157
1588754138712,1025.0157
1588754138752,1025.0157
1588754138789,1025.0133
1588754138830,1025.0133
1588754138866,1025.0133
1588754138905,1025.0133
1588754138943,1025.005
1588754138981,1025.005
1588754139023,1025.005
1588754139060,1025.005
1588754139100,1025.005
1588754139135,1024.9999
1588754139176,1024.9999
1588754139214,1024.9999
1588754139252,1024.9999
1588754139289,1025.0012
1588754139327,1025.0012
1588754139364,1025.0012
1588754139406,1025.0012
1588754139444,1025.0038
1588754139481,1025.0038
1588754139519,1025.0038
1588754139558,1025.0038
1588754139598,1024.9988
1588754139635,1024.9988
1588754139675,1024.9988
1588754139712,1024.9988
1588754139751,1024.9955
1588754139789,1024.9955
1588754139827,1024.9955
1588754139878,1024.9955
1588754139904,1024.9968
1588754139942,1024.9968
1588754139982,1024.9968
1588754140021,1024.9968
1588754140062,1024.9968
1588754140096,1024.995
1588754140142,1024.995
1588754140173,1024.995
1588754140213,1024.995
1588754140250,1024.995
1588754140289,1024.995
1588754140328,1024.995
1588754140375,1024.995
1588754140404,1024.9957
1588754140443,1024.9957
1588754140481,1024.9957
1588754140519,1024.9957
1588754140557,1024.9957
1588754140597,1024.9957
1588754140635,1024.9957
1588754140675,1024.9957
1588754140715,1024.9971
1588754140758,1024.9971
1588754140788,1024.9971
1588754140828,1024.9971
1588754140864,1024.9987
1588754140903,1024.9987
1588754140942,1024.9987
1588754140981,1024.9987
1588754141019,1025.0033
1588754141059,1025.0033
1588754141097,1025.0033
1588754141135,1025.0033
1588754141173,1025.0033
1588754141217,1024.9968
1588754141250,1024.9968
1588754141288,1024.9968
1588754141327,1024.9968
1588754141366,1024.9888
1588754141406,1024.9888
1588754141443,1024.9888
1588754141480,1024.9888
1588754141519,1024.9976
1588754141557,1024.9976
1588754141596,1024.9976
1588754141634,1024.9976
1588754141674,1024.9991
1588754141711,1024.9991
1588754141750,1024.9991
1588754141788,1024.9991
1588754141828,1024.9991
1588754141864,1024.9991
1588754141903,1024.9991
1588754141943,1024.9991
1588754141980,1024.9934
1588754142022,1024.9934
1588754142057,1024.9934
1588754142096,1024.9934
1588754142134,1024.995
1588754142174,1024.995
1588754142211,1024.995
1588754142250,1024.995
1588754142290,1024.995
1588754142328,1024.9966
1588754142366,1024.9966
1588754142403,1024.9966
1588754142445,1024.9966
1588754142481,1024.9966
1588754142518,1024.9966
1588754142557,1024.9966
1588754142597,1024.9966
1588754142633,1024.9911
1588754142673,1024.9911
1588754142711,1024.9911
1588754142750,1024.9911
1588754142790,1024.9773
1588754142831,1024.9773
1588754142864,1024.9773
1588754142903,1024.9773
1588754142942,1024.9451
1588754142981,1024.9451
1588754143020,1024.9451
1588754143056,1024.9451
1588754143095,1024.9
1588754143133,1024.9
1588754143172,1024.9
1588754143213,1024.9
1588754143250,1024.9
1588754143289,1024.8678
1588754143328,1024.8678
1588754143366,1024.8678
1588754143407,1024.8678
1588754143443,1024.8534
1588754143479,1024.8534
1588754143522,1024.8534
1588754143557,1024.8534
1588754143598,1024.8373
1588754143633,1024.8373
1588754143673,1024.8373
1588754143713,1024.8373
1588754143752,1024.844
1588754143788,1024.844
1588754143826,1024.844
1588754143866,1024.844
1588754143903,1024.868
1588754143943,1024.868
1588754143979,1024.868
1588754144017,1024.868
1588754144058,1024.889
1588754144106,1024.889
1588754144135,1024.889
1588754144172,1024.889
1588754144210,1024.9022
1588754144250,1024.9022
1588754144289,1024.9022
1588754144327,1024.9022
1588754144367,1024.9022
1588754144403,1024.9182
1588754144446,1024.9182
1588754144480,1024.9182
1588754144520,1024.9182
1588754144557,1024.9247
1588754144596,1024.9247
1588754144633,1024.9247
1588754144674,1024.9247
1588754144711,1024.9327
1588754144750,1024.9327
1588754144789,1024.9327
1588754144832,1024.9327
1588754144865,1024.9265
1588754144904,1024.9265
1588754144942,1024.9265
1588754144983,1024.9265
1588754145018,1024.9265
1588754145057,1024.9265
1588754145097,1024.9265
1588754145136,1024.9265
1588754145173,1024.9314
1588754145212,1024.9314
1588754145249,1024.9314
1588754145288,1024.9314
1588754145326,1024.9314
1588754145368,1024.933
1588754145401,1024.933
1588754145451,1024.933
1588754145480,1024.933
1588754145520,1024.9346
1588754145557,1024.9346
1588754145604,1024.9346
1588754145634,1024.9346
1588754145674,1024.9348
1588754145712,1024.9348
1588754145750,1024.9348
1588754145790,1024.9348
1588754145830,1024.9403
1588754145866,1024.9403
1588754145908,1024.9403
1588754145942,1024.9403
1588754145979,1024.9547
1588754146020,1024.9547
1588754146057,1024.9547
1588754146096,1024.9547
1588754146134,1024.9647
1588754146171,1024.9647
1588754146211,1024.9647
1588754146251,1024.9647
1588754146291,1024.9775
1588754146326,1024.9775
1588754146370,1024.9775
1588754146402,1024.9775
1588754146442,1024.9775
1588754146479,1025.0046
1588754146517,1025.0046
1588754146557,1025.0046
1588754146598,1025.0046
1588754146635,1025.0194
1588754146673,1025.0194
1588754146710,1025.0194
1588754146749,1025.0194
1588754146786,1025.0293
1588754146825,1025.0293
1588754146864,1025.0293
1588754146904,1025.0293
1588754146940,1025.0342
1588754146981,1025.0342
1588754147020,1025.0342
1588754147071,1025.0342
1588754147100,1025.039
1588754147133,1025.039
1588754147172,1025.039
1588754147211,1025.039
1588754147249,1025.0454
1588754147292,1025.0454
1588754147326,1025.0454
1588754147364,1025.0454
1588754147404,1025.0582
1588754147440,1025.0582
1588754147478,1025.0582
1588754147520,1025.0582
1588754147557,1025.0582
1588754147594,1025.0618
1588754147635,1025.0618
1588754147671,1025.0618
1588754147711,1025.0618
1588754147749,1025.0714
1588754147786,1025.0714
1588754147825,1025.0714
1588754147865,1025.0714
1588754147908,1025.0779
1588754147941,1025.0779
1588754147978,1025.0779
1588754148018,1025.0779
1588754148058,1025.0875
1588754148094,1025.0875
1588754148133,1025.0875
1588754148171,1025.0875
1588754148209,1025.1052
1588754148249,1025.1052
1588754148286,1025.1052
1588754148325,1025.1052
1588754148366,1025.1139
1588754148406,1025.1139
1588754148442,1025.1139
1588754148478,1025.1139
1588754148517,1025.1139
1588754148555,1025.122
1588754148594,1025.122
1588754148634,1025.122
1588754148673,1025.122
1588754148709,1025.1235
1588754148747,1025.1235
1588754148792,1025.1235
1588754148824,1025.1235
1588754148863,1025.1189
1588754148901,1025.1189
1588754148941,1025.1189
1588754148980,1025.1189
1588754149016,1025.1238
1588754149057,1025.1238
1588754149094,1025.1238
1588754149135,1025.1238
1588754149172,1025.1254
1588754149211,1025.1254
1588754149250,1025.1254
1588754149287,1025.1254
1588754149326,1025.1285
1588754149366,1025.1285
1588754149405,1025.1285
1588754149440,1025.1285
1588754149481,1025.1305
1588754149516,1025.1305
1588754149556,1025.1305
1588754149595,1025.1305
1588754149632,1025.1305
1588754149674,1025.1321
1588754149710,1025.1321
1588754149748,1025.1321
1588754149787,1025.1321
1588754149826,1025.1321
1588754149866,1025.1321
1588754149901,1025.1321
1588754149940,1025.1321
1588754149978,1025.1353
1588754150018,1025.1353
1588754150056,1025.1353
1588754150094,1025.1353
1588754150133,1025.1307
1588754150171,1025.1307
1588754150211,1025.1307
1588754150251,1025.1307
1588754150286,1025.1249
1588754150324,1025.1249
1588754150363,1025.1249
1588754150402,1025.1249
1588754150441,1025.1184
1588754150479,1025.1184
1588754150517,1025.1184
1588754150555,1025.1184
1588754150593,1025.1184
1588754150632,1025.1119
1588754150672,1025.1119
1588754150710,1025.1119
1588754150747,1025.1119
1588754150786,1025.1136
1588754150825,1025.1136
1588754150864,1025.1136
1588754150910,1025.1136
1588754150941,1025.101
1588754150978,1025.101
1588754151017,1025.101
1588754151056,1025.101
1588754151094,1025.1027
1588754151132,1025.1027
1588754151171,1025.1027
1588754151211,1025.1027
1588754151251,1025.1056
1588754151286,1025.1056
1588754151324,1025.1056
1588754151365,1025.1056
1588754151403,1025.1104
1588754151441,1025.1104
1588754151478,1025.1104
1588754151517,1025.1104
1588754151561,1025.1107
1588754151594,1025.1107
1588754151632,1025.1107
1588754151672,1025.1107
1588754151709,1025.1107
1588754151747,1025.1187
1588754151788,1025.1187
1588754151824,1025.1187
1588754151863,1025.1187
1588754151905,1025.122
1588754151941,1025.122
1588754151979,1025.122
1588754152016,1025.122
1588754152055,1025.13
1588754152094,1025.13
1588754152131,1025.13
1588754152171,1025.13
1588754152209,1025.127
1588754152248,1025.127
1588754152286,1025.127
1588754152326,1025.127
1588754152364,1025.1334
1588754152401,1025.1334
1588754152441,1025.1334
1588754152477,1025.1334
1588754152529,1025.1321
1588754152555,1025.1321
1588754152593,1025.1321
1588754152630,1025.1321
1588754152673,1025.1321
1588754152708,1025.1415
1588754152747,1025.1415
1588754152788,1025.1415
1588754152824,1025.1415
1588754152862,1025.1385
1588754152902,1025.1385
1588754152941,1025.1385
1588754152978,1025.1385
1588754153017,1025.148
1588754153057,1025.148
1588754153095,1025.148
1588754153133,1025.148
1588754153171,1025.1433
1588754153209,1025.1433
1588754153247,1025.1433
1588754153284,1025.1433
1588754153323,1025.1447
1588754153362,1025.1447
1588754153403,1025.1447
1588754153439,1025.1447
1588754153477,1025.1417
1588754153516,1025.1417
1588754153554,1025.1417
1588754153593,1025.1417
1588754153631,1025.137
1588754153671,1025.137
1588754153710,1025.137
1588754153746,1025.137
1588754153785,1025.137
1588754153824,1025.1337
1588754153862,1025.1337
1588754153905,1025.1337
1588754153938,1025.1337
1588754153977,1025.1256
1588754154016,1025.1256
1588754154055,1025.1256
1588754154092,1025.1256
1588754154133,1025.1208
1588754154171,1025.1208
1588754154209,1025.1208
1588754154247,1025.1208
1588754154285,1025.1302
1588754154325,1025.1302
1588754154363,1025.1302
1588754154407,1025.1302
1588754154438,1025.1193
1588754154476,1025.1193
1588754154517,1025.1193
1588754154554,1025.1193
1588754154594,1025.1128
1588754154632,1025.1128
1588754154672,1025.1128
1588754154710,1025.1128
1588754154748,1025.1157
1588754154786,1025.1157
1588754154824,1025.1157
1588754154862,1025.1157
1588754154905,1025.1157
1588754154942,1025.1077
1588754154977,1025.1077
1588754155018,1025.1077
1588754155054,1025.1077
1588754155093,1025.1029
1588754155132,1025.1029
1588754155169,1025.1029
1588754155207,1025.1029
1588754155248,1025.0935
1588754155285,1025.0935
1588754155326,1025.0935
1588754155362,1025.0935
1588754155400,1025.0886
1588754155441,1025.0886
1588754155477,1025.0886
1588754155515,1025.0886
1588754155555,1025.0839
1588754155594,1025.0839
1588754155635,1025.0839
1588754155670,1025.0839
1588754155710,1025.0758
1588754155748,1025.0758
1588754155787,1025.0758
1588754155823,1025.0758
1588754155863,1025.0758
1588754155900,1025.0725
1588754155943,1025.0725
1588754155977,1025.0725
1588754156019,1025.0725
1588754156055,1025.0677
1588754156092,1025.0677
1588754156131,1025.0677
1588754156170,1025.0677
1588754156207,1025.0568
1588754156245,1025.0568
1588754156287,1025.0568
1588754156322,1025.0568
1588754156362,1025.0629
1588754156401,1025.0629
1588754156439,1025.0629
1588754156477,1025.0629
1588754156516,1025.0581
1588754156554,1025.0581
1588754156593,1025.0581
1588754156633,1025.0581
1588754156668,1025.0581
1588754156711,1025.0581
1588754156747,1025.0581
1588754156785,1025.0581
1588754156825,1025.0548
1588754156861,1025.0548
1588754156901,1025.0548
1588754156939,1025.0548
1588754156977,1025.0548
1588754157014,1025.0422
1588754157054,1025.0422
1588754157092,1025.0422
1588754157133,1025.0422
1588754157169,1025.0358
1588754157208,1025.0358
1588754157247,1025.0358
1588754157286,1025.0358
1588754157323,1025.0342
1588754157362,1025.0342
1588754157407,1025.0342
1588754157439,1025.0342
1588754157476,1025.0375
1588754157516,1025.0375
1588754157554,1025.0375
1588754157593,1025.0375
1588754157631,1025.0326
1588754157668,1025.0326
1588754157708,1025.0326
1588754157746,1025.0326
1588754157784,1025.0294
1588754157822,1025.0294
1588754157862,1025.0294
1588754157901,1025.0294
1588754157939,1025.0294
1588754157976,1025.0308
1588754158015,1025.0308
1588754158056,1025.0308
1588754158092,1025.0308
1588754158130,1025.0277
1588754158173,1025.0277
1588754158207,1025.0277
1588754158245,1025.0277
1588754158285,1025.0277
1588754158322,1025.0277
1588754158361,1025.0277
1588754158404,1025.0277
1588754158438,1025.0294
1588754158476,1025.0294
1588754158515,1025.0294
1588754158554,1025.0294
1588754158596,1025.0326
1588754158638,1025.0326
1588754158670,1025.0326
1588754158709,1025.0326
1588754158747,1025.0342
1588754158784,1025.0342
1588754158823,1025.0342
1588754158863,1025.0342
1588754158901,1025.0342
1588754158939,1025.0342
1588754158979,1025.0342
1588754159017,1025.0342
1588754159054,1025.0342
1588754159091,1025.0326
1588754159131,1025.0326
1588754159169,1025.0326
1588754159207,1025.0326
1588754159246,1025.0294
1588754159283,1025.0294
1588754159325,1025.0294
1588754159363,1025.0294
1588754159399,1025.0339
1588754159438,1025.0339
1588754159476,1025.0339
1588754159514,1025.0339
1588754159553,1025.0402
1588754159594,1025.0402
1588754159633,1025.0402
1588754159667,1025.0402
1588754159709,1025.0482
1588754159747,1025.0482
1588754159785,1025.0482
1588754159823,1025.0482
1588754159864,1025.0562
1588754159899,1025.0562
1588754159939,1025.0562
1588754159977,1025.0562
1588754160013,1025.0514
1588754160052,1025.0514
1588754160090,1025.0514
1588754160128,1025.0514
1588754160171,1025.0514
1588754160207,1025.0498
1588754160248,1025.0498
1588754160283,1025.0498
1588754160321,1025.0498
1588754160361,1025.0514
1588754160399,1025.0514
1588754160441,1025.0514
1588754160475,1025.0514
1588754160515,1025.0452
1588754160557,1025.0452
1588754160592,1025.0452
1588754160629,1025.0452
1588754160669,1025.0482
1588754160706,1025.0482
1588754160746,1025.0482
1588754160783,1025.0482
1588754160823,1025.0579
1588754160861,1025.0579
1588754160898,1025.0579
1588754160937,1025.0579
1588754160975,1025.0688
1588754161014,1025.0688
1588754161054,1025.0688
1588754161092,1025.0688
1588754161131,1025.0688
1588754161170,1025.0704
1588754161208,1025.0704
1588754161246,1025.0704
1588754161291,1025.0704
1588754161321,1025.0688
1588754161362,1025.0688
1588754161400,1025.0688
1588754161438,1025.0688
1588754161480,1025.0736
1588754161514,1025.0736
1588754161553,1025.0736
1588754161593,1025.0736
1588754161629,1025.0704
1588754161669,1025.0704
1588754161712,1025.0704
1588754161745,1025.0704
1588754161783,1025.0769
1588754161824,1025.0769
1588754161860,1025.0769
1588754161898,1025.0769
1588754161949,1025.0769
1588754161976,1025.0769
1588754162014,1025.0769
1588754162053,1025.0769
1588754162091,1025.0801
1588754162133,1025.0801
1588754162168,1025.0801
1588754162206,1025.0801
1588754162244,1025.0801
1588754162283,1025.0753
1588754162341,1025.0753
1588754162363,1025.0753
1588754162399,1025.0753
1588754162439,1025.0782
1588754162476,1025.0782
1588754162515,1025.0782
1588754162558,1025.0782
1588754162593,1025.0814
1588754162630,1025.0814
1588754162668,1025.0814
1588754162708,1025.0814
1588754162745,1025.0873
1588754162785,1025.0873
1588754162824,1025.0873
1588754162861,1025.0873
1588754162904,1025.0873
1588754162939,1025.0873
1588754162974,1025.0873
1588754163014,1025.0873
1588754163053,1025.0905
1588754163090,1025.0905
1588754163129,1025.0905
1588754163169,1025.0905
1588754163206,1025.0905
1588754163246,1025.0873
1588754163283,1025.0873
1588754163323,1025.0873
1588754163360,1025.0873
1588754163399,1025.0889
1588754163436,1025.0889
1588754163475,1025.0889
1588754163515,1025.0889
1588754163551,1025.0934
1588754163590,1025.0934
1588754163629,1025.0934
1588754163669,1025.0934
1588754163709,1025.0902
1588754163747,1025.0902
1588754163783,1025.0902
1588754163821,1025.0902
1588754163860,1025.0884
1588754163899,1025.0884
1588754163936,1025.0884
1588754163974,1025.0884
1588754164013,1025.0835
1588754164052,1025.0835
1588754164090,1025.0835
1588754164129,1025.0835
1588754164167,1025.0771
1588754164207,1025.0771
1588754164246,1025.0771
1588754164283,1025.0771
1588754164321,1025.0771
1588754164359,1025.0754
1588754164398,1025.0754
1588754164439,1025.0754
1588754164474,1025.0754
1588754164512,1025.0707
1588754164551,1025.0707
1588754164592,1025.0707
1588754164631,1025.0707
1588754164667,1025.0704
1588754164706,1025.0704
1588754164746,1025.0704
1588754164784,1025.0704
1588754164820,1025.073
1588754164859,1025.073
1588754164902,1025.073
1588754164938,1025.073
1588754164975,1025.0682
1588754165013,1025.0682
1588754165052,1025.0682
1588754165089,1025.0682
1588754165132,1025.0618
1588754165170,1025.0618
1588754165211,1025.0618
1588754165245,1025.0618
1588754165283,1025.0599
1588754165323,1025.0599
1588754165361,1025.0599
1588754165399,1025.0599
1588754165441,1025.0599
1588754165476,1025.0599
1588754165512,1025.0599
1588754165551,1025.0599
1588754165591,1025.0599
1588754165629,1025.0599
1588754165668,1025.0599
1588754165707,1025.0599
1588754165744,1025.0599
1588754165782,1025.0599
1588754165822,1025.0599
1588754165861,1025.0599
1588754165898,1025.0599
1588754165939,1025.0582
1588754165975,1025.0582
1588754166013,1025.0582
1588754166051,1025.0582
1588754166089,1025.0553
1588754166127,1025.0553
1588754166166,1025.0553
1588754166210,1025.0553
1588754166244,1025.0488
1588754166281,1025.0488
1588754166320,1025.0488
1588754166358,1025.0488
1588754166396,1025.0488
1588754166435,1025.0441
1588754166473,1025.0441
1588754166513,1025.0441
1588754166552,1025.0441
1588754166589,1025.0438
1588754166630,1025.0438
1588754166667,1025.0438
1588754166706,1025.0438
1588754166744,1025.039
1588754166783,1025.039
1588754166821,1025.039
1588754166858,1025.039
1588754166898,1025.0358
1588754166938,1025.0358
1588754166976,1025.0358
1588754167013,1025.0358
1588754167051,1025.0309
1588754167092,1025.0309
1588754167128,1025.0309
1588754167168,1025.0309
1588754167206,1025.0336
1588754167244,1025.0336
1588754167282,1025.0336
1588754167321,1025.0336
1588754167360,1025.0378
1588754167397,1025.0378
1588754167449,1025.0378
1588754167474,1025.0378
1588754167514,1025.0378
1588754167551,1025.0298
1588754167590,1025.0298
1588754167631,1025.0298
1588754167667,1025.0298
1588754167705,1025.0314
1588754167745,1025.0314
1588754167782,1025.0314
1588754167821,1025.0314
1588754167860,1025.0311
1588754167898,1025.0311
1588754167936,1025.0311
1588754167976,1025.0311
1588754168012,1025.0247
1588754168051,1025.0247
1588754168090,1025.0247
1588754168128,1025.0247
1588754168166,1025.0217
1588754168205,1025.0217
1588754168244,1025.0217
1588754168285,1025.0217
1588754168331,1025.028
1588754168359,1025.028
1588754168397,1025.028
1588754168435,1025.028
1588754168480,1025.028
1588754168513,1025.0231
1588754168552,1025.0231
1588754168591,1025.0231
1588754168627,1025.0231
1588754168665,1025.0293
1588754168705,1025.0293
1588754168747,1025.0293
1588754168782,1025.0293
1588754168821,1025.0212
1588754168859,1025.0212
1588754168903,1025.0212
1588754168935,1025.0212
1588754168973,1025.0258
1588754169012,1025.0258
1588754169050,1025.0258
1588754169089,1025.0258
1588754169129,1025.032
1588754169166,1025.032
1588754169205,1025.032
1588754169261,1025.032
1588754169281,1025.0255
1588754169320,1025.0255
1588754169360,1025.0255
1588754169397,1025.0255
1588754169435,1025.0249
1588754169475,1025.0249
1588754169511,1025.0249
1588754169551,1025.0249
1588754169590,1025.0249
1588754169630,1025.0215
1588754169666,1025.0215
1588754169705,1025.0215
1588754169744,1025.0215
1588754169781,1025.0215
1588754169820,1025.0215
1588754169859,1025.0215
1588754169897,1025.0215
1588754169939,1025.0197
1588754169978,1025.0197
1588754170012,1025.0197
1588754170051,1025.0197
1588754170092,1025.018
1588754170128,1025.018
1588754170170,1025.018
1588754170205,1025.018
1588754170243,1025.0306
1588754170281,1025.0306
1588754170319,1025.0306
1588754170358,1025.0306
1588754170397,1025.0338
1588754170436,1025.0338
1588754170472,1025.0338
1588754170512,1025.0338
1588754170551,1025.038
1588754170591,1025.038
1588754170630,1025.038
1588754170667,1025.038
1588754170705,1025.038
1588754170743,1025.0361
1588754170785,1025.0361
1588754170819,1025.0361
1588754170857,1025.0361
1588754170899,1025.0345
1588754170936,1025.0345
1588754170974,1025.0345
1588754171012,1025.0345
1588754171051,1025.0359
1588754171090,1025.0359
1588754171129,1025.0359
1588754171168,1025.0359
1588754171206,1025.034
1588754171244,1025.034
1588754171281,1025.034
1588754171323,1025.034
1588754171359,1025.0302
1588754171398,1025.0302
1588754171436,1025.0302
1588754171477,1025.0302
1588754171511,1025.027
1588754171551,1025.027
1588754171589,1025.027
1588754171628,1025.027
1588754171665,1025.027
1588754171704,1025.0205
1588754171743,1025.0205
1588754171781,1025.0205
1588754171819,1025.0205
1588754171859,1025.0254
1588754171896,1025.0254
1588754171934,1025.0254
1588754171979,1025.0254
1588754172011,1025.0393
1588754172050,1025.0393
1588754172088,1025.0393
1588754172128,1025.0393
1588754172167,1025.0377
1588754172207,1025.0377
1588754172243,1025.0377
1588754172282,1025.0377
1588754172320,1025.0409
1588754172361,1025.0409
1588754172398,1025.0409
1588754172434,1025.0409
1588754172475,1025.044
1588754172511,1025.044
1588754172550,1025.044
1588754172590,1025.044
1588754172629,1025.0424
1588754172666,1025.0424
1588754172705,1025.0424
1588754172742,1025.0424
1588754172781,1025.0424
1588754172820,1025.0406
1588754172861,1025.0406
1588754172897,1025.0406
1588754172937,1025.0406
1588754172974,1025.0406
1588754173011,1025.0406
1588754173050,1025.0406
1588754173088,1025.0406
1588754173129,1025.0359
1588754173164,1025.0359
1588754173204,1025.0359
1588754173244,1025.0359
1588754173280,1025.0294
1588754173322,1025.0294
1588754173357,1025.0294
1588754173395,1025.0294
1588754173435,1025.0288
1588754173481,1025.0288
1588754173514,1025.0288
1588754173551,1025.0288
1588754173588,1025.0143
1588754173627,1025.0143
1588754173666,1025.0143
1588754173705,1025.0143
1588754173746,1025.0109
1588754173781,1025.0109
1588754173818,1025.0109
1588754173858,1025.0109
1588754173895,1025.0109
1588754173935,1025.0012
1588754173974,1025.0012
1588754174010,1025.0012
1588754174051,1025.0012
1588754174089,1024.9961
1588754174129,1024.9961
1588754174166,1024.9961
1588754174204,1024.9961
1588754174247,1024.9961
1588754174282,1024.9961
1588754174327,1024.9961
1588754174357,1024.9961
1588754174395,1024.988
1588754174434,1024.988
1588754174480,1024.988
1588754174510,1024.988
1588754174557,1024.9911
1588754174588,1024.9911
1588754174626,1024.9911
1588754174666,1024.9911
1588754174702,1024.9911
1588754174741,1024.9911
1588754174779,1024.9911
1588754174821,1024.9911
1588754174857,1024.9911
1588754174896,1024.9907
1588754174933,1024.9907
1588754174974,1024.9907
1588754175010,1024.9907
1588754175049,1024.9918
1588754175089,1024.9918
1588754175127,1024.9918
1588754175167,1024.9918
1588754175204,1024.9979
1588754175243,1024.9979
1588754175282,1024.9979
1588754175320,1024.9979
1588754175357,1024.9993
1588754175396,1024.9993
1588754175435,1024.9993
1588754175480,1024.9993
1588754175511,1024.9945
1588754175549,1024.9945
1588754175589,1024.9945
1588754175626,1024.9945
1588754175665,1024.9926
1588754175703,1024.9926
1588754175744,1024.9926
1588754175780,1024.9926
1588754175822,1024.9845
1588754175856,1024.9845
1588754175897,1024.9845
1588754175935,1024.9845
1588754175977,1024.9845
1588754176011,1024.9733
1588754176048,1024.9733
1588754176087,1024.9733
1588754176128,1024.9733
1588754176165,1024.9668
1588754176202,1024.9668
1588754176241,1024.9668
1588754176281,1024.9668
1588754176325,1024.9679
1588754176356,1024.9679
1588754176396,1024.9679
1588754176433,1024.9679
1588754176476,1024.9679
1588754176509,1024.9679
1588754176550,1024.9679
1588754176587,1024.9679
1588754176626,1024.9695
1588754176663,1024.9695
1588754176704,1024.9695
1588754176743,1024.9695
1588754176779,1024.9724
1588754176820,1024.9724
1588754176858,1024.9724
1588754176895,1024.9724
1588754176934,1024.9724
1588754176971,1024.9789
1588754177011,1024.9789
1588754177048,1024.9789
1588754177088,1024.9789
1588754177126,1024.9753
1588754177165,1024.9753
1588754177205,1024.9753
1588754177241,1024.9753
1588754177280,1024.9625
1588754177321,1024.9625
1588754177357,1024.9625
1588754177396,1024.9625
1588754177434,1024.9623
1588754177474,1024.9623
1588754177511,1024.9623
1588754177552,1024.9623
1588754177588,1024.9623
1588754177627,1024.9623
1588754177664,1024.9623
1588754177703,1024.9623
1588754177743,1024.968
1588754177780,1024.968
1588754177820,1024.968
1588754177857,1024.968
1588754177895,1024.9694
1588754177934,1024.9694
1588754177974,1024.9694
1588754178010,1024.9694
1588754178048,1024.9694
1588754178089,1024.9644
1588754178128,1024.9644
1588754178165,1024.9644
1588754178203,1024.9644
1588754178242,1024.9614
1588754178279,1024.9614
1588754178320,1024.9614
1588754178358,1024.9614
1588754178395,1024.9501
1588754178433,1024.9501
1588754178474,1024.9501
1588754178511,1024.9501
1588754178549,1024.9514
1588754178588,1024.9514
1588754178628,1024.9514
1588754178665,1024.9514
1588754178702,1024.9482
1588754178744,1024.9482
1588754178780,1024.9482
1588754178818,1024.9482
1588754178858,1024.9528
1588754178896,1024.9528
1588754178932,1024.9528
1588754178972,1024.9528
1588754179010,1024.9576
1588754179050,1024.9576
1588754179087,1024.9576
1588754179124,1024.9576
1588754179165,1024.9576
1588754179201,1024.9655
1588754179239,1024.9655
1588754179280,1024.9655
1588754179318,1024.9655
1588754179355,1024.9729
1588754179394,1024.9729
1588754179433,1024.9729
1588754179471,1024.9729
1588754179513,1024.9792
1588754179548,1024.9792
1588754179587,1024.9792
1588754179625,1024.9792
1588754179663,1024.9935
1588754179701,1024.9935
1588754179746,1024.9935
1588754179778,1024.9935
1588754179817,1024.9967
1588754179856,1024.9967
1588754179894,1024.9967
1588754179933,1024.9967
1588754179973,1024.9967
1588754180013,1024.9967
1588754180050,1024.9967
1588754180085,1024.9967
1588754180125,1024.9967
1588754180164,1024.9967
1588754180201,1024.9967
1588754180241,1024.9967
1588754180278,1024.9967
1588754180317,1025.0061
1588754180365,1025.0061
1588754180393,1025.0061
1588754180434,1025.0061
1588754180476,1025.0107
1588754180511,1025.0107
1588754180546,1025.0107
1588754180587,1025.0107
1588754180627,1025.0059
1588754180663,1025.0059
1588754180702,1025.0059
1588754180742,1025.0059
1588754180778,1025.0149
1588754180818,1025.0149
1588754180855,1025.0149
1588754180894,1025.0149
1588754180931,1025.0198
1588754180971,1025.0198
1588754181017,1025.0198
1588754181048,1025.0198
1588754181087,1025.0259
1588754181124,1025.0259
1588754181163,1025.0259
1588754181204,1025.0259
1588754181240,1025.0259
1588754181280,1025.0178
1588754181322,1025.0178
1588754181355,1025.0178
1588754181395,1025.0178
1588754181433,1025.0211
1588754181472,1025.0211
1588754181509,1025.0211
1588754181547,1025.0211
1588754181588,1025.0243
1588754181626,1025.0243
1588754181663,1025.0243
1588754181701,1025.0243
1588754181741,1025.0272
1588754181779,1025.0272
1588754181817,1025.0272
1588754181855,1025.0272
1588754181895,1025.0256
1588754181934,1025.0256
1588754181972,1025.0256
1588754182008,1025.0256
1588754182048,1025.0176
1588754182085,1025.0176
1588754182125,1025.0176
1588754182163,1025.0176
1588754182202,1025.0142
1588754182240,1025.0142
1588754182280,1025.0142
1588754182318,1025.0142
1588754182356,1025.0142
1588754182396,1025.0109
1588754182434,1025.0109
1588754182471,1025.0109
1588754182512,1025.0109
1588754182547,1025.012
1588754182586,1025.012
1588754182625,1025.012
1588754182665,1025.012
1588754182702,1025.0214
1588754182740,1025.0214
1588754182780,1025.0214
1588754182817,1025.0214
1588754182855,1025.0245
1588754182893,1025.0245
1588754182932,1025.0245
1588754182970,1025.0245
1588754183024,1025.0308
1588754183046,1025.0308
1588754183086,1025.0308
1588754183125,1025.0308
1588754183164,1025.0275
1588754183202,1025.0275
1588754183239,1025.0275
1588754183278,1025.0275
1588754183321,1025.0275
1588754183356,1025.0308
1588754183395,1025.0308
1588754183432,1025.0308
1588754183471,1025.0308
1588754183512,1025.0402
1588754183548,1025.0402
1588754183586,1025.0402
1588754183633,1025.0402
1588754183663,1025.0427
1588754183703,1025.0427
1588754183740,1025.0427
1588754183780,1025.0427
1588754183817,1025.0443
1588754183857,1025.0443
1588754183894,1025.0443
1588754183932,1025.0443
1588754183975,1025.0492
1588754184012,1025.0492
1588754184046,1025.0492
1588754184085,1025.0492
1588754184124,1025.0553
1588754184163,1025.0553
1588754184202,1025.0553
1588754184240,1025.0553
1588754184278,1025.0615
1588754184317,1025.0615
1588754184355,1025.0615
1588754184394,1025.0615
1588754184433,1025.0615
1588754184470,1025.0663
1588754184507,1025.0663
1588754184546,1025.0663
1588754184588,1025.0663
1588754184624,1025.0582
1588754184664,1025.0582
1588754184701,1025.0582
1588754184744,1025.0582
1588754184780,1025.0562
1588754184816,1025.0562
1588754184855,1025.0562
1588754184893,1025.0562
1588754184934,1025.0475
1588754184970,1025.0475
1588754185008,1025.0475
1588754185046,1025.0475
1588754185089,1025.041
1588754185124,1025.041
1588754185162,1025.041
1588754185202,1025.041
1588754185240,1025.0408
1588754185277,1025.0408
1588754185315,1025.0408
1588754185354,1025.0408
1588754185394,1025.0327
1588754185433,1025.0327
1588754185470,1025.0327
1588754185510,1025.0327
1588754185546,1025.0327
1588754185585,1025.0344
1588754185623,1025.0344
1588754185661,1025.0344
1588754185703,1025.0344
1588754185740,1025.0231
1588754185778,1025.0231
1588754185818,1025.0231
1588754185853,1025.0231
1588754185893,1025.0215
1588754185933,1025.0215
1588754185970,1025.0215
1588754186009,1025.0215
1588754186048,1025.0199
1588754186085,1025.0199
1588754186125,1025.0199
1588754186162,1025.0199
1588754186202,1025.0293
1588754186242,1025.0293
1588754186283,1025.0293
1588754186316,1025.0293
1588754186356,1025.0295
1588754186394,1025.0295
1588754186437,1025.0295
1588754186475,1025.0295
1588754186510,1025.0295
1588754186548,1025.0293
1588754186587,1025.0293
1588754186623,1025.0293
1588754186661,1025.0293
1588754186703,1025.0322
1588754186738,1025.0322
1588754186778,1025.0322
1588754186816,1025.0322
1588754186855,1025.0332
1588754186895,1025.0332
1588754186930,1025.0332
1588754186969,1025.0332
1588754187007,1025.0348
1588754187046,1025.0348
1588754187084,1025.0348
1588754187126,1025.0348
1588754187164,1025.0394
1588754187200,1025.0394
1588754187241,1025.0394
1588754187277,1025.0394
1588754187317,1025.0314
1588754187355,1025.0314
1588754187392,1025.0314
1588754187430,1025.0314
1588754187471,1025.0327
1588754187509,1025.0327
1588754187545,1025.0327
1588754187585,1025.0327
1588754187622,1025.0327
1588754187663,1025.034
1588754187700,1025.034
1588754187738,1025.034
1588754187782,1025.034
1588754187815,1025.0303
1588754187853,1025.0303
1588754187892,1025.0303
1588754187931,1025.0303
1588754187969,1025.0287
1588754188007,1025.0287
1588754188050,1025.0287
1588754188085,1025.0287
1588754188124,1025.0348
1588754188162,1025.0348
1588754188200,1025.0348
1588754188240,1025.0348
1588754188278,1025.0413
1588754188315,1025.0413
1588754188353,1025.0413
1588754188393,1025.0413
1588754188431,1025.0491
1588754188468,1025.0491
1588754188512,1025.0491
1588754188545,1025.0491
1588754188585,1025.0491
1588754188623,1025.0587
1588754188661,1025.0587
1588754188702,1025.0587
1588754188738,1025.0587
1588754188780,1025.0697
1588754188815,1025.0697
1588754188853,1025.0697
1588754188893,1025.0697
1588754188939,1025.0762
1588754188970,1025.0762
1588754189007,1025.0762
1588754189047,1025.0762
1588754189084,1025.0826
1588754189124,1025.0826
1588754189162,1025.0826
1588754189199,1025.0826
1588754189239,1025.0903
1588754189276,1025.0903
1588754189315,1025.0903
1588754189354,1025.0903
1588754189393,1025.0952
1588754189432,1025.0952
1588754189470,1025.0952
1588754189508,1025.0952
1588754189551,1025.1058
1588754189584,1025.1058
1588754189623,1025.1058
1588754189663,1025.1058
1588754189700,1025.1058
1588754189737,1025.1136
1588754189777,1025.1136
1588754189816,1025.1136
1588754189854,1025.1136
1588754189894,1025.1136
1588754189931,1025.1136
1588754189968,1025.1136
1588754190007,1025.1136
1588754190044,1025.1168
1588754190084,1025.1168
1588754190123,1025.1168
1588754190166,1025.1168
1588754190207,1025.115
1588754190239,1025.115
1588754190277,1025.115
1588754190317,1025.115
1588754190353,1025.1085
1588754190392,1025.1085
1588754190431,1025.1085
1588754190469,1025.1085
1588754190509,1025.1069
1588754190544,1025.1069
1588754190584,1025.1069
1588754190624,1025.1069
1588754190661,1025.1134
1588754190698,1025.1134
1588754190738,1025.1134
1588754190777,1025.1134
1588754190816,1025.1134
1588754190856,1025.1228
1588754190894,1025.1228
1588754190932,1025.1228
1588754190968,1025.1228
1588754191006,1025.1285
1588754191048,1025.1285
1588754191084,1025.1285
1588754191123,1025.1285
1588754191161,1025.1412
1588754191201,1025.1412
1588754191237,1025.1412
1588754191285,1025.1412
1588754191322,1025.1412
1588754191353,1025.1412
1588754191395,1025.1412
1588754191430,1025.1412
1588754191470,1025.1428
1588754191507,1025.1428
1588754191545,1025.1428
1588754191584,1025.1428
1588754191625,1025.146
1588754191662,1025.146
1588754191699,1025.146
1588754191737,1025.146
1588754191776,1025.146
1588754191815,1025.1361
1588754191853,1025.1361
1588754191892,1025.1361
1588754191930,1025.1361
1588754191969,1025.1278
1588754192007,1025.1278
1588754192047,1025.1278
1588754192084,1025.1278
1588754192121,1025.124
1588754192172,1025.124
1588754192200,1025.124
1588754192237,1025.124
1588754192276,1025.1251
1588754192315,1025.1251
1588754192353,1025.1251
1588754192393,1025.1251
1588754192430,1025.1312
1588754192468,1025.1312
1588754192508,1025.1312
1588754192562,1025.1312
1588754192584,1025.1232
1588754192622,1025.1232
1588754192659,1025.1232
1588754192701,1025.1232
1588754192737,1025.1216
1588754192776,1025.1216
1588754192815,1025.1216
1588754192853,1025.1216
1588754192893,1025.1216
1588754192930,1025.1239
1588754192969,1025.1239
1588754193007,1025.1239
1588754193045,1025.1239
1588754193087,1025.1176
1588754193125,1025.1176
1588754193160,1025.1176
1588754193200,1025.1176
1588754193240,1025.1111
1588754193277,1025.1111
1588754193314,1025.1111
1588754193353,1025.1111
1588754193391,1025.1156
1588754193429,1025.1156
1588754193469,1025.1156
1588754193507,1025.1156
1588754193545,1025.1154
1588754193583,1025.1154
1588754193621,1025.1154
1588754193660,1025.1154
1588754193700,1025.1151
1588754193737,1025.1151
1588754193775,1025.1151
1588754193816,1025.1151
1588754193852,1025.1119
1588754193892,1025.1119
1588754193929,1025.1119
1588754193969,1025.1119
1588754194008,1025.1119
1588754194047,1025.1064
1588754194084,1025.1064
1588754194122,1025.1064
1588754194161,1025.1064
1588754194203,1025.0936
1588754194237,1025.0936
1588754194275,1025.0936
1588754194315,1025.0936
1588754194353,1025.0885
1588754194392,1025.0885
1588754194429,1025.0885
1588754194468,1025.0885
1588754194506,1025.0901
1588754194548,1025.0901
1588754194584,1025.0901
1588754194623,1025.0901
1588754194662,1025.0885
1588754194700,1025.0885
1588754194736,1025.0885
1588754194775,1025.0885
1588754194816,1025.0883
1588754194852,1025.0883
1588754194890,1025.0883
1588754194929,1025.0883
1588754194968,1025.0883
1588754195007,1025.0912
1588754195044,1025.0912
1588754195082,1025.0912
1588754195121,1025.0912
1588754195160,1025.089
1588754195200,1025.089
1588754195237,1025.089
1588754195278,1025.089
1588754195313,1025.0874
1588754195355,1025.0874
1588754195393,1025.0874
1588754195430,1025.0874
1588754195468,1025.0857
1588754195508,1025.0857
1588754195544,1025.0857
1588754195582,1025.0857
1588754195622,1025.0807
1588754195659,1025.0807
1588754195698,1025.0807
1588754195736,1025.0807
1588754195775,1025.0758
1588754195815,1025.0758
1588754195851,1025.0758
1588754195892,1025.0758
1588754195928,1025.082
1588754195967,1025.082
1588754196008,1025.082
1588754196045,1025.082
1588754196083,1025.082
1588754196120,1025.0804
1588754196160,1025.0804
1588754196203,1025.0804
1588754196237,1025.0804
1588754196274,1025.082
1588754196318,1025.082
1588754196351,1025.082
1588754196389,1025.082
1588754196432,1025.0834
1588754196467,1025.0834
1588754196507,1025.0834
1588754196543,1025.0834
1588754196583,1025.0834
1588754196623,1025.0834
1588754196661,1025.0834
1588754196698,1025.0834
1588754196735,1025.0785
1588754196775,1025.0785
1588754196813,1025.0785
1588754196854,1025.0785
1588754196892,1025.0785
1588754196928,1025.0785
1588754196967,1025.0785
1588754197006,1025.0785
1588754197046,1025.0828
1588754197082,1025.0828
1588754197120,1025.0828
1588754197165,1025.0828
1588754197199,1025.0828
1588754197236,1025.0776
1588754197276,1025.0776
1588754197314,1025.0776
1588754197351,1025.0776
1588754197391,1025.0839
1588754197428,1025.0839
1588754197466,1025.0839
1588754197505,1025.0839
1588754197543,1025.087
1588754197582,1025.087
1588754197622,1025.087
1588754197659,1025.087
1588754197698,1025.0917
1588754197738,1025.0917
1588754197774,1025.0917
1588754197814,1025.0917
1588754197853,1025.0948
1588754197892,1025.0948
1588754197929,1025.0948
1588754197969,1025.0948
1588754198005,1025.0978
1588754198044,1025.0978
1588754198081,1025.0978
1588754198122,1025.0978
1588754198161,1025.0978
1588754198198,1025.1097
1588754198236,1025.1097
1588754198276,1025.1097
1588754198315,1025.1097
1588754198353,1025.1101
1588754198389,1025.1101
1588754198430,1025.1101
1588754198468,1025.1101
1588754198506,1025.113
1588754198543,1025.113
1588754198582,1025.113
1588754198620,1025.113
1588754198659,1025.1195
1588754198700,1025.1195
1588754198735,1025.1195
1588754198774,1025.1195
1588754198813,1025.124
1588754198855,1025.124
1588754198890,1025.124
1588754198931,1025.124
1588754198967,1025.1302
1588754199005,1025.1302
1588754199043,1025.1302
1588754199090,1025.1302
1588754199123,1025.127
1588754199160,1025.127
1588754199198,1025.127
1588754199236,1025.127
1588754199279,1025.127
1588754199313,1025.1377
1588754199353,1025.1377
1588754199391,1025.1377
1588754199428,1025.1377
1588754199466,1025.139
1588754199506,1025.139
1588754199548,1025.139
1588754199587,1025.139
1588754199621,1025.1422
1588754199657,1025.1422
1588754199698,1025.1422
1588754199736,1025.1422
1588754199776,1025.1406
1588754199814,1025.1406
1588754199852,1025.1406
1588754199890,1025.1406
1588754199929,1025.142
1588754199967,1025.142
1588754200006,1025.142
1588754200046,1025.142
1588754200083,1025.131
1588754200119,1025.131
1588754200165,1025.131
1588754200196,1025.131
1588754200235,1025.1355
1588754200275,1025.1355
1588754200313,1025.1355
1588754200353,1025.1355
1588754200390,1025.1355
1588754200427,1025.1404
1588754200468,1025.1404
1588754200505,1025.1404
1588754200542,1025.1404
1588754200582,1025.1443
1588754200621,1025.1443
1588754200659,1025.1443
1588754200698,1025.1443
1588754200735,1025.1411
1588754200788,1025.1411
1588754200812,1025.1411
1588754200851,1025.1411
1588754200889,1025.144
1588754200933,1025.144
1588754200966,1025.144
1588754201005,1025.144
1588754201045,1025.1405
1588754201080,1025.1405
1588754201120,1025.1405
1588754201160,1025.1405
1588754201198,1025.1403
1588754201236,1025.1403
1588754201274,1025.1403
1588754201313,1025.1403
1588754201358,1025.1403
1588754201390,1025.1432
1588754201427,1025.1432
1588754201467,1025.1432
1588754201504,1025.1432
1588754201544,1025.1335
1588754201583,1025.1335
1588754201620,1025.1335
1588754201658,1025.1335
1588754201697,1025.1272
1588754201736,1025.1272
1588754201774,1025.1272
1588754201813,1025.1272
1588754201852,1025.1185
1588754201890,1025.1185
1588754201930,1025.1185
1588754201966,1025.1185
1588754202004,1025.123
1588754202043,1025.123
1588754202084,1025.123
1588754202118,1025.123
1588754202162,1025.1134
1588754202199,1025.1134
1588754202235,1025.1134
1588754202274,1025.1134
1588754202312,1025.1067
1588754202350,1025.1067
1588754202389,1025.1067
1588754202429,1025.1067
1588754202468,1025.1067
1588754202505,1025.1083
1588754202544,1025.1083
1588754202583,1025.1083
1588754202619,1025.1083
1588754202660,1025.1002
1588754202696,1025.1002
1588754202735,1025.1002
1588754202774,1025.1002
1588754202812,1025.0952
1588754202851,1025.0952
1588754202889,1025.0952
1588754202927,1025.0952
1588754202965,1025.0984
1588754203006,1025.0984
1588754203044,1025.0984
1588754203086,1025.0984
1588754203120,1025.1049
1588754203157,1025.1049
1588754203197,1025.1049
1588754203235,1025.1049
1588754203276,1025.1094
1588754203312,1025.1094
1588754203351,1025.1094
1588754203389,1025.1094
1588754203430,1025.1029
1588754203484,1025.1029
1588754203506,1025.1029
1588754203543,1025.1029
1588754203582,1025.1029
1588754203620,1025.1075
1588754203658,1025.1075
1588754203696,1025.1075
1588754203738,1025.1075
1588754203775,1025.117
1588754203811,1025.117
1588754203852,1025.117
1588754203890,1025.117
1588754203928,1025.1232
1588754203966,1025.1232
1588754204007,1025.1232
1588754204043,1025.1232
1588754204081,1025.1224
1588754204118,1025.1224
1588754204157,1025.1224
1588754204196,1025.1224
1588754204236,1025.1224
1588754204274,1025.1224
1588754204312,1025.1224
1588754204350,1025.1224
1588754204388,1025.1208
1588754204426,1025.1208
1588754204468,1025.1208
1588754204504,1025.1208
1588754204543,1025.1208
1588754204582,1025.1222
1588754204620,1025.1222
1588754204657,1025.1222
1588754204696,1025.1222
1588754204734,1025.1158
1588754204773,1025.1158
1588754204811,1025.1158
1588754204850,1025.1158
1588754204889,1025.1188
1588754204926,1025.1188
1588754204965,1025.1188
1588754205003,1025.1188
1588754205042,1025.1217
1588754205086,1025.1217
1588754205118,1025.1217
1588754205158,1025.1217
1588754205197,1025.1136
1588754205235,1025.1136
1588754205274,1025.1136
1588754205313,1025.1136
1588754205351,1025.1115
1588754205387,1025.1115
1588754205427,1025.1115
1588754205467,1025.1115
1588754205506,1025.116
1588754205543,1025.116
1588754205586,1025.116
1588754205619,1025.116
1588754205658,1025.116
1588754205695,1025.1063
1588754205737,1025.1063
1588754205772,1025.1063
1588754205810,1025.1063
1588754205851,1025.1031
1588754205889,1025.1031
1588754205927,1025.1031
1588754205966,1025.1031
1588754206005,1025.111
1588754206042,1025.111
1588754206084,1025.111
1588754206117,1025.111
1588754206158,1025.1171
1588754206206,1025.1171
1588754206234,1025.1171
1588754206273,1025.1171
1588754206311,1025.1187
1588754206354,1025.1187
1588754206391,1025.1187
1588754206428,1025.1187
1588754206465,1025.1235
1588754206504,1025.1235
1588754206541,1025.1235
1588754206580,1025.1235
1588754206620,1025.1235
1588754206656,1025.1187
1588754206697,1025.1187
1588754206735,1025.1187
1588754206774,1025.1187
1588754206810,1025.1249
1588754206850,1025.1249
1588754206890,1025.1249
1588754206927,1025.1249
1588754206965,1025.1298
1588754207004,1025.1298
1588754207042,1025.1298
1588754207081,1025.1298
1588754207118,1025.1276
1588754207158,1025.1276
1588754207196,1025.1276
1588754207234,1025.1276
1588754207274,1025.1211
1588754207311,1025.1211
1588754207349,1025.1211
1588754207388,1025.1211
1588754207426,1025.1256
1588754207467,1025.1256
1588754207503,1025.1256
1588754207544,1025.1256
1588754207583,1025.1334
1588754207618,1025.1334
1588754207660,1025.1334
1588754207695,1025.1334
1588754207734,1025.1334
1588754207773,1025.1332
1588754207811,1025.1332
1588754207848,1025.1332
1588754207888,1025.1332
1588754207926,1025.1348
1588754207967,1025.1348
1588754208004,1025.1348
1588754208044,1025.1348
1588754208081,1025.1283
1588754208119,1025.1283
1588754208157,1025.1283
1588754208194,1025.1283
1588754208234,1025.1261
1588754208273,1025.1261
1588754208309,1025.1261
1588754208350,1025.1261
1588754208389,1025.1339
1588754208434,1025.1339
1588754208466,1025.1339
1588754208505,1025.1339
1588754208542,1025.1353
1588754208580,1025.1353
1588754208618,1025.1353
1588754208656,1025.1353
1588754208695,1025.1334
1588754208734,1025.1334
1588754208777,1025.1334
1588754208811,1025.1334
1588754208850,1025.1334
1588754208887,1025.1285
1588754208926,1025.1285
1588754208963,1025.1285
1588754209002,1025.1285
1588754209042,1025.1295
1588754209080,1025.1295
1588754209120,1025.1295
1588754209156,1025.1295
1588754209210,1025.1228
1588754209234,1025.1228
1588754209278,1025.1228
1588754209312,1025.1228
1588754209348,1025.1163
1588754209388,1025.1163
1588754209425,1025.1163
1588754209464,1025.1163
1588754209505,1025.121
1588754209541,1025.121
1588754209580,1025.121
1588754209617,1025.121
1588754209657,1025.1161
1588754209695,1025.1161
1588754209733,1025.1161
1588754209772,1025.1161
1588754209810,1025.1143
1588754209849,1025.1143
1588754209888,1025.1143
1588754209926,1025.1143
1588754209964,1025.1143
1588754210002,1025.1091
1588754210042,1025.1091
1588754210081,1025.1091
1588754210117,1025.1091
1588754210156,1025.1011
1588754210199,1025.1011
1588754210235,1025.1011
1588754210272,1025.1011
1588754210310,1025.093
1588754210349,1025.093
1588754210387,1025.093
1588754210426,1025.093
1588754210464,1025.0941
1588754210503,1025.0941
1588754210549,1025.0941
1588754210580,1025.0941
1588754210617,1025.0876
1588754210655,1025.0876
1588754210694,1025.0876
1588754210733,1025.0876
1588754210772,1025.0953
1588754210810,1025.0953
1588754210848,1025.0953
1588754210886,1025.0953
1588754210925,1025.0953
1588754210964,1025.0938
1588754211002,1025.0938
1588754211041,1025.0938
1588754211082,1025.0938
1588754211121,1025.1
1588754211156,1025.1
1588754211194,1025.1
1588754211233,1025.1
1588754211272,1025.1049
1588754211316,1025.1049
1588754211351,1025.1049
1588754211393,1025.1049
1588754211428,1025.1096
1588754211463,1025.1096
1588754211503,1025.1096
1588754211542,1025.1096
1588754211580,1025.1249
1588754211620,1025.1249
1588754211656,1025.1249
1588754211697,1025.1249
1588754211733,1025.1313
1588754211771,1025.1313
1588754211808,1025.1313
1588754211848,1025.1313
1588754211887,1025.1343
1588754211927,1025.1343
1588754211965,1025.1343
1588754212002,1025.1343
1588754212042,1025.1343
1588754212079,1025.1407
1588754212118,1025.1407
1588754212155,1025.1407
1588754212194,1025.1407
1588754212233,1025.1598
1588754212271,1025.1598
1588754212311,1025.1598
1588754212347,1025.1598
1588754212388,1025.1646
1588754212425,1025.1646
1588754212463,1025.1646
1588754212503,1025.1646
1588754212540,1025.1676
1588754212583,1025.1676
1588754212618,1025.1676
1588754212655,1025.1676
1588754212696,1025.1718
1588754212733,1025.1718
1588754212772,1025.1718
1588754212809,1025.1718
1588754212848,1025.1715
1588754212885,1025.1715
1588754212925,1025.1715
1588754212962,1025.1715
1588754213002,1025.1715
1588754213040,1025.1715
1588754213081,1025.1715
1588754213118,1025.1715
1588754213154,1025.1715
1588754213194,1025.168
1588754213232,1025.168
1588754213273,1025.168
1588754213309,1025.168
1588754213347,1025.1693
1588754213386,1025.1693
1588754213426,1025.1693
1588754213463,1025.1693
1588754213502,1025.1583
1588754213541,1025.1583
1588754213578,1025.1583
1588754213616,1025.1583
1588754213656,1025.1583
1588754213693,1025.1583
1588754213733,1025.1583
1588754213773,1025.1583
1588754213810,1025.1581
1588754213852,1025.1581
1588754213888,1025.1581
1588754213925,1025.1581
1588754213964,1025.1597
1588754214002,1025.1597
1588754214045,1025.1597
1588754214077,1025.1597
1588754214116,1025.1597
1588754214156,1025.1594
1588754214194,1025.1594
1588754214232,1025.1594
1588754214272,1025.1594
1588754214310,1025.1547
1588754214349,1025.1547
1588754214388,1025.1547
1588754214435,1025.1547
1588754214463,1025.162
1588754214502,1025.162
1588754214541,1025.162
1588754214577,1025.162
1588754214616,1025.1731
1588754214655,1025.1731
1588754214693,1025.1731
1588754214733,1025.1731
1588754214771,1025.1698
1588754214810,1025.1698
1588754214852,1025.1698
1588754214887,1025.1698
1588754214924,1025.1602
1588754214963,1025.1602
1588754215001,1025.1602
1588754215042,1025.1602
1588754215079,1025.1567
1588754215119,1025.1567
1588754215154,1025.1567
1588754215194,1025.1567
1588754215232,1025.1567
1588754215269,1025.1503
1588754215308,1025.1503
1588754215348,1025.1503
1588754215408,1025.1503
1588754215425,1025.1471
1588754215463,1025.1471
1588754215503,1025.1471
1588754215539,1025.1471
1588754215578,1025.1467
1588754215620,1025.1467
1588754215654,1025.1467
1588754215693,1025.1467
1588754215731,1025.1445
1588754215772,1025.1445
1588754215808,1025.1445
1588754215849,1025.1445
1588754215885,1025.1459
1588754215924,1025.1459
1588754215962,1025.1459
1588754216001,1025.1459
1588754216041,1025.1472
1588754216090,1025.1472
1588754216127,1025.1472
1588754216154,1025.1472
1588754216192,1025.155
1588754216235,1025.155
1588754216271,1025.155
1588754216311,1025.155
1588754216348,1025.155
1588754216385,1025.1631
1588754216424,1025.1631
1588754216463,1025.1631
1588754216500,1025.1631
1588754216541,1025.1721
1588754216578,1025.1721
1588754216619,1025.1721
1588754216654,1025.1721
1588754216694,1025.1737
1588754216732,1025.1737
1588754216769,1025.1737
1588754216810,1025.1737
1588754216846,1025.1831
1588754216890,1025.1831
1588754216925,1025.1831
1588754216963,1025.1831
1588754217003,1025.1912
1588754217043,1025.1912
1588754217077,1025.1912
1588754217121,1025.1912
1588754217155,1025.199
1588754217193,1025.199
1588754217233,1025.199
1588754217271,1025.199
1588754217307,1025.199
1588754217347,1025.2035
1588754217387,1025.2035
1588754217422,1025.2035
1588754217462,1025.2035
1588754217499,1025.1954
1588754217541,1025.1954
1588754217578,1025.1954
1588754217616,1025.1954
1588754217654,1025.1954
1588754217695,1025.1954
1588754217732,1025.1954
1588754217770,1025.1954
1588754217808,1025.1932
1588754217845,1025.1932
1588754217887,1025.1932
1588754217924,1025.1932
1588754217963,1025.1914
1588754218002,1025.1914
1588754218042,1025.1914
1588754218080,1025.1914
1588754218120,1025.1833
1588754218155,1025.1833
1588754218193,1025.1833
1588754218231,1025.1833
1588754218270,1025.1815
1588754218309,1025.1815
1588754218347,1025.1815
1588754218385,1025.1815
1588754218423,1025.1815
1588754218461,1025.1893
1588754218500,1025.1893
1588754218541,1025.1893
1588754218578,1025.1893
1588754218618,1025.1893
1588754218653,1025.1893
1588754218694,1025.1893
1588754218732,1025.1893
1588754218780,1025.1906
1588754218811,1025.1906
1588754218846,1025.1906
1588754218887,1025.1906
1588754218923,1025.1925
1588754218962,1025.1925
1588754219000,1025.1925
1588754219040,1025.1925
1588754219077,1025.1957
1588754219115,1025.1957
1588754219155,1025.1957
1588754219193,1025.1957
1588754219232,1025.2003
1588754219270,1025.2003
1588754219310,1025.2003
1588754219347,1025.2003
1588754219385,1025.2078
1588754219423,1025.2078
1588754219462,1025.2078
1588754219500,1025.2078
1588754219538,1025.2078
1588754219582,1025.2107
1588754219615,1025.2107
1588754219655,1025.2107
1588754219692,1025.2107
1588754219731,1025.2107
1588754219774,1025.2107
1588754219808,1025.2107
1588754219845,1025.2107
1588754219886,1025.2026
1588754219926,1025.2026
1588754219963,1025.2026
1588754220006,1025.2026
1588754220040,1025.1975
1588754220076,1025.1975
1588754220117,1025.1975
1588754220153,1025.1975
1588754220191,1025.1975
1588754220232,1025.1975
1588754220270,1025.1975
1588754220309,1025.1975
1588754220347,1025.1943
1588754220386,1025.1943
1588754220426,1025.1943
1588754220463,1025.1943
1588754220500,1025.1943
1588754220538,1025.1879
1588754220578,1025.1879
1588754220616,1025.1879
1588754220653,1025.1879
1588754220692,1025.1941
1588754220732,1025.1941
1588754220769,1025.1941
1588754220807,1025.1941
1588754220846,1025.1967
1588754220884,1025.1967
1588754220924,1025.1967
1588754220960,1025.1967
1588754221000,1025.1996
1588754221038,1025.1996
1588754221080,1025.1996
1588754221120,1025.1996
1588754221157,1025.2072
1588754221193,1025.2072
1588754221231,1025.2072
1588754221271,1025.2072
1588754221308,1025.2007
1588754221347,1025.2007
1588754221385,1025.2007
1588754221426,1025.2007
1588754221461,1025.1969
1588754221505,1025.1969
1588754221537,1025.1969
1588754221578,1025.1969
1588754221614,1025.1969
1588754221654,1025.2014
1588754221691,1025.2014
1588754221732,1025.2014
1588754221768,1025.2014
1588754221807,1025.1998
1588754221845,1025.1998
1588754221885,1025.1998
1588754221922,1025.1998
1588754221961,1025.1931
1588754221999,1025.1931
1588754222041,1025.1931
1588754222079,1025.1931
1588754222116,1025.1848
1588754222154,1025.1848
1588754222191,1025.1848
1588754222230,1025.1848
1588754222269,1025.1799
1588754222307,1025.1799
1588754222349,1025.1799
1588754222385,1025.1799
1588754222422,1025.1846
1588754222463,1025.1846
1588754222498,1025.1846
1588754222538,1025.1846
1588754222576,1025.1823
1588754222619,1025.1823
1588754222652,1025.1823
1588754222692,1025.1823
1588754222729,1025.1823
1588754222767,1025.184
1588754222808,1025.184
1588754222847,1025.184
1588754222884,1025.184
1588754222921,1025.1823
1588754222961,1025.1823
1588754223001,1025.1823
1588754223038,1025.1823
1588754223079,1025.1918
1588754223114,1025.1918
1588754223157,1025.1918
1588754223190,1025.1918
1588754223233,1025.1866
1588754223268,1025.1866
1588754223307,1025.1866
1588754223346,1025.1866
1588754223385,1025.1818
1588754223423,1025.1818
1588754223463,1025.1818
1588754223499,1025.1818
1588754223542,1025.1783
1588754223575,1025.1783
1588754223615,1025.1783
1588754223655,1025.1783
1588754223692,1025.1793
1588754223744,1025.1793
1588754223777,1025.1793
1588754223807,1025.1793
1588754223845,1025.1793
1588754223884,1025.1713
1588754223923,1025.1713
1588754223960,1025.1713
1588754224001,1025.1713
1588754224040,1025.171
1588754224076,1025.171
1588754224114,1025.171
1588754224152,1025.171
1588754224193,1025.1646
1588754224230,1025.1646
1588754224268,1025.1646
1588754224307,1025.1646
1588754224346,1025.1547
1588754224385,1025.1547
1588754224424,1025.1547
1588754224461,1025.1547
1588754224502,1025.1495
1588754224537,1025.1495
1588754224576,1025.1495
1588754224615,1025.1495
1588754224654,1025.1511
1588754224691,1025.1511
1588754224729,1025.1511
1588754224768,1025.1511
1588754224808,1025.1511
1588754224846,1025.1447
1588754224883,1025.1447
1588754224921,1025.1447
1588754224962,1025.1447
1588754224999,1025.1415
1588754225037,1025.1415
1588754225074,1025.1415
1588754225114,1025.1415
1588754225155,1025.1521
1588754225191,1025.1521
1588754225230,1025.1521
1588754225269,1025.1521
1588754225307,1025.1505
1588754225346,1025.1505
1588754225384,1025.1505
1588754225422,1025.1505
1588754225460,1025.1597
1588754225501,1025.1597
1588754225546,1025.1597
1588754225579,1025.1597
1588754225613,1025.1675
1588754225652,1025.1675
1588754225690,1025.1675
1588754225729,1025.1675
1588754225768,1025.161
1588754225807,1025.161
1588754225846,1025.161
1588754225883,1025.161
1588754225921,1025.161
1588754225960,1025.162
1588754226000,1025.162
1588754226037,1025.162
1588754226076,1025.162
1588754226114,1025.1682
1588754226153,1025.1682
1588754226193,1025.1682
1588754226231,1025.1682
1588754226271,1025.1794
1588754226306,1025.1794
1588754226346,1025.1794
1588754226384,1025.1794
1588754226422,1025.1953
1588754226461,1025.1953
1588754226501,1025.1953
1588754226536,1025.1953
1588754226574,1025.1904
1588754226613,1025.1904
1588754226652,1025.1904
1588754226692,1025.1904
1588754226728,1025.1902
1588754226767,1025.1902
1588754226806,1025.1902
1588754226846,1025.1902
1588754226886,1025.1741
1588754226923,1025.1741
1588754226961,1025.1741
1588754226999,1025.1741
1588754227041,1025.1741
1588754227075,1025.1642
1588754227113,1025.1642
1588754227156,1025.1642
1588754227191,1025.1642
1588754227227,1025.1394
1588754227268,1025.1394
1588754227306,1025.1394
1588754227345,1025.1394
1588754227384,1025.1198
1588754227421,1025.1198
1588754227460,1025.1198
1588754227498,1025.1198
1588754227537,1025.1195
1588754227574,1025.1195
1588754227613,1025.1195
1588754227653,1025.1195
1588754227692,1025.1083
1588754227733,1025.1083
1588754227768,1025.1083
1588754227805,1025.1083
1588754227845,1025.0984
1588754227883,1025.0984
1588754227922,1025.0984
1588754227959,1025.0984
1588754228011,1025.0984
1588754228038,1025.0913
1588754228075,1025.0913
1588754228113,1025.0913
1588754228152,1025.0913
1588754228190,1025.0801
1588754228230,1025.0801
1588754228267,1025.0801
1588754228312,1025.0801
1588754228344,1025.0752
1588754228382,1025.0752
1588754228422,1025.0752
1588754228459,1025.0752
1588754228498,1025.0779
1588754228538,1025.0779
1588754228575,1025.0779
1588754228615,1025.0779
1588754228653,1025.0808
1588754228690,1025.0808
1588754228728,1025.0808
1588754228770,1025.0808
1588754228806,1025.0841
1588754228842,1025.0841
1588754228883,1025.0841
1588754228921,1025.0841
1588754228961,1025.0867
1588754229005,1025.0867
1588754229047,1025.0867
1588754229074,1025.0867
1588754229114,1025.0867
1588754229154,1025.0912
1588754229190,1025.0912
1588754229228,1025.0912
1588754229270,1025.0912
1588754229305,1025.0992
1588754229344,1025.0992
1588754229382,1025.0992
1588754229422,1025.0992
1588754229478,1025.1151
1588754229502,1025.1151
1588754229536,1025.1151
1588754229574,1025.1151
1588754229613,1025.1296
1588754229650,1025.1296
1588754229689,1025.1296
1588754229728,1025.1296
1588754229770,1025.1438
1588754229806,1025.1438
1588754229847,1025.1438
1588754229883,1025.1438
1588754229924,1025.1613
1588754229959,1025.1613
1588754230000,1025.1613
1588754230037,1025.1613
1588754230074,1025.171
1588754230113,1025.171
1588754230150,1025.171
1588754230189,1025.171
1588754230227,1025.171
1588754230266,1025.1807
1588754230305,1025.1807
1588754230343,1025.1807
1588754230383,1025.1807
1588754230421,1025.1768
1588754230460,1025.1768
1588754230497,1025.1768
1588754230537,1025.1768
1588754230575,1025.1765
1588754230614,1025.1765
1588754230651,1025.1765
1588754230689,1025.1765
1588754230729,1025.172
1588754230768,1025.172
1588754230806,1025.172
1588754230843,1025.172
1588754230883,1025.1698
1588754230921,1025.1698
1588754230959,1025.1698
1588754230997,1025.1698
1588754231037,1025.1714
1588754231076,1025.1714
1588754231114,1025.1714
1588754231154,1025.1714
1588754231188,1025.1714
1588754231227,1025.1617
1588754231267,1025.1617
1588754231305,1025.1617
1588754231342,1025.1617
1588754231383,1025.1537
1588754231422,1025.1537
1588754231461,1025.1537
1588754231498,1025.1537
1588754231536,1025.1373
1588754231573,1025.1373
1588754231613,1025.1373
1588754231653,1025.1373
1588754231690,1025.1206
1588754231728,1025.1206
1588754231770,1025.1206
1588754231804,1025.1206
1588754231844,1025.1136
1588754231888,1025.1136
1588754231921,1025.1136
1588754231957,1025.1136
1588754231998,1025.1022
1588754232035,1025.1022
1588754232074,1025.1022
1588754232115,1025.1022
1588754232150,1025.0989
1588754232190,1025.0989
1588754232230,1025.0989
1588754232266,1025.0989
1588754232308,1025.0989
1588754232342,1025.0973
1588754232383,1025.0973
1588754232420,1025.0973
1588754232458,1025.0973
1588754232497,1025.1095
1588754232535,1025.1095
1588754232574,1025.1095
1588754232612,1025.1095
1588754232651,1025.1079
1588754232689,1025.1079
1588754232728,1025.1079
1588754232768,1025.1079
1588754232808,1025.1302
1588754232845,1025.1302
1588754232883,1025.1302
1588754232921,1025.1302
1588754232961,1025.1399
1588754233000,1025.1399
1588754233035,1025.1399
1588754233075,1025.1399
1588754233114,1025.149
1588754233163,1025.149
1588754233188,1025.149
1588754233229,1025.149
1588754233266,1025.1578
1588754233304,1025.1578
1588754233344,1025.1578
1588754233383,1025.1578
1588754233420,1025.1578
1588754233458,1025.153
1588754233496,1025.153
1588754233535,1025.153
1588754233574,1025.153
1588754233615,1025.1462
1588754233653,1025.1462
1588754233688,1025.1462
1588754233730,1025.1462
1588754233765,1025.1395
1588754233805,1025.1395
1588754233845,1025.1395
1588754233883,1025.1395
1588754233922,1025.1393
1588754233959,1025.1393
1588754233996,1025.1393
1588754234035,1025.1393
1588754234073,1025.1693
1588754234112,1025.1693
1588754234150,1025.1693
1588754234188,1025.1693
1588754234227,1025.1754
1588754234266,1025.1754
1588754234304,1025.1754
1588754234343,1025.1754
1588754234382,1025.1754
1588754234420,1025.1816
1588754234460,1025.1816
1588754234496,1025.1816
1588754234535,1025.1816
1588754234574,1025.1624
1588754234613,1025.1624
1588754234651,1025.1624
1588754234690,1025.1624
1588754234733,1025.1543
1588754234764,1025.1543
1588754234803,1025.1543
1588754234841,1025.1543
1588754234880,1025.133
1588754234919,1025.133
1588754234958,1025.133
1588754234998,1025.133
1588754235035,1025.1041
1588754235073,1025.1041
1588754235113,1025.1041
1588754235151,1025.1041
1588754235188,1025.0782
1588754235229,1025.0782
1588754235266,1025.0782
1588754235304,1025.0782
1588754235348,1025.0632
1588754235381,1025.0632
1588754235421,1025.0632
1588754235458,1025.0632
1588754235497,1025.0632
1588754235535,1025.0485
1588754235573,1025.0485
1588754235612,1025.0485
1588754235650,1025.0485
1588754235688,1025.0404
1588754235727,1025.0404
1588754235766,1025.0404
1588754235804,1025.0404
1588754235842,1025.0337
1588754235882,1025.0337
1588754235923,1025.0337
1588754235957,1025.0337
1588754235996,1025.0272
1588754236034,1025.0272
1588754236073,1025.0272
1588754236112,1025.0272
1588754236151,1025.0344
1588754236186,1025.0344
1588754236226,1025.0344
1588754236264,1025.0344
1588754236302,1025.0134
1588754236342,1025.0134
1588754236379,1025.0134
1588754236420,1025.0134
1588754236456,1025.0132
1588754236495,1025.0132
1588754236536,1025.0132
1588754236573,1025.0132
1588754236611,1025.0132
1588754236648,1025.013
1588754236689,1025.013
1588754236725,1025.013
1588754236765,1025.013
1588754236802,1025.0172
1588754236840,1025.0172
1588754236879,1025.0172
1588754236919,1025.0172
1588754236956,1025.0118
1588754236994,1025.0118
1588754237034,1025.0118
1588754237073,1025.0118
1588754237114,1025.0193
1588754237149,1025.0193
1588754237193,1025.0193
1588754237227,1025.0193
1588754237264,1025.0206
1588754237303,1025.0206
1588754237342,1025.0206
1588754237379,1025.0206
1588754237418,1025.0198
1588754237456,1025.0198
1588754237494,1025.0198
1588754237533,1025.0198
1588754237573,1025.0198
1588754237613,1025.0187
1588754237649,1025.0187
1588754237687,1025.0187
1588754237726,1025.0187
1588754237764,1025.0181
1588754237802,1025.0181
1588754237840,1025.0181
1588754237878,1025.0181
1588754237919,1024.999
1588754237958,1024.999
1588754237996,1024.999
1588754238032,1024.999
1588754238071,1024.9913
1588754238112,1024.9913
1588754238151,1024.9913
1588754238187,1024.9913
1588754238225,1024.9938
1588754238266,1024.9938
1588754238302,1024.9938
1588754238340,1024.9938
