1645031542876,0.049,3.775,9.865
1645031542900,0.235,3.697,10.562
1645031542906,0.411,3.638,11.14
1645031542907,0.5,3.432,11.729
1645031542920,0.637,3.285,12.396
1645031542925,0.813,3.099,12.7
1645031542932,1.0,2.853,12.651
1645031542942,1.206,2.647,12.258
1645031542952,1.441,2.559,11.464
1645031542962,1.598,2.51,10.513
1645031542972,1.667,2.52,9.502
1645031542984,1.647,2.549,8.61
1645031542992,1.578,2.628,7.875
1645031543002,1.431,2.696,7.345
1645031543012,1.245,2.745,6.943
1645031543022,1.01,2.755,6.619
1645031543032,0.804,2.745,6.276
1645031543044,0.608,2.745,5.992
1645031543052,0.549,2.716,5.913
1645031543061,0.568,2.589,5.962
1645031543072,0.657,2.49,6.109
1645031543081,0.794,2.392,6.296
1645031543092,0.921,2.334,6.58
1645031543106,1.029,2.255,6.825
1645031543112,1.019,2.235,7.051
1645031543122,0.961,2.265,7.198
1645031543132,0.921,2.343,7.208
1645031543142,0.823,2.422,7.07
1645031543152,0.735,2.53,6.423
1645031543164,0.608,2.834,6.031
1645031543172,0.588,2.991,5.815
1645031543182,0.666,3.216,5.776
1645031543192,0.804,3.51,5.825
1645031543206,0.882,3.765,5.982
1645031543212,0.902,3.952,6.266
1645031543225,0.98,4.099,6.57
1645031543232,1.088,4.236,6.943
1645031543241,1.196,4.344,7.208
1645031543254,1.323,4.334,7.374
1645031543261,1.412,4.354,7.561
1645031543272,1.52,4.324,7.718
1645031543293,1.569,4.334,7.904
1645031543294,1.569,4.334,7.904
1645031543294,1.569,4.334,7.904
1645031543295,1.529,4.275,8.296
1645031543304,1.363,4.197,8.787
1645031543312,1.225,4.079,9.248
1645031543322,1.147,3.942,9.542
1645031543335,1.245,3.775,9.728
1645031543345,1.431,3.716,9.797
1645031543353,1.608,3.648,9.895
1645031543362,1.441,3.52,10.111
1645031543372,1.147,3.295,10.297
1645031543387,1.0,3.255,10.424
1645031543392,0.99,3.412,10.503
1645031543408,1.108,3.677,10.513
1645031543412,1.216,3.912,10.62
1645031543422,1.167,4.118,10.915
1645031543433,0.843,4.275,11.542
1645031543442,0.254,4.442,12.484
1645031543452,-0.431,4.648,13.435
1645031543473,-1.333,4.589,14.367
1645031543474,-1.333,4.589,14.367
1645031543474,-1.333,4.589,14.367
1645031543475,-2.157,4.373,15.024
1645031543482,-2.716,4.011,15.112
1645031543492,-2.844,3.501,14.808
1645031543502,-2.412,3.01,14.161
1645031543512,-1.451,2.785,13.366
1645031543525,-0.294,2.814,12.376
1645031543532,0.725,2.951,11.229
1645031543544,1.726,3.501,9.149
1645031543552,1.726,3.501,9.149
1645031543562,1.676,3.599,8.502
1645031543575,1.225,3.677,8.022
1645031543586,1.059,3.53,7.825
1645031543592,0.912,3.559,7.561
1645031543607,0.725,3.412,7.306
1645031543613,0.529,3.304,6.982
1645031543622,0.362,3.197,6.639
1645031543632,0.235,3.069,6.354
1645031543645,0.186,3.02,6.178
1645031543652,0.274,3.0,6.119
1645031543663,0.392,2.971,6.266
1645031543672,0.382,2.912,6.462
1645031543682,0.264,2.824,6.59
1645031543692,0.078,2.726,6.727
1645031543705,-0.127,2.667,6.953
1645031543715,-0.353,2.657,7.051
1645031543723,-0.568,2.559,7.257
1645031543732,-0.715,2.51,7.433
1645031543742,-0.804,2.51,7.659
1645031543752,-0.735,2.559,7.963
1645031543766,-0.5,2.716,8.247
1645031543772,-0.176,2.981,8.483
1645031543782,-0.009,3.226,8.885
1645031543792,-0.176,3.295,9.385
1645031543802,-0.627,3.304,10.003
1645031543812,-0.97,3.383,10.571
1645031543827,-0.892,3.638,10.807
1645031543833,-0.5,3.824,10.709
1645031543843,-0.274,3.687,10.601
1645031543852,-0.098,3.344,10.571
1645031543863,0.47,3.206,10.748
1645031543872,1.216,3.275,11.395
1645031543886,1.971,3.353,12.239
1645031543893,2.569,3.422,13.092
1645031543903,2.942,3.481,13.994
1645031543912,3.01,3.608,14.936
1645031543923,2.736,3.863,15.602
1645031543932,2.039,4.03,15.926
1645031543946,1.068,4.128,16.034
1645031543952,0.156,4.128,16.054
1645031543963,-0.813,4.167,15.485
1645031543972,-0.813,4.275,15.485
1645031543983,-0.676,4.246,13.043
1645031543993,-0.558,4.03,11.464
1645031544006,-0.392,3.814,9.846
1645031544012,-0.196,3.648,8.375
1645031544023,0.0,3.501,7.149
1645031544032,0.254,3.353,6.129
1645031544043,0.598,3.236,5.58
1645031544052,0.951,3.108,5.374
1645031544066,1.314,2.971,5.433
1645031544072,1.608,2.893,5.776
1645031544083,1.735,2.844,6.227
1645031544092,1.667,2.687,6.639
1645031544103,1.5,2.589,6.688
1645031544112,1.304,2.52,6.737
1645031544126,1.137,2.451,6.806
1645031544132,1.127,2.392,6.894
1645031544143,1.225,2.343,6.904
1645031544152,1.402,2.265,6.776
1645031544163,1.52,2.137,6.629
1645031544172,1.588,1.981,6.531
1645031544191,1.627,1.833,6.482
1645031544203,1.627,1.784,6.384
1645031544214,1.686,1.931,6.198
1645031544220,1.765,2.147,5.943
1645031544222,1.784,2.373,5.864
1645031544232,1.588,2.608,5.982
1645031544246,1.314,2.844,6.374
1645031544252,0.97,2.981,7.168
1645031544262,0.666,2.981,8.836
1645031544272,0.519,3.059,11.278
1645031544282,0.46,3.089,13.759
1645031544292,0.196,2.834,15.946
1645031544306,-0.323,2.471,17.603
1645031544312,-0.921,2.059,18.309
1645031544322,-1.431,1.745,17.897
1645031544332,-1.696,1.716,16.848
1645031544343,-1.863,1.922,15.259
1645031544352,-2.088,2.157,13.67
1645031544366,-2.235,2.304,12.347
1645031544373,-1.284,2.589,10.905
1645031544383,-1.284,2.589,10.905
1645031544392,-0.509,2.667,10.728
1645031544403,0.715,2.716,10.719
1645031544412,0.715,2.716,10.719
1645031544426,1.029,2.834,10.209
1645031544432,0.912,2.932,9.581
1645031544443,0.745,3.059,8.885
1645031544452,0.49,3.148,8.286
1645031544463,0.323,3.226,7.816
1645031544472,0.225,3.265,7.482
1645031544487,0.235,3.255,7.198
1645031544493,0.304,3.236,6.972
1645031544510,0.549,3.148,6.864
1645031544526,0.774,3.099,6.943
1645031544534,1.01,3.02,7.198
1645031544536,1.186,3.0,7.541
1645031544545,1.108,2.912,7.904
1645031544552,0.833,2.765,8.169
1645031544563,0.568,2.598,8.257
1645031544572,0.313,2.383,8.286
1645031544582,0.137,2.245,8.228
1645031544592,-0.019,2.137,8.12
1645031544606,-0.196,2.098,8.149
1645031544612,-0.392,1.99,8.345
1645031544623,-0.431,2.01,8.6
1645031544632,-0.451,2.0,8.963
1645031544643,-0.333,2.079,9.14
1645031544656,-0.245,2.285,8.993
1645031544681,-0.392,2.334,9.002
1645031544682,-0.392,2.334,9.002
1645031544682,-0.392,2.334,9.002
1645031544683,-1.5,2.088,9.669
1645031544690,-1.5,2.088,9.669
1645031544692,-1.784,2.167,10.199
1645031544712,-1.333,2.608,10.385
1645031544727,-0.5,3.255,10.444
1645031544738,0.0,3.667,10.493
1645031544739,0.0,3.667,10.493
1645031544739,0.0,3.667,10.493
1645031544744,-0.196,3.491,10.709
1645031544744,-0.196,3.491,10.709
1645031544752,0.0,3.756,10.993
1645031544776,0.539,4.717,12.994
1645031544778,0.539,4.717,12.994
1645031544814,0.333,4.844,13.974
1645031544823,0.333,4.844,13.974
1645031544823,0.049,4.991,16.181
1645031544824,0.049,4.991,16.181
1645031544825,0.098,5.335,16.819
1645031544826,-0.245,5.295,16.23
1645031544838,-0.245,5.295,16.23
1645031544881,-1.245,5.04,14.004
1645031544883,-1.245,5.04,14.004
1645031544884,-1.245,5.04,14.004
1645031544885,-1.245,5.04,14.004
1645031544886,-1.245,5.04,14.004
1645031544887,-1.382,4.913,7.345
1645031544887,-1.382,4.913,7.345
1645031544888,-1.382,4.913,7.345
1645031544888,-1.382,4.913,7.345
1645031544892,-1.284,4.825,6.06
1645031544905,-1.049,4.697,5.129
1645031544912,-0.647,4.579,4.413
1645031544922,-0.205,4.442,4.04
1645031544932,0.294,4.256,3.873
1645031544942,0.853,4.06,3.854
1645031544952,1.323,3.814,4.011
1645031544965,1.627,3.579,4.275
1645031544973,1.784,3.265,4.491
1645031544984,1.824,2.951,4.776
1645031544992,1.833,2.726,5.089
1645031545002,1.833,2.598,5.54
1645031545012,1.863,2.471,6.06
1645031545024,1.873,2.402,6.423
1645031545034,1.814,2.402,6.855
1645031545041,1.726,2.373,7.316
1645031545052,1.726,2.353,7.816
1645031545061,1.657,2.363,8.188
1645031545072,1.637,2.412,8.394
1645031545091,1.696,2.559,8.581
1645031545092,1.696,2.559,8.581
1645031545092,1.784,2.844,9.032
1645031545103,1.833,3.02,9.65
1645031545112,1.804,3.03,10.415
1645031545122,1.765,3.04,11.229
1645031545135,1.912,3.157,11.964
1645031545145,2.088,3.353,12.739
1645031545155,1.971,3.53,13.298
1645031545162,1.52,3.638,13.661
1645031545172,0.676,3.667,13.955
1645031545184,-1.637,3.726,14.533
1645031545193,-1.578,3.795,14.533
1645031545222,-3.236,3.952,14.524
1645031545222,-3.236,3.952,14.524
1645031545223,-3.236,3.952,14.524
1645031545224,-3.55,3.726,13.984
1645031545227,-3.491,3.383,13.072
1645031545232,-3.491,3.383,13.072
1645031545242,-2.961,3.118,12.092
1645031545253,-1.0,2.942,9.963
1645031545271,-1.0,2.942,9.963
1645031545273,0.382,2.971,7.914
1645031545283,0.784,3.069,7.355
1645031545292,1.059,3.197,7.139
1645031545302,1.235,3.334,7.09
1645031545315,1.294,3.51,6.943
1645031545325,1.216,3.589,6.845
1645031545340,1.078,3.667,6.658
1645031545347,0.941,3.677,6.511
1645031545354,0.843,3.697,6.403
1645031545363,0.902,3.638,6.227
1645031545372,1.0,3.559,6.001
1645031545385,1.049,3.452,5.923
1645031545392,1.147,3.295,5.933
1645031545402,1.196,3.236,6.07
1645031545412,1.186,3.265,6.256
1645031545422,0.98,3.324,6.531
1645031545432,0.539,3.452,6.855
1645031545445,0.098,3.638,7.002
1645031545453,-0.372,3.775,7.159
1645031545463,-0.686,3.805,7.443
1645031545472,-0.804,3.707,7.737
1645031545483,-0.568,3.52,8.139
1645031545492,0.0,3.304,8.669
1645031545506,0.872,3.197,9.218
1645031545512,1.745,3.197,9.807
1645031545522,2.343,3.148,10.316
1645031545532,2.608,3.03,10.709
1645031545543,2.716,2.863,11.248
1645031545552,2.893,2.824,11.562
1645031545566,3.403,3.03,11.601
1645031545572,4.099,3.412,11.513
1645031545583,4.403,3.559,11.179
1645031545592,4.099,3.344,10.67
1645031545603,3.844,3.167,10.248
1645031545612,4.02,3.285,10.179
1645031545626,4.364,3.491,10.758
1645031545633,4.56,3.432,12.003
1645031545643,4.511,3.197,13.719
1645031545652,4.481,3.049,15.367
1645031545663,4.403,3.118,17.005
1645031545678,3.559,2.912,17.083
1645031545702,2.657,2.706,16.995
1645031545702,2.657,2.706,16.995
1645031545716,2.657,2.706,16.995
1645031545717,1.431,3.0,16.21
1645031545718,1.284,3.373,15.191
1645031545719,1.284,3.373,15.191
1645031545731,1.127,3.579,13.759
1645031545744,0.912,3.608,12.268
1645031545752,0.951,3.579,10.885
1645031545753,0.951,3.579,10.885
1645031545754,0.951,3.579,10.885
1645031545754,1.196,3.589,9.61
1645031545762,1.5,3.589,8.541
1645031545772,1.726,3.569,7.639
1645031545782,1.833,3.422,6.943
1645031545792,1.902,3.216,6.453
1645031545806,1.941,3.01,6.041
1645031545812,2.049,2.804,5.776
1645031545822,2.167,2.628,5.629
1645031545832,2.314,2.432,5.629
1645031545842,2.422,2.177,5.717
1645031545852,2.569,1.971,5.795
1645031545866,2.716,1.775,6.001
1645031545872,2.844,1.627,6.158
1645031545883,2.932,1.461,6.345
1645031545892,2.912,1.304,6.521
1645031545903,2.863,1.147,6.717
1645031545912,2.883,0.98,6.933
1645031545931,2.961,0.813,7.394
1645031545932,2.961,0.813,7.394
1645031545935,2.902,0.598,8.12
1645031545943,2.696,0.362,8.983
1645031545952,2.441,0.068,9.708
1645031545963,2.294,-0.088,10.169
1645031545972,2.285,-0.117,10.209
1645031545986,2.461,-0.147,10.052
1645031545992,2.775,-0.156,9.738
1645031546003,3.108,-0.078,9.532
1645031546012,3.658,0.215,9.777
1645031546024,4.413,0.843,10.424
1645031546032,5.011,1.627,11.748
1645031546047,5.08,2.069,13.465
1645031546053,4.06,2.451,15.789
1645031546063,3.049,2.608,17.662
1645031546072,1.971,2.481,18.603
1645031546083,0.97,1.863,19.074
1645031546092,0.598,1.441,19.3
1645031546106,1.147,1.157,17.26
1645031546112,1.294,1.157,15.426
1645031546124,1.068,0.784,13.7
1645031546132,1.01,0.99,12.062
1645031546145,0.892,1.441,10.522
1645031546152,0.784,1.971,9.149
1645031546166,0.745,2.432,7.816
1645031546172,0.764,2.716,6.678
1645031546183,0.833,2.804,5.913
1645031546192,0.951,2.716,5.697
1645031546214,1.225,2.598,5.894
1645031546215,1.618,2.559,6.129
1645031546233,1.931,2.481,6.286
1645031546237,1.931,2.481,6.286
1645031546238,2.137,2.265,6.433
1645031546242,2.255,1.99,6.658
1645031546252,2.294,1.716,7.021
1645031546263,2.235,1.569,7.414
1645031546272,2.02,1.461,7.914
1645031546286,1.735,1.431,8.414
1645031546293,1.529,1.422,8.875
1645031546303,1.382,1.5,9.277
1645031546312,1.245,1.588,9.61
1645031546322,1.157,1.608,9.905
1645031546332,1.068,1.48,10.326
1645031546346,0.951,1.353,11.013
1645031546352,0.892,1.186,11.719
1645031546363,0.813,1.265,12.307
1645031546372,0.696,1.422,12.788
1645031546383,0.49,1.49,12.994
1645031546392,0.294,1.52,12.964
1645031546406,0.029,1.529,12.572
1645031546412,-0.225,1.52,12.082
1645031546423,-0.46,1.529,11.533
1645031546432,-0.48,1.549,11.072
1645031546442,-0.215,1.549,10.905
1645031546452,0.264,1.578,10.866
1645031546465,1.0,1.598,11.013
1645031546472,1.686,1.539,11.287
1645031546482,2.118,1.343,11.719
1645031546492,2.412,1.117,12.16
1645031546502,2.422,0.902,12.611
1645031546512,2.275,0.676,12.945
1645031546524,1.902,0.451,13.288
1645031546532,1.363,0.225,13.366
1645031546541,1.0,0.107,12.955
1645031546555,0.686,0.225,11.572
1645031546562,0.539,0.372,10.934
1645031546572,0.372,0.617,10.493
1645031546586,0.225,0.872,10.326
1645031546592,0.196,1.206,10.209
1645031546602,0.029,1.49,10.071
1645031546612,-0.068,1.618,10.189
1645031546622,-0.049,1.745,10.434
1645031546632,0.088,1.853,10.591
1645031546647,0.264,1.941,10.748
1645031546652,0.558,1.981,10.65
1645031546663,0.892,1.931,10.434
1645031546672,1.412,1.873,10.218
1645031546684,1.902,1.706,9.836
1645031546692,2.059,1.304,9.159
1645031546736,1.775,0.941,8.689
1645031546737,1.775,0.941,8.689
1645031546739,1.775,0.941,8.689
1645031546739,1.775,0.941,8.689
1645031546740,1.775,0.941,8.689
1645031546741,2.167,0.509,6.962
1645031546742,2.167,0.509,6.962
1645031546742,2.167,0.509,6.962
1645031546743,2.167,0.509,6.962
1645031546753,2.039,0.97,7.031
1645031546770,1.912,1.343,7.217
1645031546775,1.833,1.569,7.168
1645031546806,1.676,1.627,7.276
1645031546807,1.598,1.588,7.855
1645031546807,1.52,1.461,8.777
1645031546812,1.539,1.323,9.424
1645031546827,1.745,1.323,9.561
1645031546835,2.059,1.304,9.051
1645031546841,2.608,1.402,8.041
1645031546852,3.383,1.608,6.845
1645031546862,4.05,1.804,6.041
1645031546872,4.305,1.824,5.933
1645031546887,4.413,1.971,6.737
1645031546892,4.285,2.137,7.727
1645031546902,3.912,2.128,8.639
1645031546912,3.471,2.216,8.581
1645031546922,2.844,2.0,10.091
1645031546932,2.451,1.873,11.444
1645031546949,2.775,1.941,11.738
1645031546954,2.902,1.843,11.631
1645031546963,3.049,1.686,12.297
1645031546972,3.049,1.686,12.297
1645031546982,4.266,1.569,15.504
1645031546992,3.863,1.824,15.534
1645031547005,3.638,1.225,13.769
1645031547015,4.619,1.049,11.856
1645031547027,5.236,1.265,11.268
1645031547038,5.364,1.167,11.248
1645031547042,5.413,1.186,11.15
1645031547053,5.276,1.127,11.14
1645031547069,4.462,0.843,10.974
1645031547072,3.442,0.715,10.983
1645031547082,2.49,0.588,11.395
1645031547092,1.422,0.088,12.199
1645031547102,0.853,-0.353,12.837
1645031547113,0.156,-1.0,13.102
1645031547124,-0.451,-1.52,13.298
1645031547133,-0.97,-1.735,13.229
1645031547141,-1.676,-2.02,12.562
1645031547152,-1.961,-2.147,11.179
1645031547162,-1.794,-2.039,9.62
1645031547172,-1.569,-1.765,8.198
1645031547187,-1.392,-1.451,6.855
1645031547192,-1.039,-1.01,5.844
1645031547202,4.011,1.255,3.942
1645031547217,11.768,4.638,4.923
1645031547223,8.237,0.863,3.569
1645031547234,5.06,-0.254,4.364
1645031547253,3.687,0.215,6.972
1645031547253,3.687,0.215,6.972
1645031547254,1.863,-0.431,8.277
1645031547264,0.843,-0.392,8.149
1645031547272,-0.343,-0.588,8.463
1645031547282,-0.97,-0.441,7.482
1645031547295,3.0,2.383,6.698
1645031547305,3.0,2.383,6.698
1645031547316,-0.343,1.098,7.688
1645031547322,-0.343,1.098,7.688
1645031547332,-0.48,1.618,8.345
1645031547344,-2.324,1.127,7.786
1645031547352,-2.324,1.127,7.786
1645031547365,-2.785,1.117,6.786
1645031547372,-2.667,1.108,5.285
1645031547382,-1.99,1.186,3.726
1645031547392,-1.314,1.225,2.108
1645031547406,-0.657,1.627,0.343
1645031547412,-0.137,1.294,0.411
1645031547426,-0.127,0.421,0.745
1645031547432,0.0,0.029,1.676
1645031547443,0.264,0.627,3.393
1645031547452,0.509,0.843,4.707
1645031547463,0.794,0.588,5.521
1645031547472,1.588,0.676,5.864
1645031547486,2.647,0.843,6.021
1645031547493,3.599,1.255,6.031
1645031547503,4.726,1.559,6.139
1645031547512,5.384,1.578,6.266
1645031547523,4.903,1.471,6.6
1645031547532,3.559,1.627,7.973
1645031547546,2.177,1.49,11.16
1645031547552,0.284,1.431,14.533
1645031547563,-1.019,1.186,17.034
1645031547572,-1.824,1.196,18.29
1645031547583,-2.039,1.627,18.907
1645031547593,-1.873,2.216,19.221
1645031547610,-2.01,2.814,19.378
1645031547615,-1.873,3.54,18.711
1645031547623,-1.775,4.128,17.103
1645031547633,-1.706,4.462,15.279
1645031547643,-1.598,4.57,13.837
1645031547656,-1.167,4.256,12.386
1645031547702,-0.147,3.55,12.141
1645031547710,-0.147,3.55,12.141
1645031547710,-0.147,3.55,12.141
1645031547711,-0.147,3.55,12.141
1645031547712,-0.147,3.55,12.141
1645031547713,0.735,2.186,11.023
1645031547714,0.735,2.186,11.023
1645031547715,0.735,2.186,11.023
1645031547716,0.755,1.804,10.16
1645031547724,0.755,1.804,10.16
1645031547731,0.755,1.804,10.16
1645031547733,0.676,1.539,9.002
1645031547742,0.372,1.382,7.571
1645031547752,-0.196,1.225,6.041
1645031547761,-0.441,1.216,4.864
1645031547772,-0.117,2.108,4.609
1645031547784,0.686,2.157,4.628
1645031547792,1.382,1.902,4.707
1645031547801,1.392,2.079,5.08
1645031547812,0.098,2.441,6.237
1645031547824,-4.285,1.598,10.709
1645031547832,-5.933,1.284,12.552
1645031547846,-6.845,1.206,13.092
1645031547852,-7.266,0.794,12.807
1645031547862,-6.943,0.284,12.601
1645031547872,-5.521,-0.098,12.945
1645031547883,-4.226,-0.676,13.719
1645031547892,-3.246,-1.206,14.622
1645031547923,-2.52,-1.382,15.475
1645031547924,-2.52,-1.382,15.475
1645031547925,-2.52,-1.382,15.475
1645031547925,-2.52,-1.382,15.475
1645031547926,-1.814,-0.735,15.475
1645031547927,-1.814,-0.735,15.475
1645031547940,-1.843,-0.098,14.2
1645031547942,-1.931,0.539,12.327
1645031547952,-1.892,1.206,10.316
1645031547966,-1.902,1.716,8.551
1645031547977,-1.981,2.02,7.041
1645031547982,-2.02,1.961,5.962
1645031547992,-1.824,1.833,5.364
1645031548001,-1.627,1.657,5.266
1645031548012,-1.402,1.451,5.335
1645031548033,-1.225,1.235,5.433
1645031548034,-1.225,1.235,5.433
1645031548035,-1.225,1.235,5.433
1645031548036,-0.951,1.176,5.452
1645031548042,-0.627,1.274,5.217
1645031548052,-0.264,1.343,4.923
1645031548062,0.049,1.431,4.481
1645031548072,0.529,1.608,4.344
1645031548086,1.294,1.637,4.57
1645031548092,2.216,1.941,5.099
1645031548102,2.608,2.147,5.962
1645031548112,2.687,2.039,6.786
1645031548122,2.53,1.912,7.325
1645031548132,2.147,1.931,7.924
1645031548146,1.941,2.039,8.983
1645031548152,1.882,2.147,10.444
1645031548163,1.912,2.147,11.454
1645031548172,1.726,1.941,11.788
1645031548183,1.755,1.804,11.837
1645031548192,1.775,1.549,12.337
1645031548210,1.716,1.0,13.494
1645031548214,2.304,0.264,17.485
1645031548229,2.304,0.264,17.485
1645031548237,2.118,-0.137,19.025
1645031548242,2.118,-0.137,19.025
1645031548252,1.716,0.127,19.28
1645031548266,0.912,0.774,16.887
1645031548272,0.843,1.255,14.828
1645031548282,0.961,1.667,12.641
1645031548292,1.098,1.843,10.562
1645031548303,1.265,1.843,8.855
1645031548312,1.48,1.784,7.414
1645031548326,1.657,1.676,6.423
1645031548332,1.529,1.431,5.854
1645031548342,1.176,1.068,5.756
1645031548352,0.961,0.823,5.943
1645031548363,0.696,0.568,6.247
1645031548372,0.529,0.46,6.727
1645031548386,0.676,0.519,7.129
1645031548392,1.117,0.608,7.276
1645031548403,1.353,0.696,7.541
1645031548412,0.823,0.804,8.031
1645031548423,-0.284,0.951,8.59
1645031548432,-1.578,1.314,9.375
1645031548446,-3.265,1.627,10.513
1645031548452,-4.903,1.765,11.533
1645031548463,-6.011,1.637,12.033
1645031548472,-6.374,1.353,12.543
1645031548483,-6.148,0.715,13.366
1645031548492,-5.315,-0.284,14.641
1645031548510,-3.814,-1.029,16.103
1645031548514,-2.226,-1.294,16.907
1645031548523,-1.098,-1.255,16.691
1645031548532,-0.558,-1.019,15.651
1645031548543,-0.402,-0.5,14.043
1645031548552,-0.245,0.186,12.18
1645031548566,-0.068,0.892,10.277
1645031548572,0.068,1.382,8.463
1645031548583,0.058,1.824,6.943
1645031548592,-0.088,2.157,5.844
1645031548603,-0.353,2.324,4.991
1645031548612,-0.558,2.5,4.403
1645031548626,-0.627,2.628,3.962
1645031548632,-0.529,2.834,3.628
1645031548643,-0.343,2.922,3.707
1645031548652,-0.156,3.089,3.707
1645031548663,0.196,3.736,4.285
1645031548672,0.196,3.736,4.285
1645031548685,0.117,3.932,4.491
1645031548700,0.205,4.079,5.168
1645031548704,0.627,4.069,6.511
1645031548718,1.52,4.05,8.179
1645031548722,2.53,3.873,9.708
1645031548732,3.246,3.55,11.199
1645031548745,3.373,3.089,12.601
1645031548752,2.824,2.549,13.7
1645031548772,1.902,2.039,14.906
1645031548773,0.813,1.618,16.436
1645031548786,0.264,1.51,17.75
1645031548794,0.451,1.608,17.946
1645031548815,1.137,1.882,16.662
1645031548816,1.137,1.882,16.662
1645031548816,1.137,1.882,16.662
1645031548817,1.981,2.314,14.857
1645031548821,2.589,2.765,13.033
1645031548834,2.667,3.04,11.699
1645031548842,2.54,3.206,10.895
1645031548852,2.422,3.246,10.424
1645031548866,2.265,3.148,9.993
1645031548872,2.226,2.942,9.483
1645031548882,2.275,2.716,8.983
1645031548893,2.314,2.5,8.561
1645031548902,2.118,2.235,8.434
1645031548912,1.853,1.99,8.61
1645031548925,1.775,1.794,8.787
1645031548932,1.922,1.667,8.924
1645031548945,2.147,1.775,9.002
1645031548952,1.863,1.892,8.865
1645031548962,1.402,1.941,8.61
1645031548972,1.01,2.186,8.257
1645031548985,0.912,2.755,8.071
1645031548996,1.088,3.471,9.032
1645031549002,1.088,3.471,9.032
1645031549013,0.558,3.275,10.248
1645031549022,-0.078,2.961,11.523
1645031549032,-0.627,2.5,12.69
1645031549051,-0.421,1.206,15.21
1645031549052,-0.421,1.206,15.21
1645031549053,-0.421,1.206,15.21
1645031549064,0.451,0.608,16.23
1645031549072,1.314,0.323,16.662
1645031549082,2.088,0.304,15.946
1645031549093,3.01,1.029,12.15
1645031549105,3.01,1.029,12.15
1645031549114,3.452,2.196,8.237
1645031549122,3.618,2.755,6.953
1645031549132,3.658,3.118,6.256
1645031549145,3.638,3.432,6.178
1645031549152,3.618,3.589,6.433
1645031549169,3.53,3.707,6.835
1645031549174,3.344,3.873,7.345
1645031549182,3.167,3.903,7.855
1645031549192,3.059,3.922,8.335
1645031549202,2.951,4.06,8.914
1645031549220,2.893,4.118,9.669
1645031549232,2.961,4.226,10.267
1645031549233,3.049,4.217,10.542
1645031549242,3.099,4.128,10.552
1645031549252,3.157,4.011,10.807
1645031549262,3.236,4.001,11.287
1645031549274,3.285,3.981,11.915
1645031549284,3.373,4.001,12.445
1645031549293,3.246,3.805,12.396
1645031549301,2.893,3.559,12.131
1645031549312,2.451,3.412,11.944
1645031549324,2.118,3.265,12.19
1645031549332,1.647,2.873,13.062
1645031549348,1.039,2.186,14.788
1645031549352,0.657,1.422,16.789
1645031549362,0.696,0.892,18.162
1645031549374,0.902,0.745,18.819
1645031549382,0.912,0.941,18.446
1645031549392,0.411,1.225,17.23
1645031549405,-0.362,1.745,15.426
1645031549412,-1.167,2.412,13.474
1645031549422,-1.735,3.0,11.689
1645031549432,-2.01,3.471,10.218
1645031549442,-2.039,3.756,9.12
1645031549452,-1.794,3.795,8.394
1645031549466,-1.323,3.707,8.031
1645031549472,-0.755,3.618,7.796
1645031549482,-0.156,3.481,7.561
1645031549492,0.402,3.344,7.217
1645031549502,0.912,3.206,6.796
1645031549512,1.402,3.118,6.296
1645031549526,1.765,2.991,5.844
1645031549532,2.363,2.706,5.384
1645031549542,2.579,2.608,5.325
1645031549552,2.696,2.481,5.266
1645031549562,2.804,2.422,5.227
1645031549572,2.785,2.334,5.285
1645031549586,2.618,2.206,5.511
1645031549592,2.402,2.157,5.795
1645031549602,2.275,2.108,6.109
1645031549612,2.177,2.108,6.394
1645031549622,1.873,2.02,6.943
1645031549632,1.706,1.951,7.757
1645031549646,1.765,1.863,8.561
1645031549652,1.922,1.863,9.326
1645031549662,1.775,1.863,10.277
1645031549672,1.274,2.0,11.268
1645031549683,0.617,2.157,12.209
1645031549693,0.039,2.314,12.994
1645031549706,-0.421,2.383,13.484
1645031549712,-0.598,2.383,13.67
1645031549726,-0.421,2.412,13.563
1645031549732,-0.137,2.481,13.376
1645031549742,0.186,2.647,13.023
1645031549752,0.568,2.873,12.582
1645031549765,0.804,3.089,12.131
1645031549772,0.794,3.157,11.856
1645031549782,0.706,3.03,11.925
1645031549792,0.676,2.677,12.219
1645031549802,0.882,2.275,12.405
1645031549812,1.196,1.912,12.366
1645031549826,1.657,1.696,12.042
1645031549833,2.088,1.627,11.483
1645031549843,2.569,1.745,10.846
1645031549852,2.951,1.931,10.179
1645031549863,3.059,2.128,9.473
1645031549872,2.863,2.275,9.051
1645031549889,2.54,2.363,9.002
1645031549895,1.52,2.265,9.954
1645031549902,1.52,2.265,9.954
1645031549912,1.284,2.059,10.552
1645031549923,1.196,1.48,11.385
1645031549932,1.196,1.48,11.385
1645031549947,1.569,0.912,11.709
1645031549953,1.882,0.774,11.689
1645031549963,2.088,0.755,11.523
1645031549972,2.157,0.725,11.238
1645031549983,2.118,0.764,10.846
1645031549992,1.882,0.843,10.346
1645031550007,1.598,0.97,9.826
1645031550013,1.294,1.108,9.208
1645031550022,0.98,1.137,8.698
1645031550032,0.676,1.225,8.394
1645031550042,0.362,1.304,8.13
1645031550052,0.127,1.412,7.904
1645031550065,-0.019,1.471,7.708
1645031550072,-0.166,1.539,7.472
1645031550083,-0.284,1.627,7.335
1645031550092,-0.392,1.647,7.286
1645031550102,-0.49,1.627,7.355
1645031550112,-0.47,1.627,7.463
1645031550124,-0.431,1.618,7.61
1645031550132,-0.225,1.578,7.718
1645031550141,0.0,1.647,7.855
1645031550152,0.176,1.755,7.924
1645031550161,0.362,1.971,7.894
1645031550172,0.421,2.147,7.963
1645031550186,0.509,2.334,8.237
1645031550192,0.666,2.53,8.522
1645031550203,0.755,2.647,8.934
1645031550218,0.637,2.706,9.571
1645031550222,0.294,2.677,10.375
1645031550234,-0.098,2.559,11.356
1645031550246,-0.362,2.481,12.435
1645031550252,-0.549,2.471,13.396
1645031550263,-0.715,2.549,14.004
1645031550272,-0.912,2.736,14.249
1645031550283,-1.157,3.049,13.867
1645031550292,-1.255,3.422,13.004
1645031550306,-1.314,3.854,11.846
1645031550312,-1.422,4.109,10.748
1645031550323,-1.451,4.236,9.973
1645031550332,-1.333,4.069,9.699
1645031550342,-1.049,3.648,10.111
1645031550352,-0.715,3.108,11.15
1645031550367,-0.137,2.02,13.563
1645031550372,0.019,1.559,14.651
1645031550383,-0.019,1.265,15.289
1645031550392,-0.362,1.265,15.318
1645031550403,-0.882,1.451,14.69
1645031550412,-1.51,1.814,13.553
1645031550427,-2.079,2.216,12.239
1645031550432,-2.608,2.628,11.091
1645031550442,-3.059,3.049,10.218
1645031550452,-3.304,3.295,9.816
1645031550463,-3.363,3.432,9.728
1645031550472,-3.187,3.422,9.65
1645031550486,-2.922,3.285,9.61
1645031550492,-2.53,3.108,9.708
1645031550503,-2.059,2.932,9.728
1645031550512,-1.627,2.755,9.601
1645031550523,-1.245,2.608,9.395
1645031550532,-0.902,2.49,8.894
1645031550545,-0.833,2.147,8.198
1645031550552,-0.402,2.334,7.571
1645031550563,-0.107,2.52,6.874
1645031550572,0.0,2.579,6.178
1645031550583,-0.029,2.53,5.717
1645031550592,0.0,2.49,5.54
1645031550606,0.137,2.481,5.639
1645031550612,0.264,2.461,5.766
1645031550623,0.186,2.03,5.658
1645031550632,0.402,2.01,5.854
1645031550642,0.676,2.147,6.021
1645031550655,0.647,2.108,6.266
1645031550672,0.411,1.99,6.413
1645031550674,0.107,1.961,6.433
1645031550682,-0.117,2.049,6.345
1645031550692,-0.402,2.167,6.335
1645031550703,-0.598,2.324,6.345
1645031550712,-0.843,2.255,6.266
1645031550746,-1.0,2.147,6.354
1645031550747,-1.0,2.147,6.354
1645031550750,-1.0,2.147,6.354
1645031550751,-1.0,2.147,6.354
1645031550752,-0.588,2.334,6.266
1645031550760,-0.509,2.383,6.178
1645031550762,-0.509,2.383,6.178
1645031550762,-0.509,2.383,6.178
1645031550775,-0.49,2.53,6.178
1645031550786,-0.343,2.471,5.825
1645031550792,0.0,2.579,5.658
1645031550803,0.343,2.687,5.501
1645031550812,0.823,2.912,5.384
1645031550829,1.157,3.069,5.344
1645031550833,1.353,3.206,5.697
1645031550860,1.422,3.324,6.482
1645031550863,1.422,3.324,6.482
1645031550866,1.422,3.324,6.482
1645031550867,1.029,3.265,8.924
1645031550869,1.029,3.265,8.924
1645031550879,0.549,3.167,10.258
1645031550885,-0.127,2.902,11.219
1645031550893,-0.833,2.589,11.935
1645031550913,-1.382,2.304,12.209
1645031550914,-1.382,2.304,12.209
1645031550914,-1.627,2.118,11.807
1645031550923,-1.784,1.981,11.062
1645031550932,-1.412,2.412,10.415
1645031550942,-0.941,3.216,10.003
1645031550952,-1.333,3.677,10.012
1645031550965,-2.314,3.707,10.179
1645031550974,-3.432,3.971,10.601
1645031550982,-4.079,4.53,11.591
1645031550992,-4.452,5.04,12.955
1645031551002,-5.384,4.874,14.445
1645031551012,-6.6,4.069,15.72
1645031551028,-7.531,3.226,16.534
1645031551032,-7.894,2.598,16.838
1645031551042,-7.139,2.451,16.819
1645031551052,-5.825,2.451,16.534
1645031551062,-4.668,2.314,15.651
1645031551072,-3.765,2.186,14.239
1645031551087,-3.138,2.186,12.69
1645031551093,-2.716,2.334,11.336
1645031551102,-2.451,2.52,10.424
1645031551112,-2.157,2.53,9.924
1645031551122,-1.5,2.608,9.542
1645031551132,-0.706,2.736,9.228
1645031551145,-0.058,2.765,9.022
1645031551155,0.48,2.589,9.571
1645031551164,0.304,2.5,9.905
1645031551173,0.304,2.5,9.905
1645031551182,0.068,2.657,10.189
1645031551192,-0.274,2.853,10.12
1645031551209,-0.961,2.981,9.895
1645031551212,-2.039,3.246,9.189
1645031551222,-2.275,3.403,8.747
1645031551232,-2.343,3.373,8.326
1645031551242,-2.343,3.265,7.982
1645031551254,-2.245,3.128,7.757
1645031551264,-2.069,2.853,7.6
1645031551272,-1.941,2.618,7.296
1645031551282,-1.784,2.441,7.119
1645031551292,-1.882,2.255,6.992
1645031551302,-2.216,2.03,6.943
1645031551312,-2.451,1.931,6.943
1645031551330,-2.579,1.951,6.904
1645031551330,-2.579,1.951,6.904
1645031551334,-2.628,1.961,6.639
1645031551342,-2.559,2.039,6.247
1645031551352,-2.441,2.079,5.776
1645031551362,-2.216,2.049,5.305
1645031551372,-1.765,2.128,5.07
1645031551384,-1.216,2.186,4.932
1645031551392,-0.647,2.196,5.04
1645031551402,-0.196,2.147,5.54
1645031551412,0.196,2.137,6.256
1645031551422,0.706,2.304,7.061
1645031551432,1.176,2.559,7.904
1645031551451,1.529,2.863,8.767
1645031551454,1.804,3.216,9.414
1645031551462,2.01,3.51,10.179
1645031551472,2.451,3.873,10.826
1645031551482,2.961,4.167,11.14
1645031551492,3.0,4.167,10.974
1645031551509,2.942,4.06,10.758
1645031551512,3.108,3.912,10.836
1645031551522,3.148,3.814,11.483
1645031551532,2.589,3.314,12.778
1645031551542,1.716,3.03,14.955
1645031551552,0.706,2.932,17.24
1645031551564,-0.421,2.912,18.388
1645031551572,-1.49,3.049,18.966
1645031551582,-2.471,3.363,19.251
1645031551592,-3.461,3.765,18.927
1645031551602,-4.305,4.197,17.593
1645031551612,-4.913,4.57,15.985
1645031551630,-5.08,4.815,14.328
1645031551632,-4.746,4.893,12.817
1645031551642,-4.011,4.864,11.513
1645031551652,-2.235,4.285,9.787
1645031551662,-1.51,3.863,9.218
1645031551672,-0.882,3.55,8.836
1645031551685,-0.411,3.089,8.375
1645031551692,-0.137,2.736,7.855
1645031551703,0.176,2.5,7.296
1645031551712,0.421,2.226,6.57
1645031551722,0.5,1.882,5.786
1645031551732,0.578,1.588,5.099
1645031551745,0.725,1.353,4.403
1645031551752,0.882,1.255,3.746
1645031551762,0.863,1.127,3.236
1645031551772,0.794,1.059,2.804
1645031551782,0.853,1.127,2.53
1645031551792,0.823,1.225,2.471
1645031551804,0.696,1.323,2.618
1645031551812,0.362,1.422,3.04
1645031551821,-0.058,1.627,3.687
1645031551832,-0.696,1.902,4.638
1645031551842,-1.451,2.137,5.844
1645031551852,-2.186,2.324,7.276
1645031551866,-2.853,2.451,8.453
1645031551872,-3.461,2.706,9.022
1645031551882,-3.922,2.981,9.071
1645031551892,-4.079,3.089,8.914
1645031551902,-3.922,3.01,8.61
1645031551912,-3.216,3.108,8.237
1645031551926,-2.52,2.932,8.08
1645031551932,-1.912,2.5,8.267
1645031551942,-1.323,2.206,8.865
1645031551952,-1.0,2.186,9.493
1645031551963,-1.157,2.275,10.199
1645031551972,-1.657,2.49,10.679
1645031551986,-2.402,2.922,11.023
1645031551992,-3.216,3.383,11.327
1645031552002,-3.834,3.677,11.523
1645031552012,-4.226,3.795,11.768
1645031552023,-4.432,3.863,12.082
1645031552032,-4.501,3.932,12.219
1645031552047,-4.011,4.197,12.101
1645031552053,-3.775,4.315,11.876
1645031552063,-3.844,4.324,11.788
1645031552072,-4.128,4.334,12.141
1645031552082,-4.197,4.354,12.709
1645031552092,-3.952,4.393,13.19
1645031552105,-3.569,4.354,13.474
1645031552112,-2.971,4.295,13.455
1645031552123,-2.324,4.305,13.092
1645031552132,-1.706,4.315,12.503
1645031552143,-1.323,4.383,11.876
1645031552152,-1.265,4.462,11.366
1645031552167,-1.382,4.501,10.895
1645031552173,-1.549,4.55,10.513
1645031552183,-1.627,4.501,10.12
1645031552192,-1.706,4.403,9.787
1645031552202,-1.667,4.226,9.404
1645031552212,-1.549,3.991,9.169
1645031552241,-1.372,3.746,9.012
1645031552246,-1.372,3.746,9.012
1645031552250,-1.372,3.746,9.012
1645031552252,-0.764,3.04,8.885
1645031552262,-0.764,3.04,8.885
1645031552262,-0.764,3.04,8.885
1645031552263,-0.568,2.844,8.973
1645031552272,-0.362,2.647,9.061
1645031552286,-0.147,2.353,9.032
1645031552293,0.0,2.039,8.865
1645031552302,-0.147,1.51,8.581
1645031552312,-0.47,0.98,8.316
1645031552323,-0.745,0.588,7.933
1645031552332,-0.784,0.382,7.306
1645031552346,-0.863,0.166,6.619
1645031552352,-0.804,0.068,5.962
1645031552363,-0.46,0.225,5.589
1645031552372,-0.107,0.264,5.521
1645031552383,0.343,0.235,5.413
1645031552392,0.912,0.117,5.207
1645031552410,1.078,0.127,5.599
1645031552414,1.461,1.108,7.561
1645031552423,1.461,1.108,7.561
1645031552432,1.814,1.775,8.522
1645031552443,2.039,1.882,9.248
1645031552452,2.147,1.716,9.738
1645031552467,3.304,2.51,11.493
1645031552473,3.726,3.01,12.278
1645031552483,3.608,2.765,12.66
1645031552492,3.304,2.579,12.974
1645031552503,3.118,2.51,13.818
1645031552512,2.422,2.638,15.426
1645031552527,1.5,2.657,17.142
1645031552533,0.637,3.383,18.339
1645031552543,-0.264,3.883,18.937
1645031552552,-1.137,4.226,19.231
1645031552563,-1.824,4.422,19.3
1645031552572,-2.51,4.628,18.123
1645031552586,-2.951,4.717,16.318
1645031552593,-3.295,4.815,14.269
1645031552603,-3.648,4.854,12.396
1645031552612,-3.824,4.776,10.817
1645031552623,-3.432,4.658,9.473
1645031552632,-2.677,4.383,8.708
1645031552646,-1.598,4.001,8.159
1645031552653,-0.764,3.501,7.737
1645031552663,-0.186,3.01,7.296
1645031552672,0.147,2.461,6.776
1645031552683,0.353,2.039,6.315
1645031552697,0.382,1.363,6.374
1645031552711,0.382,1.363,6.374
1645031552714,0.46,1.255,5.825
1645031552733,0.0,1.039,5.57
1645031552744,-0.49,1.225,5.805
1645031552745,-0.49,1.225,5.805
1645031552746,-0.519,1.235,6.148
1645031552755,-0.519,1.235,6.148
1645031552765,-0.225,1.225,6.384
1645031552772,0.068,1.196,6.531
1645031552782,0.343,1.127,6.502
1645031552792,0.353,1.176,6.492
1645031552803,0.107,1.333,6.462
1645031552812,-0.088,1.569,6.443
1645031552825,-0.49,1.961,6.707
1645031552832,-0.725,2.373,6.099
1645031552843,-0.725,2.5,6.198
1645031552852,-0.647,2.49,6.247
1645031552862,-0.715,2.363,6.129
1645031552872,-0.941,2.245,5.992
1645031552886,-2.088,1.765,6.982
1645031552893,-2.716,1.392,8.12
1645031552902,-2.716,1.392,8.12
1645031552912,-2.804,1.206,9.542
1645031552923,-0.657,1.598,10.003
1645031552932,0.362,1.873,10.62
1645031552946,1.578,2.167,11.67
1645031552953,2.088,2.383,12.552
1645031552963,2.088,2.363,13.004
1645031552972,1.961,2.343,13.327
1645031552983,1.608,2.314,13.612
1645031552992,1.117,2.137,14.171
1645031553011,0.931,2.03,14.278
1645031553012,0.931,2.03,14.278
1645031553015,1.088,2.069,14.171
1645031553022,1.471,2.157,14.465
1645031553032,2.039,2.275,14.71
1645031553043,2.657,2.265,14.612
1645031553052,3.108,2.177,14.298
1645031553066,3.167,2.137,13.955
1645031553072,2.981,2.255,13.906
1645031553083,2.814,2.451,13.916
1645031553092,2.618,2.667,13.778
1645031553103,2.451,2.755,13.396
1645031553112,2.245,2.814,12.798
1645031553126,2.373,2.981,12.278
1645031553132,2.814,3.148,11.209
1645031553143,2.726,3.118,10.405
1645031553152,2.334,3.0,9.581
1645031553163,1.892,2.893,8.679
1645031553172,1.578,2.883,7.659
1645031553186,1.255,2.716,6.766
1645031553192,1.049,2.471,6.09
1645031553203,0.931,2.235,6.158
1645031553212,0.97,2.02,6.698
1645031553223,1.098,1.824,7.139
1645031553240,0.843,1.608,7.982
1645031553261,0.392,1.48,8.453
1645031553263,0.392,1.48,8.453
1645031553264,0.392,1.48,8.453
1645031553265,-0.5,1.147,8.581
1645031553266,-0.5,1.147,8.581
1645031553273,-0.5,1.147,8.581
1645031553283,-0.696,1.01,8.345
1645031553292,-0.441,0.99,7.992
1645031553310,0.323,0.912,7.09
1645031553316,0.49,0.755,7.09
1645031553322,0.49,0.755,7.09
1645031553332,0.5,0.853,7.355
1645031553342,0.078,1.127,8.002
1645031553352,0.245,1.441,8.384
1645031553365,0.696,1.804,8.463
1645031553372,1.137,2.118,8.394
1645031553382,1.225,2.285,8.384
1645031553392,1.176,2.373,8.816
1645031553402,1.402,2.569,9.905
1645031553412,2.0,2.834,11.611
1645031553426,2.559,3.04,12.494
1645031553432,2.392,3.049,12.896
1645031553443,1.637,3.059,12.964
1645031553453,1.01,3.353,12.758
1645031553463,0.912,3.814,12.896
1645031553472,0.941,4.04,13.445
1645031553486,0.961,3.844,14.239
1645031553493,1.117,3.569,15.151
1645031553503,1.412,3.53,15.75
1645031553512,1.686,3.707,15.887
1645031553523,1.775,3.952,15.563
1645031553532,1.471,4.138,14.887
1645031553545,1.068,4.285,14.102
1645031553553,0.549,4.364,13.504
1645031553563,0.098,4.403,13.111
1645031553572,-0.117,4.344,12.876
1645031553583,-0.137,4.187,12.543
1645031553592,-0.049,3.971,12.131
1645031553607,0.029,3.618,11.719
1645031553613,0.156,3.265,11.111
1645031553623,0.215,3.02,10.228
1645031553632,0.205,2.883,9.091
1645031553643,0.078,2.824,7.835
1645031553656,-0.107,2.804,5.619
1645031553674,-0.107,2.804,5.619
1645031553677,-0.107,2.677,4.805
1645031553682,-0.107,2.677,4.805
1645031553692,-0.098,2.54,4.903
1645031553702,-0.107,2.314,5.305
1645031553716,-0.019,1.912,6.531
1645031553738,-0.019,1.912,6.531
1645031553738,-0.019,1.912,6.531
1645031553746,0.029,1.608,7.247
1645031553749,0.088,1.559,7.257
1645031553753,0.019,1.559,6.923
1645031553762,-0.274,1.559,6.707
1645031553772,-0.49,1.706,6.531
1645031553786,-0.647,1.922,6.276
1645031553792,-0.657,2.177,5.982
1645031553802,-0.5,2.451,5.874
1645031553814,-0.284,2.745,5.864
1645031553822,-0.009,2.991,6.05
1645031553832,0.362,3.108,6.374
1645031553846,0.706,3.206,6.776
1645031553853,0.921,3.265,7.286
1645031553863,0.833,3.246,7.835
1645031553872,0.49,3.197,8.345
1645031553883,0.117,3.069,8.728
1645031553892,-0.127,2.863,9.081
1645031553906,-0.166,2.657,9.287
1645031553914,0.0,2.422,9.591
1645031553922,0.441,2.255,9.954
1645031553936,1.157,2.255,10.326
1645031553943,1.873,2.481,10.895
1645031553953,2.451,2.834,11.483
1645031553966,2.991,3.344,11.827
1645031553972,3.52,4.118,11.768
1645031553982,4.118,5.109,11.582
1645031553992,4.177,5.903,11.395
1645031554002,3.461,6.129,11.65
1645031554012,2.5,5.962,12.69
1645031554025,1.52,5.354,14.151
1645031554032,0.941,4.579,15.23
1645031554043,0.833,3.991,15.612
1645031554052,1.01,3.589,15.602
1645031554062,1.412,3.608,15.426
1645031554072,1.961,4.118,15.043
1645031554086,2.128,4.844,13.631
1645031554092,1.765,5.609,11.817
1645031554103,0.961,6.178,10.238
1645031554112,0.225,6.531,9.11
1645031554122,-0.186,6.658,8.953
1645031554132,-0.088,6.403,9.64
1645031554146,0.402,5.737,12.18
1645031554152,1.098,4.903,12.16
1645031554163,2.314,3.246,13.867
1645031554172,2.608,3.246,13.876
1645031554183,2.657,2.353,13.268
1645031554192,2.432,2.216,12.013
1645031554206,2.039,2.294,10.64
1645031554213,1.637,2.422,9.297
1645031554222,1.333,2.569,8.345
1645031554232,1.137,2.657,7.659
1645031554245,1.029,2.657,7.11
1645031554257,1.108,2.589,6.707
1645031554265,1.333,2.481,6.521
1645031554272,1.608,2.432,6.541
1645031554283,1.814,2.304,6.629
1645031554292,1.833,2.216,6.688
1645031554303,1.726,2.216,6.747
1645031554312,1.588,2.255,6.698
1645031554325,1.5,2.334,6.521
1645031554332,1.451,2.402,6.462
1645031554343,1.5,2.451,6.766
1645031554352,1.402,2.461,7.345
1645031554363,1.167,2.49,8.237
1645031554372,0.813,2.598,9.11
1645031554386,0.598,2.775,9.552
1645031554393,0.451,3.128,9.453
1645031554403,0.372,3.658,8.993
1645031554412,0.107,4.138,8.267
1645031554423,-0.578,4.334,7.816
1645031554432,-1.265,4.432,8.159
1645031554446,-1.471,4.501,9.169
1645031554452,-1.627,4.197,10.944
1645031554462,-1.99,3.324,13.229
1645031554472,-2.186,2.245,15.23
1645031554483,-1.882,1.441,16.613
1645031554492,-1.108,1.068,17.034
1645031554506,-0.509,0.902,16.426
1645031554513,-0.235,0.843,14.965
1645031554523,-0.186,0.941,13.16
1645031554532,-0.176,1.157,11.464
1645031554543,-0.196,1.304,10.218
1645031554552,-0.156,1.372,9.601
1645031554566,0.0,1.402,9.924
1645031554572,0.058,1.49,9.905
1645031554583,-0.088,1.559,10.307
1645031554592,-0.088,1.559,10.307
1645031554603,-0.48,1.588,10.179
1645031554613,-0.637,1.627,10.16
1645031554630,-0.676,1.618,10.003
1645031554634,-0.706,1.608,9.826
1645031554643,-0.686,1.559,9.748
1645031554652,-0.529,1.471,9.512
1645031554663,-0.215,1.471,9.238
1645031554672,0.196,1.461,8.836
1645031554686,0.598,1.529,8.335
1645031554693,0.853,1.618,7.835
1645031554703,0.912,1.706,7.639
1645031554712,0.813,1.843,7.669
1645031554724,0.647,1.99,7.698
1645031554740,0.5,2.039,7.59
1645031554754,0.362,2.088,7.482
1645031554758,-0.078,2.265,6.472
1645031554763,-0.078,2.265,6.472
1645031554776,-0.078,2.373,6.806
1645031554782,-0.215,2.461,7.168
1645031554792,-0.372,2.451,7.521
1645031554804,-0.519,2.383,8.08
1645031554812,-0.617,2.304,8.806
1645031554822,-0.706,2.235,9.542
1645031554832,-0.706,2.235,10.326
1645031554841,-0.617,2.314,10.836
1645031554852,-0.48,2.451,11.062
1645031554864,-0.274,2.628,11.336
1645031554872,-0.245,2.745,11.483
1645031554881,-0.254,2.736,11.67
1645031554892,-0.009,2.696,12.052
