1645117983810,3.8397766E-4,-0.0013788289,-0.0028274718
1645117983826,6.8068766E-4,-0.0016406318,-0.0031067284
1645117983837,7.505018E-4,-0.0044855573,-0.008796579
1645117983849,7.505018E-4,-0.0044855573,-0.008796579
1645117983854,1.3962825E-4,-5.9342E-4,0.0018326206
1645117983864,1.3962825E-4,-5.9342E-4,0.0018326206
1645117983870,-0.0019198883,-0.0021991448,0.002007156
1645117983885,-0.0033685314,-0.0046251854,-9.773977E-4
1645117983890,-0.004415743,4.188847E-4,0.012863251
1645117983901,-0.0057771183,-0.002042063,0.009931059
1645117983910,-0.0062483638,0.0025307618,0.024417488
1645117983920,-0.0062309103,0.0038746838,0.031782877
1645117983933,-0.006126189,-2.792565E-4,0.025290165
1645117983943,-0.0053582336,-0.0056898505,0.014748232
1645117983950,-0.0036477877,-0.010733921,0.0042935684
1645117983962,-0.0017977136,-0.012653809,8.203159E-4
1645117983970,3.490706E-5,-0.010664107,0.006265817
1645117983981,3.490706E-4,-0.015638363,-0.00445065
1645117983990,1.745353E-5,-0.020106466,-0.013805742
1645117984003,-4.188847E-4,-0.017226635,-0.007609739
1645117984011,-0.0017977136,-0.015900167,-0.004939349
1645117984020,-0.0047648135,-0.029060127,-0.035919365
1645117984031,-0.004852081,-0.032044683,-0.04661838
1645117984040,-0.0020944236,-0.0060040145,0.002007156
1645117984050,0.0010123047,0.008936208,0.01898944
1645117984065,0.006981412,0.030683305,0.042708788
1645117984070,0.004799721,-0.015987433,-0.09845536
1645117984081,0.0068068765,-0.012304739,-0.1231172
1645117984090,0.0064054453,-0.01507985,-0.15936819
1645117984101,0.004223754,-0.03050877,-0.21579544
1645117984111,0.0035954271,-0.036058992,-0.23796143
1645117984123,0.0013090147,-0.022567414,-0.2012392
1645117984130,0.005532769,0.018204032,-0.086464785
1645117984140,0.0015882712,-0.059115104,-0.23200977
1645117984150,0.0019897025,-0.10500044,-0.29587224
1645117984162,0.006353085,-0.11836984,-0.2936382
1645117984170,0.011728772,-0.11754952,-0.27461383
1645117984184,0.028658696,-0.07025046,-0.15509206
1645117984190,0.040753994,-0.061506238,-0.12472293
1645117984201,0.05478663,-0.075992666,-0.17050353
1645117984211,0.065764904,-0.08478925,-0.24522209
1645117984220,0.07559124,-0.036949124,-0.19172703
1645117984231,0.0803386,-0.03881665,-0.22848415
1645117984245,0.07913431,-0.043284755,-0.2582948
1645117984250,0.075521424,0.0075573786,-0.1075312
1645117984261,0.050894495,-0.16043285,-0.38240683
1645117984270,0.047351427,-0.19919714,-0.3673619
1645117984280,0.05681124,-0.20900603,-0.3407627
1645117984290,0.06852256,-0.22230561,-0.4177677
1645117984303,0.09395235,-0.14119905,-0.3724234
1645117984311,0.11030631,-0.22574395,-0.7503971
1645117984320,0.13484597,-0.15664543,-0.81380576
1645117984330,0.12381534,-0.16167204,-1.0423074
1645117984340,0.073706254,-0.03134654,-0.9203421
1645117984350,-0.033912208,0.19361201,-0.60699886
1645117984364,-0.186107,0.41984466,-0.28840214
1645117984370,-0.3361899,0.6618902,0.14797103
1645117984380,-0.4546819,0.9055066,0.70288855
1645117984390,-0.5297495,1.0320622,1.0231085
1645117984400,-0.5565756,1.0033511,0.98132473
1645117984410,-0.5343747,1.0526572,1.1413387
1645117984423,-0.45295402,0.8938825,0.81406754
1645117984430,-0.34900078,0.754743,0.5673444
1645117984440,-0.24483812,0.6575792,0.48286936
1645117984450,-0.15655817,0.5087879,0.35486516
1645117984460,-0.11067283,0.3749542,0.32407716
1645117984470,-0.10819443,0.21144952,0.20432848
1645117984483,-0.15634872,0.21392791,0.44429705
1645117984490,-0.2395148,0.37083516,1.0026878
1645117984500,-0.35010037,0.54446286,1.5256829
1645117984510,-0.44103324,0.518108,1.486744
1645117984520,-0.5230823,0.6180295,1.7592635
1645117984530,-0.5797888,0.6911423,1.9772056
1645117984543,-0.6229514,0.6528493,1.9295925
1645117984550,-0.6627629,0.66573,2.0588357
1645117984560,-0.68752944,0.6376473,2.1336765
1645117984570,-0.7024871,0.63956714,2.331652
1645117984580,-0.7019461,0.47119296,2.0512261
1645117984590,-0.6920499,0.29280043,1.7499782
1645117984612,-0.67477095,0.19246008,1.6940047
1645117984613,-0.67477095,0.19246008,1.6940047
1645117984613,-0.67477095,0.19246008,1.6940047
1645117984613,-0.648643,0.09817611,1.6625534
1645117984621,-0.6189371,-0.020856969,1.528266
1645117984630,-0.5979056,-0.089484245,1.4710184
1645117984640,-0.58280826,-0.1139541,1.4044507
1645117984652,-0.5632778,-0.01928615,1.5824941
1645117984663,-0.537656,0.08140326,1.6701632
1645117984671,-0.5001134,0.14557989,1.5897548
1645117984680,-0.45183697,0.16914216,1.4652587
1645117984690,-0.39073217,0.12823108,1.2246794
1645117984701,-0.32791692,0.07991971,1.0736364
1645117984710,-0.27025047,-0.0049568024,0.8928528
1645117984724,-0.21193822,-0.07426477,0.8133345
1645117984730,-0.15481281,-0.16383629,0.6394101
1645117984741,-0.09475522,-0.20537569,0.5165023
1645117984750,-0.020577712,-0.17109695,0.5036565
1645117984761,0.060476482,-0.10520988,0.51397157
1645117984770,0.11658958,-0.1033598,0.21373592
1645117984787,0.17380226,-0.009669255,0.2346278
1645117984791,0.21282834,0.07152457,0.23008989
1645117984802,0.25792825,0.1391919,0.15975216
1645117984810,0.27894232,0.15542369,0.031625796
1645117984822,0.27405533,0.13681822,-0.033493325
1645117984830,0.27295575,0.11369229,0.04206301
1645117984846,0.27854088,0.059150014,0.11751462
1645117984850,0.28049567,0.003193996,0.24599005
1645117984862,0.26065102,-0.12570032,0.1112488
1645117984870,0.24530937,-0.2247491,0.0041539404
1645117984882,0.24717689,-0.24873026,0.07969282
1645117984890,0.24902697,-0.21254909,0.26548564
1645117984907,0.22209617,-0.20947726,0.22780347
1645117984911,0.19012131,-0.19050528,0.17315647
1645117984922,0.1730343,-0.12501964,0.28012916
1645117984930,0.15772755,-0.085504845,0.30604765
1645117984942,0.14886115,0.0014311895,0.44408762
1645117984950,0.1557204,0.116257966,0.6220089
1645117984967,0.15580766,0.17593159,0.64668816
1645117984971,0.13304827,0.12170346,0.37045118
1645117984982,0.12891178,0.1272886,0.36296362
1645117984990,0.13304827,0.1097478,0.33678332
1645117985002,0.13207085,0.0660267,0.2760276
1645117985021,0.13207085,0.0660267,0.2760276
1645117985029,0.11517584,0.040055852,0.19441487
1645117985031,0.10376123,0.072344884,0.26248363
1645117985041,0.09885679,0.09897897,0.3033947
1645117985050,0.08903046,0.075119995,0.18577537
1645117985061,0.07435204,0.04958548,0.0365826
1645117985070,0.06028449,0.057195216,0.0032463565
1645117985084,0.050859585,0.07532944,0.0627978
1645117985090,0.048817523,0.18153417,0.4284667
1645117985103,0.016493585,0.13550921,0.35566804
1645117985110,0.0038397766,0.18530414,0.58446634
1645117985120,-0.024016058,0.15556331,0.5239375
1645117985132,-0.045623526,0.14409634,0.49538353
1645117985146,-0.045623526,0.14409634,0.49538353
1645117985150,-0.042167727,0.1614626,0.5750938
1645117985161,-0.03307444,0.15961254,0.5944847
1645117985170,-0.036774587,0.06579981,0.30882275
1645117985180,-0.019774849,-0.006353085,0.09369055
1645117985190,0.032899905,0.0010821188,0.15329435
1645117985203,0.07822672,-0.038991187,0.07960555
1645117985210,0.11318614,-0.12772493,-0.16013613
1645117985221,0.16825204,-0.11315124,-0.08990313
1645117985230,0.22754167,-0.06511912,0.07080897
1645117985241,0.26215202,-0.087005846,0.0096518025
1645117985250,0.29632604,-0.07793001,0.060057595
1645117985264,0.3009163,-0.17460512,-0.16132298
1645117985270,0.2935509,-0.29569772,-0.4445065
1645117985281,0.29897895,-0.3248451,-0.45902783
1645117985290,0.2793612,-0.38973734,-0.5972947
1645117985301,0.26098263,-0.39380398,-0.5844838
1645117985310,0.2222707,-0.41743606,-0.6453617
1645117985326,0.18773016,-0.40268785,-0.63017714
1645117985330,0.13425255,-0.43300462,-0.742351
1645117985342,0.08594118,-0.45162755,-0.82679117
1645117985350,0.062099658,-0.41206038,-0.7527882
1645117985362,0.038869012,-0.36451697,-0.66435117
1645117985370,0.0051138843,-0.3638363,-0.7309015
1645117985386,-0.028711056,-0.37685663,-0.8568287
1645117985390,-0.03588446,-0.31386682,-0.76175934
1645117985402,-0.049428396,-0.30913693,-0.7980452
1645117985410,-0.05033598,-0.264037,-0.69564533
1645117985422,-0.053180907,-0.26209965,-0.6624313
1645117985430,-0.06962213,-0.31491405,-0.77540797
1645117985446,-0.060685925,-0.27512,-0.6173139
1645117985450,-0.05707304,-0.27429968,-0.5749018
1645117985462,-0.07555633,-0.34372982,-0.7122611
1645117985470,-0.09053146,-0.4271577,-0.90695524
1645117985482,-0.06278035,-0.39814994,-0.78870755
1645117985491,-0.044855572,-0.44361636,-0.876429
1645117985507,-0.01726154,-0.44340694,-0.84740376
1645117985511,-0.020455537,-0.5422463,-1.0873026
1645117985522,-0.01888472,-0.6184484,-1.2310324
1645117985530,0.008971115,-0.586107,-1.0502487
1645117985542,-0.0024434943,-0.668156,-1.1816738
1645117985550,-0.009669255,-0.7202199,-1.2616982
1645117985566,-0.02274195,-0.7471507,-1.362824
1645117985571,-0.0033859848,-0.63394713,-1.1210576
1645117985582,-0.017296448,-0.58481544,-1.0708787
1645117985591,-0.061087355,-0.547971,-1.1078453
1645117985608,-0.061087355,-0.547971,-1.1078453
1645117985614,-0.2128458,-0.3801728,-1.0075574
1645117985627,-0.30222532,-0.36570382,-1.0876865
1645117985631,-0.33135527,-0.21871018,-0.714373
1645117985641,-0.37474474,-0.16547692,-0.52056897
1645117985650,-0.39671874,-0.13425255,-0.30812463
1645117985661,-0.44670564,-0.25928965,-0.4688542
1645117985670,-0.46826077,-0.37359282,-0.55877477
1645117985685,-0.4757134,-0.47592285,-0.6552055
1645117985690,-0.47801727,-0.6031242,-0.8705995
1645117985701,-0.4479623,-0.6629898,-0.93598044
1645117985710,-0.45827734,-0.80294967,-1.310254
1645117985734,-0.45827734,-0.80294967,-1.310254
1645117985735,-0.42193907,-0.84373856,-1.6150799
1645117985801,-0.4470547,-0.93187886,-2.01597
1645117985802,-0.41096082,-0.8680513,-1.999808
1645117985803,-0.3672397,-0.7791081,-1.918108
1645117985804,-0.32140675,-0.7052273,-1.8692032
1645117985805,-0.32140675,-0.7052273,-1.8692032
1645117985805,-0.32140675,-0.7052273,-1.8692032
1645117985806,-0.32140675,-0.7052273,-1.8692032
1645117985818,-0.3047037,-0.82727987,-2.2858713
1645117985819,-0.29887426,-0.8879134,-2.442028
1645117985822,-0.29887426,-0.8879134,-2.442028
1645117985833,-0.24187101,-0.90664107,-2.2714024
1645117985840,-0.26428136,-0.99712014,-2.4218693
1645117985850,-0.27806965,-1.0102801,-2.4105244
1645117985871,-0.28560957,-0.9496291,-2.2576663
1645117985871,-0.28560957,-0.9496291,-2.2576663
1645117985872,-0.29856008,-0.8381709,-2.045065
1645117985881,-0.29856008,-0.8381709,-2.045065
1645117985890,-0.43855485,-0.8224278,-2.3155599
1645117985900,-0.4818047,-0.79973817,-2.413544
1645117985913,-0.4862728,-0.7378829,-2.3890567
1645117985923,-0.51716554,-0.7743608,-2.5996335
1645117985931,-0.49737325,-0.73128545,-2.5332751
1645117985943,-0.46923816,-0.68351513,-2.4254298
1645117985950,-0.39509556,-0.57053846,-2.0662537
1645117985963,-0.36081684,-0.5516886,-1.9441313
1645117985970,-0.35446373,-0.5929488,-1.9886029
1645117985987,-0.35446373,-0.5929488,-1.9886029
1645117985993,-0.3345318,-0.6511738,-1.9869971
1645117986000,-0.39219826,-0.7913605,-2.3582685
1645117986015,-0.41031504,-0.8270879,-2.4455364
1645117986021,-0.42401606,-0.8379265,-2.4827123
1645117986032,-0.40705124,-0.7723885,-2.3070774
1645117986052,-0.3858103,-0.7026617,-2.1194346
1645117986053,-0.3858103,-0.7026617,-2.1194346
1645117986053,-0.36437735,-0.6465311,-1.9516363
1645117986066,-0.3670652,-0.66552055,-1.9928092
1645117986070,-0.31468713,-0.58848065,-1.7320534
1645117986082,-0.31468713,-0.58848065,-1.7320534
1645117986096,-0.2591151,-0.5278471,-1.5355616
1645117986104,-0.24340692,-0.5020159,-1.4928702
1645117986118,-0.24340692,-0.5020159,-1.4928702
1645117986123,-0.26300725,-0.5330308,-1.6752771
1645117986132,-0.2766559,-0.5568723,-1.7740815
1645117986144,-0.25597346,-0.5376909,-1.7011257
1645117986150,-0.2645955,-0.5822323,-1.8253425
1645117986166,-0.22457457,-0.52489746,-1.648835
1645117986170,-0.19671874,-0.49185792,-1.5743258
1645117986181,-0.18287809,-0.47213542,-1.5750589
1645117986192,-0.1510603,-0.39246008,-1.4235448
1645117986201,-0.15661052,-0.36069465,-1.441295
1645117986211,-0.14530064,-0.2907758,-1.3289118
1645117986229,-0.17423859,-0.33226284,-1.5046165
1645117986231,-0.17423859,-0.33226284,-1.5046165
1645117986246,-0.1790034,-0.27677807,-1.3453879
1645117986250,-0.18102801,-0.24921896,-1.2381883
1645117986263,-0.19869098,-0.24569334,-1.1844664
1645117986273,-0.21207784,-0.21314251,-1.0491316
1645117986284,-0.23061348,-0.20539314,-0.9513745
1645117986295,-0.20396195,-0.11632778,-0.5808884
1645117986301,-0.20734793,-0.123728074,-0.4973209
1645117986312,-0.20734793,-0.123728074,-0.4973209
1645117986326,-0.19689327,-0.18005061,-0.42459202
1645117986330,-0.17048608,-0.1443407,-0.24742123
1645117986346,-0.14294441,-0.10821188,-0.12695698
1645117986350,-0.13173924,-0.09374291,-0.12828344
1645117986361,-0.12027228,-0.070843875,-0.13823196
1645117986373,-0.08279955,0.00504407,0.039270442
1645117986381,-0.04059691,0.08815778,0.28231084
1645117986390,-0.03358059,0.08524304,0.29749542
1645117986404,-0.036949124,0.053407803,0.2543852
1645117986411,-0.0102801295,0.08309626,0.43389475
1645117986423,-0.0040317653,0.072117984,0.46508422
1645117986431,0.024330221,0.105105154,0.6241208
1645117986443,0.0,0.026477005,0.3791954
1645117986451,0.049166594,0.09794921,0.59689325
1645117986467,0.09655293,0.17692643,0.78231955
1645117986472,0.13540448,0.22982809,0.8502487
1645117986483,0.16596562,0.26454315,0.8385897
1645117986491,0.1819356,0.2805306,0.7529627
1645117986503,0.19123833,0.2973558,0.6682084
1645117986511,0.15989178,0.22899032,0.33639935
1645117986526,0.18685749,0.30765337,0.48346278
1645117986531,0.19692817,0.3676935,0.5934375
1645117986543,0.15573785,0.33898246,0.40858713
1645117986551,0.12416441,0.34044856,0.30714723
1645117986563,0.12084824,0.35561568,0.28821015
1645117986571,0.12943538,0.3685662,0.29990402
1645117986587,0.13414784,0.41022778,0.42153767
1645117986593,0.1283009,0.45319837,0.6058993
1645117986610,0.1139541,0.4823632,0.84386075
1645117986612,0.1139541,0.4823632,0.84386075
1645117986626,0.07798237,0.585531,1.6050441
1645117986631,0.049009513,0.6622393,2.0403001
1645117986645,0.014905315,0.7571865,2.4901824
1645117986651,-0.024295313,0.8253774,2.8105593
1645117986662,-0.0768828,0.8172615,2.8716292
1645117986674,-0.08468453,0.8777729,3.1342
1645117986682,-0.08634261,0.92681736,3.3052273
1645117986691,-0.06628851,0.96430755,3.4204032
1645117986708,-0.042394623,0.9442185,3.3790383
1645117986713,-0.042394623,0.9442185,3.3790383
1645117986724,0.12912121,0.8923641,3.4438956
1645117986731,0.20584694,0.8169648,3.2760625
1645117986743,0.28681386,0.74788374,3.0982983
1645117986751,0.3298717,0.62211365,2.6549263
1645117986767,0.39249498,0.5737499,2.4004014
1645117986772,0.39249498,0.5737499,2.4004014
1645117986783,0.39666638,0.42949647,1.4602845
1645117986791,0.407889,0.48023388,1.3460337
1645117986803,0.36926433,0.4380138,0.9672746
1645117986811,0.3658958,0.4869884,0.969404
1645117986849,0.3658958,0.4869884,0.969404
1645117986850,0.3658958,0.4869884,0.969404
1645117986850,0.3658958,0.4869884,0.969404
1645117986851,0.25885332,0.3025395,0.2477005
1645117986852,0.20799372,0.2069465,-0.013474125
1645117986852,0.14893097,0.10058469,-0.2727987
1645117986862,0.16456933,0.20216423,0.19577624
1645117986870,0.21984467,0.42630246,1.1089449
1645117986900,0.22623266,0.53311807,1.6512436
1645117986903,0.22623266,0.53311807,1.6512436
1645117986903,0.22623266,0.53311807,1.6512436
1645117986904,0.23474997,0.65515316,2.2683306
1645117986905,0.18409984,0.6150275,2.387678
1645117986910,0.13088402,0.5238677,2.3828082
1645117986921,0.08613317,0.43131164,2.3597696
1645117986930,0.038903918,0.31191203,2.1859498
1645117986945,0.05354743,0.31978357,2.3840997
1645117986950,0.04345929,0.25476918,2.225744
1645117986961,0.108578406,0.34194955,2.48643
1645117986970,0.050510515,0.17788638,1.7199407
1645117986981,6.283271E-4,0.027367136,0.9062396
1645117986990,0.012008029,-0.019617768,0.44553626
1645117987006,0.09285278,0.057265032,0.44658348
1645117987011,0.13262938,0.067039005,0.22542979
1645117987022,0.08911772,-0.09334148,-0.5523344
1645117987030,0.0763941,-0.18615936,-1.0465137
1645117987042,0.080827296,-0.2269308,-1.3222619
1645117987050,0.07531198,-0.27089623,-1.6005759
1645117987066,0.083689675,-0.27967536,-1.7243041
1645117987071,0.114303164,-0.2341391,-1.6497774
1645117987082,0.116257966,-0.25476918,-1.8003839
1645117987090,0.09625622,-0.34945458,-2.1753905
1645117987109,0.09625622,-0.34945458,-2.1753905
1645117987121,0.12477528,-0.55746573,-2.70521
1645117987131,0.12477528,-0.55746573,-2.70521
1645117987133,0.25852168,-0.5424208,-2.2484162
1645117987141,0.30901474,-0.54903567,-2.0288157
1645117987150,0.312488,-0.60785407,-1.967135
1645117987161,0.29384762,-0.6345754,-1.8428833
1645117987170,0.24232481,-0.6738808,-1.7633824
1645117987184,0.15896675,-0.7402217,-1.7421939
1645117987190,0.12098787,-0.59029585,-1.1343224
1645117987201,0.0778602,-0.3723536,-0.31641504
1645117987211,0.037210926,-0.14798848,0.4970416
1645117987222,0.002303866,0.04169648,1.1965965
1645117987231,-0.03865957,0.12952265,1.6124269
1645117987246,-0.033842396,0.23581465,2.0811415
1645117987250,-0.03080548,0.29395235,2.3352475
1645117987262,-0.04780522,0.27326992,2.27608
1645117987271,-0.07164674,0.20069814,1.9502225
1645117987282,0.011658958,0.33278647,2.1321232
1645117987290,0.024330221,0.31753206,1.7850947
1645117987306,0.016022341,0.24722925,1.2539837
1645117987310,-0.0016929924,0.14472467,0.6652413
1645117987322,-0.034331094,0.023195742,0.0655031
1645117987330,-0.05824243,-0.08072258,-0.4494982
1645117987342,-0.059167467,-0.12852779,-0.7617419
1645117987350,0.005428048,-0.02145039,-0.60846496
1645117987366,0.030840388,-5.236059E-4,-0.69946766
1645117987371,0.026285017,-0.04661838,-0.9693865
1645117987382,-0.02991535,-0.23595427,-1.6310847
1645117987390,-0.056357447,-0.35034472,-2.0662363
1645117987402,-0.09274806,-0.4827821,-2.5397854
1645117987410,-0.05304128,-0.38420457,-2.3323326
1645117987426,-0.07168165,-0.43841523,-2.5393665
1645117987430,-0.0073653897,-0.23495942,-1.9477267
1645117987442,0.06358321,0.008517323,-1.1862816
1645117987450,0.042010646,-0.011955668,-1.081124
1645117987462,0.020490443,-0.00445065,-0.79650927
1645117987471,0.0178026,0.06895889,-0.25754428
1645117987486,0.115315475,0.4363906,1.1606073
1645117987490,0.1323152,0.53282136,1.8046601
1645117987502,0.009581988,0.20617855,1.2280129
1645117987510,-0.019914478,0.115228206,1.2819269
1645117987522,-0.055013526,0.01839602,1.2113796
1645117987530,-0.06857492,0.006021468,1.2871455
1645117987546,0.14566717,0.5409722,2.8792565
1645117987550,0.22127585,0.7364168,3.4031765
1645117987562,0.21441662,0.72659045,3.2573173
1645117987571,0.01794223,0.2927306,1.7718126
1645117987582,0.084475085,0.41839603,1.9443581
1645117987590,0.16404572,0.5800855,2.22817
1645117987607,0.15734357,0.5636967,1.9673969
1645117987629,0.15734357,0.5636967,1.9673969
1645117987630,0.16797277,0.5739942,1.807854
1645117987631,0.19141287,0.5946767,1.7219304
1645117987642,0.10971289,0.35259622,0.7517933
1645117987650,0.16006632,0.42413822,0.8438433
1645117987665,0.19792303,0.4761323,0.8549961
1645117987670,0.15530151,0.3320534,0.28286937
1645117987681,0.13310061,0.25325072,-0.0867964
1645117987690,0.12200017,0.18050441,-0.4236321
1645117987701,0.11557727,0.124042235,-0.6896064
1645117987710,-0.13339733,-0.6111179,-2.9220002
1645117987753,-0.13339733,-0.6111179,-2.9220002
1645117987754,-0.13339733,-0.6111179,-2.9220002
1645117987756,-0.13339733,-0.6111179,-2.9220002
1645117987760,-0.13339733,-0.6111179,-2.9220002
1645117987761,-0.28159526,-1.1366436,-4.3975043
1645117987761,-0.28159526,-1.1366436,-4.3975043
1645117987761,-0.28159526,-1.1366436,-4.3975043
1645117987762,-0.1436949,-0.68667424,-2.5899816
1645117987812,-0.26913342,-1.0340867,-3.2356052
1645117987814,-0.069011256,-0.35322455,-0.95273584
1645117987815,0.39193648,1.0893272,3.5043721
1645117987816,0.39193648,1.0893272,3.5043721
1645117987817,0.3302208,0.9905053,3.4921024
1645117987832,0.07506763,0.39949384,2.0440526
1645117987833,0.07506763,0.39949384,2.0440526
1645117987877,0.10641417,0.5147046,2.4021118
1645117987878,0.10641417,0.5147046,2.4021118
1645117987878,0.10641417,0.5147046,2.4021118
1645117987878,0.10641417,0.5147046,2.4021118
1645117987879,0.10641417,0.5147046,2.4021118
1645117987879,-0.20829043,-0.15524915,0.021851819
1645117987880,-0.20829043,-0.15524915,0.021851819
1645117987880,-0.20829043,-0.15524915,0.021851819
1645117987880,-0.20970416,-0.13395584,-0.0039619515
1645117987891,-0.29534864,-0.30702505,-0.62834454
1645117987903,-0.49485993,-0.76060736,-2.0817873
1645117987910,-0.40760973,-0.5701545,-1.5467842
1645117987921,-0.4521686,-0.70836896,-2.045292
1645117987930,-0.63712364,-1.1734881,-3.5720394
1645117987941,-0.83740294,-1.6936731,-5.265189
1645117987950,-0.9567152,-2.0556767,-6.49212
1645117987964,-0.85991794,-1.9111615,-6.182948
1645117987973,-1.0442272,-2.4350815,-7.9883237
1645117987980,-1.0553626,-2.5412166,-8.527515
1645117987991,-1.0610698,-2.6582947,-9.094686
1645117988000,-1.0453618,-2.7308667,-9.506379
1645117988010,-0.8460773,-2.2664282,-8.229548
1645117988033,-0.66716117,-1.8347151,-6.95038
1645117988034,-0.66716117,-1.8347151,-6.95038
1645117988034,-0.66716117,-1.8347151,-6.95038
1645117988035,-0.4338075,-1.1849725,-4.8356924
1645117988043,-0.4338075,-1.1849725,-4.8356924
1645117988050,-0.11290689,-0.21361375,-1.3837508
1645117988062,0.07002356,0.40041888,0.7331355
1645117988077,0.0793612,0.4900602,1.2436687
1645117988084,0.004904442,0.32371062,0.8978968
1645117988094,0.004904442,0.32371062,0.8978968
1645117988102,0.079727724,0.680356,2.1191552
1645117988114,0.079727724,0.680356,2.1191552
1645117988127,-0.08267737,0.19858627,0.67562616
1645117988131,-0.12346627,0.063059606,0.25143555
1645117988149,-0.12346627,0.063059606,0.25143555
1645117988153,-0.04895715,0.18277337,0.69704163
1645117988161,-0.024487302,0.21043721,0.79315823
1645117988174,-0.015760537,0.20095995,0.7368008
1645117988181,0.038310498,0.33365914,1.0978445
1645117988192,0.012549088,0.24272624,0.73725456
1645117988213,-0.047141984,0.05047561,0.041609216
1645117988214,-0.047141984,0.05047561,0.041609216
1645117988214,-0.102487125,-0.13894755,-0.62192166
1645117988223,-0.13791779,-0.2895017,-1.1402915
1645117988230,-0.08093202,-0.15664543,-0.7783227
1645117988243,-0.06698665,-0.15528406,-0.8303691
1645117988251,-0.05902784,-0.159438,-0.8889781
1645117988265,-0.072519414,-0.21534166,-1.0968845
1645117988275,-0.031573437,-0.07061698,-0.6291125
1645117988281,-0.030020071,-0.04696745,-0.47014573
1645117988293,-0.038903918,-0.036652412,-0.30463392
1645117988304,-0.05894057,-0.08283445,-0.260843
1645117988311,-0.020839514,0.054838993,0.38710183
1645117988331,-0.020839514,0.054838993,0.38710183
1645117988331,-0.020839514,0.054838993,0.38710183
1645117988331,0.014818047,0.12439131,1.0104197
1645117988342,0.034627803,0.17057335,1.2523955
1645117988352,-0.011850947,0.042254996,0.85515314
1645117988361,-0.019984292,0.027908195,0.76078194
1645117988371,-0.025237804,0.028222358,0.6896239
1645117988388,-0.027576577,0.019111615,0.5665765
1645117988390,-0.028606335,0.013980278,0.45031852
1645117988402,0.013823195,0.10541932,0.6607208
1645117988410,0.012461821,0.062919974,0.43366787
1645117988421,0.011152806,0.019844664,0.19844663
1645117988430,0.0526573,0.09014748,0.31220874
1645117988460,0.071716554,0.095662795,0.22535998
1645117988463,0.071716554,0.095662795,0.22535998
1645117988464,0.071716554,0.095662795,0.22535998
1645117988465,0.113657385,0.17207435,0.33955842
1645117988466,0.12898159,0.16381884,0.20041889
1645117988470,0.1275155,0.10053233,-0.096291125
1645117988482,0.1211275,0.037856705,-0.37423858
1645117988490,0.15013526,0.09234662,-0.24616459
1645117988506,0.13081421,0.03747273,-0.44509992
1645117988510,0.109049655,-0.013212322,-0.6089187
1645117988522,0.11494895,0.056846146,-0.39153504
1645117988532,0.10086395,0.08143817,-0.29524392
1645117988542,0.10086395,0.08143817,-0.29524392
1645117988550,0.075050175,0.20335108,0.15291038
1645117988566,0.04068418,0.2079239,0.23747273
1645117988570,0.023911336,0.25401866,0.48337552
1645117988582,-0.006161096,0.24047473,0.558321
1645117988590,-0.024923641,0.23916572,0.6880356
1645117988603,-0.02017628,0.28964132,0.9902958
1645117988610,0.0050789774,0.34626058,1.3338511
1645117988650,0.0050789774,0.34626058,1.3338511
1645117988651,0.0050789774,0.34626058,1.3338511
1645117988651,0.0050789774,0.34626058,1.3338511
1645117988652,0.0050789774,0.34626058,1.3338511
1645117988652,0.104843356,0.33683568,1.6325508
1645117988653,0.104843356,0.33683568,1.6325508
1645117988654,0.15305,0.36907235,1.7138319
1645117988661,0.1676237,0.2982459,1.4302993
1645117988670,0.18142945,0.23899119,1.163016
1645117988685,0.19307095,0.19860372,0.93467146
1645117988690,0.22804782,0.25113884,1.0062833
1645117988701,0.21747099,0.20158827,0.77109694
1645117988710,0.23176542,0.24373855,0.82851905
1645117988721,0.22604066,0.2506327,0.7948512
1645117988730,0.23469763,0.316991,0.93285626
1645117988749,0.23841523,0.39052272,1.0840563
1645117988753,0.22204381,0.39788812,1.0182215
1645117988762,0.1883934,0.35055414,0.79619515
1645117988770,0.1817436,0.38444892,0.85075486
1645117988782,0.1705908,0.38382056,0.8507199
1645117988790,0.17203945,0.415586,0.96734446
1645117988806,0.16647176,0.40575966,0.9735928
1645117988810,0.15531896,0.37680426,0.9048259
1645117988822,0.14172266,0.352858,0.8461995
1645117988830,0.12863252,0.33627716,0.8283445
1645117988842,0.115682,0.32700935,0.8539663
1645117988850,0.10906711,0.3221747,0.9013352
1645117988866,0.10117811,0.29899642,0.9190505
1645117988870,0.13212322,0.37533817,1.2852954
1645117988882,0.15235186,0.39378655,1.5375687
1645117988890,0.18591501,0.45295402,1.8878262
1645117988902,0.20804608,0.46895888,2.1289291
1645117988910,0.21598743,0.43721092,2.2273672
1645117988926,0.23506415,0.45522296,2.4190068
1645117988930,0.2373331,0.46147132,2.5022776
1645117988942,0.22155511,0.4505105,2.46004
1645117988950,0.19588096,0.44253424,2.364517
1645117988962,0.20851733,0.5440789,2.548617
1645117988970,0.19298369,0.55891436,2.4596038
1645117988986,0.17230125,0.5462606,2.2837245
1645117988990,0.17137621,0.55952525,2.1970155
1645117989002,0.21052448,0.64925385,2.3573437
1645117989010,0.2401082,0.6970067,2.3918667
1645117989022,0.22822236,0.6254647,2.0580156
1645117989030,0.22387643,0.57097477,1.7906798
1645117989046,0.24752596,0.576525,1.7118248
1645117989050,0.25429794,0.5292434,1.4925386
1645117989062,0.2432673,0.42638972,1.0918754
1645117989070,0.24253425,0.33631206,0.73433983
1645117989082,0.24754341,0.2660616,0.4337726
1645117989090,0.23956715,0.18307008,0.07213544
1645117989108,0.23787417,0.1403613,-0.17050353
1645117989132,0.25075486,0.15880966,-0.19659656
1645117989133,0.25075486,0.15880966,-0.19659656
1645117989134,0.261035,0.2103674,-0.03358059
1645117989142,0.19123833,0.123012476,-0.039567154
1645117989150,0.19076708,0.18308753,0.31683394
1645117989165,0.20602147,0.27934375,0.8224452
1645117989170,0.21424209,0.34451523,1.280007
1645117989181,0.20340344,0.3576752,1.6095645
1645117989190,0.21113536,0.41497514,2.026861
1645117989201,0.22935684,0.4830788,2.4222708
1645117989210,0.1774675,0.37774676,2.2393053
1645117989226,0.2059342,0.48854175,2.6036477
1645117989231,0.16802514,0.4600576,2.4667249
1645117989242,0.109049655,0.3979405,2.1702418
1645117989250,0.06255345,0.35081595,1.8882276
1645117989262,0.07953574,0.42743695,1.9569596
1645117989270,0.07307793,0.41474822,1.7696134
1645117989286,0.0506676,0.34748232,1.4293568
1645117989290,0.032323938,0.29105505,1.0795357
1645117989302,0.020560259,0.25346017,0.76662886
1645117989310,0.04658347,0.30688542,0.7497164
1645117989322,0.037123658,0.24338947,0.42368445
1645117989330,0.027559124,0.1275853,-0.032376297
1645117989346,0.020001745,0.02654682,-0.43296972
1645117989350,0.012985426,-0.08744218,-0.83897376
1645117989362,0.111528054,0.031224364,-0.5476743
1645117989370,0.1386683,-0.020403177,-0.7379003
1645117989382,0.11465224,-0.16182913,-1.1611135
1645117989390,0.18457107,-0.00860459,-0.7307444
1645117989406,0.18869011,0.0040666726,-0.66265815
1645117989410,0.16743171,-0.028449254,-0.6652413
1645117989422,0.22511563,0.1636443,0.0034383454
1645117989430,0.2405969,0.26405445,0.4673881
1645117989442,0.20080286,0.20392704,0.5285976
1645117989450,0.17861943,0.20202461,0.76968324
1645117989466,0.16645432,0.2571254,1.156401
1645117989470,0.13922681,0.27744132,1.4264596
1645117989482,0.10932891,0.3024173,1.6602845
1645117989490,0.09316694,0.35509208,1.8994328
1645117989502,0.105105154,0.45511824,2.2270007
1645117989510,0.13420019,0.56099135,2.5178812
1645117989526,0.055589493,0.38734618,1.9642028
1645117989531,0.024173139,0.30988744,1.6564447
1645117989542,0.04801466,0.342159,1.650109
1645117989550,-0.018727638,0.1965442,1.0854524
1645117989562,-0.028728511,0.16261454,0.84550136
1645117989570,0.038101055,0.30683306,1.121302
1645117989586,0.07073916,0.38485032,1.191378
1645117989591,-0.0016755388,0.23864211,0.5889345
1645117989602,-0.010157955,0.22363208,0.37926522
1645117989610,-0.11985339,-0.034243826,-0.5431713
1645117989634,-0.09428397,-0.03392966,-0.6650144
1645117989642,-0.09428397,-0.03392966,-0.6650144
1645117989653,-0.20500916,-0.35366088,-1.754935
1645117989654,-0.20500916,-0.35366088,-1.754935
1645117989656,-0.44768304,-1.0985601,-4.1864038
1645117989661,-0.45127848,-1.1860895,-4.523309
1645117989670,-0.52849287,-1.4818047,-5.4281874
1645117989681,-0.53690547,-1.5126102,-5.519487
1645117989690,-0.76662886,-2.2047997,-7.407854
1645117989705,-0.9745004,-2.8412251,-9.040562
1645117989710,-0.85489136,-2.5274107,-7.958513
1645117989728,-0.85489136,-2.5274107,-7.958513
1645117989742,-0.99856883,-2.9214242,-8.76429
1645117989743,-1.072118,-3.0873723,-8.987852
1645117989752,-0.9222096,-2.595235,-7.202897
1645117989775,-0.9222096,-2.595235,-7.202897
1645117989775,-1.0823632,-2.9377258,-8.098368
1645117989780,-0.97607124,-2.5232568,-6.9465575
1645117989793,-0.9632952,-2.4741426,-6.8116937
1645117989800,-0.9640457,-2.4780695,-6.8240857
1645117989810,-0.96401083,-2.4786456,-6.826826
1645117989825,-1.1854961,-2.9405882,-8.308963
1645117989830,-1.3756174,-3.3736103,-9.7127495
1645117989841,-1.6885418,-4.1273236,-12.124322
1645117989850,-1.5528929,-3.7924252,-11.29835
1645117989860,-1.0380836,-2.5210228,-7.6559386
1645117989872,-0.32290775,-0.7341827,-2.4787679
1645117989883,-0.023440091,-0.027751112,-0.5148791
1645117989890,0.35371324,0.8797277,2.0760975
1645117989901,0.5627193,1.3541322,3.3769612
1645117989910,0.59092414,1.3681473,3.3328738
1645117989923,0.59092414,1.3681473,3.3328738
1645117989930,0.47206563,0.9939611,2.1724584
1645117989946,0.47206563,0.9939611,2.1724584
1645117989952,0.190418,0.18413474,-0.053337988
1645117989961,0.085749194,-0.09901387,-0.76141024
1645117989974,0.059760887,-0.13161707,-0.68745965
1645117989981,0.053495068,-0.05977834,-0.30442446
1645117989991,-0.015882712,-0.18973732,-0.48028624
1645117990012,-0.087250195,-0.30226022,-0.601693
1645117990012,-0.087250195,-0.30226022,-0.601693
1645117990013,0.00795881,0.107147224,0.75163627
1645117990024,-0.043860722,0.06342613,0.7995986
1645117990030,-0.118649095,-0.09958984,0.5136399
1645117990040,-0.048817523,0.12864996,1.316799
1645117990055,-0.034941968,0.20418885,1.6247666
1645117990064,0.12446112,0.6313465,2.896099
1645117990073,-0.027332228,0.2761672,1.7323501
1645117990081,-0.26244873,-0.26588708,-0.05192425
1645117990091,-0.22879833,-0.17347063,-0.0033510777
1645117990104,-0.08925735,0.1760363,0.8209617
1645117990110,-0.07459639,0.19287896,0.6575094
1645117990139,-0.07459639,0.19287896,0.6575094
1645117990142,-0.07459639,0.19287896,0.6575094
1645117990143,-0.07459639,0.19287896,0.6575094
1645117990143,0.2774064,0.93194866,2.5214067
1645117990144,0.24886988,0.75914127,1.8788899
1645117990153,0.32032463,0.84857315,2.0784013
1645117990161,0.37034646,0.9101667,2.2335632
1645117990173,0.37034646,0.9101667,2.2335632
1645117990188,0.66759753,1.5018413,4.1098876
1645117990191,0.72365826,1.5777642,4.395078
1645117990205,0.71198183,1.4787853,4.143189
1645117990210,0.60888386,1.1425605,3.1636095
1645117990224,0.66234404,1.2935858,3.5850773
1645117990232,0.6639672,1.3174099,3.6442099
1645117990243,0.5399773,0.9979929,2.7778516
1645117990255,0.4731303,0.85665417,2.5088403
1645117990261,0.49903134,0.9853739,3.0868838
1645117990274,0.39287895,0.7492451,2.693743
1645117990290,0.451453,0.9544637,3.5770137
1645117990293,0.45681125,1.0259534,4.051959
1645117990307,0.52885944,1.2679466,4.950851
1645117990310,0.39574134,1.0434942,4.4216948
1645117990321,0.38284317,1.0917532,4.604276
1645117990334,0.29210228,0.9925648,4.272467
1645117990341,0.3043023,1.0845972,4.4724145
1645117990350,0.34198448,1.1929313,4.687285
1645117990364,0.23686185,1.0104896,3.971987
1645117990370,0.20537569,0.9508683,3.6301248
1645117990381,0.12528144,0.7606423,2.889973
1645117990391,0.018169126,0.49632603,1.9258574
1645117990403,0.05335544,0.47503272,1.7364342
1645117990411,0.021991448,0.3140239,1.089589
1645117990441,-0.03174797,0.10695523,0.28426564
1645117990442,-0.03174797,0.10695523,0.28426564
1645117990442,-0.03174797,0.10695523,0.28426564
1645117990443,0.039776593,0.15334672,0.2766908
1645117990444,0.14421852,0.26384503,0.48204905
1645117990450,0.15195043,0.19216336,0.10690287
1645117990462,0.102068245,0.03525613,-0.53947115
1645117990470,0.057718825,-0.095488265,-1.0938127
1645117990486,0.085819006,-0.05251767,-1.0861506
1645117990491,0.0877738,-0.03274282,-1.1524042
1645117990502,0.11763679,0.071088225,-0.97158563
1645117990510,0.09735579,0.07663845,-1.0536871
1645117990522,0.039724234,0.009721616,-1.2949996
1645117990530,0.05009163,0.1198883,-0.91999304
1645117990546,0.038624663,0.15650581,-0.64478576
1645117990550,0.014957675,0.1349507,-0.3745004
1645117990562,0.05269221,0.2484161,0.37362772
1645117990570,0.046792913,0.26115716,0.77256304
1645117990582,0.05750938,0.33582336,1.34181
1645117990590,0.034819793,0.3095558,1.5596824
1645117990606,0.06164587,0.38256392,2.0224452
1645117990624,0.10138755,0.45368707,2.3901212
1645117990631,0.10138755,0.45368707,2.3901212
1645117990634,0.07288594,0.3747971,2.153748
1645117990641,0.10545423,0.42193907,2.026477
1645117990650,0.11857928,0.45293656,1.8727987
1645117990665,0.08719783,0.39172703,1.3919713
1645117990670,0.10032289,0.4131076,1.1754603
1645117990681,0.07637665,0.35933328,0.73879045
1645117990690,0.078052185,0.35483027,0.49958983
1645117990701,0.09735579,0.3764901,0.39520028
1645117990710,0.09187538,0.32915613,0.15198533
1645117990727,0.01864037,0.114931494,-0.5619339
1645117990731,-0.018797452,-0.022637228,-0.9920063
1645117990742,0.029671,0.04054455,-0.76193386
1645117990750,0.06620124,0.07000611,-0.6172092
1645117990762,0.11479187,0.14203683,-0.32365826
1645117990770,0.17184746,0.2511214,0.10990488
1645117990786,0.1713064,0.22714023,0.15887949
1645117990791,0.1732612,0.24054456,0.34687147
1645117990802,0.1903831,0.30875295,0.7384589
1645117990810,0.12529889,0.15826862,0.48513833
1645117990822,0.10245222,0.15280566,0.6594991
1645117990830,0.062675625,0.10322018,0.6954883
1645117990846,0.014905315,0.027000612,0.621241
1645117990850,-0.017575705,-0.010262676,0.6261628
1645117990862,-0.03984641,-0.024923641,0.6696919
1645117990870,-0.06414172,-0.060790643,0.6053408
1645117990882,-0.07691771,-0.0682433,0.55318964
1645117990891,-0.041155424,0.028641243,0.78462344
1645117990906,-0.025202896,0.06639323,0.78034735
1645117990911,-0.035325944,0.041574307,0.52819616
1645117990922,-0.01562091,0.07546906,0.46494457
1645117990930,-0.0040666726,0.08536521,0.33444455
1645117990942,-0.0019024347,0.081612706,0.14898333
1645117990950,0.03797888,0.15505716,0.2229863
1645117990966,0.044070162,0.13744655,0.077650756
1645117990971,0.068313114,0.12816127,0.038293045
1645117990982,0.11737499,0.18598482,0.23874684
1645117990990,0.16926433,0.26089537,0.49545336
1645117991002,0.21148442,0.3250022,0.70966053
1645117991010,0.20823807,0.29733834,0.62378913
1645117991026,0.20239113,0.31810805,0.64290076
1645117991031,0.1639061,0.28505105,0.50135267
1645117991042,0.12632865,0.26119208,0.4242953
1645117991050,0.113727205,0.29927567,0.5676237
1645117991062,0.07667336,0.27077407,0.56219566
1645117991070,0.0697094,0.2838642,0.7354743
1645117991087,0.020350816,0.16423772,0.52306485
1645117991091,0.015987433,0.1529802,0.6355005
1645117991102,0.021520203,0.16434243,0.7862292
1645117991112,0.0076271924,0.13877302,0.7510079
1645117991134,0.019355964,0.17785147,0.84696746
1645117991134,0.019355964,0.17785147,0.84696746
1645117991157,0.035517935,0.2534078,0.91461736
1645117991157,0.035517935,0.2534078,0.91461736
1645117991160,0.035517935,0.2534078,0.91461736
1645117991161,0.03708875,0.25468192,0.848835
1645117991162,0.026773715,0.20612618,0.6482241
1645117991170,0.019024348,0.14842482,0.44698492
1645117991181,0.059115104,0.20849986,0.63649535
1645117991190,0.0704599,0.19900514,0.6357448
1645117991205,0.063845016,0.15029235,0.50978273
1645117991210,0.04049219,0.07166419,0.25117376
1645117991221,0.05028362,0.09348111,0.25909767
1645117991230,0.067108825,0.13842395,0.3127498
1645117991243,0.10739157,0.2462344,0.53301334
1645117991250,0.10884021,0.25009164,0.4155511
1645117991266,0.11220875,0.24413998,0.26787677
1645117991270,0.10576839,0.20029671,0.058137707
1645117991282,0.12172092,0.19153504,0.0047299066
1645117991290,0.14179248,0.18530414,0.024103325
1645117991302,0.15882713,0.18593246,0.12770748
1645117991310,0.16849639,0.19362946,0.27634174
1645117991326,0.16406319,0.19118597,0.4142421
1645117991331,0.16500567,0.21680775,0.6492364
1645117991342,0.135771,0.17594904,0.6902347
1645117991354,0.12812637,0.20862204,0.9674492
1645117991372,0.12812637,0.20862204,0.9674492
1645117991377,0.13779561,0.30871803,1.4176456
1645117991396,0.06721354,0.26665503,1.5411816
1645117991396,0.06721354,0.26665503,1.5411816
1645117991397,0.06721354,0.26665503,1.5411816
1645117991397,0.03588446,0.2155511,1.4639149
1645117991401,0.07382843,0.3172877,1.8074178
1645117991410,0.098909155,0.37872416,1.9896152
1645117991421,0.059568897,0.26014486,1.5465224
1645117991430,0.082502834,0.2694127,1.4415743
1645117991445,0.10648399,0.29023474,1.322454
1645117991450,0.12744568,0.32060388,1.2017105
1645117991461,0.10431975,0.26632342,0.8066847
1645117991470,0.10100358,0.2602147,0.5509032
1645117991483,0.14078017,0.34678417,0.64504755
1645117991490,0.13784797,0.32097042,0.42516798
1645117991506,0.14133869,0.2934462,0.26445588
1645117991510,0.1258225,0.21083865,0.0035779737
1645117991522,0.13835414,0.18905663,-0.021171132
1645117991531,0.13732438,0.13013352,-0.11962649
1645117991542,0.15399249,0.15507461,0.034976874
1645117991550,0.13235012,0.135771,0.038275592
1645117991566,0.12222707,0.17758967,0.22687843
1645117991570,0.12906885,0.2662187,0.5850772
1645117991582,0.1356663,0.34872153,0.9452657
1645117991590,0.14601623,0.43960205,1.3572563
1645117991602,0.15313727,0.50484335,1.6808448
1645117991610,0.15783226,0.5531024,1.9407976
1645117991646,0.15783226,0.5531024,1.9407976
1645117991647,0.15783226,0.5531024,1.9407976
1645117991649,0.15783226,0.5531024,1.9407976
1645117991650,0.15783226,0.5531024,1.9407976
1645117991654,0.0869884,0.4445414,1.7603979
1645117991656,0.0869884,0.4445414,1.7603979
1645117991657,0.09681473,0.513605,1.9213369
1645117991661,0.03975914,0.4191465,1.5372895
1645117991670,0.026162842,0.44174886,1.4865869
1645117991684,-0.03689676,0.32515925,1.0225674
1645117991690,-0.032114495,0.35240424,1.0490096
1645117991701,-0.06244873,0.26761496,0.7389476
1645117991710,-0.10662361,0.1107601,0.20963435
1645117991729,-0.072659045,0.10487826,0.16130552
1645117991730,-0.072659045,0.10487826,0.16130552
1645117991744,-0.0679815,-0.065538004,-0.67349684
1645117991750,-0.057038136,-0.1382145,-1.0675626
1645117991761,2.2689589E-4,-0.075032726,-1.028554
1645117991770,0.028204905,-0.055257875,-1.1164849
1645117991786,0.03277773,-0.09677982,-1.3402566
1645117991790,0.029932804,-0.1538005,-1.5332927
1645117991826,0.029932804,-0.1538005,-1.5332927
1645117991827,0.029932804,-0.1538005,-1.5332927
1645117991828,0.029932804,-0.1538005,-1.5332927
1645117991828,0.017383715,-0.160939,-1.291247
1645117991841,0.017383715,-0.160939,-1.291247
1645117991841,0.09671001,0.23708875,0.33409548
1645117991842,0.09671001,0.23708875,0.33409548
1645117991855,0.11393664,0.35912383,0.9211973
1645117991872,0.09800157,0.3894057,1.4098089
1645117991876,0.09800157,0.3894057,1.4098089
1645117991889,0.11295924,0.46335632,1.8393577
1645117991892,0.14725544,0.60411906,2.6046426
1645117991906,0.14423597,0.6369142,2.8267388
1645117991910,0.0979143,0.5570469,2.6573
1645117991926,0.0979143,0.5570469,2.6573
1645117991944,0.08100183,0.61347413,2.8971987
1645117991955,0.08100183,0.61347413,2.8971987
1645117991955,0.15481281,0.8488873,3.5836112
1645117991961,0.14338075,0.8722576,3.2393403
1645117991971,0.12837072,0.81961775,2.815621
1645117991994,0.122436516,0.721878,2.2341042
1645117991994,0.122436516,0.721878,2.2341042
1645117991995,0.122436516,0.721878,2.2341042
1645117992004,0.19900514,0.7619164,2.1220524
1645117992006,0.19900514,0.7619164,2.1220524
1645117992010,0.18872502,0.29531372,0.30927655
1645117992022,0.14263025,-0.04550135,-0.8221485
1645117992038,0.10966053,-0.31088227,-1.6418186
1645117992071,0.10966053,-0.31088227,-1.6418186
1645117992071,0.10966053,-0.31088227,-1.6418186
1645117992071,0.10966053,-0.31088227,-1.6418186
1645117992071,0.20937255,0.044262152,-0.4350816
1645117992072,0.20937255,0.044262152,-0.4350816
1645117992072,0.18403003,0.09498211,-0.255031
1645117992087,0.10650144,0.008238066,-0.50315034
1645117992090,0.05478663,-0.025098177,-0.51995814
1645117992108,0.05478663,-0.025098177,-0.51995814
1645117992110,0.03529104,-0.001117026,0.023527358
1645117992121,0.05969107,0.0850685,0.53695786
1645117992143,0.04934113,0.092102274,0.7855834
1645117992151,0.04934113,0.092102274,0.7855834
1645117992153,0.059568897,0.190418,1.2283969
1645117992170,-0.0058469325,0.2034907,1.2908456
1645117992172,0.01478314,0.36055502,1.734462
1645117992185,0.01478314,0.36055502,1.734462
1645117992190,0.02832708,0.46030194,1.7940134
1645117992202,0.02832708,0.46030194,1.7940134
1645117992216,0.100253075,0.48538268,1.5963348
1645117992224,0.13467143,0.43141636,1.3289118
1645117992234,0.15617418,0.3017541,0.83941007
1645117992241,0.17048608,0.17001483,0.35311982
1645117992253,0.17048608,0.17001483,0.35311982
1645117992267,0.12617157,-0.09681473,-0.5922681
1645117992270,0.024714198,-0.3564011,-1.4939175
1645117992300,0.024714198,-0.3564011,-1.4939175
1645117992301,0.024714198,-0.3564011,-1.4939175
1645117992301,0.024714198,-0.3564011,-1.4939175
1645117992302,0.05707304,-0.10369142,-0.8183611
1645117992303,0.05707304,-0.10369142,-0.8183611
1645117992310,0.13091893,0.18619426,0.2799546
1645117992320,0.11821276,0.18010297,0.43975914
1645117992330,0.11758443,0.19607295,0.69433635
1645117992344,0.19678855,0.43351078,1.6535823
1645117992350,0.22406842,0.5411816,2.1620734
1645117992360,0.1868924,0.5195218,2.1126451
1645117992370,0.15744829,0.5855136,2.1651628
1645117992381,0.13166943,0.71543765,2.318178
1645117992390,0.031730518,0.65935946,1.8958548
1645117992404,-0.009058382,0.6852605,1.8770922
1645117992410,-0.016231783,0.716991,2.0399163
1645117992421,0.03251593,0.83340603,2.6087618
1645117992430,0.053931408,0.82405096,2.8073828
1645117992441,0.032376297,0.6540187,2.4916658
1645117992450,0.007505018,0.45052797,2.0305436
1645117992464,0.008691858,0.30021816,1.7131338
1645117992470,0.020438084,0.20520115,1.5279868
1645117992482,0.015289293,0.11091718,1.2635832
1645117992490,-0.0060738283,0.03790907,0.94821537
1645117992501,0.020856969,0.123867705,1.041714
1645117992510,0.09789685,0.35446373,1.5561568
1645117992524,0.11781133,0.46166334,1.6599878
1645117992530,0.10416266,0.48065275,1.5193472
1645117992541,0.14814556,0.6037874,1.8504232
1645117992550,0.07100096,0.41469586,1.2287635
1645117992561,0.059394363,0.3675539,1.2123746
1645117992570,-0.023265556,0.16348721,0.73624223
1645117992585,-0.06834802,0.04103325,0.62930447
1645117992590,-0.020298455,0.1320534,1.3298019
1645117992607,-0.047683045,0.055188064,1.4286587
1645117992611,-0.15273584,-0.19181429,0.90541935
1645117992646,-0.15273584,-0.19181429,0.90541935
1645117992646,-0.20479973,-0.3612008,0.5663147
1645117992660,-0.17464001,-0.3530151,0.32643336
1645117992662,-0.17464001,-0.3530151,0.32643336
1645117992663,0.08187451,0.10948599,-0.10353434
1645117992664,0.08187451,0.10948599,-0.10353434
1645117992671,0.3503098,0.67885506,-0.7485121
1645117992681,0.45117375,0.8414696,-0.9533642
1645117992690,0.53500307,0.959054,-0.9782878
1645117992705,0.49571517,0.6940047,-1.6587486
1645117992710,0.43750763,0.49760014,-1.6862379
1645117992722,0.351357,0.3716031,-1.2160048
1645117992730,0.19609042,0.10744393,-1.0604416
1645117992742,0.03342351,-0.050056726,-0.6071734
1645117992750,-0.15219478,-0.27421242,-0.4265468
1645117992767,-0.2881578,-0.37357536,0.0012915612
1645117992771,-0.3861419,-0.44801465,0.35713413
1645117992782,-0.49702418,-0.6289205,0.21375339
1645117992790,-0.59799284,-0.8300724,-0.1275504
1645117992802,-0.61631906,-0.88367224,-0.079640456
1645117992810,-0.62878084,-0.93043023,-0.16052012
1645117992826,-0.58231956,-0.87258923,-0.009983419
1645117992830,-0.519452,-0.7725282,0.15453355
1645117992843,-0.5067807,-0.74493414,-0.04612968
1645117992850,-0.4427088,-0.62912995,0.06707392
1645117992862,-0.42066497,-0.5650231,-0.04567589
1645117992870,-0.40916312,-0.51550746,-0.16819967
1645117992886,-0.357553,-0.43036914,-0.061139714
1645117992891,-0.37722313,-0.45878348,-0.34242082
1645117992902,-0.36189896,-0.4506676,-0.4442796
1645117992910,-0.36001396,-0.45267475,-0.66627103
1645117992922,-0.376141,-0.47288594,-1.0527097
1645117992930,-0.31690374,-0.39506066,-1.0674404
1645117992947,-0.22206126,-0.28283444,-0.9340606
1645117992951,-0.1666463,-0.23920062,-1.0570905
1645117992962,-0.09178811,-0.17420368,-1.080356
1645117992970,0.0036477877,-0.09651802,-0.978794
1645117992982,0.048381183,-0.12116241,-1.175757
1645117992990,0.099694565,-0.13840649,-1.2655206
1645117993006,0.15804172,-0.12329174,-1.1718824
1645117993010,0.12597957,-0.20813334,-1.4442796
1645117993022,0.11503622,-0.22052535,-1.4608605
1645117993030,0.12840562,-0.16128807,-1.2139977
1645117993043,0.082747184,-0.16718736,-1.2512959
1645117993050,0.056182913,-0.11589144,-1.1479361
1645117993066,0.0048695346,-0.09599441,-1.2469325
1645117993070,-0.0041364864,-0.02961864,-1.1764901
1645117993082,-0.033790033,-0.020699887,-1.2847892
1645117993090,-0.030124793,0.016196875,-1.1951654
1645117993102,-0.065939434,-0.076620996,-1.3574308
1645117993110,-0.10995724,-0.20568985,-1.5777467
1645117993128,-0.1117375,-0.25154027,-1.3618292
1645117993132,-0.11011432,-0.27494547,-1.0442272
1645117993149,-0.11011432,-0.27494547,-1.0442272
1645117993160,-0.18696222,-0.38991186,-0.9007243
1645117993161,-0.18696222,-0.38991186,-0.9007243
1645117993171,-0.24520464,-0.41733137,-0.8543154
1645117993186,-0.26810366,-0.42544726,-0.9459115
1645117993190,-0.28449255,-0.4297757,-1.0888035
1645117993201,-0.23764727,-0.33725455,-0.90414524
1645117993210,-0.2143468,-0.29667512,-0.9569945
1645117993221,-0.15388778,-0.20319399,-0.8484859
1645117993230,-0.1293132,-0.17120168,-0.98996425
1645117993245,-0.12973209,-0.17011955,-1.2498473
1645117993250,-0.09672746,-0.110637926,-1.2511913
1645117993261,-0.046443842,-0.0099659655,-1.0352911
1645117993270,-0.056113098,-0.016476132,-1.1590365
1645117993283,-0.044576317,0.01823894,-1.0371934
1645117993290,-0.028868139,0.059743434,-0.8571778
1645117993306,-0.04578061,0.012723624,-0.9473951
1645117993310,-0.04726416,-0.0195305,-0.94488174
1645117993322,-0.06724845,-0.0924688,-1.0511738
1645117993330,-0.099450216,-0.18135963,-1.1796317
1645117993342,-0.10226023,-0.20635308,-1.090706
1645117993350,-0.08686622,-0.1824941,-0.84684527
1645117993366,-0.098280825,-0.20076795,-0.7688629
1645117993371,-0.15191552,-0.2941967,-0.9523344
1645117993382,-0.15221223,-0.27084386,-0.71020156
1645117993390,-0.11597871,-0.17703116,-0.19696309
1645117993402,-0.1332577,-0.20568985,-0.14557989
1645117993410,-0.12097041,-0.19249499,0.041504495
1645117993427,-0.07442185,-0.11280216,0.4291125
1645117993432,-0.051313378,-0.06407191,0.5631905
1645117993441,-0.054804083,-0.057457022,0.5164499
1645117993450,-0.09917096,-0.12599704,0.17814818
1645117993461,-0.11559473,-0.15456846,-0.020577712
1645117993470,-0.09135178,-0.12664281,-0.030369142
1645117993484,-0.0707217,-0.10196352,-0.07676063
1645117993490,-0.044331968,-0.057369754,-0.065433286
1645117993501,-0.011798587,-0.0068592373,-0.03965442
1645117993510,-0.04811938,-0.082415566,-0.49349856
1645117993521,-0.053564884,-0.109433636,-0.7366088
1645117993530,-0.04602496,-0.09932804,-0.8650144
1645117993544,-0.02659918,-0.06604416,-0.92871976
1645117993550,-0.047403786,-0.123640805,-1.285976
1645117993560,-0.029304476,-0.16025831,-1.4665504
1645117993570,0.012060389,-0.12547342,-1.3454403
1645117993580,0.032062136,-0.10597783,-1.2426215
1645117993591,0.02309102,-0.12547342,-1.2207348
1645117993604,0.014119905,-0.13653897,-1.0717515
1645117993610,-0.0049917097,-0.13673095,-0.8229339
1645117993621,-0.032760277,-0.13748145,-0.5361375
1645117993636,-0.070128284,-0.16795532,-0.33135527
1645117993641,-0.049463306,-0.08861157,0.2631294
1645117993651,-0.047508508,-0.06360067,0.55470806
1645117993665,-0.06365302,-0.07735404,0.6183786
1645117993670,-0.095575534,-0.13824941,0.42366698
1645117993681,-0.07416005,-0.08920499,0.54727286
1645117993690,-0.07026791,-0.05161009,0.5263112
1645117993702,-0.040073305,0.016441226,0.6069116
1645117993710,-0.023666987,0.010489572,0.46318176
1645117993728,0.025866132,0.037682172,0.52847546
1645117993732,0.08869884,0.06367048,0.63680947
1645117993742,0.15198533,0.08426564,0.7702243
1645117993750,0.20719086,0.10402304,0.9015097
1645117993762,0.22159001,0.0665154,0.8254996
1645117993770,0.22923467,0.05192425,0.81380576
1645117993786,0.23600663,0.06360067,0.8243826
1645117993791,0.25743955,0.1104983,0.901789
1645117993802,0.28039095,0.15430667,0.92774236
1645117993810,0.28290427,0.18345405,0.7791256
1645117993822,0.29133433,0.2420281,0.64242953
1645117993830,0.30688542,0.3217733,0.56196874
1645117993846,0.30562878,0.37654245,0.42665154
1645117993850,0.2981412,0.4305437,0.367519
1645117993862,0.3412165,0.57429093,0.74945456
1645117993870,0.34123397,0.6019897,0.8841784
1645117993882,0.33030805,0.57429093,0.92959243
1645117993890,0.33725455,0.557169,1.0808448
1645117993906,0.34334585,0.52899903,1.1760188
1645117993910,0.3790383,0.52276814,1.2341042
1645117993922,0.42933938,0.57148093,1.4142072
1645117993930,0.44220263,0.56903744,1.3321756
1645117993943,0.47634175,0.60949475,1.3627542
1645117993950,0.48267737,0.58036476,1.187416
1645117993966,0.4896937,0.52264595,0.99972075
1645117993970,0.5173575,0.5254909,1.0626233
1645117993982,0.5242691,0.5051924,1.0656078
1645117993990,0.5430317,0.5707653,1.2810193
1645117994002,0.5310935,0.6070163,1.3686883
1645117994010,0.4868313,0.6019897,1.2834104
1645117994026,0.4314338,0.5699276,1.0892923
1645117994030,0.38085347,0.5368182,0.8768828
1645117994044,0.38085347,0.5368182,0.8768828
1645117994050,0.351357,0.576141,0.72847545
1645117994062,0.34612095,0.59547955,0.6907933
1645117994070,0.3198534,0.56610525,0.5326643
1645117994086,0.2949821,0.5746051,0.51362246
1645117994091,0.26653287,0.5749716,0.4994153
1645117994102,0.25695086,0.6117288,0.6205079
1645117994110,0.22778602,0.52685225,0.42384154
1645117994123,0.2145388,0.515682,0.38608953
1645117994130,0.2025133,0.46206474,0.22469674
1645117994167,0.21169387,0.50904965,0.31011432
1645117994168,0.21169387,0.50904965,0.31011432
1645117994170,0.21169387,0.50904965,0.31011432
1645117994171,0.22769876,0.5624924,0.40560257
1645117994171,0.22769876,0.5624924,0.40560257
1645117994172,0.22590104,0.4897286,0.2725194
1645117994181,0.22108386,0.44644386,0.28752944
1645117994191,0.19010384,0.34985602,0.23949733
1645117994205,0.14598133,0.30986997,0.4015359
1645117994210,0.08768653,0.22708789,0.4860808
1645117994221,0.03747273,0.23228903,0.7791605
1645117994230,-0.012130204,0.1871542,0.87257177
1645117994241,-0.03663496,0.17771184,1.0000523
1645117994250,-0.052220963,0.1196614,0.9453181
1645117994265,-0.036408063,0.12919103,1.0293394
1645117994270,-0.020281002,0.10585566,0.9950432
1645117994281,0.0010995724,0.112453096,1.0075399
1645117994290,0.016319051,0.093358934,0.9227856
1645117994302,0.035168864,0.07833144,0.8133519
1645117994310,0.033475872,-0.050702505,0.36493585
1645117994326,0.06773715,-0.03762981,0.28765163
1645117994330,0.103098005,-0.041347414,0.14898333
1645117994342,0.14591151,-0.002111877,0.14236845
1645117994350,0.18186578,0.015219478,0.083846755
1645117994362,0.21883236,0.05958635,0.11845711
1645117994370,0.24120778,0.06684702,0.08156034
1645117994386,0.25222096,0.076062486,0.062658176
1645117994390,0.24483812,0.05270966,-0.043860722
1645117994402,0.2192338,0.021206038,-0.21129243
1645117994410,0.1909067,0.015167117,-0.31198186
1645117994422,0.18122,0.122611046,-0.116746664
1645117994430,0.15591238,0.17418623,-0.020368269
1645117994446,0.111039355,0.18970242,0.026075574
1645117994451,0.07100096,0.23569247,0.22602321
1645117994462,0.023440091,0.2427786,0.38774762
1645117994470,-0.029583734,0.19586352,0.46147132
1645117994482,-0.07157692,0.14296186,0.5478663
1645117994491,-0.10297583,0.0665154,0.56652415
1645117994506,-0.11713064,-0.011170259,0.52854526
1645117994510,-0.11304651,-0.084335454,0.43125927
1645117994522,-0.08738983,-0.14174011,0.3172528
1645117994530,-0.054263026,-0.20301946,0.12788202
1645117994542,-0.054263026,-0.20301946,0.12788202
1645117994551,0.044960294,-0.25827733,-0.21389301
1645117994566,0.08231085,-0.28553975,-0.4074003
1645117994570,0.10356925,-0.29485995,-0.55175847
1645117994582,0.12692207,-0.18684004,-0.38853303
1645117994591,0.12371062,-0.09618641,-0.27009338
1645117994602,0.112226196,-0.037751984,-0.22761148
1645117994610,0.1102714,0.038153417,-0.15734357
1645117994626,0.108019896,0.08990313,-0.14814556
1645117994631,0.12503709,0.17661227,-0.02635483
1645117994650,0.12503709,0.17661227,-0.02635483
1645117994654,0.11439043,0.1804346,-0.14879134
1645117994661,0.12788202,0.25801554,0.017924774
1645117994671,0.14142595,0.24675801,0.035081595
1645117994687,0.14041364,0.1621782,-0.08222358
1645117994691,0.145161,0.102469675,-0.11606597
1645117994702,0.14233354,0.07618466,-0.06470024
1645117994710,0.1317916,0.08738983,0.053076185
1645117994722,0.10020071,0.049672745,0.03490706
1645117994730,0.05681124,0.02724496,0.042394623
1645117994745,0.028501615,0.11685138,0.3139541
1645117994750,-0.008011171,0.14301422,0.43310934
1645117994761,-0.04804957,0.098193556,0.38158652
1645117994770,-0.051906798,0.12374553,0.5224889
1645117994782,-0.044331968,0.1038485,0.51325595
1645117994791,-0.009267825,0.15613928,0.6193036
1645117994806,0.029095035,0.16570382,0.57048607
1645117994810,0.05850423,0.1453879,0.40216425
1645117994822,0.08735492,0.18821886,0.37989354
1645117994830,0.103412166,0.17476219,0.2555197
1645117994842,0.10658871,0.13758618,0.12618902
1645117994850,0.09990401,0.101439916,0.032847542
1645117994866,0.086464785,0.10463391,0.053826686
1645117994870,0.06696919,0.1189109,0.0805655
1645117994882,0.06105245,0.21912907,0.29801902
1645117994891,0.05108648,0.28438783,0.42083952
1645117994902,0.03564011,0.27859324,0.3969631
1645117994910,0.022724496,0.2757483,0.42382407
1645117994926,0.012426914,0.25550222,0.44981238
1645117994930,-0.002007156,0.20410158,0.40268785
1645117994942,-0.008569683,0.19167466,0.43330133
1645117994950,-0.029705908,0.09278297,0.24822411
1645117994962,-0.041905925,0.047892485,0.1695436
1645117994970,-0.033214066,0.09871717,0.3053495
1645117994986,-0.021188585,0.13660878,0.3929313
1645117994991,3.8397766E-4,0.15634872,0.40598655
1645117995002,0.03377258,0.19968584,0.44759578
1645117995010,0.06566018,0.17980626,0.3090322
1645117995022,0.092398986,0.13643424,0.1382145
1645117995030,0.12601449,0.15503971,0.13447945
1645117995047,0.13760363,0.18265119,0.15938564
1645117995052,0.12468802,0.2152893,0.20370016
1645117995062,0.096605286,0.27922156,0.3498211
1645117995070,0.048922244,0.25897548,0.29913604
1645117995081,0.00860459,0.26637578,0.31779388
1645117995090,-0.011344794,0.2760974,0.3660878
1645117995104,-0.011013177,0.2513134,0.35394013
1645117995110,-0.006841784,0.14811066,0.18708439
1645117995121,0.009669255,0.046059866,0.055048432
1645117995130,0.032131948,-0.089868225,-0.121022776
1645117995141,0.045763157,-0.25890565,-0.36460423
1645117995151,0.05969107,-0.30789772,-0.35404485
1645117995171,0.06721354,-0.2727987,-0.18622917
1645117995172,0.06721354,-0.2727987,-0.18622917
1645117995172,0.073461905,-0.24002095,-0.044471595
1645117995181,0.05829479,-0.30252203,-0.18130727
1645117995190,0.0454839,-0.32091805,-0.2889432
1645117995201,0.037594903,-0.30063707,-0.3796492
1645117995211,0.0501789,-0.20148355,-0.31892836
1645117995224,0.04939349,-0.17226633,-0.40753993
1645117995230,0.039026093,-0.15875731,-0.48318353
1645117995241,0.03504669,-0.06445589,-0.29026964
1645117995250,2.9671E-4,-0.16547692,-0.4742124
1645117995261,-0.042604066,-0.2630247,-0.5956366
1645117995270,-0.09140414,-0.3161009,-0.59092414
1645117995284,-0.1406929,-0.2872851,-0.4279431
1645117995290,-0.20129156,-0.26857492,-0.35357362
1645117995301,-0.26131424,-0.24139978,-0.29386508
1645117995310,-0.29894406,-0.15928091,-0.13442709
1645117995322,-0.334462,-0.12463566,-0.105646215
1645117995330,-0.3539925,-0.118108034,-0.12383279
1645117995346,-0.35867006,-0.16223057,-0.24701981
1645117995350,-0.34619078,-0.2145388,-0.38378567
1645117995362,-0.29981673,-0.13166943,-0.21207784
1645117995370,-0.27512,-0.2024784,-0.44707218
1645117995382,-0.23003753,-0.16966577,-0.41797712
1645117995390,-0.19291386,-0.19205864,-0.5374814
1645117995406,-0.14755215,-0.20455538,-0.6343311
1645117995410,-0.10765337,-0.24827646,-0.80685925
1645117995422,-0.069883935,-0.35505715,-1.0967624
1645117995430,-0.014852954,-0.35694215,-1.0893446
1645117995442,0.030142246,-0.3728772,-1.0988742
1645117995450,0.067283355,-0.4478925,-1.2196527
1645117995466,0.09740815,-0.5680251,-1.4581901
1645117995470,0.13039532,-0.6324461,-1.546121
1645117995482,0.17523344,-0.5963173,-1.3925997
1645117995490,0.2076621,-0.5919714,-1.3192949
1645117995502,0.19619513,-0.69890916,-1.5272362
1645117995510,0.17811327,-0.69562787,-1.4782791
1645117995526,0.14823283,-0.6627629,-1.3723361
1645117995530,0.09744306,-0.642447,-1.3231347
1645117995542,0.021921633,-0.6884196,-1.4537743
1645117995550,-0.028047822,-0.5465748,-1.170172
1645117995562,-0.07955319,-0.43581465,-0.9525962
1645117995570,-0.11573435,-0.350048,-0.74615586
1645117995586,-0.14180993,-0.3281089,-0.65424556
1645117995590,-0.14859936,-0.29658782,-0.5214591
1645117995602,-0.15544114,-0.34130377,-0.55483025
1645117995610,-0.15315473,-0.35460338,-0.5155424
1645117995622,-0.16383629,-0.4116066,-0.56261456
1645117995632,-0.16158478,-0.39675364,-0.4455188
1645117995669,-0.1851645,-0.45789337,-0.5013352
1645117995671,-0.1851645,-0.45789337,-0.5013352
1645117995671,-0.1851645,-0.45789337,-0.5013352
1645117995672,-0.19586352,-0.46712628,-0.44167903
1645117995673,-0.19586352,-0.46712628,-0.44167903
1645117995673,-0.18547866,-0.3865957,-0.21820404
1645117995681,-0.18760799,-0.40403175,-0.27810454
1645117995691,-0.16682084,-0.37135875,-0.24281351
1645117995705,-0.14804085,-0.39687583,-0.3651802
1645117995710,-0.10294092,-0.37765947,-0.3681473
1645117995721,-0.055397503,-0.37338337,-0.40253076
1645117995730,-5.236059E-5,-0.35400996,-0.38012043
1645117995743,0.030578585,-0.42661664,-0.56629723
1645117995750,0.072117984,-0.4353783,-0.5969805
1645117995765,0.08815778,-0.4833406,-0.7219478
1645117995770,0.08199669,-0.5203421,-0.81052446
1645117995793,0.0778602,-0.4763243,-0.71264505
1645117995793,0.0778602,-0.4763243,-0.71264505
1645117995794,0.0778602,-0.4763243,-0.71264505
1645117995802,0.028868139,-0.4200192,-0.6341566
1645117995810,0.005393141,-0.34011695,-0.48937953
1645117995836,-0.00795881,-0.22192164,-0.26579982
1645117995841,-0.00795881,-0.22192164,-0.26579982
1645117995851,-0.037245832,-0.17376734,-0.2564098
1645117995853,-0.037245832,-0.17376734,-0.2564098
1645117995861,-0.06318178,-0.060109958,-0.35259622
1645117995870,-0.050440703,0.024609478,-0.34893098
1645117995884,-0.021101318,0.12521163,-0.3105332
1645117995890,-0.0055851294,0.1424208,-0.45796317
1645117995901,0.019705035,0.13685313,-0.59420544
1645117995910,0.04593769,0.07841871,-0.7621433
1645117995920,0.08426564,0.06285016,-0.7224889
1645117995930,0.1288245,0.030613491,-0.6348198
1645117995944,0.17292957,-0.0018151671,-0.4978445
1645117995950,0.20991361,-0.053215813,-0.40872675
1645117995960,0.2237019,-0.17443058,-0.5138319
1645117995970,0.21738371,-0.28768653,-0.65150535
1645117995980,0.21527185,-0.31653723,-0.63632077
1645117995991,0.20158827,-0.3458766,-0.65016145
1645117996004,0.18104547,-0.38240683,-0.68445766
1645117996010,0.16130552,-0.39380398,-0.64005584
1645117996021,0.15753557,-0.3156471,-0.37380224
1645117996030,0.13015097,-0.38687494,-0.41005322
1645117996041,0.121878,-0.4150973,-0.3665765
1645117996050,0.11922506,-0.43333623,-0.32189545
1645117996064,0.113727205,-0.46754515,-0.3504145
1645117996070,0.10796753,-0.47084388,-0.34990838
1645117996081,0.10388341,-0.44890478,-0.34762195
1645117996091,0.093428746,-0.37546033,-0.29231173
1645117996102,0.068313114,-0.27810454,-0.21782005
1645117996110,0.039968584,-0.18148181,-0.15280566
1645117996127,-0.008290427,-0.14554499,-0.2068767
1645117996132,-0.039148267,-0.09927568,-0.19097653
1645117996157,-0.039148267,-0.09927568,-0.19097653
1645117996161,-0.031573437,0.049131688,0.08744218
1645117996162,-0.014015185,0.04998691,0.10789772
1645117996171,-0.002042063,0.0018326206,0.017296448
1645117996185,0.036704775,0.06136661,0.13090147
1645117996190,0.062378917,0.07848852,0.13104111
1645117996201,0.10091631,0.1584606,0.24318004
1645117996210,0.12117986,0.19638711,0.2660616
1645117996221,0.1246182,0.22324811,0.26202986
1645117996230,0.10404049,0.27848852,0.31723535
1645117996245,0.048625536,0.29026964,0.30946854
1645117996250,-0.015847806,0.27695262,0.28765163
1645117996261,-0.06185531,0.3207086,0.40937254
1645117996270,-0.09266079,0.33625972,0.49946767
1645117996282,-0.1082817,0.2934462,0.4872502
1645117996290,-0.10198098,0.2254996,0.42003664
1645117996306,-0.083689675,0.12667772,0.26805133
1645117996310,-0.043092765,0.12837072,0.2819094
1645117996322,-0.007243215,0.14844227,0.2885592
1645117996330,-0.0016057248,0.12098787,0.17099224
1645117996342,0.016249236,0.19006895,0.27435204
1645117996351,0.009110742,0.1441138,0.1728772
1645117996366,0.035971723,0.2098787,0.33310062
1645117996370,0.060598657,0.19061,0.34912297
1645117996382,0.08810542,0.14509119,0.32673007
1645117996390,0.12730604,0.14123397,0.38282573
1645117996402,0.16107863,0.118247665,0.36552927
1645117996410,0.19293132,0.10924164,0.31381446
1645117996427,0.20415394,0.08372458,0.19427525
1645117996431,0.17982373,0.06586962,0.09028711
1645117996442,0.15795444,0.12341391,0.15360852
1645117996451,0.12686971,0.17369753,0.22647701
1645117996462,0.07716206,0.17727551,0.24115543
1645117996470,0.035587747,0.19062746,0.29016495
1645117996486,-0.020298455,0.17207435,0.23028187
1645117996490,-0.06374029,0.17244087,0.16772842
1645117996502,-0.064508244,0.2551706,0.24382581
1645117996510,-0.050527968,0.32248887,0.2684353
1645117996522,-0.034383453,0.2991535,0.10170172
1645117996530,-0.019565407,0.250144,-0.11543765
1645117996546,0.0018326206,0.19019112,-0.32952264
1645117996551,0.042202637,0.22965355,-0.29023474
1645117996562,0.06604416,0.19917968,-0.35268348
1645117996570,0.08988568,0.15833843,-0.40849987
1645117996582,0.11978357,0.19937167,-0.28550485
1645117996590,0.12545598,0.20225151,-0.23279518
1645117996606,0.13023823,0.24681036,-0.07428222
1645117996610,0.12753294,0.26024958,0.040823806
1645117996622,0.11728772,0.21836111,0.04701981
1645117996630,0.11969631,0.18066148,0.07698752
1645117996642,0.13247229,0.19348983,0.20535824
1645117996661,0.12065625,0.15537132,0.23319662
1645117996675,0.0803386,0.07367135,0.1601536
1645117996676,0.0803386,0.07367135,0.1601536
1645117996677,0.025272712,0.0033161708,0.10712977
1645117996682,-0.023021206,0.023213195,0.23616372
1645117996690,-0.08861157,-0.029007766,0.19221573
1645117996701,-0.1406929,-0.026075574,0.2331617
1645117996710,-0.17594904,-0.037053846,0.22312593
1645117996725,-0.19244263,-0.047840126,0.1841871
1645117996730,-0.19010384,0.0077319136,0.2594118
1645117996741,-0.18286063,0.06682957,0.32058644
1645117996750,-0.1661576,0.13692294,0.3908718
1645117996761,-0.15776245,0.146854,0.32727113
1645117996770,-0.13751636,0.18642116,0.31587398
1645117996786,-0.106833056,0.20914565,0.2754516
1645117996791,-0.065677635,0.25208133,0.30840388
1645117996802,-0.032847542,0.21642376,0.19525264
1645117996810,0.003979405,0.18694475,0.10882276
1645117996822,0.035378307,0.120551534,-0.038397767
1645117996830,0.0640021,0.06483986,-0.13961078
1645117996847,0.079081945,0.03722838,-0.14962912
1645117996851,0.0778602,0.05834715,-0.051644996
1645117996862,0.059987783,0.10348198,0.09231172
1645117996870,0.04440178,0.1599267,0.23515141
1645117996882,0.00712104,0.096919455,0.08768653
1645117996890,-0.022829218,0.08283445,0.039026093
1645117996906,-0.043354567,0.08543503,0.040055852
1645117996911,-0.052482765,0.09924077,0.08218867
1645117996922,-0.04593769,0.18231958,0.2930622
1645117996930,-0.04979492,0.10395323,0.16799022
1645117996942,-0.028501615,0.16095646,0.33634698
1645117996950,-0.028466707,0.019984292,0.0434942
1645117996966,-0.01982721,-0.035832096,-0.09163103
1645117996970,-0.012392006,-0.032882452,-0.1245833
1645117996982,-0.0077842744,-0.04232481,-0.19134305
1645117996990,0.010733921,0.050842132,-0.038450126
1645117997002,0.030788027,0.12601449,0.107059956
1645117997010,0.064019546,0.23574483,0.3613928
1645117997026,0.08395148,0.2203159,0.3817436
1645117997030,0.10109085,0.18584518,0.37368008
1645117997042,0.10527969,0.1441138,0.3403962
1645117997050,0.09901387,0.13873811,0.36053756
1645117997068,0.048817523,-0.03797888,0.0041539404
1645117997070,0.048817523,-0.03797888,0.0041539404
1645117997086,-0.043145128,-0.11835238,-0.15784973
1645117997090,-0.079465926,-0.025010908,0.044297058
1645117997101,-0.116118334,0.041155424,0.19919714
1645117997110,-0.14458504,0.12357099,0.3969631
1645117997121,-0.16732699,0.1552666,0.49225935
1645117997130,-0.18230212,0.13280392,0.4646828
1645117997154,-0.19169211,0.122209616,0.43396458
1645117997154,-0.19169211,0.122209616,0.43396458
1645117997155,-0.19169211,0.122209616,0.43396458
1645117997155,-0.18696222,0.12863252,0.3922681
1645117997163,-0.19434506,-0.024731653,-0.014643512
1645117997170,-0.15441138,0.062326554,0.10671088
1645117997180,-0.12725368,0.029182302,-0.041312505
1645117997190,-0.09599441,-0.009843791,-0.19713762
1645117997204,-0.056357447,-0.015760537,-0.26026705
1645117997210,-0.02274195,-0.037961427,-0.32952264
1645117997221,0.014626058,-0.010646653,-0.2398115
1645117997230,0.0289205,-0.050056726,-0.25723013
1645117997241,0.033842396,-0.037298195,-0.12018501
1645117997250,0.03269046,-0.024592023,0.032201763
1645117997266,0.025604328,-0.04480321,0.12020246
1645117997271,0.014468976,-0.07168165,0.17565233
1645117997282,-0.018710185,-0.21893708,-0.06534602
1645117997290,-0.026197748,-0.22588359,-0.035430666
1645117997301,-0.039532244,-0.2645606,-0.118963264
1645117997310,-0.028309627,-0.20190243,-0.05325072
1645117997325,-0.0058469325,-0.14608605,-0.02991535
1645117997330,0.0061436426,-0.15661052,-0.14423597
1645117997341,0.05384414,-0.019076709,0.1183873
1645117997350,0.08286936,0.024888733,0.20579457
1645117997361,0.07799982,-0.049777467,0.063303955
1645117997370,0.061418973,-0.06681211,0.044122525
1645117997386,0.06126189,0.11791605,0.4581028
1645117997390,0.018657824,0.14247316,0.4992408
1645117997402,-0.050894495,0.07740641,0.32207
1645117997410,-0.10067196,0.11732263,0.36685574
1645117997422,-0.13112837,0.15390523,0.3987259
1645117997430,-0.15240422,0.15271838,0.33577102
1645117997446,-0.15202025,0.18469325,0.3295052
1645117997450,-0.14517847,0.1950781,0.22865869
1645117997462,-0.1211275,0.25771883,0.22946157
1645117997470,-0.091281965,0.28049567,0.16467406
1645117997482,-0.05319836,0.2540885,0.05553713
1645117997490,-0.0028798324,0.23982896,0.052535124
1645117997506,0.047822673,0.1755476,-0.010419757
1645117997511,0.09908369,0.13135527,-6.1087357E-4
1645117997522,0.09735579,-0.16383629,-0.56072956
1645117997530,0.113639936,-0.25492626,-0.6767083
1645117997543,0.121912904,-0.32065624,-0.7729645
1645117997550,0.13420019,-0.3198534,-0.7505192
1645117997566,0.13748145,-0.30917183,-0.7296274
1645117997570,0.10498298,-0.40575966,-0.95772755
1645117997582,0.06930797,-0.44077146,-1.0282223
1645117997590,0.04365128,-0.3381796,-0.7814818
1645117997602,0.01769788,-0.21689501,-0.4694825
1645117997610,-0.031538527,-0.24539663,-0.46297234
1645117997626,-0.08297408,-0.24490793,-0.4009774
1645117997630,-0.12877214,-0.1772406,-0.2074352
1645117997660,-0.18177852,-0.15023999,-0.13268174
1645117997662,-0.20390959,-0.044768304,0.10641417
1645117997662,-0.21368356,0.031765424,0.28114146
1645117997670,-0.2138581,0.06463042,0.3799459
1645117997685,-0.21307269,-0.049707655,0.15193298
1645117997690,-0.187416,-0.10297583,0.059411816
1645117997701,-0.15153155,-0.10498298,0.04982983
1645117997710,-0.113011606,-0.090339474,0.049271315
1645117997721,-0.07313029,-0.07339209,0.019739943
1645117997730,-0.0655031,-0.20809844,-0.38186577
1645117997744,-0.046653286,-0.23565756,-0.5262763
1645117997750,-0.027890742,-0.20099485,-0.4874422
1645117997761,-0.01745353,-0.19066235,-0.4777555
1645117997770,-0.044174884,-0.30714723,-0.74006456
1645117997782,-0.055048432,-0.2615237,-0.6346627
1645117997790,-0.07944847,-0.20092504,-0.53385115
1645117997806,-0.089955494,-0.07428222,-0.28761673
1645117997811,-0.10056724,0.023108473,-0.07918666
1645117997822,-0.12793438,-0.036460426,-0.20902348
1645117997830,-0.12725368,-0.008656951,-0.117183
1645117997842,-0.14816302,-0.17306921,-0.47182128
1645117997850,-0.11892835,-0.13430491,-0.37762457
1645117997866,-0.09231172,-0.15825115,-0.4731303
1645117997871,-0.06620124,-0.23968932,-0.70819443
1645117997882,-0.042516798,-0.35495242,-1.0170346
1645117997890,0.008499869,-0.24106815,-0.77114934
1645117997902,0.026703902,-0.260843,-0.82338774
1645117997910,0.050318528,-0.15502225,-0.5445501
1645117997926,0.057875905,-0.09194519,-0.3329261
1645117997934,0.057875905,-0.09194519,-0.3329261
1645117997941,0.02878087,-0.009424906,0.07358408
1645117997950,-0.0018151671,-0.030194607,0.10899729
1645117997962,-0.022008901,0.0062832707,0.24579807
1645117997970,-0.052046426,-0.010768828,0.22281176
1645117997986,-0.057980627,0.071315125,0.42321318
1645117997990,-0.02576141,0.30845624,0.95071125
1645117998002,-0.044785757,0.21951304,0.66881925
1645117998010,-0.05304128,0.19179684,0.5023824
1645117998022,-0.07351427,0.09428397,0.16692556
1645117998030,-0.07189109,0.09575006,0.10164936
1645117998046,-0.06374029,0.09679728,0.08697094
1645117998050,-0.034662712,0.24581552,0.47131512
1645117998062,-0.022218343,0.31453007,0.69985163
1645117998070,-0.0556244,0.13561393,0.34205428
1645117998082,-0.049812373,0.18102801,0.50795007
1645117998090,-0.05007418,0.14845973,0.45229077
1645117998106,-0.038240682,0.15786718,0.4341042
1645117998110,-0.020699887,0.14254297,0.3300986
1645117998122,-6.283271E-4,0.112383276,0.19678855
1645117998130,0.01715682,0.0360939,-0.04602496
1645117998142,0.040335108,-0.016458679,-0.18804432
1645117998167,0.06892399,-0.0015708177,-0.13807487
1645117998176,0.07880269,-0.0018151671,-0.097792126
1645117998177,0.07880269,-0.0018151671,-0.097792126
1645117998180,0.053931408,-0.1263461,-0.3082817
1645117998184,0.053931408,-0.1263461,-0.3082817
1645117998190,0.009093289,-0.09147395,-0.08133345
1645117998202,-0.03307444,-0.0954359,-0.06630596
1645117998210,-0.07604503,-0.11292434,-0.108892575
1645117998225,-0.10257439,-0.084318005,-0.065293655
1645117998230,-0.1166943,-0.033877302,0.00855223
1645117998241,-0.1525613,-0.13509032,-0.3171132
1645117998250,-0.17582686,-0.22408587,-0.60548043
1645117998261,-0.17202199,-0.1953399,-0.58773017
1645117998270,-0.18181342,-0.27690026,-0.8140152
1645117998286,-0.14816302,-0.15940309,-0.5019984
1645117998290,-0.1196614,-0.06698665,-0.2261803
1645117998302,-0.10616982,-0.057299938,-0.17029409
1645117998310,-0.09679728,-0.04169648,-0.11486168
1645117998322,-0.106117465,-0.0776333,-0.20392704
1645117998330,-0.12083079,-0.10494807,-0.28707567
1645117998346,-0.091543764,0.06682957,0.10751375
1645117998350,-0.06244873,0.1920761,0.3767519
1645117998362,-0.059411816,0.103673965,0.12105768
1645117998370,-0.026983157,0.15163627,0.21525438
1645117998382,0.010629199,0.19465922,0.30966052
1645117998390,0.038205776,0.129575,0.13104111
1645117998406,0.06721354,0.10861332,0.065764904
1645117998411,0.073444456,-0.022061262,-0.29978183
1645117998422,0.10829915,0.07325246,-0.11308142
1645117998430,0.100968674,-0.035919365,-0.4289903
1645117998442,0.09400471,-0.13929662,-0.71037614
1645117998450,0.11426826,-0.07997207,-0.53612006
1645117998466,0.122942664,-0.046949994,-0.3861419
1645117998471,0.11494895,-0.037123658,-0.28560957
1645117998482,0.09257352,-0.084859066,-0.31348285
1645117998490,0.07222271,-0.10463391,-0.2734968
1645117998502,0.058905665,-0.058556594,-0.092800416
1645117998510,0.0585915,0.08187451,0.28665677
1645117998526,0.04989964,0.17240597,0.52515924
1645117998530,0.04265643,0.21150188,0.6423946
1645117998542,0.047944847,0.2651191,0.7990575
1645117998550,0.03935771,0.23440091,0.7599092
1645117998562,0.043354567,0.25026616,0.8250109
1645117998570,0.024365127,0.18036477,0.6687669
1645117998586,0.0045379177,0.15844314,0.6069465
1645117998590,-0.012182564,0.12615411,0.5210751
1645117998602,-0.013613753,0.088140324,0.42874596
1645117998610,8.203159E-4,0.038694475,0.3142508
1645117998622,0.006265817,-0.08164761,0.0039444976
1645117998630,0.024242952,-0.13104111,-0.17174274
1645117998670,0.074631296,0.024295313,0.13189633
1645117998671,0.074631296,0.024295313,0.13189633
1645117998672,0.074631296,0.024295313,0.13189633
1645117998672,0.120481715,0.17244087,0.3987608
1645117998673,0.120481715,0.17244087,0.3987608
1645117998674,0.12837072,0.20284493,0.3821974
1645117998681,0.09028711,0.12105768,0.042115368
1645117998690,0.06215202,0.09093289,-0.06759752
1645117998705,0.031713065,0.038101055,-0.21586525
1645117998710,0.0029671001,-0.06962213,-0.4664456
1645117998721,-0.0024958549,-0.09379527,-0.5260843
1645117998731,0.008168252,-0.07555633,-0.5006894
1645117998741,0.028571429,-0.052465312,-0.46658522
1645117998750,0.05691596,-0.03892137,-0.44787502
1645117998765,0.05923728,-0.2071385,-0.8346453
1645117998770,0.07318265,-0.21940832,-0.8045379
1645117998781,0.06506676,-0.28714547,-0.8641243
1645117998790,0.050650142,-0.23026443,-0.61127496
1645117998802,0.013386858,-0.21230474,-0.4362161
1645117998810,-0.028414346,-0.1731041,-0.22312593
1645117998826,-0.083916575,-0.19919714,-0.15191552
1645117998831,-0.12463566,-0.18406492,-0.0015533642
1645117998842,-0.1349507,-0.112871975,0.27436948
1645117998850,-0.14105943,-0.07484074,0.4406318
1645117998862,-0.14112924,-0.10686796,0.3837333
1645117998870,-0.11329086,-0.079326294,0.43248102
1645117998886,-0.09115979,-0.10870059,0.31374466
1645117998890,-0.09679728,-0.26255345,-0.13859849
1645117998902,-0.06494459,-0.18608953,-0.056985777
1645117998910,-0.040265292,-0.10995724,0.02665154
1645117998922,-0.031206911,-0.10709486,-0.04518719
1645117998930,-0.03649533,-0.18212758,-0.28002444
1645117998946,-0.025743958,-0.1463304,-0.2274195
1645117998950,-0.031713065,-0.14200193,-0.229671
1645117998962,-0.034366,-0.12255869,-0.18122
1645117998970,-0.07269395,-0.23232394,-0.446758
1645117998982,-0.0949123,-0.18507724,-0.35535386
1645117998990,-0.107461385,-0.107723184,-0.19240771
1645117999006,-0.120865695,0.016179422,0.04347674
1645117999011,-0.12983681,0.095418446,0.1564709
1645117999022,-0.1318265,0.14704598,0.15097304
1645117999030,-0.12885942,0.14912295,-0.034296185
1645117999042,-0.10664107,0.16819967,-0.19361201
1645117999050,-0.07974518,0.07098351,-0.6156384
1645117999067,-0.02042063,0.026197748,-0.8526049
1645117999071,0.021188585,-0.19457196,-1.4400908
1645117999082,0.087878525,-0.2314687,-1.5196788
1645117999090,0.15678506,-0.22480147,-1.3978881
1645117999102,0.2005236,-0.28974605,-1.3529453
1645117999110,0.21811676,-0.32203507,-1.143468
1645117999127,0.21722664,-0.14660965,-0.3958286
1645117999131,0.16795532,-0.07620211,0.12690462
1645117999143,0.06913343,-0.12179073,0.3513221
1645117999150,-0.06763243,-0.2877738,0.2505454
1645117999167,-0.06763243,-0.2877738,0.2505454
1645117999175,-0.22385898,-0.03529104,1.109835
1645117999187,-0.2727987,0.08983332,1.3678681
1645117999190,-0.2727987,0.08983332,1.3678681
1645117999202,-0.32147658,0.1804695,1.0517671
1645117999210,-0.28459725,0.32376298,0.9957588
1645117999221,-0.2262152,0.42260233,0.8321843
1645117999230,-0.14156558,0.5119295,0.7365739
1645117999245,-0.073845886,0.35172352,0.14097217
1645117999250,0.020211188,0.28794834,-0.06574745
1645117999261,0.10519242,0.19966838,-0.21980976
1645117999270,0.18722402,0.1990226,-0.06415918
1645117999281,0.22445239,0.08267737,-0.131268
1645117999290,0.24050964,-3.8397766E-4,-0.07232743
1645117999306,0.19532245,-0.23337115,-0.37680426
1645117999311,0.15179335,-0.24005584,-0.160939
1645117999322,0.08126364,-0.24365129,-0.020822061
1645117999330,0.012269831,-0.16771097,0.24061437
1645117999342,-0.06447334,-0.13145998,0.3268348
1645117999350,-0.16327778,-0.27138492,-0.10051488
1645117999366,-0.19279169,-0.17982373,-0.0032463565
1645117999371,-0.20160572,-0.105873115,-0.02314338
1645117999382,-0.19371673,-0.026808621,-0.037350554
1645117999390,-0.19499084,-0.06731827,-0.32444367
1645117999402,-0.16378392,-0.06614888,-0.42755914
1645117999410,-0.123099744,-0.039933678,-0.40539315
1645117999426,-0.07761585,-0.038135964,-0.32922593
1645117999430,-0.03668732,-0.06131425,-0.23225412
1645117999442,0.0040317653,-0.09131687,-0.108805306
1645117999450,0.04963784,-0.031765424,0.24684528
1645117999462,0.06326905,-0.033493325,0.41713938
1645117999470,0.049166594,-0.061872765,0.46737063
1645117999486,0.04291823,-0.0023562266,0.67227507
1645117999490,0.022724496,0.029112488,0.69952005
1645117999502,-0.016179422,0.014050092,0.51355267
1645117999510,-0.036774587,0.026703902,0.34187976
1645117999522,-0.04602496,0.05691596,0.20432848
1645117999530,-0.04173139,0.13399075,0.2027751
1645117999546,-0.039270442,0.18115018,0.14678419
1645117999550,-0.039986037,0.20404921,0.06250109
1645117999562,-0.03307444,0.2629549,0.08136836
1645117999577,-0.03307444,0.2629549,0.08136836
1645117999582,-0.0289205,0.27630684,0.043529104
1645117999590,-0.030229514,0.21858801,-0.12934811
1645117999605,-0.00979143,0.21281089,-0.13229775
1645117999610,0.03035169,0.2855921,0.10575094
1645117999622,0.06161096,0.31119645,0.25094685
1645117999630,0.07206562,0.25677633,0.23363295
1645117999641,0.08253774,0.21370102,0.25696832
1645117999654,0.07372371,0.115490004,0.13132036
1645117999668,0.06548564,0.077266775,0.15755302
1645117999672,0.06548564,0.077266775,0.15755302
1645117999681,0.0039619515,-0.11025395,-0.13716729
1645117999690,-0.016580854,-0.10442447,-0.094702855
1645117999701,-0.033755127,-0.07246706,-0.041155424
1645117999710,-0.07349681,-0.116921194,-0.2563749
1645117999724,-0.09578497,-0.08311371,-0.32156384
1645117999730,-0.13692294,-0.13652152,-0.6479972
1645117999742,-0.13346714,-0.0731652,-0.62792563
1645117999750,-0.08337551,0.13629462,-0.15027489
1645117999762,-0.035483025,0.24768305,0.14657475
1645117999770,0.00741775,0.2788376,0.29156122
1645117999786,0.026337376,0.15029235,0.068609826
1645117999790,0.043878175,0.08595864,0.05850423
1645117999802,0.05447247,0.069098525,0.16676848
1645117999810,0.025988307,-0.0939349,-0.14334585
1645117999822,-0.009215464,-0.14250807,-0.23141636
1645117999830,-0.04490793,-0.15681997,-0.25925472
1645117999846,-0.07660355,-0.12460075,-0.1743084
1645117999850,-0.07997207,-0.012793438,0.13502051
1645117999862,-0.083043896,0.040771447,0.29307967
1645117999870,-0.09578497,0.019774849,0.24754341
1645117999882,-0.09746051,1.9198883E-4,0.21572563
1645117999890,-0.095418446,-0.040823806,0.104441926
1645117999906,-0.08592373,-0.04785758,0.056025833
1645117999911,-0.063059606,-0.007313029,0.12749803
1645117999922,-0.0462344,-0.019565407,0.04534427
1645117999930,-0.022165984,-0.03333624,-0.025604328
1645117999942,-0.0068243304,-0.15816389,-0.3679204
1645117999951,-0.003490706,-0.2964482,-0.74563223
1645117999971,-0.003490706,-0.2964482,-0.74563223
1645117999971,-0.003490706,-0.2964482,-0.74563223
1645117999972,0.026634086,-0.41520202,-0.85489136
1645117999981,0.03941007,-0.43438345,-0.77432585
1645117999990,0.047386333,-0.368828,-0.48072258
1645118000000,0.0072083077,-0.42104897,-0.5566803
1645118000010,-0.023649532,-0.39198884,-0.4706868
1645118000023,-0.036460426,-0.28107163,-0.21691246
1645118000030,-0.049218956,-0.18090583,-0.04790994
1645118000040,-0.08178724,-0.19249499,-0.21371847
1645118000050,-0.06295488,-0.065939434,-0.035535388
1645118000060,-0.031852692,0.040736537,0.129767
1645118000070,0.007016319,0.028641243,0.11159787
