1645031494330,0.0054455013,0.020385724,-4.188847E-4
1645031494332,0.0054455013,0.020385724,-4.188847E-4
1645031494341,1.2217471E-4,-0.0018675277,-0.0015708177
1645031494350,3.6652412E-4,-0.004084126,-0.003490706
1645031494366,0.0010123047,-0.0063705384,-0.0031241819
1645031494370,0.0017628066,-0.010192862,-0.0034557988
1645031494385,0.0025133083,-0.0140849985,-0.0016755388
1645031494390,0.002897286,-0.01775024,0.0016580854
1645031494400,0.002234052,-0.022008901,0.0041539404
1645031494410,4.7124532E-4,-0.025290165,0.007505018
1645031494420,-0.0018675277,-0.025586875,0.014818047
1645031494432,-0.00528842,-0.025010908,0.019739943
1645031494443,-0.008779125,-0.02136312,0.025045816
1645031494451,-0.012950519,-0.015254385,0.027541671
1645031494460,-0.017470984,-0.0065799807,0.027803473
1645031494470,-0.021991448,0.0028449253,0.025342526
1645031494481,-0.025325071,0.013875556,0.026773715
1645031494491,-0.028257266,0.024434943,0.030910201
1645031494505,-0.03134654,0.033790033,0.038799196
1645031494510,-0.035727374,0.03951479,0.04119033
1645031494521,-0.038537394,0.045902785,0.047648136
1645031494534,-0.039776593,0.05150537,0.05538005
1645031494540,-0.038101055,0.057230126,0.05721267
1645031494550,-0.033545684,0.0608081,0.044541407
1645031494568,-0.025551967,0.061104808,0.01734881
1645031494571,-0.012392006,0.057980627,-0.012845798
1645031494582,0.008482415,0.04550135,-0.04801466
1645031494590,0.03536085,0.025028363,-0.0869884
1645031494600,0.06918579,-0.001151933,-0.12488001
1645031494611,0.104441926,-0.03372022,-0.16950868
1645031494623,0.13542193,-0.07063443,-0.2244175
1645031494631,0.15755302,-0.0867615,-0.2661838
1645031494640,0.15757047,-0.057928264,-0.26915088
1645031494650,0.12179073,0.019321058,-0.24466358
1645031494661,0.046600927,0.1441487,-0.17542543
1645031494670,-0.0645257,0.3292783,-0.015202025
1645031494684,-0.21132734,0.53409547,0.18978968
1645031494690,-0.37125403,0.7570469,0.46073827
1645031494700,-0.52580506,0.9483201,0.7023475
1645031494713,-0.65339035,1.1053845,0.85635746
1645031494720,-0.7341653,1.2687844,0.94090235
1645031494731,-0.7837333,1.4590104,0.97430843
1645031494744,-0.8177328,1.6729907,0.97413385
1645031494750,-0.8401955,1.8443669,0.87683046
1645031494763,-0.86623615,1.9644297,0.7710795
1645031494770,-0.88824505,2.031713,0.7669256
1645031494780,-0.89597696,1.988568,0.7138145
1645031494790,-0.88283443,1.8604416,0.65923727
1645031494803,-0.8387294,1.6891875,0.68163013
1645031494813,-0.7538703,1.4948425,0.6628153
1645031494820,-0.60973907,1.2649621,0.47253686
1645031494830,-0.41530675,1.0732524,0.21441662
1645031494840,-0.18931843,0.93842393,-0.13219303
1645031494850,0.031032376,0.90526223,-0.3554586
1645031494864,0.25773627,0.8850685,-0.71847457
1645031494870,0.43010733,0.9409896,-0.9150362
1645031494880,0.5367135,0.97041625,-1.1682869
1645031494890,0.5001658,1.0269482,-1.1606423
1645031494900,0.29000786,1.0980539,-0.81558603
1645031494910,-0.053913955,1.1299067,-0.2556942
1645031494923,-0.4956628,1.1257004,0.5322454
1645031494930,-0.9408849,1.0354133,1.2699713
1645031494940,-1.3542368,0.91627544,2.003351
1645031494950,-1.6885592,0.79033077,2.604346
1645031494960,-1.9115281,0.68355006,3.0798674
1645031494970,-1.9499956,0.54451525,3.2331092
1645031494983,-1.7862291,0.34931496,3.0072083
1645031494990,-1.490322,0.14109434,2.6526923
1645031495000,-1.1265032,-0.07402042,2.1689851
1645031495010,-0.76718736,-0.28793088,1.6845449
1645031495020,-0.470233,-0.50173664,1.2778602
1645031495030,-0.2585566,-0.69786197,0.979527
1645031495043,-0.11002705,-0.87775546,0.70739156
1645031495050,-0.0011344794,-1.0097914,0.5215115
1645031495061,0.112697445,-1.0878437,0.320377
1645031495082,0.24068418,-1.082241,0.19153504
1645031495083,0.24068418,-1.082241,0.19153504
1645031495083,0.24068418,-1.082241,0.19153504
1645031495093,0.556628,-0.94256043,-0.23668732
1645031495104,0.6902347,-0.8449952,-0.41497514
1645031495110,0.76193386,-0.7507985,-0.48606336
1645031495120,0.76095647,-0.68573177,-0.5048957
1645031495130,0.68667424,-0.63529104,-0.4496553
1645031495140,0.5647962,-0.6197923,-0.39883062
1645031495150,0.4215551,-0.6111528,-0.2534776
1645031495164,0.27614975,-0.5993542,-0.07525962
1645031495172,0.14465486,-0.5712366,0.058574047
1645031495180,0.033842396,-0.4934811,0.19617768
1645031495191,-0.044523954,-0.38390785,0.2723449
1645031495201,-0.079099394,-0.2642988,0.25674143
1645031495211,-0.07276376,-0.13564883,0.18601972
1645031495224,-0.03539576,-0.020106466,0.033947118
1645031495231,0.016004886,0.0897286,-0.083427876
1645031495240,0.055676762,0.17573959,-0.13742909
1645031495251,0.074893095,0.21583036,-0.14399162
1645031495261,0.06810367,0.18752073,-0.10500044
1645031495271,0.03539576,0.054001223,-0.13269919
1645031495290,-0.06349594,-0.08637752,0.03277773
1645031495293,-0.06349594,-0.08637752,0.03277773
1645031495300,-0.38331443,-0.41399774,0.51498383
1645031495310,-0.5103587,-0.5634,0.76291126
1645031495320,-0.6175059,-0.6603194,0.9454577
1645031495330,-0.7493673,-0.60275763,1.1735579
1645031495344,-0.9086831,-0.3864735,1.4467231
1645031495351,-1.0489223,-0.08775635,1.7673619
1645031495360,-1.0299852,0.17580941,1.9722838
1645031495370,-0.9129418,0.4170521,2.0283968
1645031495380,-0.8023388,0.68437034,2.014818
1645031495390,-0.70868313,0.9473252,2.0712452
1645031495403,-0.6158129,1.1362946,2.1214416
1645031495411,-0.50393575,1.2130727,2.0283446
1645031495420,-0.36730954,1.1971376,1.8864124
1645031495431,-0.36730954,1.1971376,1.8864124
1645031495440,-0.015411467,1.0001745,1.4810019
1645031495451,0.1841522,0.851837,1.2254298
1645031495464,0.40310672,0.67723185,0.9707828
1645031495471,0.64565843,0.40829042,0.57329607
1645031495480,0.86941266,0.019897025,0.20034908
1645031495491,1.0480146,-0.5056113,-0.21246181
1645031495501,1.1254734,-1.0771796,-0.5786718
1645031495511,1.0851907,-1.5592111,-0.8284318
1645031495525,0.95104283,-1.822707,-0.87990224
1645031495532,0.78504235,-1.8855222,-0.92974955
1645031495540,0.62604064,-1.7298717,-0.87452656
1645031495551,0.48670915,-1.4233528,-0.797382
1645031495561,0.3672397,-1.0486256,-0.7437473
1645031495578,0.28047824,-0.68459725,-0.665922
1645031495591,0.22092678,-0.39427525,-0.6147308
1645031495593,0.22092678,-0.39427525,-0.6147308
1645031495601,0.07534689,-0.2316258,-0.5445676
1645031495611,0.008779125,-0.2615237,-0.4514879
1645031495620,-0.055990923,-0.35043198,-0.3760014
1645031495637,-0.10196352,-0.44719434,-0.33158216
1645031495653,-0.122925214,-0.5069378,-0.3760014
1645031495654,-0.10559385,-0.47279868,-0.41410246
1645031495660,-0.052936558,-0.3479885,-0.45000437
1645031495671,0.024714198,-0.1609739,-0.53159964
1645031495680,0.09561044,0.083532594,-0.6820665
1645031495691,0.15400995,0.39218083,-0.7363295
1645031495704,0.19619513,0.7098176,-0.70337725
1645031495711,0.22307357,0.9484772,-0.71227854
1645031495720,0.22947901,1.0880531,-0.6765861
1645031495731,0.20062833,1.1379702,-0.5370626
1645031495740,0.124827646,1.1194171,-0.3791605
1645031495751,0.0060040145,1.098979,-0.14491665
1645031495764,-0.10402304,1.0436338,0.022759402
1645031495771,-0.16884544,0.95325947,0.08758181
1645031495780,-0.16853128,0.8948599,0.111353524
1645031495791,-0.12831835,0.87367135,0.109206736
1645031495801,-0.082101405,0.85714287,0.04490793
1645031495811,-0.04899206,0.8457981,0.043616373
1645031495824,-0.049777467,0.8112924,0.10077668
1645031495831,-0.09714635,0.73020333,0.1567327
1645031495840,-0.18217994,0.62810016,0.2608779
1645031495851,-0.28323588,0.51728773,0.387416
1645031495860,-0.3685313,0.4101754,0.5138494
1645031495871,-0.41246182,0.32051662,0.6481543
1645031495884,-0.39081943,0.23813596,0.6327428
1645031495891,-0.3048259,0.1728772,0.5203595
1645031495900,-0.18382058,0.15355615,0.43562266
1645031495911,-0.044227246,0.167135,0.32159874
1645031495920,0.106518894,0.18296535,0.12486255
1645031495931,0.2546121,0.19706781,-0.03881665
1645031495944,0.4032987,0.16327778,-0.23586701
1645031495951,0.53952354,0.08573174,-0.37252814
1645031495966,0.6771271,-0.061977483,-0.56622744
1645031495973,0.8195305,-0.28025132,-0.8825377
1645031495981,0.94865173,-0.5090846,-1.2329522
1645031495992,1.0223755,-0.63869447,-1.3476568
1645031496005,1.0827472,-0.7520028,-1.5082468
1645031496012,1.1354568,-0.8568112,-1.7459115
1645031496021,1.1590017,-0.8724496,-1.8600925
1645031496032,1.1400646,-0.85538006,-1.9520203
1645031496041,1.0787678,-0.7875382,-1.910795
1645031496052,0.9670652,-0.68625534,-1.7062048
1645031496065,0.85300636,-0.6592024,-1.5664543
1645031496072,0.7479361,-0.6840213,-1.4781569
1645031496091,0.6283096,-0.6406318,-1.1639934
1645031496092,0.6283096,-0.6406318,-1.1639934
1645031496102,0.5036565,-0.60682434,-0.8579108
1645031496112,0.26874945,-0.57830524,-0.4327079
1645031496125,0.16591325,-0.55123484,-0.28548738
1645031496131,0.055502225,-0.47614974,-0.09309713
1645031496141,-0.059760887,-0.33758616,0.19472903
1645031496152,-0.15544114,-0.21752335,0.37935248
1645031496161,-0.2306484,-0.14355528,0.4706519
1645031496172,-0.28775635,-0.086464785,0.5892312
1645031496184,-0.32105768,-0.08398639,0.6221485
1645031496191,-0.3257003,-0.07468365,0.68087965
1645031496201,-0.30791518,-0.003787416,0.7575356
1645031496212,-0.28482416,0.114442796,0.7994764
1645031496221,-0.2848416,0.24016057,0.76310325
1645031496232,-0.3211275,0.384222,0.8222707
1645031496292,-0.38094074,0.4821363,0.9598918
1645031496294,-0.38094074,0.4821363,0.9598918
1645031496295,-0.38094074,0.4821363,0.9598918
1645031496296,-0.38094074,0.4821363,0.9598918
1645031496296,-0.51276726,0.42839688,1.1127847
1645031496299,-0.55280566,0.3478663,1.1728772
1645031496300,-0.55280566,0.3478663,1.1728772
1645031496300,-0.5459464,0.20802863,1.0950868
1645031496301,-0.4730605,0.06586962,0.99040055
1645031496308,-0.3464002,-0.06264072,0.8196352
1645031496336,-0.18704948,-0.18940571,0.51611835
1645031496336,-0.017470984,-0.2597609,0.26483986
1645031496336,0.13718474,-0.29883933,0.031137098
1645031496340,0.23230648,-0.2975827,-0.16795532
1645031496357,0.22935684,-0.21226983,-0.21679029
1645031496367,0.12137185,-0.0442447,-0.069011256
1645031496370,-0.06799895,0.13880792,0.19045292
1645031496381,-0.30164936,0.27660355,0.5025046
1645031496390,-0.53591067,0.32714897,0.7609041
1645031496401,-0.72599703,0.30582076,1.0250633
1645031496412,-0.8585217,0.20176281,1.1915874
1645031496423,-0.91713065,0.04070163,1.2259883
1645031496433,-0.9005149,-0.1281089,1.151933
1645031496440,-0.8253076,-0.27161184,0.9900515
1645031496450,-0.71439046,-0.36378393,0.8077494
1645031496464,-0.57177764,-0.4148355,0.6192338
1645031496470,-0.42136312,-0.420281,0.4735841
1645031496486,-0.42136312,-0.420281,0.4735841
1645031496490,-0.16750152,-0.29019985,0.17301685
1645031496500,-0.07335719,-0.19938913,0.08718038
1645031496515,0.0045379177,-0.112610176,0.044122525
1645031496520,0.06773715,-0.037193473,0.022235798
1645031496533,0.06773715,-0.037193473,0.022235798
1645031496550,0.10576839,0.13364168,0.07098351
1645031496551,0.11454752,0.18505977,0.088925734
1645031496563,0.14449778,0.16837421,0.042342264
1645031496570,0.18315734,0.10690287,-0.054751724
1645031496584,0.18315734,0.10690287,-0.054751724
1645031496593,0.27710968,-0.04316258,-0.27808708
1645031496603,0.3050179,-0.06538092,-0.3225587
1645031496617,0.31892836,-0.0845798,-0.42138058
1645031496621,0.32133695,-0.04742124,-0.4532507
1645031496631,0.29845536,0.0178026,-0.48124617
1645031496642,0.27047735,0.08164761,-0.5115281
1645031496650,0.24567589,0.13404311,-0.48918754
1645031496666,0.22736713,0.15060651,-0.5031678
1645031496670,0.22302121,0.10878785,-0.57146347
1645031496681,0.23522122,0.012147657,-0.69131684
1645031496692,0.25557205,-0.09028711,-0.75444627
1645031496701,0.26346102,-0.18390785,-0.8069465
1645031496715,0.25801554,-0.22361463,-0.77249324
1645031496726,0.237368,-0.21101318,-0.71149313
1645031496732,0.20193735,-0.16991012,-0.67941356
1645031496741,0.161131,-0.10672834,-0.65913254
1645031496751,0.11934724,0.006021468,-0.5184571
1645031496763,0.07738895,0.08979841,-0.45136574
1645031496771,0.035221223,0.16991012,-0.38118508
1645031496784,-0.008814032,0.21804695,-0.36549437
1645031496794,-0.06855746,0.2964831,-0.20596911
1645031496801,-0.14353783,0.35111266,-0.06983157
1645031496817,-0.14353783,0.35111266,-0.06983157
1645031496822,-0.35034472,0.5718649,0.31100446
1645031496832,-0.35034472,0.5718649,0.31100446
1645031496850,-0.4289903,0.6991361,0.57706606
1645031496852,-0.40509644,0.715106,0.6385723
1645031496861,-0.40509644,0.715106,0.6385723
1645031496873,-0.3414085,0.7597172,0.70793265
1645031496881,-0.3446025,0.7995986,0.7756174
1645031496894,-0.39204118,0.8433022,0.88836724
1645031496904,-0.49932805,0.9086308,1.1147046
1645031496911,-0.6644908,0.9848678,1.4200017
1645031496921,-0.8506676,1.058993,1.806423
1645031496931,-1.0133868,1.071577,2.1255257
1645031496941,-1.1401169,1.0239288,2.2988918
1645031496951,-1.2439306,0.9702941,2.5009336
1645031496992,-1.2908282,0.87574834,2.531076
1645031496994,-1.2908282,0.87574834,2.531076
1645031496996,-1.2908282,0.87574834,2.531076
1645031496997,-1.2635658,0.75202024,2.4793088
1645031496998,-1.2635658,0.75202024,2.4793088
1645031496998,-0.9336417,0.4981761,2.027245
1645031497000,-0.73128545,0.41331705,1.8155686
1645031497011,-0.49725106,0.35486516,1.5355092
1645031497024,-0.24754341,0.33331007,1.2774588
1645031497031,0.020787153,0.31456497,0.98928356
1645031497040,0.29281786,0.2561829,0.5507636
1645031497051,0.50875294,0.20390959,0.251837
1645031497060,0.6780347,0.13474125,-0.024958547
1645031497072,0.81233966,0.04237717,-0.3334497
1645031497085,0.9116153,-0.07086133,-0.6610699
1645031497112,0.98368096,-0.18668295,-0.9474649
1645031497113,0.98368096,-0.18668295,-0.9474649
1645031497115,1.0100707,-0.25955144,-1.1015621
1645031497121,1.0326904,-0.3129767,-1.2445065
1645031497131,1.057265,-0.34413126,-1.3656515
1645031497144,1.0714198,-0.38350642,-1.4898334
1645031497151,1.0172615,-0.37376735,-1.3639934
1645031497160,0.9337464,-0.42803037,-1.3084388
1645031497171,0.83028185,-0.5031853,-1.1991622
1645031497180,0.70627457,-0.6080635,-1.1065015
1645031497191,0.57628065,-0.69232917,-0.926381
1645031497205,0.4559909,-0.77169037,-0.76285887
1645031497212,0.36006632,-0.85668904,-0.6698316
1645031497221,0.27847108,-0.8920499,-0.5431713
1645031497232,0.22974081,-0.89623874,-0.4724147
1645031497242,0.20600401,-0.8499869,-0.37361026
1645031497252,0.21195567,-0.7798412,-0.28634262
1645031497265,0.24038747,-0.70329,-0.23708875
1645031497271,0.27524218,-0.6335457,-0.21738371
1645031497281,0.30685052,-0.59506065,-0.25157517
1645031497292,0.31316867,-0.57519853,-0.31072518
1645031497301,0.28969368,-0.5311982,-0.25150537
1645031497312,0.23351078,-0.50983506,-0.16531983
1645031497325,0.15685487,-0.5044594,-0.037804347
1645031497332,0.065939434,-0.53917444,0.008342788
1645031497341,-0.026337376,-0.5416703,0.16020595
1645031497353,-0.10585566,-0.5003229,0.42631993
1645031497361,-0.17451784,-0.47080898,0.62181693
1645031497372,-0.21750589,-0.4617506,0.73184395
1645031497385,-0.2289554,-0.47431713,0.759438
1645031497392,-0.21605724,-0.48691857,0.71348286
1645031497401,-0.19151759,-0.4754167,0.6462169
1645031497413,-0.15825115,-0.4384676,0.63167816
1645031497422,-0.12350118,-0.38436162,0.6634261
1645031497432,-0.1117724,-0.29920587,0.6952788
1645031497445,-0.13793525,-0.15205516,0.7982721
1645031497451,-0.20466009,0.032603193,0.9256305
1645031497461,-0.31257528,0.2861157,1.2713326
1645031497472,-0.45455974,0.48896065,1.5150886
1645031497481,-0.6104372,0.6464089,1.7576228
1645031497492,-0.7600838,0.73170435,1.9505367
1645031497504,-0.8899555,0.7488088,2.088821
1645031497512,-0.98176104,0.7053146,2.1326642
1645031497521,-1.0302644,0.62925214,2.1134305
1645031497536,-1.0302644,0.62925214,2.1134305
1645031497543,-0.99626493,0.4724496,1.9117724
1645031497560,-0.95413214,0.42806527,1.8517672
1645031497606,-0.95413214,0.42806527,1.8517672
1645031497606,-0.95413214,0.42806527,1.8517672
1645031497610,-0.95413214,0.42806527,1.8517672
1645031497610,-0.95413214,0.42806527,1.8517672
1645031497611,-0.6833581,0.5435902,1.4808971
1645031497611,-0.6833581,0.5435902,1.4808971
1645031497613,-0.6833581,0.5435902,1.4808971
1645031497614,-0.63394713,0.6010123,1.4585391
1645031497614,-0.60024434,0.65052795,1.4491142
1645031497624,-0.5696134,0.6597434,1.409617
1645031497630,-0.5469238,0.6300201,1.3577625
1645031497640,-0.54111177,0.5657911,1.2798325
1645031497651,-0.5441487,0.4627978,1.2207522
1645031497660,-0.5337638,0.29639584,1.0691334
1645031497671,-0.50239986,0.09983419,0.90316784
1645031497684,-0.45316344,-0.10068941,0.6923117
1645031497690,-0.37657738,-0.26819095,0.51821274
1645031497701,-0.270233,-0.38820142,0.36971813
1645031497712,-0.15191552,-0.46616632,0.20012218
1645031497721,-0.02160747,-0.5033249,0.024836373
1645031497732,0.1191727,-0.4990837,-0.076620996
1645031497745,0.258958,-0.4667772,-0.13294354
1645031497752,0.3790034,-0.4524304,-0.28185704
1645031497761,0.48175234,-0.4475434,-0.36933416
1645031497772,0.56001395,-0.47709224,-0.47855833
1645031497781,0.61225235,-0.55348635,-0.61773276
1645031497792,0.6511738,-0.6552055,-0.72877216
1645031497805,0.67075664,-0.77127147,-0.8591326
1645031497812,0.6801815,-0.876621,-0.9722663
1645031497821,0.68983334,-0.95814645,-1.0483986
1645031497832,0.6950519,-1.0102103,-1.1168339
1645031497841,0.6821712,-1.0588533,-1.2895541
1645031497852,0.6738459,-1.0602496,-1.3338511
1645031497865,0.6629374,-1.022899,-1.3064666
1645031497871,0.63558775,-0.9609739,-1.2790645
1645031497882,0.598307,-0.84892225,-1.1307443
1645031497892,0.598307,-0.84892225,-1.1307443
1645031497900,0.4615935,-0.5900864,-0.86087793
1645031497911,0.38211012,-0.46171567,-0.7536085
1645031497924,0.31322104,-0.33402565,-0.6425517
1645031497931,0.25429794,-0.20626582,-0.52320445
1645031497941,0.201501,-0.0823283,-0.42178202
1645031497951,0.16418536,0.04836373,-0.27295575
1645031497960,0.12861507,0.16460425,-0.12697443
1645031497971,0.098507725,0.25436774,0.012060389
1645031497985,0.06297234,0.31557727,0.14034383
1645031497991,0.0066672484,0.34180993,0.1861419
1645031498001,-0.04761323,0.36607033,0.25092942
1645031498013,-0.091683395,0.38523433,0.31885853
1645031498021,-0.12446112,0.40562004,0.35896674
1645031498032,-0.1495593,0.4395148,0.39490357
1645031498045,-0.16404572,0.49355093,0.46072084
1645031498051,-0.15524915,0.57738024,0.59712017
1645031498061,-0.13486342,0.6551182,0.66826075
1645031498072,-0.11074265,0.7338337,0.69545335
1645031498086,-0.11074265,0.7338337,0.69545335
1645031498097,0.0012566542,0.83625096,0.69883937
1645031498104,0.064019546,0.8643861,0.6862728
1645031498112,0.13557902,0.89304477,0.70198095
1645031498120,0.18696222,0.9032027,0.7003578
1645031498131,0.21474823,0.8787503,0.7262763
1645031498140,0.22804782,0.77640283,0.6790819
1645031498151,0.22611049,0.6183262,0.582913
1645031498164,0.22139803,0.45152283,0.46283272
1645031498171,0.2182913,0.31892836,0.36774588
1645031498180,0.23738547,0.22330046,0.27128023
1645031498191,0.27517235,0.16020595,0.16415045
1645031498201,0.32898158,0.13196614,0.06709137
1645031498212,0.39544463,0.11830003,-0.021118771
1645031498225,0.46520638,0.08634261,-0.16448207
1645031498232,0.536155,0.054210663,-0.3057684
1645031498263,0.536155,0.054210663,-0.3057684
1645031498263,0.581412,0.049515665,-0.31688628
1645031498264,0.60455537,0.02694825,-0.37305176
1645031498274,0.5797365,-0.01087355,-0.42844924
1645031498298,0.5445501,-0.020141374,-0.4205079
1645031498299,0.5445501,-0.020141374,-0.4205079
1645031498300,0.4655031,0.012147657,-0.3352474
1645031498317,0.4375949,0.020752247,-0.34193212
1645031498320,0.43600664,0.0010821188,-0.43930534
1645031498331,0.46265817,0.002303866,-0.45955145
1645031498346,0.49726853,0.019984292,-0.4345929
1645031498351,0.5190854,0.031381447,-0.4143817
1645031498362,0.52111006,0.049655292,-0.36786807
1645031498370,0.50386596,0.045518804,-0.367135
1645031498381,0.50386596,0.045518804,-0.367135
1645031498395,0.40883148,0.10269657,-0.1982721
1645031498403,0.3396806,0.15174098,-0.08885592
1645031498413,0.3396806,0.15174098,-0.08885592
1645031498420,0.17455275,0.22539489,0.13046513
1645031498430,0.10131774,0.21113536,0.167135
1645031498445,0.03530849,0.19825464,0.24115543
1645031498451,-0.034400906,0.1628938,0.29477265
1645031498466,-0.034400906,0.1628938,0.29477265
1645031498473,-0.16404572,0.051278472,0.37996334
1645031498481,-0.22043808,-0.018081857,0.38202286
1645031498496,-0.27208307,-0.089484245,0.3551095
1645031498500,-0.30800244,-0.1355441,0.34303167
1645031498513,-0.30800244,-0.1355441,0.34303167
1645031498528,-0.3277424,-0.15997906,0.29225937
1645031498532,-0.30999213,-0.17198709,0.23565756
1645031498546,-0.30999213,-0.17198709,0.23565756
1645031498551,-0.17896849,-0.18905663,0.20675452
1645031498564,-0.17896849,-0.18905663,0.20675452
1645031498572,-0.044523954,-0.16620997,0.13121563
1645031498584,0.0064403526,-0.12390261,0.12049917
1645031498597,0.0064403526,-0.12390261,0.12049917
1645031498603,0.05462955,-0.0060389214,0.09527882
1645031498612,0.05462955,-0.0060389214,0.09527882
1645031498623,0.01637141,0.13512523,0.15875731
1645031498631,-0.0013090147,0.17139366,0.18685749
1645031498646,-0.022375425,0.18956278,0.24536173
1645031498650,-0.04087617,0.20602147,0.33924428
1645031498661,-0.06468278,0.16460425,0.27340955
1645031498674,-0.08569683,0.15352125,0.27224016
1645031498680,-0.09355092,0.1550048,0.26728335
1645031498693,-0.09355092,0.1550048,0.26728335
1645031498713,-0.07925648,0.14947203,0.23235884
1645031498714,-0.07925648,0.14947203,0.23235884
1645031498716,-0.07925648,0.14947203,0.23235884
1645031498718,-0.027663846,0.1319836,0.12514181
1645031498725,-0.0022515054,0.11477441,0.071158044
1645031498730,0.00860459,0.08997295,-0.011711319
1645031498742,0.00860459,0.08997295,-0.011711319
1645031498750,0.0053233267,0.14205427,0.0857841
1645031498763,-0.012566541,0.15067632,0.09648311
1645031498773,-0.028396893,0.15962999,0.10995724
1645031498780,-0.040457282,0.1666114,0.13166943
1645031498792,-0.04993455,0.17203945,0.1673619
1645031498800,-0.068225846,0.160747,0.15291038
1645031498811,-0.09744306,0.1648835,0.19383891
1645031498825,-0.12425168,0.17582686,0.23728074
1645031498831,-0.14191465,0.1659307,0.19869098
1645031498841,-0.14074527,0.16996248,0.20366524
1645031498854,-0.13236757,0.165442,0.14786631
1645031498861,-0.1183873,0.20415394,0.18399511
1645031498871,-0.10447683,0.25346017,0.23288245
1645031498884,-0.0951741,0.31058556,0.28276464
1645031498891,-0.08944934,0.35599965,0.25593856
1645031498913,-0.081944324,0.42043808,0.2383105
1645031498917,-0.081944324,0.42043808,0.2383105
1645031498921,-0.06017977,0.67349684,0.43970677
1645031498931,-0.05775373,0.81368357,0.6144166
1645031498944,-0.054856446,0.9319661,0.7522122
1645031498951,-0.05473427,1.0299677,0.8545597
1645031498961,-0.060895365,1.0908108,0.9090322
1645031498972,-0.07161184,1.112523,0.9391221
1645031498981,-0.10082904,1.1628065,1.0479797
1645031498992,-0.14570206,1.2255346,1.20466
1645031499005,-0.19183175,1.285819,1.3947989
1645031499012,-0.20331617,1.2812985,1.423091
1645031499020,-0.21623178,1.2989092,1.5047038
1645031499031,-0.24220264,1.3495593,1.6115543
1645031499041,-0.27888995,1.4048346,1.6971115
1645031499051,-0.33612007,1.4775809,1.8445764
1645031499085,-0.33612007,1.4775809,1.8445764
1645031499085,-0.33612007,1.4775809,1.8445764
1645031499086,-0.33612007,1.4775809,1.8445764
1645031499086,-0.33612007,1.4775809,1.8445764
1645031499086,-0.6175234,1.5586177,2.2661488
1645031499087,-0.6175234,1.5586177,2.2661488
1645031499091,-0.7149839,1.5540972,2.39808
1645031499100,-0.7833144,1.4823109,2.375792
1645031499111,-0.82837945,1.3727027,2.3117898
1645031499124,-0.8413474,1.2466707,2.2246444
1645031499134,-0.8413474,1.2466707,2.2246444
1645031499142,-0.8600925,1.0752596,2.1639235
1645031499151,-0.85178465,0.9778166,2.0571952
1645031499160,-0.8510865,0.88641244,1.9956192
1645031499170,-0.8342089,0.7232045,1.8699712
1645031499183,-0.76568633,0.47398552,1.5833843
1645031499190,-0.6565843,0.16078192,1.1947639
1645031499201,-0.5278646,-0.1517759,0.87733656
1645031499211,-0.35858276,-0.45871368,0.5290688
1645031499220,-0.20008726,-0.69786197,0.29112488
1645031499230,-0.06145388,-0.8581028,0.1574134
1645031499244,0.048224103,-0.9415481,0.09362073
1645031499250,0.1255607,-0.9674666,0.02675626
1645031499260,0.14751723,-0.9174797,0.07902958
1645031499271,0.13711493,-0.8526573,0.11658958
1645031499280,0.10220787,-0.7933153,0.12322192
1645031499291,0.027541671,-0.7150362,0.23200977
1645031499305,-0.077266775,-0.6449428,0.30346453
1645031499311,-0.21214765,-0.6002618,0.33983767
1645031499321,-0.3631556,-0.5747971,0.36137533
1645031499332,-0.5254036,-0.5580766,0.37765947
1645031499341,-0.6891875,-0.5310236,0.42443493
1645031499352,-0.8425517,-0.4616284,0.5557204
1645031499365,-0.9890741,-0.37530327,0.6716467
1645031499372,-1.1095383,-0.2902522,0.7544114
1645031499381,-1.209966,-0.20167553,0.88152546
1645031499392,-1.2829217,-0.1448643,0.9283882
1645031499401,-1.346819,-0.12590976,0.96753645
1645031499412,-1.3840649,-0.17142858,0.84874773
1645031499424,-1.4026704,-0.25204644,0.7083864
1645031499431,-1.3924077,-0.34256044,0.6438956
1645031499441,-1.3356837,-0.44146958,0.5428746
1645031499452,-1.239253,-0.52721876,0.3706257
1645031499461,-1.1180382,-0.5733834,0.27784273
1645031499471,-0.9595951,-0.5866306,0.24539663
1645031499484,-0.76427263,-0.5789336,0.24407016
1645031499491,-0.54818046,-0.55243915,0.25932455
1645031499501,-0.33170435,-0.51411116,0.3322803
1645031499512,-0.10685051,-0.5038834,0.39118597
1645031499521,0.14444542,-0.54165286,0.34201938
1645031499533,0.4446287,-0.62518543,0.21616197
1645031499574,0.72250634,-0.71159786,0.08295663
1645031499576,0.72250634,-0.71159786,0.08295663
1645031499581,0.72250634,-0.71159786,0.08295663
1645031499582,1.0172266,-0.8025133,0.044017803
1645031499583,1.2878087,-0.8625535,0.015341653
1645031499584,1.2878087,-0.8625535,0.015341653
1645031499584,1.4811938,-0.8476656,-0.08271228
1645031499591,1.653146,-0.37774676,0.33711493
1645031499606,1.5942403,0.028606335,0.76804256
1645031499616,1.4459202,0.4290776,1.1472205
1645031499620,1.2406144,0.78533906,1.5320534
1645031499633,1.2406144,0.78533906,1.5320534
1645031499641,0.98928356,1.0220089,1.7646217
1645031499652,0.49861243,1.1550921,1.9455276
1645031499664,0.31910288,1.0857317,1.8998517
1645031499670,0.20261803,0.9853041,1.85915
1645031499681,0.14746487,0.87512,1.7710097
1645031499692,0.15130465,0.80771446,1.7605027
1645031499701,0.20460773,0.7873462,1.8193386
1645031499712,0.2765163,0.80588186,1.9148791
1645031499724,0.33598045,0.904791,2.1459987
1645031499731,0.35453355,1.0238066,2.317951
1645031499741,0.32632864,1.1098526,2.4043982
1645031499752,0.26370537,1.1472031,2.440754
1645031499761,0.19252989,1.0888385,2.3059254
1645031499772,0.12622392,0.9703639,2.1377084
1645031499784,0.08196177,0.83379,2.0790296
1645031499791,0.08386421,0.6538965,1.9504844
1645031499801,0.13268174,0.4971987,1.8913518
1645031499812,0.21980976,0.39916223,1.8852954
1645031499821,0.32156384,0.3644297,1.9461559
1645031499832,0.41548127,0.3851994,2.0827646
1645031499845,0.5027664,0.43476743,2.2606685
1645031499851,0.56914216,0.4821712,2.4117637
1645031499861,0.59851646,0.49835065,2.496012
1645031499873,0.58537394,0.44331965,2.423248
1645031499881,0.55404484,0.36950868,2.2895715
1645031499892,0.49053147,0.2932542,2.1541147
1645031499904,0.4010123,0.1886203,1.9888123
1645031499911,0.2969369,0.022323065,1.7557379
1645031499921,0.19195393,-0.1910289,1.4925561
1645031499933,0.08794834,-0.4435291,1.1406405
1645031499941,-0.019809756,-0.6833057,0.8009774
1645031499952,-0.12083079,-0.85150534,0.5701021
1645031499964,-0.20612618,-0.96151495,0.38067895
1645031499978,-0.25649709,-1.0231957,0.23872939
1645031499982,-0.25841695,-1.024627,0.18952788
1645031499991,-0.24436687,-1.010891,0.12901649
1645031500000,-0.23611136,-0.9564709,0.14468977
1645031500011,-0.22968845,-0.8742124,0.21136224
1645031500024,-0.23141636,-0.7752858,0.30330744
1645031500031,-0.26691684,-0.69721615,0.26175058
1645031500040,-0.2988219,-0.6257265,0.24426216
1645031500051,-0.34081507,-0.6088664,0.15221223
1645031500060,-0.3785147,-0.59799284,0.046513658
1645031500075,-0.4150624,-0.50789773,0.027873287
1645031500084,-0.45941183,-0.31032377,0.080286235
1645031500099,-0.5061,-0.022672135,0.20033161
1645031500100,-0.55055416,0.28430054,0.31322104
1645031500111,-0.55055416,0.28430054,0.31322104
1645031500121,-0.6472467,0.8271228,0.5423859
1645031500131,-0.707601,1.0317829,0.63747275
1645031500144,-0.76823455,1.1460861,0.5909416
1645031500150,-0.782145,1.1908892,0.59115106
1645031500160,-0.74116415,1.1764028,0.62981063
1645031500174,-0.74116415,1.1764028,0.62981063
1645031500181,-0.5213544,1.1777642,0.90451175
1645031500192,-0.4180993,1.1877127,1.0005411
1645031500204,-0.32590976,1.1959507,1.0879483
1645031500211,-0.2568287,1.187992,1.1865084
1645031500220,-0.20825551,1.1276551,1.2361987
1645031500231,-0.16374902,1.0187451,1.2357972
1645031500260,-0.113901734,0.88159525,1.2760974
1645031500261,-0.113901734,0.88159525,1.2760974
1645031500274,0.056619253,0.5978183,1.4731128
1645031500275,0.056619253,0.5978183,1.4731128
1645031500317,0.2556942,0.4662885,1.8171045
1645031500318,0.2556942,0.4662885,1.8171045
1645031500329,0.3048259,0.4256916,2.0449953
1645031500330,0.3048259,0.4256916,2.0449953
1645031500367,0.15306745,0.4200541,2.062379
1645031500367,0.15306745,0.4200541,2.062379
1645031500368,0.15306745,0.4200541,2.062379
1645031500368,0.15306745,0.4200541,2.062379
1645031500369,0.052814383,0.39844665,1.9903482
1645031500372,-0.0057422114,0.34526572,1.8208395
1645031500373,-0.0057422114,0.34526572,1.8208395
1645031500374,-0.03129418,0.1940309,1.1908543
1645031500374,-0.051383194,0.18650842,1.2812288
1645031500383,-0.04628676,0.1806964,1.3185793
1645031500391,-0.016284144,0.190418,1.3708003
1645031500400,0.040055852,0.2145737,1.4504756
1645031500410,0.12446112,0.2599354,1.613928
1645031500421,0.21804695,0.28485906,1.680199
1645031500430,0.30171916,0.28485906,1.6677022
1645031500443,0.3767868,0.3021206,1.7666463
1645031500450,0.44457632,0.32020247,1.800541
1645031500460,0.4996422,0.35374814,1.7375338
1645031500472,0.5296274,0.43548304,1.7065538
1645031500480,0.52947026,0.5454054,1.6948774
1645031500491,0.5006894,0.6594467,1.6878611
1645031500510,0.4410507,0.7463828,1.6180993
1645031500511,0.4410507,0.7463828,1.6180993
1645031500511,0.33463654,0.7802601,1.4488524
1645031500522,0.20263548,0.69917095,1.1584257
1645031500530,0.07587049,0.5059953,0.88426566
1645031500541,-0.043581463,0.24522209,0.6200541
1645031500551,-0.17940484,-0.041609216,0.25726503
1645031500565,-0.17940484,-0.041609216,0.25726503
1645031500574,-0.4271577,-0.5551444,-0.3684964
1645031500580,-0.4658347,-0.8529191,-0.51990575
1645031500591,-0.39612532,-1.1970154,-0.5381098
1645031500603,-0.2750851,-1.4624662,-0.3933851
1645031500611,-0.18554848,-1.6030369,-0.31828257
1645031500625,-0.10622218,-1.6348547,-0.20137882
1645031500631,-0.10622218,-1.6348547,-0.20137882
1645031500640,0.08400384,-1.4870931,0.32032463
1645031500652,0.10180644,-1.3078977,0.52592725
1645031500660,0.05710795,-1.0695698,0.68993807
1645031500676,0.05710795,-1.0695698,0.68993807
1645031500693,-0.09044419,-0.5744829,0.9214242
1645031500694,-0.09044419,-0.5744829,0.9214242
1645031500705,-0.1448992,-0.04860808,1.0759403
1645031500711,-0.11217384,0.2390261,1.2755389
1645031500723,-0.052482765,0.54727286,1.5105855
1645031500731,0.021624923,0.8410507,1.7263112
1645031500745,0.10840388,1.10144,1.9544637
1645031500753,0.18612444,1.2886115,2.042761
1645031500761,0.26101753,1.4198272,2.1683917
1645031500776,0.35561568,1.4633039,2.2227943
1645031500781,0.44696745,1.4894842,2.3477616
1645031500793,0.5436949,1.4455712,2.3162405
1645031500818,0.6353783,1.4053408,2.3268173
1645031500819,0.6353783,1.4053408,2.3268173
1645031500820,0.6353783,1.4053408,2.3268173
1645031500821,0.7242342,1.3345841,2.2967625
1645031500825,0.8021293,1.2544026,2.230247
1645031500833,0.8557815,1.1391745,2.1802776
1645031500841,0.887704,1.0002793,2.141269
1645031500855,0.89173573,0.8316607,2.0098438
1645031500864,0.8740553,0.6593944,1.8781046
1645031500872,0.8740553,0.6593944,1.8781046
1645031500883,0.75901914,0.35631382,1.6857142
1645031500891,0.6677895,0.21668558,1.4799546
1645031500902,0.5665067,0.07899468,1.2172965
1645031500911,0.46000522,-0.028100183,1.0384501
1645031500924,0.35013527,-0.13262938,0.8437909
1645031500931,0.242063,-0.27073917,0.5745353
1645031500941,0.13962825,-0.3940309,0.39523518
1645031500951,0.047229253,-0.5477267,0.16437735
1645031500961,-0.012479274,-0.6933938,-0.024400035
1645031500978,-0.04752596,-0.8082381,-0.15795444
1645031500985,-0.11423335,-0.9142508,-0.4195305
1645031500993,-0.24094598,-0.95430666,-0.7084562
1645031501001,-0.42638972,-0.9450737,-1.1423335
1645031501013,-0.6318352,-0.8065451,-1.5599267
1645031501022,-0.8784536,-0.52966225,-2.1915176
1645031501034,-1.1346191,-0.08032115,-2.8113275
1645031501045,-1.3691596,0.46250108,-3.3618467
1645031501053,-1.5043372,0.97083515,-3.699328
1645031501066,-1.5146347,1.3663322,-3.7212322
1645031501075,-1.4437386,1.6115543,-3.5189981
1645031501091,-1.4437386,1.6115543,-3.5189981
1645031501092,-1.3069727,1.6154115,-3.1669605
1645031501113,-1.1502924,1.4457108,-2.7486167
1645031501114,-0.9780958,1.1595253,-2.3451087
1645031501121,-0.7965966,0.8135265,-1.8697269
1645031501132,-0.5871717,0.44478574,-1.4792042
1645031501140,-0.37608865,0.09412689,-1.0543329
1645031501151,-0.16505803,-0.21151933,-0.64930624
1645031501176,0.028449254,-0.4462344,-0.19804521
1645031501176,0.028449254,-0.4462344,-0.19804521
1645031501177,0.028449254,-0.4462344,-0.19804521
1645031501177,0.20801117,-0.5681997,0.26098263
1645031501180,0.3653722,-0.62277687,0.74517846
1645031501191,0.49526137,-0.6237019,1.0924513
1645031501200,0.6044332,-0.5772057,1.310219
1645031501210,0.6816825,-0.4855223,1.5071472
1645031501223,0.7149315,-0.36854875,1.7006545
1645031501231,0.70744395,-0.27627194,1.7262064
1645031501241,0.6613317,-0.1831748,1.7394886
1645031501251,0.57354045,-0.07934374,1.7054892
1645031501260,0.46447334,0.03050877,1.6248015
1645031501271,0.33739418,0.12681735,1.4732699
1645031501284,0.20930274,0.21371847,1.3142333
1645031501290,0.090025306,0.2721529,1.1443756
1645031501300,-0.014905315,0.27990225,0.918492
1645031501311,-0.098263375,0.27037263,0.77285975
1645031501321,-0.15657562,0.23419146,0.6348547
1645031501331,-0.18221486,0.17401169,0.50142246
1645031501344,-0.17476219,0.10020071,0.43600664
1645031501351,-0.14182739,4.8869883E-4,0.3594729
1645031501361,-0.115245655,-0.09063618,0.3329261
1645031501372,-0.09107252,-0.21565582,0.27129766
1645031501381,-0.061279345,-0.40410158,0.3172528
1645031501401,-0.036600053,-0.66923815,0.35231695
1645031501425,-0.036600053,-0.66923815,0.35231695
1645031501426,-0.036600053,-0.66923815,0.35231695
1645031501430,-0.036600053,-0.66923815,0.35231695
1645031501431,-0.2600925,-1.1349682,-0.056025833
1645031501432,-0.2600925,-1.1349682,-0.056025833
1645031501432,-0.3411467,-1.0668122,-0.23754254
1645031501440,-0.33629462,-0.8719435,-0.22724496
1645031501451,-0.28468454,-0.5901562,-0.19890043
1645031501464,-0.22457457,-0.24902697,-0.09625622
1645031501470,-0.20528843,0.07347936,-0.051051576
1645031501480,-0.23646042,0.32392007,0.039148267
1645031501491,-0.29796666,0.44262153,0.028815778
1645031501500,-0.344236,0.4719609,0.08475434
1645031501511,-0.3751636,0.46285015,0.17031154
1645031501525,-0.39371672,0.43953225,0.14554499
1645031501532,-0.37673444,0.43972424,0.21132734
1645031501541,-0.31821275,0.43742037,0.27719697
1645031501553,-0.31821275,0.43742037,0.27719697
1645031501561,-0.06841784,0.44715944,0.47281614
1645031501579,0.07037263,0.49805394,0.6422201
1645031501604,0.25192425,0.6165634,0.83701897
1645031501604,0.25192425,0.6165634,0.83701897
1645031501605,0.25192425,0.6165634,0.83701897
1645031501606,0.5808884,0.82241035,1.1179335
1645031501610,0.5808884,0.82241035,1.1179335
1645031501611,0.7057859,0.8726067,1.2791343
1645031501631,0.76437736,0.75640106,1.3334322
1645031501631,0.7973296,0.58544374,1.3694912
1645031501644,0.7948861,0.3218082,1.2985775
1645031501651,0.75444627,-0.0025133083,1.2441051
1645031501661,0.6557291,-0.38973734,1.0708613
1645031501671,0.554551,-0.74566716,0.9227856
1645031501680,0.4823283,-1.0450127,0.78601974
1645031501691,0.4102103,-1.2637403,0.6949996
1645031501705,0.4049219,-1.3610263,0.5750415
1645031501711,0.39268696,-1.273043,0.364325
1645031501721,0.3230474,-1.009966,-0.018186579
1645031501732,0.21631905,-0.61713934,-0.50217295
1645031501741,0.048538268,-0.16490096,-1.0564796
1645031501751,-0.20514879,0.2711755,-1.67416
1645031501764,-0.51351774,0.5909591,-2.2951741
1645031501771,-0.7840475,0.7275853,-2.729034
1645031501781,-0.9756872,0.6757832,-2.987643
1645031501792,-1.118841,0.5323676,-3.0509293
1645031501801,-1.2393577,0.36010122,-3.0374029
1645031501812,-1.3239026,0.20500916,-2.8926084
1645031501825,-1.3576926,0.07337464,-2.6070163
1645031501841,-1.3219304,-0.05354743,-2.3178637
1645031501844,-1.3219304,-0.05354743,-2.3178637
1645031501851,-0.99897027,-0.14608605,-1.3699275
1645031501861,-0.79748666,-0.13369404,-0.999808
1645031501872,-0.5692469,-0.07264159,-0.6963959
1645031501884,-0.33222795,0.026529366,-0.384414
1645031501891,-0.0926957,0.14027402,-0.06649795
1645031501901,0.12940048,0.25248277,0.22651191
1645031501912,0.3165896,0.37027663,0.48534775
1645031501921,0.44979492,0.4900602,0.66386247
1645031501932,0.5171306,0.60078543,0.7414434
1645031501944,0.5251244,0.6767781,0.7354743
1645031501951,0.48016405,0.7009512,0.6595689
1645031501961,0.37837508,0.68857664,0.5961951
1645031501972,0.24726416,0.62694824,0.43892136
1645031501981,0.11919016,0.5187189,0.2489397
1645031501992,0.027628938,0.36467406,0.11105681
1645031502005,-0.0026180295,0.18736364,0.053826686
1645031502011,0.042010646,0.012618902,0.115472555
1645031502021,0.16011868,-0.15589494,0.17167293
1645031502032,0.32983682,-0.2723798,0.35537133
1645031502041,0.5213195,-0.32690462,0.5225412
1645031502052,0.6799895,-0.31093463,0.71281964
1645031502064,0.7930011,-0.27758095,0.8785758
1645031502071,0.84351164,-0.28005934,0.8934637
1645031502081,0.82248014,-0.3001658,0.84722924
1645031502092,0.7295401,-0.28339297,0.8259185
1645031502101,0.6355528,-0.26611397,0.75688976
1645031502125,0.6355528,-0.26611397,0.75688976
1645031502141,0.56244,-0.24321494,0.74976873
1645031502142,0.56244,-0.24321494,0.74976873
1645031502142,0.56244,-0.24321494,0.74976873
1645031502143,0.4532158,-0.23979405,0.7602758
1645031502143,0.4532158,-0.23979405,0.7602758
1645031502151,0.19277424,-0.36716992,0.7123658
1645031502160,0.020490443,-0.5215289,0.7391744
1645031502171,-0.14343311,-0.6787852,0.7895802
1645031502184,-0.26909852,-0.7965966,0.82350993
1645031502191,-0.34030893,-0.8286936,0.8736888
1645031502201,-0.35762283,-0.75671524,0.91208655
1645031502211,-0.32892922,-0.5795619,0.9598394
1645031502221,-0.25398377,-0.32193035,1.0204207
1645031502231,-0.1323152,-0.049271315,1.0477005
1645031502274,0.03614626,0.19492102,1.0944934
1645031502274,0.03614626,0.19492102,1.0944934
1645031502275,0.03614626,0.19492102,1.0944934
1645031502276,0.03614626,0.19492102,1.0944934
1645031502277,0.4788725,0.47676063,1.2809844
1645031502278,0.4788725,0.47676063,1.2809844
1645031502279,0.4788725,0.47676063,1.2809844
1645031502280,0.78528666,0.4786456,1.3464875
1645031502291,0.82296884,0.39991274,1.3300114
1645031502307,0.7625971,0.28599355,1.151741
1645031502311,0.7625971,0.28599355,1.151741
1645031502324,0.44066674,0.19156994,0.6818221
1645031502330,0.24616459,0.19757396,0.38638625
1645031502340,0.05448992,0.24005584,0.06522384
1645031502351,-0.12034209,0.3001658,-0.2647526
1645031502364,-0.2526922,0.3166245,-0.567711
1645031502372,-0.35352126,0.23755999,-0.88416094
1645031502380,-0.44478574,0.09098525,-1.0579283
1645031502390,-0.50826424,-0.20507897,-1.2294441
1645031502402,-0.49522647,-0.63255084,-1.2154987
1645031502410,-0.41523692,-1.1015446,-1.1289117
1645031502424,-0.3412165,-1.4430753,-1.0880356
1645031502430,-0.32468802,-1.5211973,-1.1418099
1645031502440,-0.33503795,-1.3395933,-1.1896151
1645031502454,-0.3213893,-1.0016407,-1.2479624
1645031502460,-0.27162927,-0.52446115,-1.2461472
1645031502471,-0.22635484,0.056933414,-1.235483
1645031502487,-0.19694564,0.6756087,-1.1777642
1645031502490,-0.18064404,1.1811851,-1.1878872
1645031502503,-0.14338075,1.5057858,-1.1139017
1645031502511,-0.02921721,1.617087,-0.85234314
1645031502521,0.097861946,1.6047822,-0.5512523
1645031502536,0.2582599,1.5184222,-0.19392617
1645031502544,0.45110393,1.3266429,0.21459115
1645031502555,0.45110393,1.3266429,0.21459115
1645031502561,0.6766908,0.7879396,0.8387817
1645031502572,0.6766908,0.7879396,0.8387817
1645031502586,0.52945286,0.31430316,1.3413038
1645031502591,0.36671612,0.12247142,1.4959944
1645031502621,0.36671612,0.12247142,1.4959944
1645031502622,0.36671612,0.12247142,1.4959944
1645031502622,0.36671612,0.12247142,1.4959944
1645031502623,-0.039549697,-0.10348198,1.744585
1645031502623,-0.23441836,-0.16586089,1.8317131
1645031502637,-0.3941007,-0.190418,1.9001309
1645031502641,-0.5106205,-0.1916223,1.9339558
1645031502656,-0.5106205,-0.1916223,1.9339558
1645031502668,-0.53983766,-0.124827646,1.9482852
1645031502672,-0.5306746,-0.048922244,1.9116502
1645031502683,-0.40109956,0.16610524,1.9580417
1645031502691,-0.2870233,0.26059866,2.0204031
1645031502701,-0.16565146,0.32880706,2.0234401
1645031502711,-0.053809233,0.40212932,2.0670738
1645031502723,0.03639061,0.46288508,2.0616634
1645031502733,0.089309715,0.51821274,2.0374029
1645031502740,0.09766995,0.5535213,1.9119295
1645031502752,0.06946505,0.5752509,1.7698228
1645031502762,0.013666114,0.58104545,1.6993455
1645031502771,-0.051644996,0.5469413,1.6582425
1645031502786,-0.112488,0.49506938,1.6082555
1645031502791,-0.17252815,0.43914828,1.5216336
1645031502802,-0.21514967,0.40699887,1.4997643
1645031502813,-0.22623266,0.3724234,1.4519767
1645031502821,-0.19314076,0.348163,1.4753643
1645031502831,-0.12501964,0.34870407,1.5296623
1645031502844,-0.036512785,0.3928266,1.5542717
1645031502851,0.04469849,0.5134654,1.6156907
1645031502868,0.04469849,0.5134654,1.6156907
1645031502871,0.094301425,0.6196527,1.594921
1645031502880,0.122541234,0.67728424,1.5846584
1645031502891,0.11985339,0.7132211,1.6454664
1645031502903,0.080129154,0.7310411,1.7285976
1645031502910,0.045885332,0.73287374,1.8261977
1645031502920,0.027855834,0.7260843,1.9399424
1645031502938,0.043249846,0.7271839,2.0487304
1645031502943,0.09410943,0.70630944,2.0750675
1645031502951,0.1569596,0.6823632,2.1388776
1645031502964,0.20993106,0.6540885,2.2119381
1645031502971,0.22609302,0.62766385,2.2849288
1645031502980,0.2121302,0.5702592,2.2291996
1645031502991,0.17223144,0.5291387,2.2228816
1645031503000,0.12393752,0.49684963,2.184641
1645031503011,0.07752858,0.49304476,2.1118946
1645031503024,0.0331268,0.53222793,2.0518718
1645031503031,-0.0024609477,0.5904529,1.9348634
1645031503040,-0.027576577,0.6623789,1.7865957
1645031503052,-0.037751984,0.72641593,1.6433022
1645031503061,-0.031765424,0.7672048,1.4840736
1645031503072,-0.020385724,0.7908718,1.3631207
1645031503085,-0.014364256,0.8000698,1.294284
1645031503091,-0.022654682,0.77640283,1.2513658
1645031503101,-0.049026966,0.7074265,1.2180121
1645031503123,-0.09766995,0.6255171,1.3309189
1645031503133,-0.09766995,0.6255171,1.3309189
1645031503134,-0.14161794,0.51624054,1.4729034
1645031503145,-0.13957588,0.24452396,1.7867876
1645031503152,-0.10718213,0.1317218,1.9660355
1645031503161,-0.055449866,0.045030106,2.181534
1645031503172,0.014172266,-0.026319923,2.3556855
1645031503181,0.08501615,-0.10142247,2.432132
1645031503192,0.15434156,-0.15723886,2.501562
1645031503204,0.21298543,-0.19293132,2.5643773
1645031503211,0.2594118,-0.21347412,2.6496902
1645031503221,0.2956279,-0.23600663,2.6423771
1645031503232,0.2956279,-0.23600663,2.6423771
1645031503241,0.3124182,-0.21883236,2.4622393
1645031503252,0.30618727,-0.16917707,2.372371
1645031503265,0.28100184,-0.10124793,2.1391919
1645031503272,0.24487303,0.016441226,1.9004799
1645031503281,0.19802774,0.1292783,1.5887076
1645031503292,0.13776071,0.23045641,1.2744917
1645031503301,0.072117984,0.32831836,1.0566716
1645031503312,-0.0118684005,0.41804695,0.92791694
1645031503325,-0.11014923,0.44471595,0.72524655
1645031503332,-0.19177939,0.46538094,0.67283356
1645031503341,-0.24490793,0.45869622,0.6566716
1645031503352,-0.24614713,0.41692993,0.6850685
1645031503361,-0.22443494,0.37036392,0.7438869
1645031503377,-0.17104459,0.31559473,0.8309102
1645031503386,-0.058015533,0.2477005,0.94749975
1645031503392,0.08738983,0.18704948,1.078506
1645031503401,0.2362859,0.11795095,1.1263461
1645031503411,0.38010296,0.071856186,1.2014312
1645031503421,0.4945807,0.07288594,1.3416529
1645031503431,0.5492975,0.088367224,1.377066
1645031503443,0.54484683,0.12686971,1.4303342
1645031503450,0.5049306,0.16128807,1.5084736
1645031503460,0.43394712,0.16198622,1.5166594
1645031503470,0.33605027,0.14289205,1.5193647
1645031503481,0.33605027,0.14289205,1.5193647
1645031503491,0.16828693,0.03668732,1.6282399
1645031503504,0.14034383,-0.031782877,1.8229862
1645031503510,0.14294441,-0.106675975,2.0039968
1645031503520,0.17488436,-0.16936906,2.117113
1645031503531,0.22085696,-0.19671874,2.1567676
1645031503540,0.2608081,-0.21335195,2.0278385
1645031503556,0.2608081,-0.21335195,2.0278385
1645031503564,0.32594466,-0.0976176,1.6316781
1645031503582,0.33612007,-0.016388865,1.4249934
1645031503582,0.30618727,0.041364867,1.067615
1645031503593,0.30618727,0.041364867,1.067615
1645031503600,0.23385985,0.23349333,0.481124
1645031503613,0.19638711,0.33793524,0.30503535
1645031503626,0.15367833,0.40450302,0.12894668
1645031503631,0.118108034,0.44166157,-0.004468104
1645031503640,0.10098612,0.45977834,-0.08271228
1645031503651,0.09897897,0.4478925,-0.12636356
1645031503660,0.10901475,0.43190506,-0.12842308
1645031503671,0.118875995,0.38601974,-0.19472903
1645031503684,0.13503796,0.35737848,-0.18774763
1645031503690,0.15851296,0.33884284,-0.1298019
1645031503701,0.18434419,0.31850946,-0.08665678
1645031503712,0.19417052,0.25567675,-0.19671874
1645031503721,0.2052186,0.2358321,-0.19809757
1645031503732,0.21125753,0.21670303,-0.21410245
1645031503744,0.21270616,0.21832621,-0.18863775
1645031503751,0.20542805,0.23181778,-0.120551534
1645031503761,0.18160398,0.21588272,-0.097792126
1645031503772,0.14243826,0.18015534,-0.09864735
1645031503781,0.104616456,0.16600053,-0.028414346
1645031503791,0.0638101,0.1377258,0.03579719
1645031503804,0.02991535,0.116118334,0.1601885
1645031503811,0.0077493675,0.1028362,0.32156384
1645031503821,-0.007906449,0.069098525,0.378026
1645031503833,-0.025848677,0.033877302,0.3682171
1645031503841,-0.028798325,0.03368531,0.42169473
1645031503852,-0.01923379,0.022008901,0.4002618
1645031503865,-0.0018849813,0.013805742,0.3479536
1645031503871,0.026110481,0.03248102,0.35598218
1645031503881,0.05206388,0.034435816,0.32805654
1645031503892,0.06890654,0.021398028,0.26984903
1645031503901,0.07756349,-0.01418972,0.16177677
1645031503912,0.082659915,-0.0055851294,0.2024435
1645031503925,0.07021555,-0.0331268,0.15107776
1645031503932,0.05780609,-0.025918491,0.22679117
1645031503941,0.040055852,-0.053058732,0.19813247
1645031503952,0.023457544,-0.0704599,0.18584518
1645031503961,0.010524479,-0.076463915,0.19647439
1645031503972,-0.007470111,-0.09492975,0.16231783
1645031503985,-0.010716467,-0.07426477,0.22747186
1645031503991,-0.00712104,-0.0279431,0.33927917
1645031504001,-0.012077843,-0.0042586615,0.3399424
1645031504012,-0.02042063,0.04146959,0.3586875
1645031504021,-0.03417401,0.0682084,0.27552143
1645031504034,-0.04609477,0.089309715,0.12217471
1645031504046,-0.045815516,0.10868313,-0.032952264
1645031504052,-0.028833231,0.1317567,-0.19017366
1645031504061,-0.005829479,0.16202112,-0.32367572
1645031504072,0.019687582,0.18286063,-0.4449952
1645031504081,0.05888821,0.20998342,-0.45960382
1645031504092,0.0850685,0.20986125,-0.47676063
1645031504105,0.095104285,0.1985688,-0.4640021
1645031504112,0.09250371,0.14727288,-0.5044419
1645031504126,0.085347764,0.10004363,-0.45544988
1645031504137,0.085347764,0.10004363,-0.45544988
1645031504141,0.07934374,0.042080462,-0.27485818
1645031504152,0.08297408,0.052308228,-0.14442796
1645031504165,0.088140324,0.051156297,-0.07901213
1645031504171,0.08587137,0.042412076,-0.05147046
1645031504180,0.07560869,0.024155686,-0.04928877
1645031504191,0.06984903,0.014626058,-0.048171744
1645031504200,0.06456061,0.019111615,-0.04874771
1645031504211,0.06887163,0.04321494,0.019094162
1645031504225,0.0766559,0.043860722,0.041940834
1645031504232,0.07840126,0.03722838,0.023300463
1645031504241,0.06902871,0.030491317,-0.039863862
1645031504251,0.051697355,0.029897897,-0.08719783
1645031504261,0.03337115,0.028257266,-0.092887685
1645031504272,0.020996597,0.048189197,-0.002635483
1645031504285,0.007435204,0.031276725,-0.034156557
1645031504291,-0.0039444976,0.016842656,-0.04084126
1645031504301,-0.009407452,0.029671,0.046199493
1645031504312,0.001117026,0.023946242,0.09630858
1645031504321,0.03352823,-0.0022515054,0.100410156
1645031504331,0.07335719,-0.0200192,0.08910027
1645031504344,0.09880444,-0.024801467,0.033545684
1645031504351,0.08096693,-0.005236059,-0.038380314
1645031504361,0.027070425,0.02605812,-0.12840562
1645031504371,-0.057858452,0.05028362,-0.18416965
1645031504381,-0.14898333,0.040212933,-0.27894232
1645031504392,-0.22525525,0.07445676,-0.21295051
1645031504404,-0.27318266,0.09004276,-0.17739768
1645031504411,-0.28115892,0.087477095,-0.17657736
1645031504421,-0.26686448,0.09203246,-0.19069727
1645031504432,-0.2413125,0.098019026,-0.23598918
1645031504441,-0.20212933,0.10817698,-0.28658697
1645031504451,-0.15472554,0.09018239,-0.42446986
1645031504465,-0.10046252,0.11754952,-0.43448818
1645031504471,-0.057230126,0.10896239,-0.5334846
1645031504481,-0.017785147,0.08396893,-0.6399511
1645031504565,-0.017785147,0.08396893,-0.6399511
1645031504565,-0.017785147,0.08396893,-0.6399511
1645031504565,-0.017785147,0.08396893,-0.6399511
1645031504572,0.014730779,0.05250022,-0.7261367
1645031504573,0.014730779,0.05250022,-0.7261367
1645031504573,0.014730779,0.05250022,-0.7261367
1645031504574,0.014730779,0.05250022,-0.7261367
1645031504575,0.017610611,0.025028363,-0.42897287
1645031504576,0.017610611,0.025028363,-0.42897287
1645031504577,0.017610611,0.025028363,-0.42897287
1645031504577,0.0066672484,-0.017610611,-0.15641853
1645031504585,-0.013561393,-0.06803386,-0.075661056
1645031504591,-0.023021206,-0.10585566,-0.1255607
1645031504600,-0.032847542,-0.13170433,-0.16755389
1645031504612,-0.043249846,-0.14971638,-0.1908718
1645031504620,-0.054071035,-0.1414434,-0.13189633
1645031504631,-0.061523695,-0.14947203,-0.12814382
1645031504644,-0.07178637,-0.1356663,-0.08829741
1645031504650,-0.07927393,-0.13266428,-0.10519242
1645031504660,-0.08039096,-0.1178986,-0.09878698
1645031504670,-0.07871542,-0.08957151,-0.07721442
1645031504680,-0.0756436,-0.07847107,-0.13248974
1645031504690,-0.06792914,-0.06026704,-0.14964657
1645031504703,-0.056601796,-0.07297321,-0.2002269
1645031504710,-0.04489048,-0.100724325,-0.22675626
1645031504720,-0.050248712,-0.14153068,-0.21658085
1645031504730,-0.07307793,-0.18970242,-0.14924513
1645031504741,-0.1055764,-0.2403351,-0.048067022
1645031504750,-0.14381708,-0.30372632,-0.022410333
1645031504764,-0.16467406,-0.34278733,0.008220613
1645031504770,-0.17100969,-0.3836635,-0.010629199
1645031504780,-0.16259709,-0.4279431,-0.04321494
1645031504791,-0.1381796,-0.4720831,-0.03679204
1645031504800,-0.10662361,-0.51772404,-0.010262676
1645031504811,-0.07705733,-0.52798676,0.07105332
1645031504824,-0.059342,-0.55421937,-0.006649795
1645031504830,-0.037106205,-0.561515,-0.09124705
1645031504841,0.0039444976,-0.556244,-0.14751723
1645031504852,0.06070338,-0.5487739,-0.1995113
1645031504861,0.1263461,-0.5121215,-0.18116765
1645031504872,0.17558251,-0.51119643,-0.27894232
1645031504884,0.23611136,-0.46124443,-0.23061348
1645031504891,0.2887512,-0.39736453,-0.21450388
1645031504901,0.33402565,-0.32798675,-0.27278122
1645031504912,0.3835762,-0.26691684,-0.37406406
1645031504921,0.43080547,-0.2153242,-0.4732001
1645031504932,0.47040755,-0.150048,-0.5024348
1645031504944,0.47517234,-0.08246793,-0.5161532
1645031504952,0.4316607,-0.015167117,-0.53507286
1645031504961,0.33681822,0.07340955,-0.47269395
1645031504972,0.19163977,0.14530064,-0.35795444
1645031504981,0.0022689588,0.16498822,-0.2860459
1645031504992,-0.19076708,0.21176368,-0.102871105
1645031505005,-0.3817785,0.22263722,-0.04637403
1645031505011,-0.5345667,0.24267387,-0.01424208
1645031505021,-0.57373244,0.26168078,0.0059865606
1645031505032,-0.53549176,0.27033773,0.028152544
1645031505041,-0.45733485,0.2719609,0.053809233
1645031505052,-0.36032814,0.23544812,0.04043983
1645031505064,-0.2660267,0.20441574,0.09908369
1645031505071,-0.19125578,0.15762283,0.10156209
1645031505081,-0.1253687,0.1355441,0.15540624
1645031505092,-0.07943101,0.10241731,0.16608779
1645031505102,-0.050527968,0.044855572,0.067527704
1645031505117,-0.050527968,0.044855572,0.067527704
1645031505145,-0.010315036,0.02392879,-0.07525962
1645031505146,0.021520203,0.026616633,-0.103255086
1645031505147,0.021520203,0.026616633,-0.103255086
1645031505154,0.15502225,-0.02937429,-0.13322279
1645031505161,0.1815167,-0.051627543,-0.12676498
1645031505171,0.14222881,-0.07180382,-0.16844402
1645031505183,0.061698228,-0.044628676,-0.08023388
1645031505196,-0.027698752,-0.05590366,-0.070425
1645031505200,-0.100340344,-0.043790907,0.055153154
1645031505211,-0.16308579,-0.04550135,0.15048434
1645031505220,-0.20284493,-0.03925299,0.30463392
1645031505230,-0.21939087,-0.059202373,0.40748757
