1645031634284,0.8404747,-0.54345053,0.9230823
1645031634285,0.8404747,-0.54345053,0.9230823
1645031634286,0.8404747,-0.54345053,0.9230823
1645031634286,0.8404747,-0.54345053,0.9230823
1645031634287,0.8404747,-0.54345053,0.9230823
1645031634290,0.8404747,-0.54345053,0.9230823
1645031634293,0.8404747,-0.54345053,0.9230823
1645031634293,0.8404747,-0.54345053,0.9230823
1645031634308,5.236059E-5,-2.6180295E-4,1.0472118E-4
1645031634310,3.490706E-5,-0.0011344794,-6.8068766E-4
1645031634319,0.0011344794,-0.0037350554,-6.8068766E-4
1645031634328,0.0011344794,-0.0037350554,-6.8068766E-4
1645031634340,0.0024784012,-0.0055153156,-4.5379178E-4
1645031634352,0.006021468,-0.009948513,-0.0030718213
1645031634359,0.00771446,-0.011938214,-0.0050615235
1645031634368,0.009215464,-0.013561393,-0.007173401
1645031634378,0.010629199,-0.013945371,-0.0072083077
1645031634389,0.011187713,-0.014172266,-0.007138494
1645031634398,0.010786282,-0.013334497,-0.0048346277
1645031634412,0.008796579,-0.0118684005,-1.3962825E-4
1645031634418,0.0060738283,-0.0077319136,0.011205167
1645031634429,0.0013962823,-0.0040492187,0.024295313
1645031634439,-0.005497862,-3.8397766E-4,0.04167903
1645031634448,-0.013858103,0.001745353,0.05969107
1645031634459,-0.021293307,0.0046949997,0.08049568
1645031634472,-0.02748931,0.008918754,0.09974692
1645031634479,-0.033598047,0.011257526,0.10807226
1645031634494,-0.03717602,0.015865259,0.11383192
1645031634498,-0.038694475,0.01734881,0.10370888
1645031634510,-0.038694475,0.01734881,0.10370888
1645031634518,-0.03679204,0.01858801,0.075835586
1645031634531,-0.01626669,0.0331268,-7.8540883E-4
1645031634540,-0.0032812636,0.03944498,-0.06890654
1645031634550,0.01542892,0.047299065,-0.13912208
1645031634559,0.041661575,0.058766037,-0.19125578
1645031634568,0.06389737,0.05557204,-0.2517148
1645031634578,0.085347764,0.04464613,-0.29147395
1645031634593,0.10379614,0.037717078,-0.29304478
1645031634598,0.10911947,0.03480234,-0.27220526
1645031634609,0.10911947,0.03480234,-0.27220526
1645031634619,0.06379265,0.050196353,-0.20748757
1645031634629,0.017366262,0.06086046,-0.18106292
1645031634640,0.017366262,0.06086046,-0.18106292
1645031634657,-0.07768566,0.15561567,0.008464962
1645031634660,-0.12835325,0.20851733,0.10328999
1645031634668,-0.18221486,0.24241208,0.18169124
1645031634678,-0.22576141,0.25860897,0.27756348
1645031634696,-0.22576141,0.25860897,0.27756348
1645031634699,-0.28648224,0.24977747,0.5343922
1645031634712,-0.28733745,0.25787592,0.7275853
1645031634720,-0.29463303,0.21787241,0.85361725
1645031634729,-0.3001658,0.15634872,0.91823024
1645031634739,-0.28423074,0.11121389,0.97230124
1645031634748,-0.25346017,0.07180382,1.0012043
1645031634758,-0.22912994,8.9013E-4,0.9401693
1645031634773,-0.18471071,-0.033109345,0.9525962
1645031634778,-0.15854786,-0.08189196,0.8866393
1645031634788,-0.1367135,-0.086691685,0.8470023
1645031634798,-0.139157,-0.062256742,0.78244174
1645031634808,-0.15198533,-0.01740117,0.696518
1645031634819,-0.15198533,-0.01740117,0.696518
1645031634831,-0.13606772,0.18828869,0.68716294
1645031634838,-0.11477441,0.28602844,0.682433
1645031634848,-0.10328999,0.35275328,0.5817785
1645031634860,-0.07580068,0.4059342,0.41998428
1645031634871,-0.040422376,0.47124532,0.271734
1645031634883,-0.007819181,0.5719871,0.20457283
1645031634895,-0.007819181,0.5719871,0.20457283
1645031634899,-0.061244436,0.8575792,0.06878436
1645031634908,-0.061244436,0.8575792,0.06878436
1645031634918,-0.12917358,1.0802339,0.12873724
1645031634931,-0.24267387,1.3077232,0.16027577
1645031634941,-0.54908806,1.8897635,0.44941095
1645031634962,-0.73793525,2.1732786,0.68662184
1645031634962,-0.73793525,2.1732786,0.68662184
1645031634962,-0.73793525,2.1732786,0.68662184
1645031634963,-0.93414783,2.4061263,0.99369925
1645031634970,-1.1104285,2.5818484,1.4056375
1645031634979,-1.254298,2.6480496,1.781796
1645031634997,-1.254298,2.6480496,1.781796
1645031635002,-1.3230125,2.5712714,2.0542805
1645031635013,-1.3325596,2.2487652,2.3170433
1645031635018,-1.2739332,2.0731478,2.3713937
1645031635031,-1.172214,1.893708,2.2791343
1645031635039,-1.0519242,1.7752858,2.2034733
1645031635050,-0.91987085,1.6981237,2.0021641
1645031635059,-0.787992,1.6823108,1.8302994
1645031635073,-0.6682782,1.7069203,1.7187712
1645031635079,-0.55811155,1.7404834,1.6173837
1645031635089,-0.55811155,1.7404834,1.6173837
1645031635099,-0.34898332,1.6746312,1.2498298
1645031635109,-0.26497948,1.5931756,1.1342351
1645031635119,-0.22277686,1.520761,1.1605027
1645031635133,-0.2123571,1.4339994,1.1589668
1645031635139,-0.24117288,1.3631905,1.2195305
1645031635150,-0.3115106,1.285976,1.3137097
1645031635158,-0.41195565,1.1754429,1.4284493
1645031635169,-0.56275415,1.0554674,1.7073567
1645031635179,-0.71517587,0.89725107,1.9758792
1645031635193,-0.7998429,0.68562704,2.0157955
1645031635199,-0.80813336,0.44658348,1.8598481
1645031635210,-0.77102715,0.21378829,1.6753993
1645031635219,-0.70500046,0.01008814,1.4786456
1645031635229,-0.62064755,-0.15034471,1.2855921
1645031635239,-0.5287896,-0.25887075,1.0657475
1645031635252,-0.43677458,-0.321686,0.85874856
1645031635258,-0.33161706,-0.35835588,0.6228816
1645031635270,-0.254839,-0.35413212,0.572214
1645031635278,-0.15959507,-0.37265033,0.4472118
1645031635289,-0.039322805,-0.44187102,0.20242605
1645031635299,0.077895105,-0.5140239,0.051592633
1645031635312,0.18012042,-0.57415134,-0.0041888473
1645031635318,0.28693604,-0.6488699,-0.16434243
1645031635329,0.38968498,-0.7309538,-0.4182913
1645031635341,0.4510865,-0.76579106,-0.48416093
1645031635348,0.48227593,-0.7877476,-0.5108474
1645031635360,0.49320185,-0.8023737,-0.5058382
1645031635373,0.49897897,-0.8175582,-0.52847546
1645031635378,0.49705908,-0.8223929,-0.5365739
1645031635390,0.48341042,-0.79724234,-0.49110743
1645031635402,0.48341042,-0.79724234,-0.49110743
1645031635416,0.4775984,-0.769945,-0.5492626
1645031635420,0.46792912,-0.6758007,-0.48234576
1645031635441,0.46045902,-0.58488524,-0.4306833
1645031635445,0.46045902,-0.58488524,-0.4306833
1645031635447,0.41139716,-0.3948512,-0.3093289
1645031635449,0.41139716,-0.3948512,-0.3093289
1645031635459,0.37408152,-0.39554936,-0.2469849
1645031635473,0.37408152,-0.39554936,-0.2469849
1645031635478,0.3480932,-0.68300897,-0.28939697
1645031635491,0.30390087,-0.8108561,-0.2769177
1645031635499,0.22181691,-0.88560957,-0.23045641
1645031635508,0.103255086,-0.8517672,-0.1026093
1645031635518,-0.06126189,-0.6971638,0.09124705
1645031635530,-0.24838118,-0.44283095,0.32316956
1645031635538,-0.44183612,-0.13142508,0.5425953
1645031635551,-0.62645954,0.21593507,0.8227594
1645031635558,-0.7937167,0.5409722,1.0890828
1645031635568,-0.92695695,0.7971551,1.2527795
1645031635578,-1.0235274,0.98094076,1.4247665
1645031635588,-1.0737412,1.0612793,1.5369229
1645031635598,-1.0796579,1.0463566,1.5721617
1645031635613,-1.0403875,0.9549699,1.5964918
1645031635618,-1.0403875,0.9549699,1.5964918
1645031635629,-0.83370274,0.53783053,1.289048
1645031635638,-0.68787855,0.26915088,1.0100183
1645031635649,-0.5395759,4.014312E-4,0.6970067
1645031635658,-0.41199058,-0.21811676,0.4541234
1645031635671,-0.31817785,-0.37402916,0.26314688
1645031635678,-0.2522035,-0.47349682,0.11465224
1645031635690,-0.20797627,-0.51028883,-0.032882452
1645031635698,-0.18961515,-0.49988654,-0.11250545
1645031635710,-0.21673794,-0.44588533,-0.15083341
1645031635719,-0.24759577,-0.39362946,-0.12114495
1645031635733,-0.25799808,-0.388917,-0.08424819
1645031635738,-0.25468192,-0.44419235,-0.16179422
1645031635750,-0.23939262,-0.54257786,-0.23607644
1645031635759,-0.20823807,-0.67379355,-0.32269832
1645031635770,-0.16395846,-0.804887,-0.4440178
1645031635778,-0.11704337,-0.89897895,-0.549664
1645031635793,-0.06564273,-0.91360503,-0.58951044
1645031635798,-0.01270617,-0.8544899,-0.6366175
1645031635810,0.050597783,-0.7431364,-0.7686185
1645031635818,0.118247665,-0.5908718,-0.8387643
1645031635834,0.18394275,-0.42153767,-0.8615935
1645031635848,0.18394275,-0.42153767,-0.8615935
1645031635855,0.24581552,-0.24270879,-0.8630945
1645031635859,0.34491667,0.03900864,-0.9010036
1645031635871,0.3843442,0.14702854,-0.90657127
1645031635878,0.41514966,0.23358059,-0.9062571
1645031635890,0.42740205,0.31404138,-0.888088
1645031635898,0.41624925,0.40382233,-0.9189982
1645031635912,0.3888472,0.5210402,-0.88562703
1645031635918,0.34151322,0.68807054,-0.7621782
1645031635931,0.27025047,0.881316,-0.6616459
1645031635938,0.17650755,1.1203595,-0.48253775
1645031635950,0.0697094,1.3600314,-0.39799285
1645031635958,-0.05462955,1.6039793,-0.1482852
1645031635972,-0.16429007,1.7682346,0.013805742
1645031635978,-0.24241208,1.8408064,0.13852867
1645031635990,-0.252954,1.8088664,0.1040754
1645031635998,-0.252954,1.8088664,0.1040754
1645031636010,-0.087634176,1.5545336,-0.20429356
1645031636019,0.068225846,1.3918667,-0.47475347
1645031636033,0.24031766,1.2474213,-0.68452746
1645031636038,0.44586787,1.0954534,-0.99802774
1645031636050,0.64752597,0.95596474,-1.3377782
1645031636058,0.78104544,0.85527533,-1.5216162
1645031636069,0.84611225,0.7794747,-1.6647352
1645031636079,0.84611225,0.7794747,-1.6647352
1645031636093,0.5831922,0.7131687,-1.3574831
1645031636098,0.34372982,0.6978096,-0.98759055
1645031636112,0.062064752,0.63302207,-0.6389912
1645031636118,-0.23707129,0.5727376,-0.1876429
1645031636129,-0.50562876,0.5021904,0.2701981
1645031636138,-0.679815,0.41361377,0.58067894
1645031636154,-0.77584434,0.32617158,0.84043986
1645031636158,-0.7714984,0.23991622,0.9517061
1645031636170,-0.67840123,0.15989178,0.92275065
1645031636179,-0.67840123,0.15989178,0.92275065
1645031636196,-0.50533205,0.08484161,0.70819443
1645031636204,-0.3187538,0.03274282,0.4795532
1645031636217,0.01596998,-0.0062309103,0.1376909
1645031636257,0.01596998,-0.0062309103,0.1376909
1645031636257,0.2496204,-0.058451872,-0.071315125
1645031636258,0.2496204,-0.058451872,-0.071315125
1645031636258,0.36828694,-0.12297757,-0.28637752
1645031636259,0.6141548,-0.30819443,-0.7958635
1645031636284,0.6141548,-0.30819443,-0.7958635
1645031636285,0.6141548,-0.30819443,-0.7958635
1645031636285,0.6141548,-0.30819443,-0.7958635
1645031636286,0.71538526,-0.43427873,-1.0253774
1645031636290,0.71538526,-0.43427873,-1.0253774
1645031636298,0.70198095,-0.5003927,-1.0577537
1645031636308,0.63052624,-0.49620387,-0.8985775
1645031636318,0.55750066,-0.5083515,-0.8024784
1645031636332,0.4387643,-0.49807137,-0.5829828
1645031636340,0.4387643,-0.49807137,-0.5829828
1645031636348,0.09601187,-0.4322192,0.12964483
1645031636358,-0.09766995,-0.39450213,0.48789597
1645031636370,-0.28430054,-0.35498735,0.8288856
1645031636378,-0.46489224,-0.28292173,1.2295663
1645031636392,-0.46489224,-0.28292173,1.2295663
1645031636398,-0.76244,-0.0670041,1.9885505
1645031636408,-0.87360156,0.032463565,2.2330396
1645031636423,-0.9257527,0.06367048,2.2449777
1645031636430,-0.94919276,0.036163714,2.2800767
1645031636440,-0.94919276,0.036163714,2.2800767
1645031636457,-0.7928615,-0.42007157,1.6889781
1645031636460,-0.7005323,-0.6684004,1.3287197
1645031636473,-0.62181693,-0.91658956,1.0164936
1645031636478,-0.52332664,-1.1803823,0.6695174
1645031636491,-0.38938826,-1.4491665,0.31934723
1645031636499,-0.2264421,-1.6963435,-0.042673882
1645031636512,-0.038903918,-1.8790296,-0.34461996
1645031636522,0.15903656,-1.980295,-0.70454663
1645031636530,0.3351776,-1.9510429,-0.9827559
1645031636539,0.46756262,-1.7671874,-1.166402
1645031636551,0.54695874,-1.4455537,-1.2080635
1645031636559,0.5448643,-1.0017453,-1.089013
1645031636591,0.5448643,-1.0017453,-1.089013
1645031636592,0.5448643,-1.0017453,-1.089013
1645031636593,0.5448643,-1.0017453,-1.089013
1645031636593,0.46867964,-0.5780784,-0.95378304
1645031636594,0.18533903,-0.042115368,-0.5379876
1645031636602,0.024190592,0.019321058,-0.32306483
1645031636612,0.024190592,0.019321058,-0.32306483
1645031636624,-0.23019461,-0.17525089,0.046164587
1645031636632,-0.23019461,-0.17525089,0.046164587
1645031636639,-0.35942054,-0.54945457,0.10777555
1645031636650,-0.37999827,-0.7122611,0.07429968
1645031636659,-0.38390785,-0.8120953,0.072030716
1645031636674,-0.381412,-0.8472467,0.0407889
1645031636679,-0.36970067,-0.7905751,0.06428135
1645031636692,-0.3628938,-0.66058123,0.0467231
1645031636701,-0.3592111,-0.4564796,0.038432673
1645031636710,-0.34727287,-0.21911162,0.048834976
1645031636721,-0.34727287,-0.21911162,0.048834976
1645031636730,-0.31170258,0.2926957,0.12727115
1645031636743,-0.31170258,0.2926957,0.12727115
1645031636762,-0.30231258,0.75791955,0.2872851
1645031636762,-0.30231258,0.75791955,0.2872851
1645031636762,-0.30231258,0.75791955,0.2872851
1645031636773,-0.30231258,0.75791955,0.2872851
1645031636778,-0.40610874,0.97071296,0.5271839
1645031636790,-0.46655032,0.9829479,0.6049044
1645031636800,-0.46655032,0.9829479,0.6049044
1645031636813,-0.54706347,0.80363035,0.7733659
1645031636819,-0.5696134,0.64523953,0.79499084
1645031636830,-0.57748497,0.46854,0.7612532
1645031636839,-0.57647264,0.29030457,0.71465224
1645031636851,-0.5572214,0.10644908,0.6800419
1645031636860,-0.5092242,-0.08070512,0.5992844
1645031636873,-0.44986475,-0.23281264,0.47752857
1645031636881,-0.44986475,-0.23281264,0.47752857
1645031636892,-0.44986475,-0.23281264,0.47752857
1645031636900,-0.39783576,-0.21380574,0.29988655
1645031636913,-0.39150015,-0.1377258,0.22598831
1645031636920,-0.39092416,-0.039933678,0.2237019
1645031636938,-0.39092416,-0.039933678,0.2237019
1645031636942,-0.37608865,0.018134218,0.22412078
1645031636952,-0.3072694,0.08964133,0.0771446
1645031636960,-0.25672397,0.15099049,0.06660267
1645031636973,-0.16802514,0.35870495,-0.004084126
1645031636979,-0.16802514,0.35870495,-0.004084126
1645031636998,0.011344794,1.0222358,0.08189196
1645031637002,0.011344794,1.0222358,0.08189196
1645031637022,0.074928,1.6023562,0.3603805
1645031637023,0.074928,1.6023562,0.3603805
1645031637024,0.074928,1.6023562,0.3603805
1645031637032,0.06737062,1.7183524,0.35786718
1645031637039,2.4434942E-4,1.613893,0.22394624
1645031637055,0.011693865,1.3853914,-0.0048695346
1645031637059,0.09417925,1.0992059,-0.42708787
1645031637071,0.19055764,0.80343837,-0.74011695
1645031637079,0.32392007,0.52622396,-1.1253861
1645031637091,0.48869884,0.27503273,-1.5796317
1645031637099,0.6755389,0.049131688,-2.0717165
1645031637133,0.8416965,-0.14455013,-2.511406
1645031637134,0.8416965,-0.14455013,-2.511406
1645031637136,0.8416965,-0.14455013,-2.511406
1645031637137,0.9667685,-0.30086395,-2.8738983
1645031637138,0.9667685,-0.30086395,-2.8738983
1645031637139,0.99910986,-0.41762808,-3.0406842
1645031637150,0.95498735,-0.5675888,-3.1369054
1645031637159,0.8887861,-0.58183086,-3.1176019
1645031637174,0.78498995,-0.53336245,-2.8446462
1645031637179,0.702906,-0.44347674,-2.648835
1645031637192,0.702906,-0.44347674,-2.648835
1645031637199,0.6053408,-0.09896152,-2.2988741
1645031637210,0.5837333,0.08876865,-2.113727
1645031637219,0.5837333,0.08876865,-2.113727
1645031637236,0.57601887,0.49178812,-1.7393315
1645031637239,0.57601887,0.49178812,-1.7393315
1645031637252,0.56207347,0.8670565,-1.3512523
1645031637259,0.5159787,1.0301074,-1.0237368
1645031637272,0.42244524,1.1652151,-0.5734357
1645031637280,0.2915961,1.2461821,-0.04756087
1645031637296,0.156244,1.2484684,0.47480583
1645031637299,0.156244,1.2484684,0.47480583
1645031637312,-0.24895716,1.0274719,1.9435204
1645031637320,-0.34383455,0.7750938,2.2773366
1645031637331,-0.34383455,0.7750938,2.2773366
1645031637339,-0.3632254,0.098403,2.347552
1645031637356,-0.35315472,-0.20996596,2.279693
1645031637360,-0.35315472,-0.20996596,2.279693
1645031637372,-0.41071647,-0.6360939,2.4002967
1645031637379,-0.40966925,-0.76760626,2.3127499
1645031637391,-0.40966925,-0.76760626,2.3127499
1645031637400,-0.2955057,-0.95427173,1.7736975
1645031637417,-0.2955057,-0.95427173,1.7736975
1645031637420,-0.22401606,-0.9698403,1.5257527
1645031637432,-0.17751986,-0.7719696,1.6036478
1645031637439,-0.18422201,-0.6318527,1.6331269
1645031637451,-0.18422201,-0.6318527,1.6331269
1645031637459,-0.30386597,-0.36793786,1.923763
1645031637476,-0.37804347,-0.28143817,2.0913517
1645031637479,-0.37804347,-0.28143817,2.0913517
1645031637491,-0.51946944,-0.22375426,2.2753992
1645031637500,-0.57572216,-0.2598656,2.2918055
1645031637511,-0.57572216,-0.2598656,2.2918055
1645031637519,-0.64654857,-0.52557814,2.0246968
1645031637536,-0.6456061,-0.7542194,1.7023998
1645031637540,-0.6456061,-0.7542194,1.7023998
1645031637552,-0.57500654,-1.2766036,0.99453706
1645031637559,-0.50782794,-1.5425954,0.61850077
1645031637572,-0.4143119,-1.7926869,0.19718999
1645031637579,-0.29014748,-2.0207,-0.11727027
1645031637606,-0.14999564,-2.2008028,-0.45455974
1645031637610,-0.14999564,-2.2008028,-0.45455974
1645031637611,-0.14999564,-2.2008028,-0.45455974
1645031637612,-0.018954534,-2.2985601,-0.8304215
1645031637612,0.086621866,-2.2956104,-1.0911249
1645031637631,0.086621866,-2.2956104,-1.0911249
1645031637632,0.2652762,-1.9939436,-1.226512
1645031637644,0.34193212,-1.725805,-1.2035954
1645031637661,0.37368008,-1.4127586,-1.256497
1645031637663,0.3717253,-1.0396719,-1.1352649
1645031637670,0.31758443,-0.6520813,-0.90562874
1645031637680,0.22254996,-0.30349943,-0.56584346
1645031637691,0.10575094,-0.043633826,-0.19520028
1645031637699,0.10575094,-0.043633826,-0.19520028
1645031637714,-0.124269135,0.13947116,0.47670826
1645031637719,-0.22165982,0.14690636,0.816895
1645031637731,-0.30199844,0.11835238,1.0528144
1645031637739,-0.34498647,0.06698665,1.1874858
1645031637751,-0.33882537,0.022829218,1.2968496
1645031637759,-0.30826426,4.8869883E-4,1.300096
1645031637775,-0.25646216,0.033039533,1.2416092
1645031637779,-0.25646216,0.033039533,1.2416092
1645031637791,-0.048730254,0.38354132,1.2728859
1645031637799,0.06407191,0.6151497,1.32584
1645031637811,0.16970067,0.8863077,1.4398115
1645031637819,0.24789248,1.1658435,1.5439043
1645031637836,0.30182388,1.4123571,1.7042325
1645031637840,0.30182388,1.4123571,1.7042325
1645031637852,0.34372982,1.6037002,1.9060651
1645031637859,0.33327517,1.5497339,1.9951829
1645031637871,0.33327517,1.5497339,1.9951829
1645031637879,0.27360153,1.2530936,1.9452482
1645031637897,0.25466445,1.0697268,1.9309363
1645031637901,0.24185356,0.87770313,1.8278035
1645031637912,0.24185356,0.87770313,1.8278035
1645031637919,0.2069116,0.4814731,1.5717777
1645031637931,0.2069116,0.4814731,1.5717777
1645031637939,0.16573872,0.07538179,1.144585
1645031637966,0.16573872,0.07538179,1.144585
1645031637970,0.16573872,0.07538179,1.144585
1645031637971,0.16573872,0.07538179,1.144585
1645031637971,0.16456933,-0.109294005,1.0186578
1645031637972,0.17621084,-0.28834978,0.8159874
1645031637979,0.20724322,-0.43382493,0.6396893
1645031637990,0.2652762,-0.5385287,0.5492451
1645031637999,0.35177588,-0.6248189,0.39261717
1645031638015,0.4616284,-0.69238156,0.20647526
1645031638019,0.5815516,-0.72280306,0.08176979
1645031638030,0.6886465,-0.7332752,-0.114198446
1645031638039,0.77177763,-0.71025395,-0.23007244
1645031638051,0.81747097,-0.6659743,-0.26068592
1645031638059,0.8250109,-0.62759405,-0.22165982
1645031638074,0.7917445,-0.62420803,-0.20788899
1645031638078,0.71697354,-0.69095033,-0.3319487
1645031638091,0.63077056,-0.80528843,-0.45915002
1645031638115,0.63077056,-0.80528843,-0.45915002
1645031638121,0.53680074,-0.9601536,-0.6556593
1645031638122,0.4401431,-1.0830264,-0.8214853
1645031638134,0.27765074,-1.0901126,-0.7875033
1645031638139,0.2058993,-0.9929837,-0.7021904
1645031638152,0.118631646,-0.8185356,-0.6456235
1645031638158,0.0380836,-0.540274,-0.43769962
1645031638171,-0.050405793,-0.20921546,-0.11149315
1645031638179,-0.16235274,0.08735492,0.17455275
1645031638194,-0.29365563,0.30508772,0.4123222
1645031638200,-0.29365563,0.30508772,0.4123222
1645031638213,-0.43029934,0.40303692,0.61724406
1645031638223,-0.5258399,0.38739854,0.6674928
1645031638233,-0.54383457,0.22841434,0.33191377
1645031638276,-0.54383457,0.22841434,0.33191377
1645031638339,-0.3433284,0.23468016,0.06967449
1645031638339,-0.3433284,0.23468016,0.06967449
1645031638340,-0.3433284,0.23468016,0.06967449
1645031638340,-0.3433284,0.23468016,0.06967449
1645031638341,-0.3433284,0.23468016,0.06967449
1645031638341,-0.3433284,0.23468016,0.06967449
1645031638343,-0.3433284,0.23468016,0.06967449
1645031638343,-0.3433284,0.23468016,0.06967449
1645031638344,-0.3433284,0.23468016,0.06967449
1645031638344,-0.3433284,0.23468016,0.06967449
1645031638345,-0.24328475,1.2315385,2.1609216
1645031638345,-0.24328475,1.2315385,2.1609216
1645031638346,-0.24328475,1.2315385,2.1609216
1645031638346,-0.32798675,1.4209617,2.9965441
1645031638346,-0.32798675,1.4209617,2.9965441
1645031638354,-0.32798675,1.4209617,2.9965441
1645031638354,-0.43799633,1.550781,3.7879221
1645031638354,-0.43799633,1.550781,3.7879221
1645031638355,-0.43799633,1.550781,3.7879221
1645031638356,-0.43799633,1.550781,3.7879221
1645031638358,-0.56114846,1.5967711,4.4075575
1645031638372,-0.689746,1.5647613,4.8556595
1645031638378,-0.8072607,1.453338,4.963749
1645031638389,-0.8991884,1.308177,5.0233355
1645031638399,-0.96065974,1.1545684,4.948268
1645031638410,-0.990802,1.0306135,4.9003053
1645031638420,-0.990802,1.0306135,4.9003053
1645031638436,-0.95472556,0.91201675,4.5213194
1645031638439,-0.9117375,0.9284405,4.454298
1645031638451,-0.84955055,0.9736103,4.4246793
1645031638458,-0.7693516,1.0275592,4.3975043
1645031638470,-0.68190944,1.0745265,4.250371
1645031638478,-0.5809931,1.1023649,4.008901
1645031638492,-0.47295576,1.1158739,3.749507
1645031638502,-0.47295576,1.1158739,3.749507
1645031638513,-0.3598045,1.1060476,3.4875994
1645031638519,-0.21218257,1.0886465,3.1766646
1645031638530,0.05834715,1.0498123,2.7123833
1645031638538,0.19188412,1.0686272,2.5615847
1645031638553,0.19188412,1.0686272,2.5615847
1645031638558,0.4355703,1.1957762,2.5076709
1645031638570,0.54153067,1.2459202,2.50041
1645031638584,0.66381013,1.2504407,2.44976
1645031638592,0.80954707,1.181988,2.3538353
1645031638601,0.80954707,1.181988,2.3538353
1645031638609,1.1732612,0.84974253,2.0633388
1645031638623,1.1732612,0.84974253,2.0633388
1645031638636,1.4477528,0.4679466,1.8076272
1645031638638,1.4477528,0.4679466,1.8076272
1645031638655,1.5033249,0.33748147,1.7694738
1645031638658,1.404468,0.15093812,1.4615412
1645031638670,1.2594118,0.0031241819,1.2082206
1645031638679,1.0653286,-0.16231783,0.96388865
1645031638689,0.8380487,-0.39471158,0.607505
1645031638701,0.60876167,-0.67979753,0.19910987
1645031638720,0.40294966,-1.0190767,-0.19506066
1645031638721,0.40294966,-1.0190767,-0.19506066
1645031638721,0.2583297,-1.4349245,-0.6598831
1645031638736,0.2583297,-1.4349245,-0.6598831
1645031638739,0.1178986,-2.3982198,-1.5325247
1645031638752,0.11760189,-2.8829567,-1.9283358
1645031638758,0.11973122,-3.2769876,-2.1796317
1645031638785,0.11973122,-3.2769876,-2.1796317
1645031638786,0.10630945,-3.6975129,-2.4922593
1645031638790,0.08716293,-3.665189,-2.3743083
1645031638800,0.08716293,-3.665189,-2.3743083
1645031638816,0.0620473,-3.2132647,-1.8679291
1645031638819,0.06559037,-2.8379788,-1.4696221
1645031638834,0.06559037,-2.8379788,-1.4696221
1645031638838,0.12193036,-2.0393577,-0.60200715
1645031638850,0.15914129,-1.6819792,-0.20568985
1645031638860,0.19396108,-1.3751112,0.1443756
1645031638869,0.21724409,-1.1349856,0.4262501
1645031638878,0.1925997,-0.98841083,0.5324723
1645031638893,0.16655904,-0.88847196,0.62857145
1645031638898,0.12248887,-0.823667,0.66387993
1645031638910,0.06497949,-0.75903654,0.6731128
1645031638918,0.028798325,-0.64944583,0.7995113
1645031638930,-0.0026529366,-0.5263985,0.9059604
1645031638938,-0.022026354,-0.4126538,0.97345316
1645031638953,-0.03574483,-0.3305524,0.96699536
1645031638958,-0.0037001483,-0.24684528,1.0602496
1645031638969,0.03693167,-0.21034995,1.0962912
1645031638978,0.12296012,-0.19300114,1.179911
1645031638989,0.2002618,-0.22696571,1.1622654
1645031638998,0.2002618,-0.22696571,1.1622654
1645031639011,0.34011695,-0.26346102,1.1439742
1645031639018,0.3655642,-0.13420019,1.3120517
1645031639028,0.29691947,0.10472118,1.5075312
1645031639038,0.13240248,0.431172,1.7364866
1645031639050,-0.15413213,0.76816475,1.8470547
1645031639066,-0.15413213,0.76816475,1.8470547
1645031639075,-0.55746573,1.0365477,1.9149489
1645031639079,-1.3008465,1.2999913,1.7794397
1645031639090,-1.4817349,1.2880356,1.7126101
1645031639099,-1.5381272,1.2155511,1.5936992
1645031639115,-1.4773715,1.1479884,1.5278296
1645031639118,-1.3587748,1.1162928,1.4128458
1645031639134,-1.3587748,1.1162928,1.4128458
1645031639138,-0.9862815,1.2131251,1.4703727
1645031639149,-0.79930186,1.3078628,1.5256131
1645031639159,-0.62810016,1.3850598,1.555668
1645031639170,-0.47281614,1.4135439,1.5629985
1645031639179,-0.33767346,1.376525,1.5304302
1645031639193,-0.22450475,1.2800419,1.456881
1645031639198,-0.13409548,1.1266428,1.3441138
1645031639210,-0.13409548,1.1266428,1.3441138
1645031639219,0.05647962,0.6833057,1.0703901
1645031639231,0.18045205,0.4442447,0.9530675
1645031639239,0.3117375,0.23963697,0.81879747
1645031639255,0.4601623,0.08918754,0.8622393
1645031639262,0.4601623,0.08918754,0.8622393
1645031639271,0.7041103,-0.068313114,0.81654596
1645031639279,0.8131425,-0.098420456,0.8540885
1645031639291,0.90438956,-0.11439043,0.86854
1645031639300,0.9939087,-0.1401693,0.86623615
1645031639315,1.0834628,-0.1997382,0.8476831
1645031639319,1.1864735,-0.31536785,0.8175757
1645031639331,1.2957675,-0.50161445,0.6913518
1645031639339,1.4386945,-0.74495155,0.61117023
1645031639351,1.6081856,-1.007348,0.607505
1645031639359,1.7687931,-1.2863252,0.581412
1645031639374,1.8586962,-1.5829828,0.4654682
1645031639378,1.8588707,-1.8721529,0.37285975
1645031639399,1.8588707,-1.8721529,0.37285975
1645031639400,1.6108212,-2.143084,0.25208133
1645031639412,1.1659831,-2.3345318,0.0887512
1645031639420,0.28948426,-2.3610787,-0.10751375
1645031639438,0.28948426,-2.3610787,-0.10751375
1645031639442,-0.09805393,-2.1946766,-0.07604503
1645031639453,-0.3874509,-1.9375339,-0.007016319
1645031639460,-0.5832621,-1.2735841,0.28360242
1645031639472,-0.5832621,-1.2735841,0.28360242
1645031639480,-0.34615585,-0.61621433,0.61387557
1645031639498,-0.34615585,-0.61621433,0.61387557
1645031639503,-0.13086657,-0.3266079,0.7571516
1645031639512,0.39443234,0.22049044,1.1029235
1645031639520,0.62700063,0.56020594,1.2571777
1645031639532,0.62700063,0.56020594,1.2571777
1645031639540,1.0311022,1.4657475,1.7535387
1645031639558,1.0311022,1.4657475,1.7535387
1645031639562,1.1188061,1.9135702,1.9299241
1645031639583,1.0973907,2.271734,1.9546907
1645031639584,1.0973907,2.271734,1.9546907
1645031639585,0.97399426,2.5570817,1.9632429
1645031639591,0.747779,2.7567153,1.8387992
1645031639600,0.48044333,2.8690636,1.6792564
1645031639616,0.48044333,2.8690636,1.6792564
1645031639629,0.19293132,2.8965006,1.5538354
1645031639631,-0.46559036,2.6952963,1.1377608
1645031639639,-0.46559036,2.6952963,1.1377608
1645031639651,-0.78293043,2.5023475,0.9502051
1645031639658,-1.2310498,2.065573,0.69580245
1645031639674,-1.3322978,1.8665677,0.6381883
1645031639678,-1.3400471,1.6808971,0.62883323
1645031639691,-1.2625884,1.5049306,0.69746053
1645031639699,-1.1221572,1.3365041,0.78505975
1645031639712,-1.1221572,1.3365041,0.78505975
1645031639719,-0.74804085,1.0509294,1.0635308
1645031639736,-0.5433633,0.925072,1.243372
1645031639740,-0.5433633,0.925072,1.243372
1645031639752,-0.16088665,0.6815254,1.5628414
1645031639759,0.004520464,0.5578323,1.6967449
1645031639771,0.14027402,0.42165983,1.7824417
1645031639780,0.24506502,0.2754516,1.8559735
1645031639796,0.32215726,0.12131949,1.8693777
1645031639800,0.32215726,0.12131949,1.8693777
1645031639812,0.39397854,-0.17523344,1.9932629
1645031639819,0.39844665,-0.3040754,2.0524478
1645031639831,0.39844665,-0.3040754,2.0524478
1645031639839,0.322262,-0.47998953,1.9773278
1645031639856,0.26086047,-0.5259796,1.9065887
1645031639860,0.26086047,-0.5259796,1.9065887
1645031639872,0.08208395,-0.5859499,1.802618
1645031639879,-0.0028274718,-0.63502926,1.6671263
1645031639891,-0.0028274718,-0.63502926,1.6671263
1645031639899,-0.12627628,-0.8285365,1.5301161
1645031639955,-0.15242168,-0.9471158,1.4405969
1645031639956,-0.15242168,-0.9471158,1.4405969
1645031639958,-0.15242168,-0.9471158,1.4405969
1645031639958,-0.1527533,-1.0356401,1.4359891
1645031639959,-0.1527533,-1.0356401,1.4359891
1645031639959,-0.12936556,-1.0967972,1.4256916
1645031639960,-0.07539925,-1.1138668,1.456532
1645031639960,0.08585391,-1.0617157,1.5912384
1645031639974,0.21028014,-1.0080286,1.7335196
1645031639979,0.36149752,-0.93554413,1.9198883
1645031639991,0.36149752,-0.93554413,1.9198883
1645031639999,0.6917532,-0.7541845,2.3019984
1645031640013,0.6917532,-0.7541845,2.3019984
1645031640019,1.0884719,-0.51404136,2.93619
1645031640035,1.323763,-0.34887862,3.4075923
1645031640039,1.5223842,-0.19043547,3.8378394
1645031640051,1.6170521,-0.09417925,4.0129333
1645031640059,1.6170521,-0.09417925,4.0129333
1645031640071,1.7307967,0.02392879,4.5242343
1645031640083,1.7307967,0.02392879,4.5242343
1645031640092,1.6710882,0.09952003,4.698944
1645031640098,1.5771883,0.09730343,4.5433283
1645031640109,1.5341479,0.103516884,4.536452
1645031640119,1.5751636,0.14519592,4.782302
1645031640129,1.5546557,0.14800593,4.7528405
1645031640138,1.541391,0.16430753,4.72015
1645031640151,1.5524217,0.20357798,4.718038
1645031640161,1.571987,0.26787677,4.709015
1645031640171,1.53893,0.3364517,4.5011954
1645031640179,1.448643,0.41738373,4.11268
1645031640191,1.448643,0.41738373,4.11268
1645031640199,0.9154202,0.6418361,2.5350728
1645031640276,0.9154202,0.6418361,2.5350728
1645031640287,0.9154202,0.6418361,2.5350728
1645031640288,0.9154202,0.6418361,2.5350728
1645031640288,0.9154202,0.6418361,2.5350728
1645031640289,0.07475347,0.7657562,0.3924426
1645031640290,-0.2832708,0.77638537,-0.46396717
1645031640290,-0.5516188,0.71257526,-0.9900515
1645031640291,-0.5516188,0.71257526,-0.9900515
1645031640291,-0.7100096,0.6116066,-1.0794485
1645031640292,-0.82679117,0.43043897,-0.9878698
1645031640292,-0.82679117,0.43043897,-0.9878698
1645031640292,-0.82679117,0.43043897,-0.9878698
1645031640292,-0.82679117,0.43043897,-0.9878698
1645031640293,-1.0199842,-0.084160924,-0.74559736
1645031640293,-1.0199842,-0.084160924,-0.74559736
1645031640300,-1.1084737,-0.23850249,-0.9047386
1645031640310,-1.1963173,-0.35655817,-1.1026093
1645031640319,-1.2911423,-0.42677373,-1.3976438
1645031640333,-1.3746051,-0.4422201,-1.7552841
1645031640338,-1.4456584,-0.39621258,-2.1804695
1645031640351,-1.4456584,-0.39621258,-2.1804695
1645031640358,-1.5187014,-0.2626407,-2.8522384
1645031640368,-1.5287372,-0.047648136,-3.4555545
1645031640381,-1.4993106,0.17734532,-3.9848504
1645031640393,-1.4036129,0.3866306,-4.2873373
1645031640400,-1.2479099,0.56397593,-4.3530674
1645031640408,-1.0767083,0.70374376,-4.3794923
1645031640418,-0.8848591,0.8291823,-4.297286
1645031640432,-0.8848591,0.8291823,-4.297286
1645031640438,-0.4821014,1.0767956,-3.871123
1645031640452,-0.30714723,1.1843965,-3.6257439
1645031640458,-0.1493324,1.2801989,-3.2745092
1645031640468,-0.03975914,1.3232219,-3.1088228
1645031640483,-0.03975914,1.3232219,-3.1088228
1645031640489,0.16036303,1.2720307,-2.6718562
1645031640501,0.24932368,1.2264421,-2.4588532
1645031640522,0.24932368,1.2264421,-2.4588532
1645031640523,0.24932368,1.2264421,-2.4588532
1645031640523,0.41769788,1.1108823,-1.9069552
1645031640535,0.41769788,1.1108823,-1.9069552
1645031640539,0.5402915,0.9806615,-1.5517235
1645031640552,0.5402915,0.9806615,-1.5517235
1645031640583,0.5800506,0.95217735,-1.3633127
1645031640597,0.5800506,0.95217735,-1.3633127
1645031640597,0.5800506,0.95217735,-1.3633127
1645031640598,0.5800506,0.95217735,-1.3633127
1645031640598,0.7700847,0.9886203,-0.36727464
1645031640598,0.7700847,0.9886203,-0.36727464
1645031640598,0.90299326,1.0929052,-0.22476655
1645031640609,1.0217296,1.103831,-0.16697793
1645031640618,1.1295052,1.0334759,-0.110725194
1645031640635,1.1295052,1.0334759,-0.110725194
1645031640638,1.1971202,0.69307965,0.15945545
1645031640650,1.1218257,0.43251592,0.27724934
1645031640661,1.1218257,0.43251592,0.27724934
1645031640668,0.77790385,-0.2942316,0.18017279
1645031640679,0.77790385,-0.2942316,0.18017279
1645031640696,0.2432673,-0.85436773,-0.06737062
1645031640699,-0.039462432,-0.9777293,-0.18251157
1645031640712,-0.2835326,-0.9812898,-0.30705994
1645031640718,-0.47007594,-0.8802164,-0.4148355
1645031640729,-0.5927568,-0.6983332,-0.38553104
1645031640740,-0.6502662,-0.51123136,-0.2929924
1645031640754,-0.6502662,-0.51123136,-0.2929924
1645031640766,-0.648835,-0.4178375,-0.22928703
1645031640770,-0.648835,-0.4178375,-0.22928703
1645031640779,-0.41692993,-0.3130814,-0.048782617
1645031640788,-0.39919713,-0.5722489,0.38244176
1645031640798,-0.38006806,-0.633249,0.6410856
1645031640813,-0.38006806,-0.633249,0.6410856
1645031640818,-0.3510952,-0.6072956,0.92674756
1645031640828,-0.3512174,-0.5319312,1.0879833
1645031640845,-0.35420194,-0.44712454,1.1660354
1645031640849,-0.35634872,-0.33882537,1.2449603
1645031640858,-0.35634872,-0.33882537,1.2449603
1645031640873,-0.3584606,-0.12866743,1.1187364
1645031640878,-0.33287373,-0.028693603,1.0641941
1645031640891,-0.29182303,0.06480496,0.9861419
1645031640898,-0.24701981,0.16296361,0.8613666
1645031640910,-0.20090759,0.28100184,0.8088315
1645031640920,-0.20090759,0.28100184,0.8088315
1645031640933,-0.11313378,0.4734619,0.55713415
1645031640943,-0.061418973,0.5352474,0.49019983
1645031640949,0.0037699626,0.559438,0.44085872
1645031640959,0.07681298,0.5526137,0.40171045
1645031640970,0.15175845,0.511179,0.3075661
1645031640979,0.22684354,0.4613317,0.29753032
1645031640993,0.29541844,0.406004,0.3546208
1645031640998,0.34908804,0.31737497,0.3346016
1645031641009,0.3918143,0.22036827,0.41394538
1645031641019,0.3918143,0.22036827,0.41394538
1645031641031,0.4309102,-0.03056113,0.49842045
1645031641039,0.42806527,-0.15268348,0.6074701
1645031641055,0.40331617,-0.26854002,0.65991795
1645031641059,0.37071297,-0.3644297,0.69629115
1645031641071,0.32678244,-0.45270967,0.6367397
1645031641087,0.27241468,-0.51814294,0.58120257
1645031641091,0.27241468,-0.51814294,0.58120257
1645031641099,0.11597871,-0.5701545,0.4793961
1645031641114,0.050440703,-0.5594729,0.42829219
1645031641119,-0.006318178,-0.5442534,0.28609827
1645031641129,-0.04801466,-0.49894407,0.19520028
1645031641140,-0.068854176,-0.45506588,0.14360765
1645031641151,-0.06337377,-0.4263374,0.15863514
1645031641158,-0.041452132,-0.41446897,0.3127149
1645031641173,-0.015551095,-0.4296361,0.52388513
1645031641180,0.005916747,-0.4838293,0.6277162
1645031641188,0.04717689,-0.5187538,0.8131076
1645031641199,0.09705908,-0.5119295,1.0896763
1645031641208,0.12163365,-0.4931146,1.2369491
1645031641219,0.13903482,-0.43295226,1.4192861
1645031641232,0.1525264,-0.34057072,1.6519766
1645031641239,0.1525264,-0.34057072,1.6519766
1645031641250,0.15090322,-0.193804,1.7350379
1645031641259,0.1557553,-0.09988655,1.7980103
1645031641270,0.167135,0.017278995,1.9683567
1645031641279,0.16160223,0.09482503,2.0411031
1645031641295,0.14992583,0.14235099,2.0751898
1645031641299,0.13975042,0.19359456,2.1258051
1645031641309,0.11946941,0.27436948,2.1569073
1645031641318,0.05958635,0.36779824,2.0056725
1645031641330,-0.0420281,0.47316518,1.6889431
1645031641339,-0.1579719,0.5830352,1.328074
1645031641353,-0.25890565,0.6618902,0.9801379
1645031641358,-0.32535124,0.69026965,0.7269744
1645031641370,-0.3589144,0.64194083,0.47648138
1645031641379,-0.3589144,0.64194083,0.47648138
1645031641391,-0.31096953,0.4291823,0.4176804
1645031641399,-0.25391397,0.27901214,0.45352998
1645031641422,-0.25391397,0.27901214,0.45352998
1645031641423,-0.17771184,0.10538442,0.42597085
1645031641430,-0.03801379,-0.19376908,0.34336329
1645031641440,0.016755389,-0.29297495,0.260843
1645031641451,0.070756614,-0.32395497,0.23279518
1645031641459,0.08602845,-0.32231435,0.040422376
1645031641475,0.072275065,-0.2838293,-0.17760712
1645031641478,0.03504669,-0.24047473,-0.34619078
1645031641491,-0.036914214,-0.25391397,-0.55629635
1645031641499,-0.11713064,-0.32163364,-0.6857143
1645031641510,-0.11713064,-0.32163364,-0.6857143
1645031641519,-0.32550833,-0.5711144,-0.94488174
1645031641535,-0.41883236,-0.66477007,-0.99111617
1645031641539,-0.52795184,-0.7435902,-1.1369579
1645031641550,-0.62563926,-0.7961602,-1.244332
1645031641559,-0.7156471,-0.8329348,-1.3728074
1645031641571,-0.8016406,-0.8645257,-1.5403264
1645031641579,-0.8988219,-0.90920675,-1.7793524
1645031641594,-0.970137,-0.9588795,-1.9198883
1645031641599,-0.9976787,-1.0203159,-1.9374814
1645031641620,-0.9976787,-1.0203159,-1.9374814
1645031641620,-0.9434855,-1.0861331,-1.8322017
1645031641632,-0.9434855,-1.0861331,-1.8322017
1645031641655,-0.9434855,-1.0861331,-1.8322017
1645031641672,-0.8636356,-1.1363295,-1.7825639
1645031641673,-0.8636356,-1.1363295,-1.7825639
1645031641673,-0.8636356,-1.1363295,-1.7825639
1645031641673,-0.3357361,-0.80486953,-1.1703813
1645031641674,-0.3357361,-0.80486953,-1.1703813
1645031641679,-0.2816127,-0.8096343,-1.2194781
1645031641689,-0.20157082,-0.7653896,-1.1823195
1645031641699,-0.1300288,-0.6774937,-1.1976088
1645031641716,-0.1300288,-0.6774937,-1.1976088
1645031641719,-0.036861856,-0.531076,-1.1287721
1645031641731,0.19509555,-0.16928178,-0.87428224
1645031641739,0.32894668,0.028117636,-0.70472115
1645031641750,0.44555372,0.27908194,-0.51112664
1645031641759,0.47396806,0.5930535,-0.46665505
1645031641772,0.3828781,0.96401083,-0.653146
1645031641779,0.24434942,1.3506589,-0.86344355
1645031641789,0.1092591,1.6519592,-1.0085697
1645031641799,0.05161009,1.8017802,-0.89463305
1645031641812,0.06571254,1.7317044,-0.68941444
1645031641819,0.16720481,1.5296448,-0.19163977
1645031641836,0.28648224,1.2212933,0.30047998
1645031641840,0.28648224,1.2212933,0.30047998
1645031641851,0.5229252,0.60919803,1.2808622
1645031641860,0.5828781,0.4064927,1.5479012
1645031641872,0.5911685,0.3256654,1.6944934
1645031641879,0.5449341,0.34243825,1.6500567
1645031641896,0.48227593,0.44098088,1.5525788
1645031641900,0.48227593,0.44098088,1.5525788
1645031641912,0.38511214,0.56182915,1.2285714
1645031641929,0.2710882,0.76451695,0.9370277
1645031641932,0.11583908,0.93676585,0.44482067
1645031641939,-0.23213194,1.2075922,-0.6535474
1645031641979,-0.23213194,1.2075922,-0.6535474
1645031641980,-0.23213194,1.2075922,-0.6535474
1645031641980,-0.23213194,1.2075922,-0.6535474
1645031641980,-0.23213194,1.2075922,-0.6535474
1645031641981,-0.8827297,1.3751811,-1.6795008
1645031641981,-0.8827297,1.3751811,-1.6795008
1645031641982,-1.0741252,1.380836,-1.8035256
1645031641990,-1.2281525,1.3461035,-1.8495506
1645031641999,-1.2281525,1.3461035,-1.8495506
1645031642015,-1.3539925,1.163208,-1.7731913
1645031642019,-1.3396282,1.0731827,-1.6242604
1645031642030,-1.2818047,1.0097216,-1.4216772
1645031642039,-1.1619339,0.97947466,-1.2238939
1645031642051,-1.0034558,0.96029323,-1.0875643
1645031642059,-0.8377869,0.9358932,-0.90781045
1645031642077,-0.8377869,0.9358932,-0.90781045
1645031642081,-0.66946507,0.8752247,-0.6783838
1645031642092,-0.3038834,0.6317829,-0.3181953
1645031642099,-0.11370975,0.47405532,-0.1372022
1645031642111,-0.11370975,0.47405532,-0.1372022
1645031642119,0.27731913,0.14556244,0.21628414
1645031642136,0.48257264,-0.020996597,0.29353347
1645031642140,0.48257264,-0.020996597,0.29353347
1645031642163,0.67532945,-0.17099224,0.43735054
1645031642164,1.0314862,-0.37207437,0.7289292
1645031642171,1.0314862,-0.37207437,0.7289292
1645031642179,1.365093,-0.44110307,1.0296012
1645031642195,1.510027,-0.44276115,1.1958461
1645031642199,1.6413997,-0.44501266,1.311563
1645031642236,1.7474823,-0.4355703,1.4619775
1645031642238,1.7474823,-0.4355703,1.4619775
1645031642238,1.7474823,-0.4355703,1.4619775
1645031642239,1.8202461,-0.4222009,1.6013614
1645031642239,1.8978096,-0.41008815,1.7517235
1645031642254,1.9421939,-0.3980452,1.9904529
1645031642263,1.8724321,-0.3846758,2.019007
1645031642270,1.7363296,-0.34449777,1.9887948
1645031642281,1.7363296,-0.34449777,1.9887948
1645031642292,1.4585567,-0.25511825,1.7731913
1645031642298,0.7425779,-0.0071908543,1.1865433
1645031642314,0.39317566,0.09646566,0.8980888
1645031642318,0.053529978,0.17259796,0.6691334
1645031642329,0.053529978,0.17259796,0.6691334
1645031642338,-0.60685927,0.18713675,0.23474997
1645031642349,-0.92632866,0.1461035,0.08417837
1645031642359,-1.2083602,0.10006109,0.050545424
1645031642371,-1.450912,0.041521948,0.07929139
1645031642379,-1.450912,0.041521948,0.07929139
1645031642391,-1.8191814,-0.23242866,0.24152195
1645031642398,-1.8609827,-0.34032637,0.5722489
1645031642413,-1.8609827,-0.34032637,0.5722489
1645031642418,-1.6328825,-0.6087966,1.590383
1645031642433,-1.4084649,-0.6943887,2.1581988
1645031642438,-1.1222097,-0.76479626,2.7340605
1645031642448,-0.78162146,-0.8154464,3.3041801
1645031642461,-0.3694738,-0.83021206,3.9427176
1645031642468,0.022916485,-0.8091282,4.4977922
1645031642480,0.29681474,-0.67014575,4.663112
1645031642496,0.44768304,-0.43363294,4.580801
1645031642499,0.47178638,-0.15690723,4.205707
1645031642513,0.47178638,-0.15690723,4.205707
1645031642519,0.22106642,0.37361026,2.7953398
1645031642531,0.22106642,0.37361026,2.7953398
1645031642542,-0.14830264,0.8764465,1.3401867
1645031642553,-0.30742648,1.0777031,0.773331
1645031642561,-0.30742648,1.0777031,0.773331
1645031642569,-0.5547255,1.2430928,-0.21572563
1645031642580,-0.6229514,1.2175407,-0.523955
1645031642596,-0.657265,1.1450039,-0.7019286
1645031642600,-0.6462169,1.0316433,-0.87513745
1645031642622,-0.591186,0.9062396,-1.0311371
1645031642623,-0.591186,0.9062396,-1.0311371
1645031642624,-0.49112487,0.8033511,-1.1024348
1645031642632,-0.49112487,0.8033511,-1.1024348
1645031642646,-0.35835588,0.72884196,-1.3299241
1645031642651,-0.21469587,0.69887424,-1.5974343
1645031642663,-0.05775373,0.6883498,-1.8940746
1645031642678,0.26176804,0.6320796,-2.1475697
1645031642680,0.26176804,0.6320796,-2.1475697
1645031642696,0.4844227,0.40452045,-1.8256392
1645031642700,0.5349507,0.23672223,-1.6859761
1645031642713,0.5349507,0.23672223,-1.6859761
1645031642719,0.41583034,-0.26278034,-1.3115455
1645031642734,0.29503447,-0.5344446,-1.0087616
1645031642741,0.14653984,-0.85620034,-0.80858713
1645031642751,-0.032707915,-1.219356,-0.5447421
1645031642760,-0.032707915,-1.219356,-0.5447421
1645031642769,-0.382913,-1.6033162,-0.09662274
1645031642779,-0.51727027,-2.3857753,0.9652675
1645031642794,-0.5587224,-2.6951566,1.7323327
1645031642799,-0.47463128,-2.9036217,2.709364
1645031642811,-0.26984903,-2.9978008,3.7112138
1645031642823,0.009634349,-2.9489136,4.552509
1645031642831,0.3893359,-2.7627368,5.35298
1645031642839,0.8488175,-2.465189,6.043861
1645031642857,0.8488175,-2.465189,6.043861
1645031642861,1.1498386,-2.0528493,6.0871453
1645031642872,1.5565757,-1.2494284,5.2202983
1645031642879,1.77279,-0.92201763,4.8963785
1645031642892,1.8989615,-0.6444018,4.4104548
1645031642899,1.9565756,-0.41410246,3.7613928
1645031642926,1.9565756,-0.41410246,3.7613928
1645031642926,1.9565756,-0.41410246,3.7613928
1645031642931,1.9565756,-0.41410246,3.7613928
1645031642934,2.285784,-0.033493325,3.0101404
1645031642936,2.3955667,0.14378218,2.4916835
1645031642949,2.3517585,0.3520726,1.7470809
1645031642951,2.1075313,0.5833668,0.8169125
1645031642959,1.7101318,0.8390086,-0.11416354
1645031642973,1.1806091,1.0153416,-1.0418186
1645031642979,0.65857404,1.1136923,-1.5640632
1645031642991,0.1225936,1.0619949,-1.9334846
1645031642999,-0.30746138,0.93481106,-1.8244175
1645031643010,-0.6331268,0.767135,-1.5583035
1645031643019,-0.8601274,0.6210664,-1.2857666
1645031643033,-1.0244873,0.5355965,-1.1586002
1645031643040,-1.0244873,0.5355965,-1.1586002
1645031643051,-1.1771184,0.55517936,-1.470041
1645031643060,-1.1830701,0.6389214,-1.8243476
1645031643071,-1.1220875,0.7508159,-2.0531635
1645031643080,-1.023667,0.83295226,-2.2077494
1645031643095,-0.88648224,0.86278033,-2.2254996
1645031643099,-0.73673093,0.8483463,-2.11268
1645031643112,-0.5957588,0.80120426,-1.9146522
1645031643119,-0.4801117,0.74676675,-1.7166245
1645031643131,-0.3928964,0.70777553,-1.6176281
1645031643140,-0.34634784,0.70875293,-1.7636791
1645031643179,-0.31831747,0.7742386,-1.9663147
1645031643180,-0.31831747,0.7742386,-1.9663147
1645031643182,-0.31831747,0.7742386,-1.9663147
1645031643183,-0.32032463,0.9092416,-2.2204905
1645031643183,-0.32032463,0.9092416,-2.2204905
1645031643183,-0.3444105,1.0217122,-2.4041016
1645031643195,-0.3444105,1.0217122,-2.4041016
1645031643199,-0.5073916,1.1002531,-2.5243564
1645031643215,-0.59280914,1.0751898,-2.545929
1645031643219,-0.6740379,1.0157082,-2.5598044
1645031643231,-0.7440789,0.94582427,-2.493132
1645031643239,-0.79321057,0.8933938,-2.439794
1645031643251,-0.8087093,0.88714546,-2.4639497
1645031643259,-0.7869273,0.9356837,-2.460494
1645031643275,-0.7283358,1.0277337,-2.4226198
1645031643280,-0.6136312,1.128231,-2.3278646
1645031643292,-0.45981324,1.204695,-2.212043
1645031643299,-0.31266254,1.2512087,-2.0437386
1645031643313,-0.13917445,1.2197574,-1.7634698
1645031643319,0.060389213,1.1365215,-1.4550135
1645031643336,0.26536348,1.0346977,-1.1141286
1645031643340,0.26536348,1.0346977,-1.1141286
1645031643352,0.67971027,0.92962736,-0.61673796
1645031643359,0.87990224,0.97011954,-0.44494283
1645031643371,0.87990224,0.97011954,-0.44494283
1645031643379,1.1925648,1.086587,-0.04281351
1645031643396,1.2940919,1.074352,0.09754778
1645031643400,1.2940919,1.074352,0.09754778
1645031643412,1.3529977,0.8353783,0.40804607
1645031643419,1.3304826,0.6519068,0.5423685
1645031643433,1.2790296,0.46833056,0.6393228
1645031643439,1.1942927,0.32730606,0.7737848
1645031643456,1.1045467,0.22487128,0.791186
1645031643459,1.1045467,0.22487128,0.791186
1645031643472,0.8703028,0.15732612,0.70025307
1645031643479,0.7217384,0.11521075,0.6176455
1645031643491,0.7217384,0.11521075,0.6176455
1645031643499,0.37844488,-0.14481194,0.5568898
1645031643517,0.21101318,-0.35470808,0.5467318
1645031643520,0.21101318,-0.35470808,0.5467318
1645031643533,-0.09576752,-0.70714724,0.61429447
1645031643539,-0.20993106,-0.8025831,0.67990226
1645031643551,-0.20993106,-0.8025831,0.67990226
1645031643559,-0.3102016,-0.8217645,0.68583643
1645031643576,-0.32283795,-0.79479885,0.7196789
1645031643580,-0.32283795,-0.79479885,0.7196789
1645031643593,-0.29945022,-0.72282046,0.78975475
1645031643599,-0.29667512,-0.6674579,0.8668994
1645031643611,-0.29667512,-0.6674579,0.8668994
1645031643620,-0.26918578,-0.58694476,1.1168165
1645031643638,-0.2570905,-0.5627891,1.3300986
1645031643640,-0.2570905,-0.5627891,1.3300986
1645031643666,-0.21616197,-0.61644125,1.5908195
1645031643667,-0.14807574,-0.67946595,2.0180645
1645031643678,0.036774587,-0.7559473,2.8040318
1645031643680,0.036774587,-0.7559473,2.8040318
1645031643694,0.22241034,-0.6746662,3.3585653
1645031643698,0.29822847,-0.5834541,3.5706606
1645031643711,0.37497163,-0.4716642,3.797347
1645031643719,0.4543154,-0.38675278,3.910062
1645031643731,0.5459115,-0.3151235,4.0125318
1645031643739,0.64893967,-0.24187101,4.1767344
1645031643754,0.75341654,-0.19172703,4.2955756
1645031643759,0.85380924,-0.16238764,4.3637667
1645031643771,0.9528755,-0.14622568,4.4031763
1645031643780,0.9528755,-0.14622568,4.4031763
1645031643792,1.1255083,-0.12179073,4.444611
1645031643799,1.2045205,-0.10356925,4.4325333
1645031643826,1.25161,-0.11034121,4.2786803
1645031643831,1.25161,-0.11034121,4.2786803
1645031643836,1.2625535,-0.1075312,4.081438
1645031643840,1.2625535,-0.1075312,4.081438
1645031643850,1.2951218,-0.12290776,3.7576578
1645031643859,1.2891876,-0.15514442,3.5470984
1645031643873,1.2576141,-0.1646217,3.3331878
1645031643879,1.180103,-0.1381796,3.0868487
1645031643891,1.036792,-0.07965791,2.757204
1645031643899,0.8259883,0.0058120256,2.3298717
1645031643910,0.5800332,0.116903745,1.8882276
1645031643918,0.32645082,0.2306484,1.470233
1645031643933,0.10522733,0.3268348,1.1224889
1645031643939,-0.071332574,0.37359282,0.8003316
1645031643950,-0.17202199,0.3814818,0.5376036
1645031643958,-0.179719,0.40087268,0.4432324
1645031643970,-0.16273671,0.3653722,0.2586264
1645031643980,-0.13358931,0.3176368,0.037961427
1645031643995,-0.08829741,0.29698926,-0.108578406
1645031643999,-0.06969195,0.24063182,-0.34531808
1645031644011,-0.06857492,0.16699538,-0.56940395
1645031644019,-0.0521686,0.11985339,-0.60900605
1645031644031,-0.039043546,0.07787765,-0.47866306
1645031644039,-0.05225587,0.005009163,-0.34208918
1645031644054,-0.07007592,-0.05394886,-0.14257789
1645031644059,-0.11510603,-0.109136924,-0.05408849
1645031644071,-0.17991099,-0.09630858,-0.038293045
1645031644080,-0.3013003,-0.048625536,-0.27403787
1645031644092,-0.47161183,0.061785497,-0.6530064
1645031644099,-0.6753643,0.21537656,-1.1371324
1645031644117,-0.6753643,0.21537656,-1.1371324
1645031644120,-0.95521426,0.412776,-1.6485033
1645031644131,-1.4468104,0.73957586,-2.2166507
1645031644152,-1.5588272,0.82930446,-2.1722662
1645031644158,-1.5588272,0.82930446,-2.1722662
1645031644161,-1.5777293,0.8370364,-1.8913866
1645031644176,-1.4441575,0.7702592,-1.5086483
1645031644179,-1.4441575,0.7702592,-1.5086483
1645031644191,-1.1935073,0.8040318,-1.6629025
1645031644199,-1.0671961,0.8380836,-2.002269
1645031644212,-0.94084996,0.8743171,-2.3802426
1645031644219,-0.82600576,0.8951043,-2.6994152
1645031644236,-0.7189982,0.8878611,-2.8949647
1645031644239,-0.7189982,0.8878611,-2.8949647
1645031644250,-0.53091896,0.76127064,-2.9980278
1645031644259,-0.53091896,0.76127064,-2.9980278
1645031644271,-0.38800943,0.5438171,-2.4537919
1645031644279,-0.33526486,0.40239114,-2.0459027
1645031644295,-0.29691947,0.24501266,-1.5694913
1645031644310,-0.29691947,0.24501266,-1.5694913
1645031644311,-0.26532856,0.08297408,-0.9876953
1645031644330,-0.26532856,0.08297408,-0.9876953
1645031644333,-0.2383454,-0.06541583,-0.3348809
1645031644339,-0.22171219,-0.16910726,0.55938566
1645031644353,-0.201693,-0.26311198,1.3634872
1645031644358,-0.17722315,-0.31898072,2.3522122
1645031644370,-0.13433982,-0.34132123,3.389074
1645031644378,-0.069971204,-0.30559385,4.598918
1645031644390,0.014626058,-0.22317828,5.735457
1645031644398,0.113413036,-0.11034121,6.588655
1645031644412,0.21809931,0.04726416,7.450336
1645031644420,0.29053146,0.1523344,7.7250195
1645031644431,0.34758705,0.24588533,8.101195
1645031644439,0.41790733,0.33821452,8.965111
1645031644451,0.48459727,0.3553015,9.744079
1645031644459,0.5691596,0.3182651,10.547186
1645031644474,0.6544027,0.21300288,11.018151
1645031644478,0.70777553,0.030316781,10.831713
1645031644491,0.7660005,-0.18027751,10.341985
1645031644499,0.8100707,-0.40452045,9.526992
1645031644511,0.8677895,-0.60413647,8.736015
1645031644519,0.8677895,-0.60413647,8.736015
1645031644536,0.8327603,-0.9495593,6.6152544
1645031644540,0.8327603,-0.9495593,6.6152544
1645031644551,0.8186753,-1.0487826,5.765093
1645031644559,0.7488786,-1.1719521,4.331076
1645031644572,0.67276376,-1.2098438,3.6517847
1645031644579,0.61371845,-1.2089536,3.1292782
1645031644596,0.55264854,-1.1945196,2.6100008
1645031644599,0.55264854,-1.1945196,2.6100008
1645031644612,0.49267825,-1.151514,1.7761061
1645031644619,0.50477356,-1.0998691,1.5054891
1645031644632,0.49320185,-1.0285016,1.2173662
1645031644640,0.49320185,-1.0285016,1.2173662
1645031644677,0.4281351,-0.802269,0.69191027
1645031644678,0.4281351,-0.802269,0.69191027
1645031644680,0.4281351,-0.802269,0.69191027
1645031644681,0.40340343,-0.6504058,0.5265381
1645031644682,0.40340343,-0.6504058,0.5265381
1645031644683,0.3806266,-0.4776333,0.38212758
1645031644700,0.3608692,-0.3089973,0.26571253
1645031644701,0.3608692,-0.3089973,0.26571253
1645031644714,0.30559385,0.016004886,0.02848416
1645031644719,0.2902871,0.18575792,-0.054664455
1645031644731,0.2576141,0.34322366,-0.1604154
1645031644740,0.22001919,0.4751898,-0.26141897
1645031644752,0.22001919,0.4751898,-0.26141897
1645031644759,0.16945632,0.57285976,-0.39783576
1645031644775,0.16812986,0.5346016,-0.41940832
1645031644779,0.17690898,0.4454839,-0.4313989
1645031644791,0.2158478,0.34891352,-0.36846146
1645031644799,0.2158478,0.34891352,-0.36846146
1645031644812,0.21993193,0.1391919,-0.4783489
1645031644819,0.23052622,0.07117549,-0.4777555
1645031644836,0.21703464,8.55223E-4,-0.5488263
1645031644840,0.21703464,8.55223E-4,-0.5488263
1645031644851,0.21801205,-0.05497862,-0.5426826
1645031644859,0.18867266,-0.14491665,-0.51357013
1645031644872,0.17968409,-0.14086744,-0.40966925
1645031644879,0.12716642,-0.101684265,-0.36601797
1645031644896,0.06908107,0.013090148,-0.25593856
1645031644900,0.06908107,0.013090148,-0.25593856
1645031644911,-0.012147657,0.26206475,-0.11803822
1645031644919,-0.17809582,0.90421504,0.0919801
1645031644933,-0.17809582,0.90421504,0.0919801
1645031644941,-0.24857317,1.6398115,0.38052186
1645031644981,-0.24857317,1.6398115,0.38052186
1645031644981,-0.24857317,1.6398115,0.38052186
1645031644982,-0.24857317,1.6398115,0.38052186
1645031644982,-0.24857317,1.6398115,0.38052186
1645031644982,-0.53215814,2.8169298,1.179527
1645031644983,-0.53215814,2.8169298,1.179527
1645031644984,-0.7037089,3.1138494,1.7524565
1645031644990,-0.8830788,3.3219826,2.4909678
1645031645000,-0.8830788,3.3219826,2.4909678
1645031645023,-1.0759752,3.3947115,3.4128807
1645031645023,-1.0759752,3.3947115,3.4128807
1645031645024,-1.0759752,3.3947115,3.4128807
1645031645024,-1.4889606,3.1790035,5.5439043
1645031645030,-1.6867441,2.9665415,6.8244524
1645031645039,-1.8439829,2.6824853,7.935509
1645031645050,-1.9745877,2.3799982,9.1036215
1645031645059,-2.0573175,2.0918927,9.912174
1645031645074,-2.146086,1.8378043,10.923589
1645031645079,-2.1906972,1.6318352,11.67355
1645031645090,-2.1906972,1.6318352,11.67355
1645031645099,-2.1690373,1.3404311,12.782285
1645031645111,-2.1085434,1.2735666,13.175356
1645031645119,-2.0267563,1.2722402,13.432952
1645031645134,-1.9830352,1.3384064,13.820874
1645031645140,-1.9909766,1.4581028,14.311074
1645031645153,-1.9909766,1.4581028,14.311074
1645031645159,-2.1006546,1.8427961,15.480548
1645031645170,-2.0734794,2.051837,15.587748
1645031645179,-2.0734794,2.051837,15.587748
1645031645195,-1.7570643,2.2586787,14.545929
1645031645199,-1.5077232,2.1514094,13.621381
1645031645211,-1.1104808,1.821049,12.158652
1645031645219,-0.7746575,1.4039445,10.805341
1645031645231,-0.49077582,0.9159787,9.492853
1645031645240,-0.49077582,0.9159787,9.492853
1645031645257,0.042097915,-0.34854698,6.334654
1645031645260,0.042097915,-0.34854698,6.334654
1645031645272,0.56116587,-1.3429444,3.254071
1645031645279,0.5521075,-1.3269396,3.3032203
1645031645291,0.5521075,-1.3269396,3.3032203
1645031645299,0.5443756,-1.3136923,3.3432236
1645031645316,0.54177505,-1.3092417,3.3566804
1645031645320,0.54177505,-1.3092417,3.3566804
1645031645332,0.016493585,-2.828938,-0.22164237
1645031645339,-0.28971115,-2.9844837,-0.030054979
1645031645351,-0.28971115,-2.9844837,-0.030054979
1645031645360,-0.72306484,-3.0924861,0.5050004
1645031645376,-0.82082206,-3.016092,0.6454839
1645031645379,-0.82082206,-3.016092,0.6454839
1645031645392,-0.8176106,-2.6078367,0.67367136
1645031645399,-0.74622566,-2.3264508,0.6248364
1645031645412,-0.63145125,-2.020054,0.5522297
1645031645420,-0.5363295,-1.7424383,0.3734881
1645031645437,-0.5363295,-1.7424383,0.3734881
1645031645440,-0.42195654,-1.5105681,0.23621607
1645031645452,-0.22350991,-1.2092329,-0.13268174
1645031645460,-0.12341391,-1.073043,-0.22480147
1645031645472,-0.12341391,-1.073043,-0.22480147
1645031645479,0.041242693,-0.7879047,-0.30067196
1645031645497,0.11267999,-0.6412951,-0.28442273
1645031645500,0.11267999,-0.6412951,-0.28442273
1645031645512,0.24513483,-0.34015185,-0.19910987
1645031645520,0.26867965,-0.22096169,-0.23707129
1645031645532,0.27908194,-0.13390349,-0.28636006
1645031645539,0.30939874,-0.07367135,-0.25988308
1645031645557,0.33177415,-0.05649708,-0.24822411
1645031645560,0.33177415,-0.05649708,-0.24822411
1645031645572,0.3448643,-0.026337376,-0.14142595
1645031645579,0.31426826,0.028466707,-0.0195305
1645031645592,0.26082554,0.12819618,0.2029671
1645031645599,0.1893359,0.24181865,0.52557814
1645031645616,0.09627367,0.3400646,0.87393314
1645031645620,0.09627367,0.3400646,0.87393314
1645031645632,-0.15400995,0.49288768,1.6360066
1645031645660,-0.31414607,0.52966225,1.8858016
1645031645662,-0.31414607,0.52966225,1.8858016
1645031645664,-0.44085872,0.54472464,2.13427
1645031645678,-0.6539663,0.45853913,2.219199
1645031645680,-0.6539663,0.45853913,2.219199
1645031645692,-0.7247229,0.35563314,2.1032028
1645031645699,-0.7067807,0.32467055,2.0153418
1645031645710,-0.6522035,0.32800418,1.9461559
1645031645720,-0.58401257,0.37148094,1.843023
1645031645735,-0.5077406,0.45003927,1.7410594
1645031645739,-0.4122873,0.54578936,1.7024522
1645031645750,-0.32985425,0.63352823,1.6071559
1645031645760,-0.32985425,0.63352823,1.6071559
1645031645772,-0.16558164,0.7083341,1.4052535
1645031645779,-0.105401866,0.72245395,1.299904
1645031645796,-0.049602933,0.7388254,1.2407714
1645031645799,-0.049602933,0.7388254,1.2407714
1645031645811,0.003717602,0.79342,1.2003316
1645031645819,0.08876865,0.9580417,1.0773191
1645031645832,0.11821276,1.0185705,1.0226896
1645031645839,0.14482939,1.0656427,1.000349
1645031645855,0.16692556,1.0711057,0.96786803
1645031645859,0.16692556,1.0711057,0.96786803
1645031645872,0.13708003,0.7734532,0.45846933
1645031645881,0.12646827,0.533537,0.14461996
1645031645891,0.13378131,0.28463218,-0.17334846
1645031645899,0.15648834,0.068854176,-0.46913344
1645031645917,0.1987957,-0.07335719,-0.7337813
1645031645920,0.1987957,-0.07335719,-0.7337813
1645031645937,0.25330308,-0.13540448,-0.97411644
1645031645942,0.3272537,-0.13151234,-1.1718649
1645031645953,0.4816825,-0.078034736,-1.4764813
1645031645964,0.4816825,-0.078034736,-1.4764813
1645031645978,0.57725805,-0.09206737,-1.7746924
1645031645981,0.57725805,-0.09206737,-1.7746924
1645031645991,0.62705296,-0.20354307,-1.9932455
1645031646000,0.62604064,-0.2660616,-2.08067
1645031646011,0.61771536,-0.32027227,-2.1178637
1645031646020,0.5979579,-0.36004886,-2.1342351
1645031646035,0.58146435,-0.363941,-2.0774238
1645031646039,0.5532769,-0.352858,-2.0583122
1645031646050,0.5532769,-0.352858,-2.0583122
1645031646060,0.4777555,-0.22307357,-1.7422637
1645031646072,0.41696483,-0.123483725,-1.5774151
1645031646079,0.32884195,3.8397766E-4,-1.3766123
1645031646096,0.20919801,0.12224452,-1.1432586
1645031646100,0.20919801,0.12224452,-1.1432586
1645031646111,0.08791343,0.21883236,-0.7737499
1645031646119,-0.16500567,0.22555196,-0.2941967
1645031646131,-0.25124356,0.22473165,-0.14594641
1645031646141,-0.30672833,0.2799197,0.00118684
1645031646178,-0.30672833,0.2799197,0.00118684
1645031646180,-0.30672833,0.2799197,0.00118684
1645031646181,-0.30672833,0.2799197,0.00118684
1645031646183,-0.304983,0.6021642,0.32219216
1645031646183,-0.304983,0.6021642,0.32219216
1645031646184,-0.23851994,0.62651193,0.28691858
1645031646191,-0.1651104,0.58188325,0.17553015
1645031646199,-0.1651104,0.58188325,0.17553015
1645031646215,0.02600576,0.17305174,-0.4113099
1645031646219,0.12049917,-0.0761323,-0.77547777
1645031646231,0.2197225,-0.30285364,-1.0585216
1645031646240,0.2917881,-0.49088052,-1.4325683
1645031646250,0.2917881,-0.49088052,-1.4325683
1645031646259,0.32004538,-0.42206126,-1.6043808
1645031646275,0.25970852,-0.19033074,-1.3937167
1645031646281,0.16896762,0.15816389,-0.84422725
1645031646291,0.04880007,0.5055066,-0.2929924
1645031646300,-0.080356054,0.79523516,0.16997993
1645031646310,-0.1940309,1.0424296,0.63101494
1645031646323,-0.1940309,1.0424296,0.63101494
1645031646330,-0.31288943,1.475312,1.591343
1645031646342,-0.34222883,1.7582686,2.266079
1645031646351,-0.37458766,2.0547168,2.9261715
1645031646358,-0.42851907,2.3725107,3.7782528
1645031646368,-0.5066585,2.6429532,4.6886816
1645031646378,-0.6128284,2.824557,5.6455364
1645031646389,-0.7288594,2.8843005,6.5034294
1645031646402,-0.7717951,2.7473426,6.727987
1645031646410,-0.73812723,2.443023,6.457963
1645031646418,-0.58589756,1.989109,5.534619
1645031646430,-0.3381796,1.465573,4.213282
1645031646439,-0.09545335,0.99897027,3.1306221
1645031646449,0.16381884,0.57992846,2.1459813
1645031646461,0.48028624,0.1616895,0.997574
1645031646469,0.7948861,-0.22036827,0.030543678
1645031646478,1.1414609,-0.6724845,-1.2337028
1645031646488,1.4374378,-1.0884371,-2.2729733
1645031646498,1.7001659,-1.5330307,-3.354551
1645031646509,1.9035867,-1.9765599,-4.333659
1645031646521,2.0239112,-2.3766994,-5.0907583
1645031646530,2.0429356,-2.6751375,-5.49678
1645031646538,1.9700847,-2.695977,-5.5013003
1645031646550,1.8012741,-2.6868837,-5.007924
1645031646558,1.5588446,-2.6735144,-4.345772
1645031646569,1.2750152,-2.5534863,-3.3469238
1645031646581,0.97800857,-2.5033598,-2.5129244
1645031646589,0.69410944,-2.5276551,-1.938965
1645031646598,0.45469937,-2.467615,-1.2838817
1645031646609,0.25627017,-2.3182302,-0.63756
1645031646618,0.092241906,-2.0369666,0.0022515054
1645031646630,-0.041347414,-1.6490619,0.5772231
1645031646642,-0.13920936,-1.1968409,1.0890479
1645031646671,-0.13920936,-1.1968409,1.0890479
1645031646671,-0.13920936,-1.1968409,1.0890479
1645031646672,-0.13920936,-1.1968409,1.0890479
1645031646672,-0.18938826,-0.79408324,1.338424
1645031646681,-0.21192077,-0.53030807,1.4282398
1645031646690,-0.18893446,-0.38544375,1.2343136
1645031646701,-0.16394101,-0.39343747,1.076045
1645031646708,-0.15414958,-0.42159003,0.88831484
1645031646718,-0.14989091,-0.43660006,0.7024173
1645031646728,-0.12721878,-0.37612358,0.6656776
1645031646739,-0.12721878,-0.37612358,0.6656776
1645031646750,-0.097320884,-0.16730954,0.6924688
1645031646762,-0.10962562,-0.07374117,0.65583384
1645031646769,-0.10053233,0.06705646,0.75439394
1645031646778,-0.08976351,0.2180644,0.85733485
1645031646789,-0.08665678,0.3478314,0.8342613
1645031646798,-0.06644559,0.47972772,0.8027402
1645031646809,-0.04291823,0.5879047,0.7532594
1645031646822,-0.004014312,0.6859761,0.79071474
1645031646829,0.033790033,0.72392005,0.75657564
1645031646838,0.06866219,0.74725544,0.68862903
1645031646850,0.1075312,0.81162405,0.7140588
1645031646859,0.15383542,0.957553,0.9884283
1645031646870,0.18038224,1.1531024,1.4423074
1645031646886,0.15149663,1.2673881,1.7648486
1645031646891,0.09294005,1.2710184,1.9845536
1645031646899,0.037437823,1.1620735,2.1585479
1645031646911,-0.018605463,0.8834977,2.0331442
1645031646919,-0.0412776,0.5508334,1.8538266
1645031646936,-0.050650142,0.21001832,1.5527883
1645031646944,-0.04070163,-0.07944847,1.2534428
1645031646950,-0.027978009,-0.2773366,1.0365826
1645031646959,-0.027297322,-0.38446635,0.9303953
1645031646969,-0.053669605,-0.4291474,0.8621171
1645031646978,-0.07841871,-0.3958635,0.97966665
1645031646988,-0.11006196,-0.3501178,1.100288
1645031647001,-0.12858015,-0.30418012,1.232481
1645031647008,-0.13940135,-0.2910027,1.2614714
1645031647018,-0.13255955,-0.29999128,1.2273322
1645031647031,-0.13255955,-0.29999128,1.2273322
1645031647039,-0.017889868,-0.27276376,1.0851557
1645031647051,0.053425256,-0.24363382,0.9845187
1645031647071,0.053425256,-0.24363382,0.9845187
1645031647072,0.053425256,-0.24363382,0.9845187
1645031647072,0.20139629,-0.1361899,0.78286064
1645031647078,0.25723013,-0.09266079,0.754743
1645031647090,0.26339123,-0.1162056,0.6571603
1645031647099,0.21139716,-0.2160747,0.49384764
1645031647110,0.10582075,-0.40490445,0.37100968
1645031647123,-0.0373331,-0.6496204,0.24670565
1645031647131,-0.18273845,-0.88883847,0.15315473
1645031647140,-0.3160136,-1.1040928,0.050353434
1645031647151,-0.39122087,-1.243564,0.052971464
1645031647164,-0.39122087,-1.243564,0.052971464
1645031647170,-0.45946416,-1.4077494,-0.02694825
1645031647183,-0.45140064,-1.449219,-0.069011256
1645031647191,-0.4400733,-1.4849464,-0.16577363
1645031647200,-0.401309,-1.4936731,-0.2319225
1645031647211,-0.35238677,-1.4888734,-0.32488
1645031647219,-0.279623,-1.4633389,-0.37451786
1645031647230,-0.21595253,-1.4380487,-0.451261
1645031647243,-0.15685487,-1.4273846,-0.5117026
1645031647250,-0.122942664,-1.4433895,-0.58525175
1645031647271,-0.122942664,-1.4433895,-0.58525175
1645031647274,-0.12405969,-1.4963958,-0.69386506
1645031647280,-0.1320185,-1.427978,-0.7648486
1645031647292,-0.11503622,-1.2892922,-0.7055764
1645031647303,-0.11339559,-1.0635308,-0.65541494
1645031647311,-0.09719871,-0.7163801,-0.5741164
1645031647327,-0.029391745,-0.15329435,-0.33510777
1645031647332,-0.029391745,-0.15329435,-0.33510777
1645031647345,0.10906711,0.57055587,-0.05538005
1645031647356,0.2543503,1.2978445,0.19385636
1645031647366,0.36666375,1.9724584,0.38978967
1645031647371,0.4470896,2.4716816,0.5598394
1645031647379,0.49568024,2.9518807,0.7791256
1645031647391,0.46728337,2.9261541,0.7826512
1645031647401,0.46728337,2.9261541,0.7826512
1645031647408,0.38574046,2.38122,0.440562
1645031647422,0.3329959,2.0067196,0.10498298
1645031647430,0.2899904,1.6339471,-0.1734881
1645031647439,0.24658348,1.2729732,-0.45942926
1645031647450,0.19718999,0.93132037,-0.7677633
1645031647458,0.13943624,0.63096255,-1.0458853
1645031647470,0.07578323,0.39235535,-1.2559385
1645031647481,0.01240946,0.2190069,-1.3616546
1645031647492,-0.07360154,0.076062486,-1.4559735
1645031647499,-0.15828606,-0.013142508,-1.432673
1645031647510,-0.15828606,-0.013142508,-1.432673
1645031647519,-0.33189633,-0.15236932,-1.4855398
1645031647531,-0.33189633,-0.15236932,-1.4855398
1645031647542,-0.3628938,-0.024487302,-1.3620734
1645031647550,-0.3334148,0.17027664,-1.2222184
1645031647558,-0.26586962,0.45920238,-0.95427173
1645031647570,-0.21429445,0.7674666,-0.59547955
1645031647579,-0.20179771,1.0334759,-0.17392443
1645031647591,-0.22696571,1.2122873,0.22529016
1645031647603,-0.28299153,1.2771097,0.5371673
1645031647610,-0.35716903,1.2467929,0.74882627
1645031647619,-0.42459202,1.233214,1.1352125
1645031647631,-0.47888994,1.275155,1.6279432
1645031647639,-0.52606684,1.4116241,2.2310672
1645031647662,-0.52606684,1.4116241,2.2310672
1645031647678,-0.5594904,1.7214242,3.0581203
1645031647678,-0.5594904,1.7214242,3.0581203
1645031647679,-0.6388516,2.4135613,5.0545945
1645031647681,-0.6388516,2.4135613,5.0545945
1645031647690,-0.68531287,2.680129,5.8240857
1645031647700,-0.72147655,2.8387642,6.6798673
1645031647711,-0.66728336,2.6559212,6.408552
1645031647723,-0.5552841,2.3277423,5.7504845
1645031647730,-0.38537395,1.9017366,4.9421763
1645031647740,-0.12983681,1.3445851,3.6304739
1645031647751,0.15341653,0.789109,2.3495593
1645031647759,0.43927044,0.28988567,1.2121302
1645031647770,0.43927044,0.28988567,1.2121302
1645031647783,0.9635047,-0.4985077,-0.7150362
1645031647792,1.1885505,-0.8301248,-1.6711406
1645031647799,1.3689153,-1.0962038,-2.4447682
1645031647812,1.48451,-1.24222,-2.7773278
1645031647819,1.5703639,-1.4701982,-3.410385
1645031647832,1.6130029,-1.7044942,-3.9413736
1645031647843,1.5984117,-2.0017455,-4.551165
1645031647851,1.5183175,-2.3919888,-5.279204
1645031647859,1.3675015,-2.838904,-5.9166594
1645031647872,1.3675015,-2.838904,-5.9166594
1645031647879,0.8662187,-3.6599004,-6.3624225
1645031647892,0.59858626,-3.693638,-6.121581
1645031647903,0.35140938,-3.6548738,-5.470774
1645031647911,0.1411816,-3.3375163,-4.3930883
1645031647919,-0.03274282,-2.859307,-3.2333188
1645031647940,-0.03274282,-2.859307,-3.2333188
1645031647941,-0.03274282,-2.859307,-3.2333188
1645031647943,-0.22040318,-2.466184,-2.2211363
1645031647951,-0.51604855,-1.8989615,-0.81321234
1645031647972,-0.6410507,-1.730727,-0.40315908
1645031647974,-0.6410507,-1.730727,-0.40315908
1645031647983,-0.88238066,-1.0682957,0.5608168
1645031647991,-0.95926344,-0.5243215,1.1419845
1645031647999,-0.9967013,0.07690025,1.672118
1645031648012,-1.014661,0.61497515,2.0530412
1645031648023,-1.0218344,0.97966665,2.2351513
1645031648030,-1.0123222,1.1358932,2.1903832
1645031648039,-0.99258226,1.068505,1.8244873
1645031648051,-0.93931407,0.8739157,1.3420542
1645031648059,-0.86616635,0.630439,0.7737324
1645031648072,-0.86616635,0.630439,0.7737324
1645031648083,-0.65546733,0.32910377,0.049777467
1645031648091,-0.55355614,0.2909329,-0.2363906
1645031648100,-0.45895803,0.31247056,-0.45359978
1645031648112,-0.3663496,0.37559995,-0.5600838
1645031648119,-0.28637752,0.44873026,-0.58172613
1645031648131,-0.2276464,0.4849114,-0.60291475
1645031648144,-0.17422114,0.46173313,-0.61157167
1645031648167,-0.17422114,0.46173313,-0.61157167
1645031648171,-0.13139017,0.34053582,-0.6696396
1645031648172,-0.09135178,0.042761147,-0.8147482
1645031648179,-0.07888996,-0.052046426,-0.79760885
1645031648191,-0.0670041,-0.07410769,-0.6504407
1645031648202,-0.058766037,-0.03045641,-0.42492363
1645031648211,-0.043668732,0.093516015,-0.07152457
1645031648219,-0.028501615,0.25237805,0.2974256
1645031648231,-0.018308753,0.40745264,0.6151497
1645031648239,-0.009931059,0.53098875,0.87543416
1645031648250,-0.014102452,0.6208046,1.0736887
1645031648263,-0.03773453,0.66292,1.2221311
1645031648272,-0.08142072,0.6431626,1.2925386
1645031648279,-0.14430578,0.55299765,1.2912645
1645031648291,-0.14430578,0.55299765,1.2912645
1645031648299,-0.26808622,0.26710883,1.3551793
1645031648312,-0.30109084,0.14606859,1.4010996
1645031648323,-0.3127498,0.06531111,1.4409809
1645031648332,-0.30697268,0.01478314,1.425168
1645031648339,-0.27993718,-0.008918754,1.4318178
1645031648351,-0.27993718,-0.008918754,1.4318178
1645031648359,-0.19118597,-0.14156558,1.157553
1645031648373,-0.13770835,-0.22935684,0.99626493
1645031648383,-0.106030196,-0.3183524,0.78437907
1645031648391,-0.08156034,-0.38263375,0.628362
1645031648400,-0.047683045,-0.34908804,0.64784014
1645031648411,-0.047683045,-0.34908804,0.64784014
1645031648419,0.009477267,-0.09753033,0.820281
1645031648432,0.025935946,0.06841784,0.9469064
1645031648443,0.026477005,0.21703464,1.051837
1645031648451,0.01151933,0.30363905,1.0654159
1645031648460,0.0038746838,0.32522908,1.0577537
1645031648472,-1.745353E-5,0.273427,1.038485
1645031648479,-0.008272973,0.15519679,0.9679902
1645031648492,-0.033947118,-0.015167117,0.783489
1645031648503,-0.068941444,-0.20771445,0.61478317
1645031648511,-0.11487913,-0.40617856,0.40317655
1645031648520,-0.1505716,-0.57605374,0.24614713
1645031648532,-0.18357623,-0.70543677,0.10812462
1645031648539,-0.20982634,-0.7754429,0.015219478
1645031648551,-0.20982634,-0.7754429,0.015219478
1645031648564,-0.21054193,-0.6476307,0.005567676
1645031648571,-0.1491055,-0.43448818,0.08862902
1645031648579,-0.027855834,-0.13962825,0.21520202
1645031648592,0.14041364,0.21232219,0.326189
1645031648599,0.3428746,0.58495504,0.40434593
1645031648612,0.5594904,0.9307619,0.4205428
1645031648623,0.7894581,1.2008028,0.4286587
1645031648632,1.0131949,1.3307618,0.32318702
1645031648639,1.226512,1.3201675,0.16200367
1645031648652,1.4052535,1.1707305,-0.09622131
1645031648670,1.4052535,1.1707305,-0.09622131
1645031648677,1.5281438,0.85101664,-0.55873984
1645031648690,1.6272625,0.5166419,-0.90360415
1645031648693,1.6856096,0.1974867,-1.2487477
1645031648699,1.7221049,-0.2714024,-1.8220613
1645031648711,1.7055764,-0.39788812,-1.937115
1645031648719,1.657684,-0.5516188,-2.1565757
1645031648731,1.5970329,-0.68501616,-2.2555022
1645031648743,1.5240422,-0.80411905,-2.3199756
1645031648750,1.4302819,-0.8940571,-2.4028623
1645031648760,1.3246356,-0.8795008,-2.3254037
1645031648772,1.3246356,-0.8795008,-2.3254037
1645031648779,1.0526224,-0.7778689,-2.1028361
1645031648792,0.91960907,-0.6949298,-1.8738633
1645031648803,0.7910463,-0.62213105,-1.6419234
1645031648811,0.6529889,-0.62071735,-1.5613579
1645031648819,0.6529889,-0.62071735,-1.5613579
1645031648832,0.33383366,-0.47876778,-1.0772493
1645031648839,0.16207348,-0.3679204,-0.7873462
1645031648852,-0.009739069,-0.21083865,-0.46796405
1645031648863,-0.16046776,-0.029932804,-0.1500829
1645031648871,-0.26239637,0.1258574,0.12343136
1645031648879,-0.3147046,0.17128894,0.17860197
1645031648892,-0.29796666,0.19307095,0.23569247
1645031648899,-0.23523867,0.16118334,0.18097565
1645031648912,-0.13430491,0.11589144,0.12831835
1645031648923,-0.031032376,0.010716467,-0.09374291
1645031648931,0.059708524,-0.051627543,-0.30171916
1645031648944,0.059708524,-0.051627543,-0.30171916
1645031648951,0.108351514,0.2536347,-0.23366787
1645031648966,0.108351514,0.2536347,-0.23366787
1645031648974,0.030334234,0.60438085,0.1129767
1645031648983,-0.21912907,1.1646916,0.5724583
1645031648990,-0.3566629,1.3886203,0.8581028
1645031648999,-0.47908196,1.511371,1.0164238
1645031649011,-0.57427347,1.5458417,1.0483637
1645031649019,-0.6416616,1.5613229,1.0514356
1645031649031,-0.6729732,1.5795969,1.0823108
1645031649043,-0.65923727,1.561515,1.0346452
1645031649050,-0.62387645,1.5627891,1.0357623
1645031649060,-0.5854612,1.5672747,1.0517846
1645031649072,-0.55490005,1.5974692,1.1382494
1645031649080,-0.5313378,1.6289554,1.2385724
1645031649091,-0.5043197,1.6694475,1.3399075
1645031649104,-0.4854874,1.750973,1.5145301
1645031649111,-0.45417577,1.830404,1.6219041
1645031649119,-0.45417577,1.830404,1.6219041
1645031649131,-0.40216425,2.0858364,1.9944149
1645031649140,-0.37591413,2.1847107,2.1579545
1645031649160,-0.34537044,2.2419233,2.29767
1645031649173,-0.34537044,2.2419233,2.29767
1645031649178,-0.2727987,2.190418,2.3651278
1645031649181,-0.113413036,1.9422637,2.094598
1645031649192,0.06763243,1.6684004,1.829095
1645031649199,0.4808273,1.0499171,1.1239724
1645031649211,0.68655205,0.75385284,0.7409198
1645031649223,0.86457807,0.5355092,0.48318353
1645031649230,0.98003316,0.45394886,0.46698666
1645031649239,1.085435,0.44420978,0.4773017
1645031649251,1.1535038,0.509678,0.5447945
1645031649260,1.1778864,0.59663147,0.6401955
1645031649271,1.1778864,0.59663147,0.6401955
1645031649284,1.0886639,0.76626235,0.90573347
1645031649291,1.0451872,0.74055326,0.8971114
1645031649300,1.0265642,0.6216598,0.7862117
1645031649311,1.0265642,0.6216598,0.7862117
1645031649319,1.0150625,0.16854873,0.37785146
1645031649332,0.9807488,-0.06841784,0.25384414
1645031649343,0.9402566,-0.34292695,0.09374291
1645031649351,0.929959,-0.72336155,-0.28636006
1645031649360,0.79523516,-0.8460773,-0.28519067
1645031649372,0.65016145,-0.9660354,-0.33105856
1645031649380,0.4819618,-1.0329871,-0.3160136
1645031649392,0.3022428,-1.0186578,-0.18661314
1645031649403,0.118893445,-0.9012654,0.08079239
1645031649411,0.04316258,-0.98966753,0.0017628066
1645031649419,0.016284144,-1.1255258,-0.12945282
1645031649432,0.05749193,-1.4210315,-0.4795881
1645031649439,0.11435553,-1.7329785,-0.82605815
1645031649452,0.16273671,-2.0365827,-1.1627192
1645031649464,0.17062572,-2.2553625,-1.3964394
1645031649471,0.13985513,-2.360555,-1.4899031
1645031649479,0.13985513,-2.360555,-1.4899031
1645031649491,0.08782616,-2.406929,-1.535422
1645031649499,-0.059568897,-2.2993455,-1.3348808
1645031649512,-0.11828257,-2.2592025,-1.3222096
1645031649523,-0.16130552,-2.171516,-1.2538791
1645031649531,-0.18724146,-2.0436862,-1.1315298
1645031649539,-0.20902348,-1.9070425,-1.050336
1645031649552,-0.2348198,-1.6608604,-0.83796144
1645031649559,-0.2673008,-1.4095994,-0.645065
1645031649572,-0.30100358,-1.1400297,-0.39689326
1645031649584,-0.3404311,-0.96212584,-0.2501789
1645031649591,-0.38945806,-0.8351863,-0.14653984
1645031649600,-0.43551794,-0.68234575,0.07574832
1645031649611,-0.43551794,-0.68234575,0.07574832
1645031649619,-0.53001136,-0.6038747,0.31547254
1645031649632,-0.5491753,-0.5943974,0.3849725
1645031649643,-0.5523693,-0.58341914,0.41429445
1645031649657,-0.5523693,-0.58341914,0.41429445
1645031649670,-0.5382843,-0.48257264,0.4858539
1645031649671,-0.5028013,-0.2678244,0.6643337
1645031649692,-0.454647,0.0306484,0.92505455
1645031649693,-0.4057422,0.3404311,1.1728598
1645031649706,-0.3594729,0.6021817,1.3497338
1645031649711,-0.31507114,0.7935073,1.4930447
1645031649719,-0.2813858,0.8801117,1.5617069
1645031649731,-0.24066673,0.82740206,1.6942141
1645031649738,-0.24585043,0.6238415,1.5657213
1645031649751,-0.26679465,0.39904004,1.4515402
1645031649763,-0.3001658,0.20383978,1.4069989
1645031649770,-0.35732612,0.03218431,1.3354918
1645031649780,-0.4438258,-0.056252725,1.2981936
1645031649792,-0.4438258,-0.056252725,1.2981936
1645031649799,-0.62359715,0.13119818,1.5995288
1645031649822,-0.71362245,0.29939786,1.7823021
1645031649823,-0.71362245,0.29939786,1.7823021
1645031649824,-0.71362245,0.29939786,1.7823021
1645031649833,-0.71362245,0.29939786,1.7823021
1645031649835,-0.84876513,0.53563136,1.9896326
1645031649839,-0.87934375,0.51009685,1.9414259
1645031649851,-0.87934375,0.51009685,1.9414259
1645031649859,-0.79712015,0.13482852,1.5387381
1645031649870,-0.70995724,-0.16821712,1.1569597
1645031649884,-0.5721791,-0.41951305,0.89770484
1645031649890,-0.4064927,-0.6175059,0.6766559
1645031649900,-0.22356227,-0.7347238,0.48642987
1645031649911,-0.22356227,-0.7347238,0.48642987
1645031649919,0.16011868,-0.6180121,0.36065975
1645031649932,0.32737586,-0.4538616,0.42879832
1645031649945,0.32737586,-0.4538616,0.42879832
1645031649952,0.460651,-0.2632516,0.47524217
1645031649959,0.6513832,0.22654682,0.6737586
1645031649971,0.69648314,0.44960293,0.77718824
1645031649981,0.6954359,0.6492015,0.88384676
1645031649992,0.63551795,0.7902435,0.9313727
1645031650003,0.53610265,0.8873549,0.99945897
1645031650011,0.41057685,0.914181,1.0494459
1645031650020,0.2820316,0.84501266,1.0252552
1645031650032,0.17961428,0.7137272,0.95186317
1645031650039,0.1016319,0.5530151,0.83721095
1645031650052,0.05311109,0.40253076,0.7132385
1645031650063,0.032899905,0.28320098,0.5596125
1645031650071,0.06295488,0.25091195,0.5069378
1645031650079,0.06295488,0.25091195,0.5069378
1645031650092,0.19300114,0.33788288,0.5346016
1645031650099,0.2494633,0.37210926,0.5974692
1645031650112,0.30615237,0.3681822,0.6548739
1645031650123,0.35062397,0.32587487,0.6840911
1645031650131,0.38315734,0.26401955,0.6869884
1645031650139,0.4060389,0.21658085,0.68437034
1645031650153,0.4060389,0.21658085,0.68437034
1645031650170,0.4254647,0.19198883,0.69053143
1645031650171,0.4420979,0.18458854,0.70025307
1645031650184,0.45538005,0.16442971,0.64632165
1645031650192,0.46768478,0.185723,0.6208046
1645031650199,0.45635745,0.23258574,0.67321754
1645031650211,0.41869274,0.23431364,0.6530587
1645031650219,0.37457022,0.2114146,0.6560782
1645031650231,0.33865085,0.18629898,0.74121654
1645031650242,0.28403875,0.11259272,0.7432062
1645031650250,0.22303866,0.01769788,0.69562787
1645031650259,0.16769351,-0.04405271,0.6674579
1645031650271,0.10934637,-0.097320884,0.58687496
1645031650279,0.073147744,-0.049131688,0.67220527
1645031650291,0.073147744,-0.049131688,0.67220527
1645031650303,-0.031870145,0.14400907,0.8570207
1645031650311,-0.09552317,0.30112576,1.0316607
1645031650319,-0.09552317,0.30112576,1.0316607
1645031650332,-0.23729819,0.4853652,1.1706432
1645031650347,-0.28824505,0.4711406,1.0887512
1645031650352,-0.28824505,0.4711406,1.0887512
1645031650378,-0.262536,0.4611048,1.0886639
1645031650379,-0.262536,0.4611048,1.0886639
1645031650381,-0.262536,0.4611048,1.0886639
1645031650382,-0.15959507,0.45941183,1.1180034
1645031650382,-0.04777031,0.43145126,1.0803037
1645031650390,0.06796405,0.43600664,1.1059779
1645031650399,0.17273758,0.42214853,1.0787154
1645031650411,0.27758095,0.41204295,1.0974431
1645031650421,0.380836,0.36978793,1.1129417
1645031650430,0.4735841,0.28012916,1.0916834
1645031650438,0.56219566,0.16629723,1.0428833
1645031650450,0.65661925,0.03495942,0.982337
1645031650462,0.65661925,0.03495942,0.982337
1645031650471,0.88513833,-0.20434593,0.83967185
1645031650483,0.9758094,-0.2992233,0.7367135
1645031650490,1.0684004,-0.30393577,0.7449167
1645031650499,1.1524217,-0.20982634,0.8298804
1645031650511,1.2078017,-0.05843442,0.94999564
1645031650519,1.2129854,0.10625709,1.0733572
1645031650531,1.1606249,0.22623266,1.1116502
1645031650543,1.1030631,0.37134132,1.1973296
1645031650550,1.0520638,0.5222445,1.3178114
1645031650566,1.0520638,0.5222445,1.3178114
1645031650570,0.97149837,0.6974256,1.3786194
1645031650578,0.9540449,0.8205428,1.4125142
1645031650590,0.94207174,0.9758618,1.4529191
1645031650601,0.92542106,1.1554062,1.4809146
1645031650610,0.90983504,1.346121,1.4949646
1645031650618,0.9017541,1.5821451,1.575757
1645031650630,0.8778427,1.7870843,1.6237892
1645031650638,0.83246356,1.9181604,1.6026355
1645031650650,0.7918492,2.044646,1.6535649
1645031650661,0.7614975,2.083428,1.6692556
1645031650669,0.7322454,2.0315037,1.6740727
