1645031670952,0.382,3.981,9.316
1645031670969,0.578,3.736,8.777
1645031670972,0.804,3.55,8.198
1645031670980,1.019,3.452,7.58
1645031670990,1.108,3.442,7.198
1645031671001,1.078,3.452,7.061
1645031671008,0.882,3.422,7.002
1645031671020,0.657,3.304,7.031
1645031671028,0.451,3.275,7.168
1645031671038,0.205,3.226,7.384
1645031671048,0.0,3.108,7.757
1645031671074,-0.235,2.981,8.071
1645031671074,-0.235,2.981,8.071
1645031671074,-0.235,2.981,8.071
1645031671074,-0.451,2.794,8.218
1645031671086,-0.48,2.638,8.345
1645031671088,-0.48,2.451,8.394
1645031671098,-0.304,2.373,8.581
1645031671108,0.0,2.373,8.806
1645031671121,0.313,2.412,8.953
1645031671137,0.343,2.451,9.346
1645031671138,0.343,2.451,9.346
1645031671149,0.264,2.451,9.591
1645031671158,0.137,2.5,9.757
1645031671169,-0.029,2.589,9.905
1645031671181,-0.225,2.638,10.042
1645031671188,-0.421,2.657,10.032
1645031671198,-0.715,2.608,10.14
1645031671209,-0.941,2.54,10.287
1645031671218,-1.176,2.451,10.473
1645031671228,-1.402,2.383,10.65
1645031671241,-1.598,2.216,10.777
1645031671250,-1.726,2.128,10.875
1645031671258,-1.755,2.039,10.915
1645031671269,-1.735,1.892,11.052
1645031671278,-1.716,1.735,11.199
1645031671288,-1.696,1.598,11.327
1645031671301,-1.706,1.471,11.474
1645031671308,-1.716,1.343,11.699
1645031671318,-1.735,1.255,11.974
1645031671328,-1.794,1.167,12.239
1645031671338,-1.863,1.088,12.513
1645031671350,-2.147,1.078,12.915
1645031671361,-2.412,1.049,13.111
1645031671370,-2.736,0.97,13.229
1645031671379,-3.148,0.97,13.298
1645031671388,-3.608,0.843,13.308
1645031671399,-4.079,0.696,13.053
1645031671408,-4.334,0.578,12.66
1645031671422,-4.422,0.5,12.072
1645031671431,-4.373,0.48,11.483
1645031671440,-4.158,0.47,11.121
1645031671453,-3.697,0.5,10.787
1645031671464,-3.089,0.568,10.375
1645031671470,-2.579,0.578,9.954
1645031671485,-2.294,0.558,9.601
1645031671488,-2.157,0.49,9.208
1645031671498,-2.069,0.529,8.855
1645031671509,-1.99,0.558,8.512
1645031671518,-1.833,0.715,8.1
1645031671528,-1.569,0.912,7.727
1645031671541,-1.294,1.167,7.384
1645031671548,-1.147,1.412,7.159
1645031671558,-0.98,1.627,7.149
1645031671568,-0.863,1.755,7.463
1645031671580,-0.813,1.804,8.139
1645031671590,-0.872,1.873,8.836
1645031671601,-1.0,1.843,9.62
1645031671608,-1.088,1.843,10.454
1645031671619,-1.019,1.824,11.15
1645031671628,-0.902,1.784,11.591
1645031671638,-0.666,1.824,11.837
1645031671649,-0.402,1.824,11.758
1645031671665,-0.127,1.824,11.317
1645031671668,0.176,1.931,10.542
1645031671679,0.402,2.02,9.718
1645031671688,0.48,2.098,8.934
1645031671699,0.48,2.186,8.267
1645031671710,0.421,2.226,7.816
1645031671721,0.333,2.196,7.482
1645031671728,0.304,2.186,7.286
1645031671738,0.284,2.196,7.139
1645031671748,0.313,2.206,6.962
1645031671758,0.382,2.245,6.796
1645031671768,0.411,2.324,6.668
1645031671780,0.421,2.392,6.502
1645031671788,0.441,2.383,6.472
1645031671798,0.382,2.363,6.462
1645031671808,0.313,2.353,6.531
1645031671818,0.235,2.353,6.59
1645031671828,0.186,2.373,6.6
1645031671841,0.166,2.402,6.531
1645031671848,0.186,2.451,6.453
1645031671858,0.156,2.51,6.433
1645031671868,0.127,2.628,6.453
1645031671878,0.137,2.794,6.413
1645031671888,0.176,2.971,6.521
1645031671901,0.137,3.197,6.629
1645031671908,0.068,3.363,6.845
1645031671918,-0.009,3.52,7.159
1645031671928,-0.107,3.599,7.453
1645031671938,-0.205,3.589,7.737
1645031671948,-0.117,3.589,8.041
1645031671961,-0.009,3.52,8.404
1645031671968,0.117,3.491,8.885
1645031671978,0.245,3.422,9.336
1645031671989,0.392,3.334,9.699
1645031671998,0.49,3.246,9.944
1645031672008,0.49,3.187,10.101
1645031672021,0.313,3.138,10.238
1645031672028,0.029,3.069,10.365
1645031672038,-0.362,3.0,10.689
1645031672048,-1.039,2.844,11.17
1645031672058,-1.735,2.628,11.748
1645031672068,-2.343,2.422,12.16
1645031672081,-2.853,2.206,12.572
1645031672088,-3.216,2.02,12.817
1645031672098,-3.383,1.863,12.925
1645031672109,-3.471,1.755,12.935
1645031672118,-3.501,1.647,12.807
1645031672129,-3.403,1.647,12.562
1645031672141,-3.265,1.716,12.229
1645031672148,-3.0,1.775,11.984
1645031672159,-2.549,1.902,11.856
1645031672168,-2.0,2.01,11.817
1645031672178,-1.392,2.118,11.905
1645031672192,-0.5,2.432,11.974
1645031672202,-0.392,2.638,11.837
1645031672210,-0.431,2.853,11.611
1645031672219,-0.558,3.118,11.327
1645031672231,-0.715,3.304,11.023
1645031672239,-0.813,3.383,10.66
1645031672250,-0.902,3.412,10.16
1645031672262,-0.941,3.373,9.777
1645031672271,-1.019,3.265,9.424
1645031672279,-1.039,3.197,9.297
1645031672290,-1.019,3.079,9.306
1645031672302,-1.117,2.942,9.444
1645031672311,-1.323,2.765,9.444
1645031672323,-1.608,2.54,9.414
1645031672330,-1.745,2.373,9.336
1645031672339,-1.696,2.255,9.13
1645031672350,-1.726,2.098,8.757
1645031672359,-1.804,1.882,8.551
1645031672371,-1.912,1.637,8.443
1645031672383,-1.804,1.323,8.522
1645031672390,-1.637,1.225,8.796
1645031672399,-1.225,1.127,8.62
1645031672411,-0.774,0.863,8.679
1645031672419,-0.519,0.647,9.071
1645031672431,0.0,0.539,9.159
1645031672442,0.715,0.46,9.336
1645031672450,1.167,0.372,9.689
1645031672460,1.333,0.196,10.15
1645031672471,1.392,0.0,10.513
1645031672479,1.216,-0.009,10.679
1645031672491,0.539,0.019,11.052
1645031672524,-0.147,-0.431,10.875
1645031672525,-0.147,-0.431,10.875
1645031672526,-0.147,-0.431,10.875
1645031672526,-0.166,-1.059,10.581
1645031672531,-0.166,-1.059,10.581
1645031672533,0.931,-0.813,10.395
1645031672540,0.931,-0.813,10.395
1645031672551,1.578,-0.715,10.248
1645031672563,1.255,-0.725,10.179
1645031672571,1.471,-0.176,10.562
1645031672580,1.686,-0.264,11.111
1645031672591,1.686,-0.264,11.111
1645031672599,1.833,-0.156,11.846
1645031672612,1.627,0.235,13.935
1645031672623,1.422,0.284,14.435
1645031672631,1.706,0.382,14.347
1645031672639,2.088,0.402,14.014
1645031672663,2.294,0.598,13.484
1645031672671,2.128,0.706,12.974
1645031672672,1.647,0.706,12.376
1645031672684,1.274,0.853,11.866
1645031672690,1.245,1.029,11.336
1645031672698,1.245,1.078,10.885
1645031672711,1.049,1.186,10.248
1645031672719,1.382,1.255,9.542
1645031672731,2.079,1.52,8.757
1645031672743,2.432,1.598,7.884
1645031672750,1.451,1.059,6.992
1645031672760,0.961,0.774,6.531
1645031672772,1.206,0.774,6.502
1645031672779,1.775,0.961,6.59
1645031672792,2.432,1.108,6.747
1645031672803,3.02,1.196,6.766
1645031672822,3.589,1.147,7.129
1645031672841,3.589,1.147,7.129
1645031672842,3.756,1.196,7.423
1645031672842,4.02,1.412,7.747
1645031672852,3.765,1.5,7.924
1645031672882,2.893,1.206,7.688
1645031672882,2.893,1.206,7.688
1645031672882,2.893,1.206,7.688
1645031672883,0.46,0.137,6.806
1645031672883,0.46,0.137,6.806
1645031672893,-0.372,-0.225,6.59
1645031672899,-0.863,-0.431,6.806
1645031672910,-1.039,-0.549,7.168
1645031672923,-0.794,-0.47,7.11
1645031672930,-0.313,-0.117,7.835
1645031672938,-0.058,0.372,8.326
1645031672951,-0.48,0.568,8.463
1645031672959,-1.284,0.755,8.924
1645031672971,-5.903,0.0,9.924
1645031672987,-5.903,0.0,9.924
1645031672994,-10.846,-1.755,11.591
1645031673004,-11.356,-2.451,12.651
1645031673010,-11.356,-2.451,12.651
1645031673019,-10.012,-2.432,13.69
1645031673033,-7.747,-2.285,14.141
1645031673041,-5.344,-1.892,13.445
1645031673051,-2.079,-0.735,12.768
1645031673058,-1.49,-0.127,12.033
1645031673070,-1.765,0.637,11.709
1645031673079,-2.942,0.951,11.17
1645031673090,-3.962,1.304,10.581
1645031673103,-4.501,1.765,10.111
1645031673108,-4.619,2.108,9.807
1645031673119,-4.491,2.226,9.856
1645031673134,-4.275,2.059,10.365
1645031673138,-4.05,1.824,11.121
1645031673151,-3.854,1.608,11.611
1645031673181,-3.726,1.333,11.689
1645031673183,-3.726,1.333,11.689
1645031673185,-3.726,1.333,11.689
1645031673186,-3.667,1.137,11.523
1645031673186,-3.559,1.01,11.023
1645031673191,-3.363,0.931,10.473
1645031673201,-3.04,0.99,9.679
1645031673210,-2.883,1.098,8.532
1645031673222,-2.824,1.206,7.11
1645031673234,-2.687,1.363,5.795
1645031673238,-2.235,1.735,4.687
1645031673251,-1.422,2.206,3.775
1645031673261,-0.137,2.853,3.089
1645031673269,1.412,3.638,2.196
1645031673284,2.755,4.197,0.97
1645031673288,3.707,4.521,0.049
1645031673300,4.217,4.579,-0.078
1645031673309,4.668,4.403,0.735
1645031673321,5.158,3.805,2.51
1645031673333,5.403,2.853,4.756
1645031673344,5.325,1.569,7.129
1645031673352,5.05,0.215,9.816
1645031673363,5.913,-1.441,16.338
1645031673370,5.913,-1.441,16.338
1645031673381,5.825,-1.853,17.937
1645031673389,5.285,-1.716,18.741
1645031673402,4.099,-1.294,19.143
1645031673415,1.039,0.549,17.623
1645031673421,1.039,0.549,17.623
1645031673430,-1.167,2.657,13.366
1645031673439,-1.167,2.657,13.366
1645031673451,-1.49,3.805,11.513
1645031673462,-0.902,3.932,11.356
1645031673469,-0.098,3.785,11.101
1645031673479,0.902,3.53,10.63
1645031673491,1.735,3.187,10.179
1645031673499,2.285,2.745,9.738
1645031673511,2.451,2.255,9.522
1645031673523,2.285,1.647,9.248
1645031673531,1.824,1.01,8.747
1645031673539,1.225,0.402,8.11
1645031673552,0.764,-0.039,7.168
1645031673559,0.382,-0.362,6.08
1645031673571,0.088,-0.5,4.932
1645031673583,0.058,-0.235,4.256
1645031673591,0.46,0.46,4.089
1645031673599,0.509,1.157,4.148
1645031673611,-0.333,1.451,4.236
1645031673619,-2.03,1.51,4.785
1645031673632,-4.138,1.775,6.031
1645031673643,-5.923,2.0,7.855
1645031673654,-7.198,1.52,9.846
1645031673686,-7.551,0.617,11.905
1645031673691,-3.942,-0.117,14.965
1645031673691,-3.942,-0.117,14.965
1645031673693,-2.059,-0.49,15.191
1645031673694,-2.059,-0.49,15.191
1645031673707,-1.068,-1.029,15.426
1645031673711,-0.745,-1.314,16.142
1645031673718,-0.882,-1.274,16.868
1645031673730,-1.471,-1.019,17.132
1645031673738,-2.363,-0.539,16.642
1645031673749,-3.363,0.088,15.553
1645031673762,-4.344,0.813,13.984
1645031673769,-5.178,1.706,12.288
1645031673778,-5.737,2.481,10.807
1645031673789,-5.982,3.069,9.738
1645031673800,-6.09,3.422,9.277
1645031673810,-6.021,3.52,9.228
1645031673823,-5.884,3.452,9.404
1645031673830,-5.452,3.422,9.493
1645031673839,-4.913,3.353,9.13
1645031673851,-3.569,3.422,7.247
1645031673859,-2.755,3.569,5.952
1645031673870,-2.755,3.569,5.952
1645031673883,-0.99,4.011,3.52
1645031673890,-0.99,4.011,2.755
1645031673900,0.333,4.109,2.412
1645031673912,0.853,4.05,2.432
1645031673919,1.225,3.952,2.775
1645031673932,1.225,3.873,3.265
1645031673943,0.902,3.834,3.53
1645031673951,0.588,3.893,3.501
1645031673960,0.696,3.912,3.128
1645031673972,0.666,3.863,2.794
1645031673980,0.774,3.746,2.873
1645031673993,0.882,3.432,3.55
1645031674004,0.764,2.971,4.687
1645031674011,0.058,2.432,6.727
1645031674019,-1.382,1.804,9.65
1645031674032,-3.373,1.235,12.621
1645031674039,-5.923,0.362,14.553
1645031674052,-8.12,0.019,15.74
1645031674063,-9.62,0.0,16.142
1645031674072,-10.277,0.166,15.75
1645031674079,-10.297,0.509,15.142
1645031674091,-9.846,0.961,14.406
1645031674100,-9.12,1.441,13.661
1645031674111,-8.394,1.971,12.258
1645031674123,-7.561,2.451,10.032
1645031674131,-6.502,3.148,7.512
1645031674139,-5.325,3.883,5.354
1645031674164,-2.422,4.883,2.334
1645031674164,-1.784,4.972,1.618
1645031674177,-1.873,4.903,1.853
1645031674185,-1.873,4.903,1.853
1645031674191,-2.265,4.619,2.716
1645031674200,-1.99,4.295,3.589
1645031674210,-1.922,3.962,4.648
1645031674219,-1.539,3.059,5.266
1645031674231,-0.372,1.755,6.099
1645031674243,-0.372,1.755,6.099
1645031674250,-0.186,0.657,5.599
1645031674260,1.108,-0.912,5.992
1645031674271,-1.216,-1.51,3.304
1645031674279,-1.216,-1.51,3.304
1645031674292,-3.912,-1.804,0.049
1645031674303,-4.903,-2.108,-0.039
1645031674311,-5.717,-1.971,0.99
1645031674319,-6.07,-2.206,1.333
1645031674333,-6.041,-3.648,0.186
1645031674339,-5.462,-5.433,-1.686
1645031674352,-3.903,-7.178,-3.618
1645031674363,-2.01,-8.993,-5.393
1645031674371,-0.794,-10.62,-6.668
1645031674379,-0.961,-11.758,-7.61
1645031674392,-2.53,-12.837,-8.522
1645031674399,-4.638,-14.122,-10.365
1645031674412,-6.423,-15.651,-12.896
1645031674423,-7.306,-17.181,-14.877
1645031674431,-7.659,-18.211,-15.926
1645031674439,-8.257,-18.868,-16.583
1645031674453,-8.149,-19.202,-15.965
1645031674473,-7.747,-19.447,-14.357
1645031674474,-7.747,-19.447,-14.357
1645031674475,-7.747,-19.447,-14.357
1645031674484,-8.228,-19.486,-13.67
1645031674491,-9.277,-19.506,-12.974
1645031674499,-10.365,-19.515,-11.954
1645031674510,-11.258,-19.506,-10.719
1645031674518,-11.964,-18.191,-9.757
1645031674530,-12.582,-16.269,-9.355
1645031674542,-12.866,-13.925,-9.365
1645031674550,-13.131,-11.542,-9.699
1645031674558,-13.043,-8.885,-9.797
1645031674569,-12.454,-6.325,-9.738
1645031674581,-11.807,-4.128,-9.601
1645031674591,-11.317,-2.549,-9.483
1645031674603,-10.915,-1.588,-9.159
1645031674610,-10.748,-1.382,-8.816
1645031674619,-10.679,-1.804,-8.463
1645031674631,-10.336,-2.598,-7.806
1645031674640,-10.336,-3.579,-7.806
1645031674651,-9.797,-5.982,-7.541
1645031674676,-9.797,-5.982,-7.541
1645031674681,-8.738,-8.689,-6.403
1645031674684,-7.953,-9.64,-5.521
1645031674690,-7.953,-9.64,-5.521
1645031674699,-6.992,-10.248,-4.726
1645031674711,-5.384,-10.552,-4.766
1645031674722,-5.384,-10.552,-4.766
1645031674731,-5.021,-10.15,-5.844
1645031674739,-5.099,-9.836,-6.109
1645031674751,-5.384,-9.552,-6.335
1645031674759,-5.717,-9.13,-6.364
1645031674771,-6.041,-8.747,-6.354
1645031674785,-6.198,-8.316,-6.394
1645031674792,-6.158,-7.884,-6.394
1645031674800,-6.041,-7.6,-6.394
1645031674815,-5.923,-7.306,-6.453
1645031674824,-5.766,-7.09,-6.305
1645031674841,-5.472,-6.933,-5.972
1645031674852,-5.119,-6.796,-5.482
1645031674852,-4.687,-6.58,-4.903
1645031674906,-4.285,-6.462,-4.334
1645031674906,-3.962,-6.345,-3.883
1645031674907,-3.677,-6.286,-3.481
1645031674919,-3.53,-6.247,-3.049
1645031674934,-3.373,-6.129,-1.892
1645031674934,-3.373,-6.129,-1.892
1645031674934,-3.373,-6.129,-1.892
1645031674934,-3.393,-5.864,-1.431
1645031674935,-3.393,-5.864,-1.431
1645031674935,-3.383,-5.805,-1.127
1645031674938,-3.314,-5.756,-0.921
1645031674948,-3.236,-5.697,-0.676
1645031674964,-2.971,-5.658,-0.402
1645031674969,-2.657,-5.54,-0.117
1645031674980,-2.54,-5.482,-0.127
1645031674988,-2.589,-5.589,-0.441
1645031675000,-2.677,-5.815,-0.912
1645031675009,-2.736,-5.874,-1.255
1645031675022,-2.736,-5.894,-1.539
1645031675030,-2.873,-5.913,-1.833
1645031675038,-3.089,-6.021,-2.206
1645031675049,-3.403,-6.148,-2.343
1645031675062,-3.824,-6.58,-2.137
1645031675070,-3.824,-6.502,-2.137
1645031675084,-4.236,-6.874,-2.216
1645031675094,-5.197,-7.845,-2.451
1645031675100,-5.197,-7.845,-2.451
1645031675114,-6.099,-9.032,-2.569
1645031675120,-6.462,-9.542,-2.363
1645031675131,-6.462,-9.542,-2.363
1645031675146,-6.766,-9.963,-2.01
1645031675151,-7.119,-10.365,-1.853
1645031675169,-7.914,-10.826,-2.0
1645031675170,-8.335,-10.983,-2.226
1645031675183,-8.689,-11.023,-2.461
1645031675191,-8.993,-10.993,-2.814
1645031675202,-9.228,-11.023,-3.324
1645031675214,-9.316,-11.101,-3.962
1645031675219,-9.355,-11.258,-4.432
1645031675231,-9.336,-11.434,-4.697
1645031675241,-9.287,-11.523,-4.766
1645031675250,-9.228,-11.562,-4.756
1645031675264,-9.002,-11.542,-4.864
1645031675268,-8.698,-11.503,-5.148
1645031675279,-8.375,-11.493,-5.609
1645031675293,-8.041,-11.552,-6.021
1645031675299,-7.776,-11.591,-6.207
1645031675313,-7.58,-11.542,-6.129
1645031675324,-7.433,-11.523,-5.913
1645031675331,-7.276,-11.542,-5.707
1645031675339,-7.208,-11.611,-5.511
1645031675350,-7.237,-11.65,-5.236
1645031675360,-7.139,-11.591,-4.864
1645031675370,-6.874,-11.366,-4.315
1645031675384,-6.472,-11.032,-3.854
1645031675422,-4.57,-9.198,-2.677
1645031675427,-4.57,-9.198,-2.677
1645031675431,-4.57,-9.198,-2.677
1645031675432,-4.57,-9.198,-2.677
1645031675433,-4.57,-9.198,-2.677
1645031675434,-4.57,-9.198,-2.677
1645031675435,-4.167,-8.649,-2.481
1645031675436,-4.167,-8.649,-2.481
1645031675443,-3.883,-8.188,-2.334
1645031675450,-3.756,-7.855,-2.265
1645031675461,-3.569,-7.512,-2.314
1645031675472,-3.412,-7.286,-2.422
1645031675478,-3.314,-7.129,-2.687
1645031675489,-3.255,-7.021,-3.01
1645031675501,-3.128,-6.982,-3.236
1645031675508,-2.844,-6.913,-3.255
1645031675519,-2.373,-6.757,-3.138
1645031675532,-1.941,-6.59,-3.069
1645031675538,-1.686,-6.492,-3.157
1645031675551,-1.755,-6.354,-3.658
1645031675563,-2.02,-6.237,-3.942
1645031675570,-2.02,-6.237,-3.942
1645031675579,-2.971,-6.178,-4.315
1645031675591,-3.628,-6.276,-4.511
1645031675598,-4.226,-6.423,-4.687
1645031675611,-4.658,-6.541,-4.717
1645031675623,-4.923,-6.609,-4.677
1645031675632,-5.001,-6.619,-4.501
1645031675639,-4.952,-6.609,-4.305
1645031675651,-4.697,-6.56,-4.011
1645031675659,-4.334,-6.502,-3.775
1645031675683,-3.952,-6.345,-3.501
1645031675705,-3.53,-6.158,-3.206
1645031675706,-3.53,-6.158,-3.206
1645031675707,-3.53,-6.158,-3.206
1645031675710,-2.716,-5.678,-2.677
1645031675711,-2.216,-5.285,-2.422
1645031675712,-2.216,-5.285,-2.422
1645031675719,-1.716,-4.834,-2.079
1645031675731,-1.382,-4.266,-1.618
1645031675743,-1.274,-3.824,-1.471
1645031675750,-1.48,-3.726,-1.863
1645031675759,-1.892,-3.922,-2.706
1645031675771,-2.255,-4.197,-3.746
1645031675779,-2.422,-4.481,-4.599
1645031675792,-2.186,-4.687,-4.893
1645031675803,-1.657,-4.864,-4.677
1645031675811,-1.147,-5.354,-4.54
1645031675819,-0.774,-6.168,-4.57
1645031675832,-0.245,-7.227,-4.766
1645031675839,0.725,-8.208,-4.766
1645031675852,2.098,-8.796,-4.03
1645031675863,3.481,-9.198,-2.647
1645031675871,4.619,-9.934,-1.412
1645031675879,5.138,-11.13,-0.715
1645031675891,4.668,-12.68,-0.804
1645031675899,2.451,-14.475,-1.873
1645031675912,-5.639,-17.976,-5.589
1645031675923,-5.639,-17.976,-5.589
1645031675931,-13.474,-19.143,-8.973
1645031675940,-13.474,-19.143,-8.973
1645031675951,-15.475,-19.28,-10.16
1645031675959,-15.946,-18.701,-10.64
1645031675972,-14.504,-16.564,-10.807
1645031675984,-14.504,-16.564,-10.807
1645031675991,-13.366,-14.416,-11.376
1645031676010,-13.298,-12.984,-10.915
1645031676013,-13.719,-11.356,-10.513
1645031676029,-14.367,-9.669,-9.885
1645031676034,-15.034,-7.825,-8.993
1645031676042,-15.446,-6.129,-8.002
1645031676051,-15.504,-4.756,-7.129
1645031676059,-14.906,-3.491,-6.531
1645031676070,-13.7,-2.54,-6.148
1645031676079,-12.503,-1.873,-6.011
1645031676090,-11.336,-1.294,-5.992
1645031676103,-10.169,-0.784,-6.08
1645031676110,-9.1,-0.392,-6.129
1645031676119,-8.179,-0.049,-5.903
1645031676130,-7.58,-0.029,-5.795
1645031676139,-7.463,-0.764,-6.423
1645031676152,-7.737,-2.324,-7.678
1645031676164,-8.277,-4.442,-8.855
1645031676189,-8.384,-8.061,-8.639
1645031676190,-8.473,-9.179,-7.512
1645031676192,-8.473,-9.179,-7.512
1645031676199,-9.512,-10.591,-7.237
1645031676210,-11.376,-12.199,-7.129
1645031676222,-13.415,-13.955,-7.335
1645031676231,-14.896,-15.514,-7.325
1645031676239,-15.642,-16.456,-6.619
1645031676251,-15.475,-16.838,-5.325
1645031676259,-14.337,-16.691,-3.608
1645031676272,-12.974,-16.161,-2.157
1645031676283,-11.964,-15.338,-1.225
1645031676291,-10.964,-14.22,-0.666
1645031676300,-9.934,-13.111,-0.313
1645031676311,-8.747,-11.876,-0.019
1645031676319,-7.492,-10.552,0.156
1645031676332,-6.276,-8.09,-0.627
1645031676343,-6.276,-8.09,-0.627
1645031676351,-6.855,-6.551,-2.02
1645031676359,-6.855,-6.551,-2.02
1645031676371,-7.58,-6.374,-2.873
1645031676379,-8.247,-6.492,-3.805
1645031676392,-9.532,-8.355,-6.345
1645031676403,-9.532,-8.355,-6.345
1645031676412,-8.59,-10.974,-8.08
1645031676420,-7.541,-12.572,-8.777
1645031676431,-7.541,-12.572,-8.777
1645031676439,-4.432,-16.485,-10.993
1645031676452,-1.873,-17.525,-10.169
1645031676463,0.921,-17.24,-7.59
1645031676471,3.049,-16.161,-4.53
1645031676479,4.001,-15.22,-2.206
1645031676492,4.138,-14.73,-1.176
1645031676499,4.275,-14.239,-0.058
1645031676511,4.648,-13.17,1.314
1645031676524,4.57,-12.111,2.226
1645031676531,3.952,-11.327,2.245
1645031676539,2.922,-10.954,1.284
1645031676551,1.902,-10.552,0.608
1645031676559,0.98,-10.13,0.578
1645031676571,0.353,-9.424,1.108
1645031676584,0.235,-8.394,1.608
1645031676591,0.558,-7.296,1.765
1645031676600,1.323,-6.217,1.137
1645031676612,1.941,-5.305,-0.48
1645031676620,2.373,-4.315,-2.775
1645031676632,2.775,-3.658,-5.54
1645031676643,3.187,-3.118,-6.923
1645031676656,1.245,-2.785,-8.669
1645031676661,-1.402,-2.589,-10.915
1645031676701,-3.736,-3.108,-12.572
1645031676702,-5.109,-6.56,-11.817
1645031676705,-4.815,-9.071,-10.571
1645031676715,-4.118,-11.179,-9.071
1645031676717,-4.109,-12.945,-7.414
1645031676720,-4.109,-12.945,-7.414
1645031676730,-4.138,-14.337,-6.109
1645031676739,-4.285,-15.475,-6.227
1645031676750,-5.472,-16.534,-7.208
1645031676761,-6.727,-16.819,-8.767
1645031676770,-7.737,-16.426,-9.826
1645031676778,-8.483,-15.573,-9.601
1645031676790,-8.904,-14.2,-8.453
1645031676798,-9.434,-12.278,-6.59
1645031676808,-10.022,-10.14,-4.942
1645031676833,-10.601,-8.051,-4.06
1645031676833,-10.601,-8.051,-4.06
1645031676834,-10.601,-8.051,-4.06
1645031676834,-11.297,-4.246,-4.462
1645031676839,-11.297,-4.246,-4.462
1645031676864,-11.219,-2.647,-6.296
1645031676865,-9.846,0.0,-6.766
1645031676869,-9.159,0.637,-6.757
1645031676885,-8.571,0.696,-6.619
1645031676891,-8.502,-0.284,-6.933
1645031676899,-8.649,-1.539,-7.767
1645031676912,-9.365,-4.315,-9.581
1645031676918,-10.307,-7.982,-11.072
1645031676929,-9.954,-11.582,-11.582
1645031676945,-8.551,-15.112,-10.552
1645031676949,-6.747,-17.319,-8.443
1645031676961,-4.903,-18.417,-5.305
1645031676970,-3.51,-18.976,-1.51
1645031676979,-2.961,-17.897,2.383
1645031676994,-4.236,-15.75,4.825
1645031677006,-6.658,-14.131,4.726
1645031677014,-9.071,-13.259,2.549
1645031677019,-11.65,-12.072,-0.637
1645031677030,-13.886,-10.748,-3.452
1645031677044,-14.798,-9.826,-5.227
1645031677049,-13.288,-9.012,-6.07
1645031677064,-11.944,-7.678,-6.453
1645031677069,-10.974,-5.854,-6.688
1645031677079,-9.816,-4.167,-7.051
1645031677095,-8.218,-2.912,-7.384
1645031677099,-6.796,-2.128,-7.463
1645031677113,-5.629,-1.569,-7.786
1645031677127,-4.02,-0.666,-8.659
1645031677128,-3.01,0.274,-8.159
1645031677143,-2.667,0.99,-5.795
1645031677149,-2.667,0.99,-5.795
1645031677162,-5.119,-0.235,-3.756
1645031677183,-5.119,-0.235,-3.756
1645031677198,-7.521,-3.01,-2.834
1645031677199,-7.521,-3.01,-2.834
1645031677200,-7.521,-3.01,-2.834
1645031677200,-8.149,-4.746,-3.775
1645031677201,-8.149,-4.746,-3.775
1645031677213,-8.051,-8.031,-6.59
1645031677219,-8.051,-8.031,-6.59
1645031677229,-8.443,-8.953,-7.953
1645031677246,-8.012,-8.924,-9.807
1645031677249,-8.012,-8.924,-9.807
1645031677259,-6.374,-7.698,-8.483
1645031677272,-6.227,-3.314,-2.589
1645031677279,-8.277,-2.716,-2.873
1645031677293,-10.591,-3.285,-5.06
1645031677304,-12.042,-4.06,-7.11
1645031677311,-12.631,-3.795,-8.326
1645031677320,-12.356,-3.314,-9.071
1645031677331,-11.297,-2.942,-9.385
1645031677341,-10.218,-2.481,-9.463
1645031677349,-9.316,-2.088,-9.228
1645031677364,-8.473,-1.814,-8.718
1645031677376,-7.433,-1.873,-7.061
1645031677381,-6.953,-2.039,-5.129
1645031677390,-6.698,-2.314,-3.814
1645031677399,-7.021,-2.844,-3.128
1645031677409,-7.472,-3.01,-2.991
1645031677424,-7.894,-2.745,-3.52
1645031677430,-8.512,-2.353,-4.118
1645031677439,-9.493,-1.931,-4.638
1645031677450,-10.63,-2.118,-4.658
1645031677459,-11.395,-2.912,-4.53
1645031677473,-11.65,-3.628,-3.697
1645031677489,-11.454,-4.069,-2.402
1645031677491,-11.631,-4.57,-1.529
1645031677502,-12.19,-5.58,-0.794
1645031677510,-13.229,-6.531,0.176
1645031677519,-14.396,-7.845,0.549
1645031677530,-14.945,-8.728,0.706
1645031677541,-14.641,-9.679,0.382
1645031677550,-14.592,-10.454,-0.235
1645031677561,-13.376,-10.081,-1.206
1645031677571,-11.689,-9.287,-2.471
1645031677579,-10.111,-8.434,-3.54
1645031677590,-8.845,-7.365,-4.118
1645031677602,-7.855,-6.757,-4.393
1645031677611,-7.492,-5.305,-3.962
1645031677620,-7.492,-5.305,-3.962
1645031677631,-8.885,-5.384,-2.363
1645031677639,-8.885,-5.384,-2.363
1645031677659,-9.149,-6.139,-0.47
1645031677660,-9.149,-6.139,-0.47
1645031677724,-10.003,-5.717,0.353
1645031677729,-10.003,-5.717,0.353
1645031677730,-10.003,-5.717,0.353
1645031677731,-11.081,-5.001,-0.863
1645031677731,-11.081,-5.001,-0.863
1645031677732,-10.13,-4.275,-2.314
1645031677733,-8.718,-3.118,-3.461
1645031677734,-7.188,-1.627,-3.579
1645031677737,-5.266,-0.284,-2.736
1645031677738,-5.266,-0.284,-2.736
1645031677739,-5.266,-0.284,-2.736
1645031677739,-3.618,0.588,-1.314
1645031677740,-1.431,0.666,-0.323
1645031677751,0.509,0.284,-0.107
1645031677758,2.285,-1.098,-0.902
1645031677769,2.569,-2.942,-1.569
1645031677785,0.882,-4.471,-1.696
1645031677789,-0.872,-5.197,-1.981
1645031677798,-2.736,-5.168,-2.794
1645031677809,-4.432,-4.874,-3.618
1645031677821,-5.894,-4.354,-4.04
1645031677829,-7.394,-3.608,-3.971
1645031677842,-8.414,-3.0,-4.06
1645031677849,-8.62,-2.373,-4.089
1645031677858,-7.129,-1.51,-3.834
1645031677869,-5.933,0.0,-2.01
1645031677878,-6.403,1.088,0.578
1645031677888,-8.237,0.784,0.441
1645031677904,-10.189,-3.049,2.618
1645031677908,-12.111,-5.521,3.618
1645031677918,-14.916,-7.698,5.423
1645031677928,-17.123,-9.189,6.237
1645031677942,-17.348,-9.414,5.727
1645031677952,-15.995,-8.973,3.971
1645031677961,-14.171,-8.218,2.314
1645031677973,-10.66,-6.551,0.49
1645031677981,-10.66,-6.551,0.49
1645031677988,-9.944,-5.609,1.363
1645031677998,-9.571,-5.452,1.461
1645031678019,-8.777,-6.021,3.079
1645031678020,-8.777,-6.021,3.079
1645031678021,-7.933,-5.737,1.588
1645031678025,-7.933,-5.737,1.588
1645031678038,-8.169,-4.305,1.873
1645031678048,-6.933,-2.589,2.245
1645031678058,-8.002,-1.981,1.108
1645031678088,-8.885,-2.03,0.372
1645031678089,-8.885,-2.03,0.372
1645031678090,-8.885,-2.03,0.372
1645031678092,-9.169,-0.706,-0.294
1645031678094,-9.169,-0.706,-0.294
1645031678098,-9.169,-0.706,-0.294
1645031678101,-8.012,-0.784,-0.627
1645031678118,-10.375,-2.373,-2.186
1645031678128,-10.777,-4.57,-1.912
1645031678139,-10.689,-4.422,0.117
1645031678150,-8.885,-3.079,6.776
1645031678160,-8.09,-2.569,7.472
1645031678169,-8.679,-2.942,7.021
1645031678179,-9.198,-3.314,6.443
1645031678189,-9.561,-3.51,5.531
1645031678202,-9.512,-3.775,4.432
1645031678214,-8.218,-3.608,3.089
1645031678218,-5.884,-3.314,1.627
1645031678228,-4.344,-3.805,1.461
1645031678244,-3.658,-4.197,2.647
1645031678248,-3.187,-4.511,4.364
1645031678258,-3.216,-5.325,6.041
1645031678268,-2.981,-6.119,7.335
1645031678278,-3.118,-6.668,7.757
1645031678288,-4.099,-7.188,7.61
1645031678301,-5.266,-6.845,7.1
1645031678308,-6.08,-6.09,7.09
1645031678318,-6.551,-5.295,6.433
1645031678328,-6.482,-4.638,5.835
1645031678348,-5.207,-4.05,4.413
1645031678348,-5.207,-4.05,4.413
1645031678349,-5.207,-4.05,4.413
1645031678360,-4.373,-4.079,3.285
1645031678368,-3.618,-4.462,2.294
1645031678378,-2.765,-5.011,1.794
1645031678388,-2.402,-5.658,1.108
1645031678392,-2.108,-6.227,0.078
1645031678408,-2.706,-6.913,-1.353
1645031678419,-2.991,-7.914,-2.971
1645031678430,-4.795,-9.13,-4.442
1645031678438,-5.129,-9.934,-5.727
1645031678448,-6.364,-10.483,-6.139
1645031678458,-5.119,-10.13,-5.678
1645031678468,-5.197,-9.807,-4.952
1645031678479,-4.53,-9.218,-4.383
1645031678489,-3.618,-8.639,-3.687
1645031678498,-2.147,-7.237,-2.226
1645031678508,-1.343,-6.099,0.509
1645031678518,-0.951,-5.423,2.324
1645031678528,-0.47,-3.501,1.804
1645031678539,-0.47,-2.667,1.078
1645031678550,-2.804,-3.589,-0.196
1645031678558,-11.17,-11.552,-1.667
1645031678568,-11.444,-15.534,-7.453
1645031678578,-6.011,-17.534,-13.474
1645031678588,-2.961,-18.525,-9.807
1645031678599,0.068,-19.025,-3.089
1645031678622,1.255,-16.005,1.294
1645031678622,1.255,-16.005,1.294
1645031678623,1.255,-16.005,1.294
1645031678623,1.363,-12.121,3.01
1645031678628,0.774,-9.561,3.265
1645031678638,0.274,-7.855,3.206
1645031678648,-0.402,-7.07,3.285
1645031678659,-1.225,-6.894,3.707
1645031678669,-1.833,-7.021,4.158
1645031678678,-1.931,-7.365,4.462
1645031678688,-2.118,-7.551,4.668
1645031678698,-2.235,-7.414,4.815
1645031678708,-2.235,-7.178,4.491
1645031678719,-2.049,-6.698,3.667
1645031678729,-1.931,-6.198,2.657
1645031678738,-1.902,-5.933,1.726
1645031678749,-2.0,-6.198,1.225
1645031678758,-1.961,-6.776,0.706
1645031678768,-1.882,-7.345,0.539
1645031678779,-1.716,-7.649,0.039
1645031678789,-1.529,-7.973,-0.254
1645031678798,-1.392,-8.149,-0.588
1645031678808,-0.745,-8.071,-2.549
1645031678821,-0.431,-8.188,-4.883
1645031678828,-0.088,-8.522,-5.923
1645031678840,0.058,-9.257,-7.168
1645031678856,-1.0,-9.434,-8.228
1645031678858,-1.0,-9.434,-8.228
1645031678870,-2.177,-9.757,-8.345
1645031678878,-3.707,-9.277,-6.472
1645031678890,-4.109,-7.6,-7.904
1645031678900,-4.295,-6.276,-10.238
1645031678924,-4.54,-6.08,-10.061
1645031678925,-5.364,-6.56,-6.786
1645031678932,-5.697,-7.306,-4.864
1645031678941,-6.148,-8.335,-3.373
1645031678949,-5.746,-9.032,-2.991
1645031678961,-4.344,-9.375,-2.451
1645031678974,-2.991,-9.189,-2.039
1645031678978,-1.814,-9.189,-1.726
1645031678991,-1.412,-9.905,-1.176
1645031678998,-1.039,-10.287,-0.755
1645031679011,-0.941,-10.503,-0.657
1645031679026,-1.0,-11.081,-0.529
1645031679041,-1.157,-11.768,-0.333
1645031679041,-1.343,-12.366,-0.117
1645031679048,-1.382,-12.543,-0.009
1645031679058,-1.52,-12.337,0.166
1645031679070,-1.372,-11.984,0.078
1645031679079,-1.147,-11.65,-0.078
1645031679081,-1.147,-11.65,-0.078
1645031679103,-0.794,-10.895,-0.196
1645031679104,-0.794,-10.895,-0.196
1645031679110,-1.068,-10.081,-0.186
1645031679132,-1.667,-9.326,-0.049
1645031679134,-1.667,-9.326,-0.049
1645031679139,-3.148,-8.777,0.46
1645031679143,-3.148,-8.777,0.46
1645031679149,-3.677,-8.934,1.029
1645031679160,-3.677,-8.904,1.627
1645031679174,-3.206,-8.639,1.971
1645031679178,-2.579,-8.277,2.177
1645031679189,-1.981,-7.669,2.245
1645031679202,-1.392,-7.09,1.941
1645031679211,-0.794,-6.747,1.363
1645031679223,-0.274,-6.541,0.343
1645031679234,0.049,-6.531,-0.47
1645031679241,0.274,-6.551,-1.51
1645031679251,0.421,-6.864,-2.451
1645031679260,0.5,-7.139,-3.363
1645031679272,0.402,-7.227,-4.06
1645031679280,0.402,-7.227,-4.06
1645031679293,0.274,-7.051,-4.295
1645031679304,-0.147,-6.58,-4.413
1645031679313,-0.48,-6.247,-5.236
1645031679327,-1.863,-5.619,-5.639
1645031679335,-1.863,-5.619,-5.639
1645031679343,-2.647,-5.756,-6.511
1645031679351,-2.157,-6.041,-7.188
1645031679358,-1.431,-6.403,-8.139
1645031679366,-1.431,-6.403,-8.139
1645031679379,-0.46,-5.609,-8.384
1645031679388,-0.627,-5.56,-9.669
1645031679400,-1.892,-5.884,-10.738
1645031679413,-3.559,-6.227,-11.229
1645031679420,-4.324,-6.492,-12.003
1645031679428,-3.912,-6.462,-11.081
1645031679441,-3.138,-6.256,-9.483
1645031679449,-2.353,-6.717,-8.12
1645031679458,-1.019,-7.423,-6.217
1645031679471,0.647,-8.198,-3.863
1645031679481,1.157,-9.297,-1.931
1645031679490,1.235,-11.229,-0.843
1645031679499,1.206,-13.71,-0.019
1645031679520,0.764,-15.71,-0.254
1645031679520,0.764,-15.71,-0.254
1645031679522,1.059,-16.975,0.362
1645031679531,1.873,-17.358,0.99
1645031679538,1.941,-17.152,3.079
1645031679548,0.431,-16.348,5.442
1645031679559,-1.735,-15.72,9.248
1645031679570,-2.922,-14.975,-0.627
1645031679589,-4.815,-13.21,1.402
1645031679603,-4.815,-13.21,1.402
1645031679604,-5.639,-11.464,-0.392
1645031679609,-5.639,-11.464,-0.392
1645031679619,-5.089,-10.817,-1.372
1645031679629,-4.432,-10.709,-2.245
1645031679639,-3.589,-10.758,-3.54
1645031679662,-2.079,-10.111,-5.315
1645031679662,-2.079,-10.111,-5.315
1645031679663,-2.079,-10.111,-5.315
1645031679664,-2.353,-9.561,-5.982
1645031679669,-2.353,-9.561,-5.982
1645031679680,-2.961,-8.983,-6.158
1645031679688,-3.785,-8.61,-5.894
1645031679699,-3.775,-8.414,-5.393
1645031679716,-3.0,-7.835,-4.491
1645031679718,-3.0,-7.835,-4.491
1645031679729,-2.736,-7.492,-4.148
1645031679738,-2.667,-7.041,-4.648
1645031679748,-2.412,-6.276,-4.874
1645031679758,-1.451,-4.442,-5.021
1645031679780,-0.912,-3.471,-5.109
1645031679780,-0.912,-3.471,-5.109
1645031679781,-0.578,-2.608,-5.099
1645031679790,-0.47,-1.853,-4.893
1645031679798,-0.353,-1.372,-4.53
1645031679810,-0.235,-1.167,-3.854
1645031679818,-0.009,-1.068,-4.148
1645031679833,0.402,-1.441,-4.579
1645031679838,0.951,-2.52,-4.452
1645031679850,0.813,-4.079,-4.736
1645031679859,0.245,-6.129,-4.432
1645031679870,0.117,-8.698,-4.011
1645031679879,0.343,-11.366,-4.903
1645031679895,0.578,-14.151,-5.256
1645031679899,-0.362,-16.838,-4.942
1645031679911,-2.147,-18.182,-5.697
1645031679919,-4.167,-18.849,-6.541
1645031679931,-6.943,-19.192,-5.207
1645031679939,-9.679,-18.839,-3.844
1645031679954,-11.219,-17.505,-2.5
1645031679959,-11.415,-15.838,-1.343
1645031679971,-10.993,-14.543,-0.608
1645031679983,-9.561,-13.396,-0.431
1645031679992,-7.678,-12.415,-0.568
1645031679999,-5.746,-11.533,-0.735
1645031680015,-3.981,-10.915,-1.098
1645031680019,-2.628,-10.356,-1.461
1645031680030,-1.598,-9.65,-1.627
1645031680039,-0.784,-8.728,-1.451
1645031680050,-0.323,-7.59,-1.206
1645031680059,-0.078,-6.453,-0.882
1645031680073,0.127,-5.501,-0.706
1645031680078,0.294,-4.599,-0.804
1645031680090,0.382,-3.863,-1.667
1645031680099,0.725,-3.069,-1.657
1645031680111,0.706,-1.402,-3.432
1645031680119,0.706,-1.402,-3.432
1645031680134,1.059,-0.863,-7.002
1645031680139,1.412,-0.863,-9.601
1645031680151,0.196,-1.323,-7.355
1645031680159,-0.882,-2.147,-6.904
1645031680170,-1.314,-3.03,-6.099
1645031680180,-0.941,-4.422,-5.501
1645031680200,-0.549,-6.266,-4.962
1645031680201,-0.549,-6.266,-4.962
1645031680202,-0.029,-7.924,-5.03
1645031680210,0.774,-10.111,-4.609
1645031680218,1.186,-13.062,-3.785
1645031680231,1.225,-15.818,-3.069
1645031680239,-0.176,-17.662,-1.225
1645031680254,-1.265,-18.554,0.304
1645031680258,-3.912,-19.045,1.637
1645031680270,-6.168,-19.241,2.677
1645031680279,-7.453,-17.946,4.069
1645031680291,-8.571,-16.397,4.981
1645031680299,-9.65,-15.23,5.227
1645031680314,-10.012,-14.21,4.403
1645031680319,-9.924,-13.484,3.0
1645031680339,-9.748,-12.906,1.598
1645031680340,-8.502,-12.513,-0.009
1645031680352,-8.031,-12.18,-1.117
1645031680360,-7.286,-11.935,-2.334
1645031680378,-6.158,-11.65,-4.089
1645031680382,-4.638,-11.199,-5.325
1645031680393,-3.275,-10.052,-6.041
1645031680400,-2.314,-8.375,-5.992
1645031680411,-1.686,-5.903,-6.423
1645031680420,-1.068,-3.687,-6.649
1645031680437,0.098,-1.981,-6.109
1645031680442,0.098,-1.981,-6.109
1645031680453,0.863,-0.735,-5.678
1645031680460,0.863,-0.735,-5.678
1645031680489,1.392,-0.264,-4.825
1645031680491,1.392,-0.264,-4.825
1645031680492,1.392,-0.264,-4.825
1645031680493,1.716,0.0,-4.903
1645031680495,1.716,0.0,-4.903
1645031680509,2.02,-0.009,-5.129
1645031680512,2.559,-1.392,-5.982
1645031680518,2.559,-1.392,-5.982
1645031680530,2.589,-3.167,-6.403
1645031680538,2.49,-5.766,-7.168
1645031680553,2.314,-9.061,-8.365
1645031680559,1.372,-13.523,-9.542
1645031680569,0.402,-16.524,-11.327
1645031680580,-2.059,-18.78,-10.875
1645031680589,-3.873,-19.153,-8.571
1645031680601,-5.57,-19.339,-5.844
1645031680614,-6.757,-17.976,-2.893
1645031680619,-7.58,-16.328,-1.059
1645031680631,-7.59,-14.779,0.156
1645031680639,-6.825,-13.602,1.127
1645031680651,-5.58,-12.67,1.363
1645031680659,-4.079,-12.062,1.059
1645031680675,-2.451,-11.464,0.235
1645031680679,-1.225,-10.62,-0.392
1645031680694,-0.519,-9.757,-0.804
1645031680704,-0.362,-8.738,-1.127
1645031680711,-0.402,-7.639,-1.392
1645031680719,-0.451,-6.56,-1.667
1645031680745,-0.254,-5.668,-1.833
1645031680750,0.725,-3.952,-2.304
1645031680753,0.725,-3.952,-2.304
1645031680759,0.98,-3.304,-2.52
1645031680770,1.137,-2.814,-2.706
1645031680779,0.961,-2.049,-3.52
1645031680793,0.735,-1.029,-4.628
1645031680809,-0.147,-0.558,-6.227
1645031680811,-1.0,-0.804,-6.884
1645031680819,-1.5,-1.578,-7.463
1645031680829,-1.422,-2.01,-6.345
1645031680838,-0.676,-2.255,-4.972
1645031680853,0.343,-2.422,-7.266
1645031680858,1.412,-3.216,-4.628
1645031680868,3.471,-4.903,-2.942
1645031680878,5.972,-8.335,-1.598
1645031680889,6.972,-13.67,-0.882
1645031680900,6.531,-16.603,0.735
1645031680914,-2.02,-18.79,3.069
1645031680918,-2.02,-18.79,3.069
1645031680931,-10.415,-19.339,4.177
1645031680939,-10.415,-19.339,4.177
1645031680951,-13.092,-16.465,4.364
1645031680959,-13.092,-16.465,4.364
1645031680974,-12.16,-12.258,2.196
1645031680978,-12.16,-12.258,2.196
1645031680990,-11.189,-11.395,0.392
1645031680999,-7.6,-12.062,-4.295
1645031681011,-5.952,-12.778,-6.433
1645031681020,-4.471,-13.16,-8.051
1645031681036,-3.265,-12.435,-9.13
1645031681040,-2.618,-10.777,-9.542
1645031681052,-2.334,-8.198,-9.355
1645031681059,-1.745,-6.021,-9.63
1645031681072,0.892,-3.108,-13.337
1645031681087,4.903,-0.235,-16.426
1645031681106,5.138,0.304,-15.789
1645031681112,3.393,0.509,-12.396
1645031681112,3.393,0.509,-12.396
1645031681119,2.981,0.568,-10.473
1645031681130,1.451,1.049,-8.443
1645031681139,-0.402,0.608,-5.05
1645031681153,-1.676,-0.284,-1.039
1645031681159,-2.657,-1.549,1.294
1645031681169,-2.549,-3.157,1.745
1645031681181,-2.353,-5.521,1.51
1645031681190,-1.863,-9.012,0.813
1645031681204,-1.882,-16.377,-2.785
1645031681213,-1.882,-16.377,-2.785
1645031681218,-1.765,-17.956,-5.766
1645031681229,-2.039,-18.741,-7.237
1645031681238,-2.873,-19.133,-7.747
1645031681249,-5.589,-19.329,-6.129
1645031681258,-7.982,-19.113,-3.942
1645031681272,-8.434,-17.789,-2.294
1645031681281,-7.727,-16.407,-1.804
1645031681291,-6.776,-15.279,-1.726
1645031681298,-5.57,-14.033,-1.059
1645031681311,-3.893,-12.749,-0.392
1645031681319,-2.245,-11.719,-0.431
1645031681334,-0.686,-9.846,-1.137
1645031681339,-0.686,-9.846,-1.137
1645031681351,0.058,-8.12,-2.834
1645031681359,0.058,-8.12,-2.834
1645031681371,-0.509,-7.58,-4.413
1645031681379,-0.509,-7.58,-4.413
1645031681397,-2.412,-7.629,-5.168
1645031681400,-2.696,-7.149,-5.737
1645031681412,-2.608,-6.796,-5.884
1645031681419,-2.461,-6.668,-6.423
1645031681432,-2.481,-6.727,-6.609
1645031681439,-2.785,-7.237,-5.952
1645031681456,-3.373,-7.894,-3.834
1645031681459,-3.54,-8.571,-1.618
1645031681482,-3.814,-8.836,0.068
1645031681483,-3.814,-8.836,0.068
1645031681483,-3.814,-8.836,0.068
1645031681484,-3.814,-8.836,0.068
1645031681498,-3.608,-8.61,-0.333
1645031681506,-3.481,-8.434,-1.873
1645031681519,-3.51,-8.247,-3.53
1645031681519,-3.285,-8.894,-4.256
1645031681530,-1.882,-10.003,-5.236
1645031681538,0.068,-10.228,-4.815
1645031681550,0.676,-10.63,-3.265
1645031681558,0.333,-11.15,-1.559
1645031681573,-0.294,-11.807,-0.961
1645031681578,-1.392,-12.523,-1.019
1645031681589,-2.687,-12.935,-0.813
1645031681598,-3.559,-13.043,-0.804
1645031681609,-5.393,-13.886,-1.176
1645031681621,-7.335,-14.347,-2.137
1645031681634,-8.473,-14.112,-3.814
1645031681639,-8.826,-13.867,-6.413
1645031681651,-8.581,-13.151,-9.63
1645031681659,-8.581,-12.523,-12.121
1645031681671,-8.551,-11.758,-13.445
1645031681678,-7.482,-10.562,-12.886
1645031681710,-5.844,-9.042,-10.473
1645031681711,-5.844,-9.042,-10.473
1645031681711,-5.844,-9.042,-10.473
1645031681714,-3.334,-6.874,-7.884
1645031681714,-3.422,-5.354,-8.973
1645031681719,-3.422,-5.354,-8.973
1645031681730,-2.088,-3.559,-10.012
1645031681739,-0.568,-2.196,-9.502
1645031681754,0.853,-0.549,-4.619
1645031681759,0.853,-0.549,-4.619
1645031681771,4.334,0.049,2.285
1645031681779,4.334,0.049,2.285
1645031681791,4.579,-1.225,8.188
1645031681799,4.579,-1.225,8.188
1645031681816,3.01,-3.128,10.836
1645031681820,1.323,-4.56,11.297
1645031681832,-1.0,-7.149,7.257
1645031681839,-3.599,-8.875,7.904
1645031681853,-5.06,-9.326,-3.275
1645031681859,-6.256,-8.875,-1.882
1645031681876,-7.031,-9.669,-3.844
1645031681880,-7.659,-10.826,-1.382
1645031681891,-7.776,-12.474,-2.569
1645031681899,-7.698,-13.543,-1.569
1645031681912,-6.913,-13.827,-1.696
1645031681919,-5.57,-13.445,-1.637
1645031681936,-3.991,-12.984,-2.186
1645031681940,-2.589,-12.611,-3.236
1645031681953,-1.559,-12.327,-4.04
1645031681959,-1.088,-12.258,-5.011
1645031681972,-1.206,-12.425,-6.335
1645031681979,-2.059,-12.543,-7.051
1645031681997,-3.687,-12.984,-7.119
1645031682001,-5.344,-13.69,-6.864
1645031682020,-7.786,-14.847,-5.344
1645031682023,-7.786,-14.847,-5.344
1645031682023,-7.786,-14.847,-5.344
1645031682031,-8.689,-14.965,-4.177
1645031682044,-8.649,-14.808,-3.285
1645031682061,-8.306,-14.141,-2.441
1645031682063,-7.414,-13.406,-2.177
1645031682071,-6.207,-12.837,-2.167
1645031682079,-4.844,-12.886,-2.128
1645031682090,-4.511,-12.66,-2.334
1645031682100,-3.03,-11.738,-2.039
1645031682115,-1.922,-10.836,-1.922
1645031682119,-1.529,-10.375,-2.726
1645031682130,-1.314,-10.032,-2.373
1645031682140,-2.49,-11.042,-1.392
1645031682152,-5.707,-11.317,1.431
1645031682159,-5.707,-11.317,1.431
1645031682176,-10.081,-11.895,4.383
1645031682181,-10.081,-11.895,4.383
1645031682205,-6.786,-11.023,3.55
1645031682207,-4.03,-11.023,1.235
1645031682211,-3.03,-9.228,3.834
1645031682220,-0.764,-8.581,2.608
1645031682234,-0.764,-8.581,2.608
1645031682239,-1.598,-8.561,0.058
1645031682251,-2.853,-8.689,4.069
1645031682259,-3.863,-9.385,1.588
1645031682271,-4.462,-8.404,2.52
1645031682280,-4.158,-7.776,-0.784
1645031682292,-4.011,-7.561,-1.216
1645031682296,-4.011,-7.561,-1.216
1645031682311,-7.11,-8.326,-9.62
1645031682319,-7.816,-7.463,-10.297
1645031682332,-8.698,-7.571,-8.943
1645031682339,-9.198,-7.6,-7.355
1645031682355,-9.718,-7.669,-6.6
1645031682361,-10.15,-7.776,-6.374
1645031682371,-10.356,-7.884,-6.492
1645031682379,-10.444,-7.894,-6.276
1645031682392,-10.611,-7.855,-6.001
1645031682399,-11.111,-7.845,-6.129
1645031682414,-11.621,-7.737,-6.786
1645031682421,-11.68,-7.659,-7.639
1645031682431,-11.788,-7.688,-7.953
1645031682439,-11.719,-8.257,-7.639
1645031682453,-11.758,-9.257,-6.943
1645031682459,-11.611,-10.277,-5.305
1645031682474,-10.846,-11.248,-3.481
1645031682481,-9.326,-12.386,-1.657
1645031682491,-7.306,-12.984,-0.098
1645031682500,-5.825,-12.847,0.912
1645031682512,-5.109,-12.297,1.863
1645031682519,-4.864,-11.582,2.451
1645031682534,-3.707,-10.061,3.432
1645031682541,-3.707,-10.022,3.432
1645031682551,-3.04,-9.895,3.873
1645031682559,-1.873,-9.836,4.177
1645031682572,0.764,-8.375,3.265
1645031682579,0.764,-8.375,3.265
1645031682594,1.784,-4.55,1.941
1645031682601,1.784,-4.55,1.941
1645031682611,1.716,-3.236,1.549
1645031682619,1.676,-2.53,1.686
1645031682631,1.745,-2.334,2.549
1645031682639,2.03,-2.108,4.03
1645031682666,2.785,-1.186,7.168
1645031682667,2.785,-1.186,7.168
1645031682670,2.785,-1.186,7.168
1645031682675,2.226,-0.372,8.208
1645031682678,1.019,0.225,9.11
1645031682681,-0.107,0.049,9.944
1645031682691,-0.774,-0.392,10.787
1645031682703,-0.392,-0.49,11.631
1645031682716,0.686,-0.166,12.621
1645031682723,1.912,0.441,13.553
1645031682731,2.981,1.422,14.347
1645031682740,3.608,2.451,15.2
1645031682751,3.579,3.197,15.465
1645031682759,2.736,3.148,15.014
1645031682775,1.088,2.304,14.269
1645031682782,-0.843,1.225,13.406
1645031682792,-1.676,1.422,13.19
1645031682799,-1.971,1.824,11.817
1645031682811,-2.402,1.078,9.708
1645031682819,-1.833,1.029,8.502
1645031682834,-1.127,1.382,7.59
1645031682841,-0.578,1.843,7.09
1645031682851,-0.382,2.245,7.217
1645031682859,-0.529,2.451,7.384
1645031682872,-0.813,2.461,7.62
1645031682879,-1.235,2.441,7.747
1645031682894,-1.686,2.392,7.59
1645031682901,-2.147,2.402,7.512
1645031682912,-2.441,2.353,7.335
1645031682920,-2.549,2.235,7.041
1645031682932,-2.51,2.039,6.864
1645031682939,-2.343,1.99,7.1
1645031682955,-1.235,2.0,7.914
1645031682961,-1.235,2.02,7.914
1645031682971,-0.294,2.177,8.061
1645031682979,0.666,2.334,8.159
1645031682991,1.971,3.089,9.189
1645031682999,1.971,3.089,9.189
1645031683023,2.118,3.785,10.895
1645031683023,2.118,3.785,10.895
1645031683025,2.118,3.785,10.895
1645031683032,1.824,4.06,11.523
1645031683034,1.255,4.138,11.895
1645031683039,1.255,4.138,11.895
1645031683055,0.451,3.746,11.67
1645031683061,-0.509,2.706,11.209
1645031683072,-0.509,2.706,11.209
1645031683081,-0.372,2.402,10.66
1645031683091,0.863,1.5,10.375
1645031683099,1.422,0.863,10.032
1645031683111,1.971,0.509,9.856
1645031683119,2.5,0.588,9.836
1645031683132,2.902,0.921,9.993
1645031683141,3.148,1.412,10.238
1645031683151,3.138,1.922,10.356
1645031683159,3.187,2.5,10.758
1645031683170,3.403,3.226,11.464
1645031683179,3.442,3.648,12.111
1645031683214,3.265,3.471,12.474
1645031683217,3.265,3.471,12.474
1645031683218,3.265,3.471,12.474
1645031683222,2.814,2.981,12.641
1645031683223,2.814,2.981,12.641
1645031683224,1.706,2.392,12.023
1645031683225,1.706,2.392,12.023
1645031683231,1.314,2.549,11.111
1645031683239,0.882,2.844,10.052
1645031683253,0.235,2.736,8.993
1645031683260,-0.156,2.873,8.532
1645031683271,-0.166,3.236,8.551
1645031683279,0.107,3.658,8.983
1645031683291,0.49,3.922,9.414
1645031683299,0.99,4.128,9.875
1645031683313,1.225,4.128,10.091
1645031683322,1.019,3.834,10.003
1645031683332,0.696,3.452,9.414
1645031683339,0.637,3.363,8.6
1645031683352,1.029,3.559,7.963
1645031683360,1.549,3.834,7.649
1645031683374,1.882,4.06,7.58
1645031683381,2.137,4.442,8.002
1645031683392,2.235,4.825,8.571
1645031683399,2.235,4.825,8.571
1645031683412,1.726,4.344,9.042
1645031683419,1.726,4.344,9.042
1645031683435,1.167,4.05,8.973
1645031683442,0.608,3.922,8.738
1645031683452,-0.127,3.638,8.689
1645031683460,-0.127,3.638,8.689
1645031683472,0.029,3.265,10.238
1645031683479,0.029,3.265,10.238
1645031683494,1.019,3.148,12.415
1645031683506,1.5,3.353,13.21
1645031683512,1.765,3.51,13.435
1645031683520,1.765,3.589,13.092
1645031683532,1.451,3.55,12.258
1645031683539,1.137,3.432,11.189
1645031683554,0.941,3.491,10.267
1645031683561,0.813,3.658,9.375
1645031683572,0.657,3.814,8.571
1645031683579,0.706,4.011,7.041
1645031683592,0.863,4.138,6.256
1645031683609,0.509,3.922,6.384
1645031683613,0.402,3.854,7.11
1645031683622,0.323,3.765,8.414
1645031683629,0.205,3.461,9.591
1645031683639,0.137,3.304,10.473
1645031683650,0.137,3.285,10.856
1645031683658,0.107,3.197,10.875
1645031683671,0.088,3.187,10.503
1645031683680,0.166,3.236,9.934
1645031683689,0.294,3.275,9.336
1645031683698,0.48,3.324,8.708
1645031683709,0.715,3.422,7.982
1645031683719,0.97,3.53,7.365
