1645031569477,4.188847E-4,-1.2217471E-4,-6.981412E-4
1645031569491,0.0013962823,-4.014312E-4,-0.001710446
1645031569495,0.002635483,-9.250371E-4,-0.0024434943
1645031569511,0.0037699626,-0.0021642377,-0.0040317653
1645031569522,0.004642639,-0.004084126,-0.00528842
1645031569539,0.006056375,-0.008796579,-0.008464962
1645031569540,0.006056375,-0.008796579,-0.008464962
1645031569540,0.006056375,-0.008796579,-0.008464962
1645031569545,0.006946505,-0.011205167,-0.009669255
1645031569554,0.007888995,-0.014346802,-0.013194868
1645031569563,0.008814032,-0.017034646,-0.014852954
1645031569572,0.009739069,-0.020298455,-0.017069552
1645031569587,0.01057684,-0.023736801,-0.017889868
1645031569593,0.011484423,-0.028414346,-0.018326206
1645031569602,0.012182564,-0.034505628,-0.021171132
1645031569613,0.012479274,-0.041748844,-0.026180295
1645031569622,0.012880705,-0.048032116,-0.02837944
1645031569635,0.01270617,-0.0536347,-0.031782877
1645031569645,0.013351951,-0.054175757,-0.026564272
1645031569653,0.014119905,-0.05295401,-0.026808621
1645031569662,0.0148355,-0.0509294,-0.031852692
1645031569672,0.013735928,-0.047543414,-0.031974867
1645031569683,0.006754516,-0.047840126,-0.038729385
1645031569692,-0.0034732525,-0.045309365,-0.027402041
1645031569706,-0.019966839,-0.03960206,-0.012566541
1645031569713,-0.04113797,-0.024085872,0.0067370627
1645031569723,-0.061471332,0.006353085,0.040963434
1645031569733,-0.078436166,0.045274455,0.064665325
1645031569742,-0.08348023,0.09084562,0.08262501
1645031569752,-0.06939524,0.13271664,0.09458068
1645031569768,-0.037018936,0.1505367,0.068156034
1645031569772,0.010140501,0.12992407,-0.01389301
1645031569784,0.06724845,0.079465926,-0.13058731
1645031569792,0.11489659,0.0144166155,-0.21790732
1645031569802,0.13125055,-0.070233,-0.29156122
1645031569812,0.11700846,-0.13350205,-0.296902
1645031569825,0.07730168,-0.18830614,-0.31791604
1645031569833,0.02541234,-0.19900514,-0.28761673
1645031569842,-0.0434942,-0.12798673,-0.17715333
1645031569852,-0.1379527,0.006649795,-0.06744044
1645031569865,-0.24096343,0.20129156,0.12748058
1645031569872,-0.35146174,0.3527882,0.3112488
1645031569885,-0.45600837,0.43461034,0.52685225
1645031569892,-0.5696832,0.40609127,0.61628413
1645031569902,-0.7069901,0.32688716,0.6631294
1645031569915,-0.85045815,0.2681735,0.76420283
1645031569922,-0.99937165,0.24553625,0.9108823
1645031569932,-1.1377956,0.22982809,0.99130815
1645031569950,-1.237019,0.22159001,1.0149751
1645031569952,-1.2656252,0.21446897,1.0341392
1645031569964,-1.2206824,0.18725893,0.97570467
1645031569972,-1.1196789,0.13762109,0.800384
1645031569982,-0.97462255,0.07768566,0.6032987
1645031569992,-0.8101754,-0.01122262,0.40425867
1645031570005,-0.6511214,-0.14528318,0.17476219
1645031570013,-0.50515753,-0.32313466,-0.05192425
1645031570022,-0.3964744,-0.49726853,-0.27129766
1645031570032,-0.31381446,-0.5680775,-0.39483374
1645031570042,-0.26162842,-0.50454664,-0.44534427
1645031570052,-0.22469674,-0.3145475,-0.42879832
1645031570065,-0.18998167,-0.025429793,-0.37554762
1645031570072,-0.14755215,0.31178987,-0.36708266
1645031570082,-0.086936034,0.67491055,-0.3609739
1645031570092,0.011013177,1.1220176,-0.32123223
1645031570102,0.123797886,1.5893883,-0.22361463
1645031570112,0.2331268,1.9621956,-0.17151584
1645031570125,0.34634784,2.1988132,-0.12880705
1645031570132,0.4412078,2.2570906,-0.1616895
1645031570142,0.50880533,2.1232393,-0.28438783
1645031570152,0.53758615,1.790034,-0.4375949
1645031570162,0.52903396,1.2667947,-0.58628154
1645031570172,0.49972948,0.58347154,-0.85752684
1645031570185,0.4346627,-0.09136923,-1.0000523
1645031570192,0.34531808,-0.6718213,-1.138965
1645031570202,0.24139978,-1.036251,-1.1431539
1645031570212,0.14814556,-1.1492277,-0.9956017
1645031570222,0.0904791,-1.0810367,-0.87489307
1645031570232,0.07691771,-0.91110915,-0.79156995
1645031570245,0.09957239,-0.71166766,-0.68569684
1645031570252,0.13580592,-0.54434067,-0.6321494
1645031570262,0.15720394,-0.43583208,-0.6085522
1645031570273,0.16174187,-0.40218168,-0.58687496
1645031570282,0.14940222,-0.45176718,-0.5932629
1645031570293,0.12168601,-0.530884,-0.5655991
1645031570305,0.07794747,-0.5999127,-0.52049917
1645031570312,0.015446374,-0.61761063,-0.42806527
1645031570322,-0.06586962,-0.5689851,-0.30719957
1645031570332,-0.15217733,-0.47850597,-0.2736539
1645031570342,-0.21090846,-0.3218431,-0.16415045
1645031570352,-0.27276376,-0.12662536,-0.08063531
1645031570365,-0.34507373,0.1277773,0.09965966
1645031570372,-0.4284318,0.3866306,0.2813509
1645031570382,-0.5076359,0.5926346,0.37120166
1645031570392,-0.58024263,0.7593682,0.4782442
1645031570402,-0.6464788,0.8671786,0.5941182
1645031570412,-0.7026093,0.8816476,0.59329784
1645031570425,-0.7397504,0.8137359,0.5478314
1645031570432,-0.74353784,0.6802862,0.41129243
1645031570442,-0.70758355,0.5177415,0.2892748
1645031570452,-0.62279433,0.33355442,0.09552317
1645031570462,-0.51172006,0.14446287,-0.17739768
1645031570472,-0.38762546,-0.009023475,-0.35051924
1645031570485,-0.2556942,-0.1439218,-0.5597347
1645031570492,-0.14027402,-0.28670913,-0.7670303
1645031570502,-0.089466795,-0.46100008,-0.92578757
1645031570512,-0.17148094,-0.77214414,-0.9462606
1645031570522,-0.32714897,-1.1647962,-0.9821625
1645031570532,-0.49885678,-1.5158565,-0.91227853
1645031570545,-0.6508072,-1.7614452,-0.7582686
1645031570552,-0.77645516,-1.8876168,-0.7267999
1645031570562,-0.8413823,-1.8797451,-0.55416703
1645031570572,-0.84363383,-1.8029497,-0.48573175
1645031570582,-0.77676934,-1.685627,-0.4419932
1645031570592,-0.65831226,-1.5679554,-0.38108036
1645031570605,-0.522803,-1.5031154,-0.4526922
1645031570612,-0.389109,-1.5144951,-0.6012392
1645031570622,-0.28152543,-1.6083078,-0.7799808
1645031570632,-0.17462257,-1.7290165,-0.8779649
1645031570642,-0.11329086,-1.8006632,-0.95168865
1645031570652,-0.073217556,-1.7610961,-0.8544201
1645031570665,-0.06490968,-1.6285714,-0.7665067
1645031570672,-0.03328388,-1.4248189,-0.6145911
1645031570682,0.005428048,-1.190418,-0.45653197
1645031570692,0.039898768,-0.9454926,-0.28606334
1645031570702,0.04138232,-0.7007243,-0.18455362
1645031570712,0.07574832,-0.4276464,0.11758443
1645031570725,0.06675975,-0.19993019,0.36568636
1645031570732,0.033301335,-0.09623876,0.5577974
1645031570742,0.010891003,-0.1055415,0.81233966
1645031570752,-0.004415743,-0.19043547,1.0637927
1645031570762,-0.037612356,-0.3050179,1.2229339
1645031570773,-0.050615236,-0.3862641,1.3849201
1645031570785,-0.040980887,-0.4130727,1.483969
1645031570792,-0.0030194607,-0.3784798,1.4968846
1645031570802,0.043145128,-0.29995635,1.3920935
1645031570812,0.12358844,-0.19586352,1.3131686
1645031570822,0.20549786,-0.08798324,1.2481717
1645031570832,0.2818745,0.012374553,1.2363732
1645031570845,0.3350205,0.0776333,1.2504407
1645031570852,0.3391919,0.09061873,1.1605376
1645031570862,0.3192425,0.06288507,1.0439479
1645031570872,0.30986997,0.0034383454,0.97594905
1645031570882,0.2701981,-0.1352125,0.77792126
1645031570892,0.2512261,-0.3646915,0.52947026
1645031570905,0.27677807,-0.650144,0.2723798
1645031570912,0.30861333,-0.9283882,-0.072030716
1645031570922,0.38465834,-1.1131512,-0.3198534
1645031570932,0.46489224,-1.0794135,-0.503831
1645031570942,0.487512,-0.94311893,-0.4989615
1645031570952,0.50582075,-0.77144605,-0.3322803
1645031570965,0.48592374,-0.5866306,-0.21452133
1645031570972,0.39375165,-0.4061262,-0.12273322
1645031570982,0.31974867,-0.25939435,-0.04103325
1645031570992,0.27339208,-0.09758268,0.102871105
1645031571002,0.24077144,0.071227856,0.30740902
1645031571012,0.15736103,0.13742909,0.348355
1645031571025,0.0788725,0.09800157,0.28716293
1645031571032,0.0059516537,0.047683045,0.22389388
1645031571042,-0.031416353,0.043930534,0.20415394
1645031571052,-0.033214066,0.12910376,0.13550921
1645031571062,0.00979143,0.317567,0.06866219
1645031571072,0.111754954,0.55341655,0.044436686
1645031571086,0.20827298,0.7422812,-0.050946854
1645031571092,0.26780698,0.8035256,-0.26356575
1645031571102,0.31957415,0.7550921,-0.43747273
1645031571112,0.31746227,0.64979494,-0.6049044
1645031571122,0.26679465,0.5838555,-0.69557554
1645031571132,0.19289641,0.6115019,-0.5899642
1645031571146,0.0630247,0.7225412,-0.37214416
1645031571152,-0.09159613,0.83904356,-0.108421326
1645031571162,-0.25466445,0.89756525,0.10472118
1645031571173,-0.37554762,0.87389827,0.23242866
1645031571182,-0.44263896,0.77530324,0.28658697
1645031571192,-0.4496553,0.63504666,0.2734968
1645031571205,-0.4212235,0.45082468,0.110009596
1645031571212,-0.36799023,0.22015883,-0.2492015
1645031571222,-0.23621607,-0.024609478,-0.55153155
1645031571232,-0.08553975,-0.28690112,-0.9365564
1645031571242,0.059813246,-0.46670738,-1.3223841
1645031571252,0.16722228,-0.56298107,-1.5915874
1645031571265,0.16722228,-0.56298107,-1.5915874
1645031571273,0.20609128,-0.50112575,-1.7540972
1645031571283,0.18160398,-0.28417838,-1.7203246
1645031571292,0.1117724,0.04138232,-1.4788201
1645031571302,-0.014329348,0.45450738,-1.1608692
1645031571312,-0.15880966,0.946854,-0.6981412
1645031571325,-0.316799,1.4204556,-0.19239026
1645031571332,-0.44981238,1.7661227,0.31681648
1645031571342,-0.5652849,1.8945981,0.67449164
1645031571352,-0.6765686,1.7908543,0.714914
1645031571366,-0.7549001,1.5135876,0.6216773
1645031571373,-0.77919537,1.1787416,0.43269047
1645031571403,-0.77425605,0.8782616,0.11203421
1645031571403,-0.747046,0.701213,-0.10377869
1645031571404,-0.7014399,0.6286238,-0.19246008
1645031571413,-0.6463915,0.6534951,-0.2580679
1645031571422,-0.5557204,0.74896586,-0.22457457
1645031571434,-0.44487303,0.82832706,-0.37167293
1645031571446,-0.33587572,0.8526049,-0.5820578
1645031571452,-0.26077318,0.8423772,-0.6441749
1645031571463,-0.24270879,0.78492016,-0.6319749
1645031571472,-0.28274718,0.6951043,-0.5380225
1645031571483,-0.3349507,0.58731127,-0.38521686
1645031571492,-0.36484858,0.48779127,-0.17238851
1645031571505,-0.37853217,0.42370188,-0.027995462
1645031571514,-0.35935074,0.39010385,0.20750502
1645031571522,-0.3059604,0.36050266,0.29671
1645031571533,-0.214085,0.33835414,0.26963958
1645031571542,-0.08190942,0.33966315,0.27250198
1645031571552,0.07580068,0.35085085,0.22408587
1645031571568,0.2531111,0.34156558,-0.0020944236
1645031571572,0.45119122,0.28744218,-0.28798324
1645031571582,0.6694825,0.18010297,-0.6327428
1645031571592,0.8840562,0.031782877,-1.0811065
1645031571602,1.0738982,-0.1466271,-1.6983507
1645031571614,1.239253,-0.31533292,-2.2657824
1645031571625,1.3669779,-0.44759578,-2.7720745
1645031571632,1.432516,-0.5217035,-3.1806092
1645031571642,1.4318353,-0.50557643,-3.387416
1645031571652,1.3570468,-0.42300376,-3.5067284
1645031571663,1.2291125,-0.28328824,-3.336853
1645031571672,1.0618902,-0.13261192,-2.9146523
1645031571685,0.86716115,-0.05201152,-2.5494196
1645031571692,0.6645781,-0.01769788,-2.0529191
1645031571702,0.47234488,-0.025674142,-1.4807924
1645031571713,0.30822933,-0.045012653,-0.8242779
1645031571722,0.17266777,-0.07215289,-0.25724757
1645031571732,0.057142857,-0.082747184,0.19750415
1645031571751,-0.03630334,-0.10007854,0.44583297
1645031571751,-0.03630334,-0.10007854,0.44583297
1645031571752,-0.116659395,-0.097163804,0.78052187
1645031571763,-0.17685662,-0.08492888,1.1126102
1645031571773,-0.22172965,-0.06819094,1.374989
1645031571783,-0.29766995,0.025447248,1.5254909
1645031571793,-0.39678854,0.2193385,1.7645345
1645031571805,-0.5113186,0.45295402,2.0170696
1645031571813,-0.6298281,0.64345926,2.1514792
1645031571822,-0.72824854,0.77868927,2.2824156
1645031571832,-0.76929927,0.8254647,2.3779213
1645031571844,-0.73816216,0.7583733,2.3453007
1645031571853,-0.62974083,0.59190154,2.1589143
1645031571865,-0.4587311,0.36418536,1.845449
1645031571872,-0.24902697,0.1127498,1.4511213
1645031571882,-0.02625011,-0.11856183,1.0451872
1645031571893,0.2066498,-0.30313292,0.6810193
1645031571902,0.43412164,-0.4447683,0.27278122
1645031571913,0.6306135,-0.5211275,-0.08271228
1645031571930,0.7663496,-0.542735,-0.32641593
1645031571932,0.83996856,-0.50843877,-0.4356401
1645031571942,0.8746313,-0.41439918,-0.5372022
1645031571952,0.8265992,-0.23735055,-0.4735492
1645031571962,0.6972336,-0.06199494,-0.40335107
1645031571973,0.523763,0.093760364,-0.24215028
1645031571985,0.31676412,0.21871018,-0.057579197
1645031571992,0.099153504,0.3059604,0.18495506
1645031572002,-0.101527184,0.32416442,0.36552927
1645031572012,-0.2647177,0.29985166,0.5122436
1645031572022,-0.37134132,0.2741426,0.6756785
1645031572032,-0.42221835,0.24188848,0.70501786
1645031572045,-0.43195742,0.2252378,0.66363555
1645031572052,-0.4096867,0.23761235,0.6814033
1645031572062,-0.37233615,0.25894058,0.6667423
1645031572072,-0.3266079,0.2895366,0.6555895
1645031572082,-0.27559122,0.31713063,0.6749978
1645031572092,-0.22508073,0.3294179,0.67801726
1645031572105,-0.18137708,0.31651977,0.5955319
1645031572112,-0.14868662,0.30514008,0.5826861
1645031572122,-0.13163452,0.27866307,0.51592636
1645031572132,-0.11973122,0.25101668,0.5189633
1645031572142,-0.11580417,0.21499258,0.5680251
1645031572152,-0.10226023,0.13880792,0.5033598
1645031572165,-0.0741426,0.06112226,0.4724845
1645031572172,-0.030124793,-0.023946242,0.37240598
1645031572182,0.034470722,-0.0904791,0.29508683
1645031572192,0.10777555,-0.12538616,0.16914216
1645031572202,0.16591325,-0.04633912,0.0751549
1645031572212,0.19561917,0.15465572,0.041836113
1645031572225,0.19525264,0.41593507,0.09955493
1645031572232,0.18624662,0.64054453,0.16570382
1645031572242,0.18179597,0.78146434,0.12748058
1645031572252,0.17956191,0.8601798,0.10660616
1645031572262,0.18413474,0.89829826,0.04998691
1645031572273,0.19197138,0.9577799,0.053320535
1645031572300,0.19563662,1.0485731,0.03050877
1645031572301,0.19563662,1.0485731,0.03050877
1645031572301,0.19563662,1.0485731,0.03050877
1645031572302,0.1839253,1.170137,0.045448992
1645031572302,0.14488176,1.2583821,0.012252378
1645031572312,0.055205517,1.3054019,0.10957326
1645031572322,-0.07730168,1.2339995,0.12796928
1645031572332,-0.25117376,1.0496378,0.15116502
1645031572346,-0.43558773,0.7794572,0.17950955
1645031572352,-0.59024346,0.48328826,0.14599878
1645031572363,-0.7130814,0.2694476,0.14729033
1645031572372,-0.7661227,0.19912732,0.1381796
1645031572382,-0.7364866,0.28644735,0.14695872
1645031572392,-0.63377255,0.5087006,0.1480583
1645031572407,-0.4769875,0.78797454,0.08894319
1645031572412,-0.31931233,1.068767,0.08988568
1645031572423,-0.2138581,1.3064317,0.18973732
1645031572432,-0.19160485,1.4548041,0.34973383
1645031572443,-0.26349595,1.5029932,0.56114846
1645031572452,-0.44485557,1.455572,0.8952963
1645031572469,-0.6778951,1.3122611,1.228938
1645031572472,-0.88812286,1.0405271,1.3598045
1645031572482,-1.0848416,0.76481366,1.5103064
1645031572492,-1.2056375,0.50606513,1.5904006
1645031572503,-1.2260755,0.30318525,1.5182825
1645031572512,-1.1849725,0.1876429,1.4556243
1645031572527,-1.077738,0.14571953,1.3827385
1645031572532,-0.862344,0.16746663,1.2867615
1645031572543,-0.6142421,0.20712104,1.119801
1645031572559,-0.33310062,0.23059604,0.9009512
1645031572564,-0.33310062,0.23059604,0.9009512
1645031572573,0.044576317,0.18169124,0.46375775
1645031572587,0.44482067,0.08894319,-0.02743695
1645031572594,0.81038487,-3.490706E-5,-0.4807051
1645031572604,1.1524217,-0.0919801,-0.9786718
1645031572613,1.4339994,-0.15886202,-1.4238241
1645031572624,1.6337551,-0.12224452,-1.6787678
1645031572633,1.7748146,-0.039584607,-1.8556418
1645031572650,1.8478576,0.047386333,-1.8921372
1645031572654,1.8348024,0.112226196,-1.7511301
1645031572664,1.8358845,0.10459901,-1.74181
1645031572673,1.786683,0.061244436,-1.6488874
1645031572683,1.6926782,-0.01038485,-1.4879658
1645031572693,1.5267301,-0.059987783,-1.1461035
1645031572710,1.3416005,-0.1322803,-0.87389827
1645031572713,1.3416005,-0.1322803,-0.87389827
1645031572724,0.7996684,-0.16128807,0.105628766
1645031572734,0.5646042,-0.19820228,0.5056637
1645031572743,0.34503883,-0.24037002,0.8719435
1645031572753,0.15448119,-0.30391833,1.1534864
1645031572775,-0.03742037,-0.32864997,1.5195392
1645031572776,-0.03742037,-0.32864997,1.5195392
1645031572777,-0.20185007,-0.34057072,1.8300724
1645031572796,-0.32414696,-0.36579108,2.002688
1645031572796,-0.32414696,-0.36579108,2.002688
1645031572804,-0.4271577,-0.36708266,2.1239026
1645031572813,-0.62619776,-0.2964133,2.506903
1645031572826,-0.7196265,-0.2828868,2.6407015
1645031572833,-0.7770312,-0.35421938,2.6041017
1645031572843,-0.7949734,-0.5167641,2.4250457
1645031572852,-0.77448297,-0.72981936,2.160712
1645031572864,-0.7396806,-0.92353606,1.9046863
1645031572873,-0.6979841,-1.0440004,1.6972511
1645031572887,-0.64986473,-1.0668819,1.5800157
1645031572892,-0.5844838,-1.0099311,1.4179248
1645031572903,-0.52971464,-0.85478663,1.473427
1645031572913,-0.46695173,-0.7085086,1.4247841
1645031572924,-0.40560257,-0.5912558,1.3621608
1645031572933,-0.3546208,-0.50904965,1.2799547
1645031572950,-0.31337813,-0.44722927,1.2331617
1645031572953,-0.31337813,-0.44722927,1.2331617
1645031572964,-0.25195915,-0.31112662,1.2642639
1645031572973,-0.23764727,-0.24293569,1.2427961
1645031572984,-0.2610001,-0.15931582,1.2729383
1645031572993,-0.3357012,-0.08925735,1.3422812
1645031573010,-0.5129243,-0.067021556,1.4652064
1645031573013,-0.5129243,-0.067021556,1.4652064
1645031573024,-0.8864997,-0.16252728,1.5612881
1645031573033,-1.0217994,-0.2336155,1.5624225
1645031573044,-1.0961515,-0.27625448,1.4609827
1645031573053,-1.0971987,-0.23848504,1.4875993
1645031573070,-1.0279781,-0.11576927,1.5937167
1645031573073,-1.0279781,-0.11576927,1.5937167
1645031573084,-0.75854784,0.28780872,1.8217995
1645031573093,-0.61553365,0.5368706,2.0322542
1645031573104,-0.48770398,0.78462344,2.2416441
1645031573113,-0.38720655,1.0050266,2.4382582
1645031573130,-0.31803823,1.1809058,2.705908
1645031573134,-0.31803823,1.1809058,2.705908
1645031573144,-0.25078976,1.2663234,2.806964
1645031573153,-0.23878175,1.1784798,2.684929
1645031573164,-0.22319575,1.0153592,2.4737935
1645031573173,-0.20401432,0.79619515,2.2037873
1645031573190,-0.17676935,0.5446374,1.882241
1645031573193,-0.17676935,0.5446374,1.882241
1645031573204,-0.08855921,-0.04880007,1.2684877
1645031573213,-0.029025221,-0.3298717,0.914373
1645031573224,0.04850336,-0.60230386,0.53215814
1645031573233,0.15207261,-0.8551183,0.15746574
1645031573250,0.2819967,-1.0933764,-0.29391745
1645031573253,0.2819967,-1.0933764,-0.29391745
1645031573264,0.6252553,-1.512488,-0.9741688
1645031573273,0.77999824,-1.6876342,-1.3015097
1645031573284,0.8930797,-1.8089712,-1.5913604
1645031573293,0.96339995,-1.8606684,-1.6860634
1645031573322,0.95523167,-1.827402,-1.7330134
1645031573323,0.95523167,-1.827402,-1.7330134
1645031573324,0.95523167,-1.827402,-1.7330134
1645031573324,0.9168514,-1.7602234,-1.7168689
1645031573327,0.8257963,-1.6286412,-1.6266341
1645031573333,0.72847545,-1.4613317,-1.4293045
1645031573343,0.6252727,-1.265765,-1.1676761
1645031573353,0.5135352,-1.0698316,-0.99724233
1645031573394,0.42326555,-0.86698663,-0.8351863
1645031573395,0.42326555,-0.86698663,-0.8351863
1645031573395,0.42326555,-0.86698663,-0.8351863
1645031573396,0.42326555,-0.86698663,-0.8351863
1645031573397,0.37305176,-0.6549961,-0.684126
1645031573398,0.37305176,-0.6549961,-0.684126
1645031573398,0.381412,-0.4285016,-0.5105507
1645031573404,0.4070163,-0.22560433,-0.34627804
1645031573486,0.43820578,-0.041260146,-0.22172965
1645031573490,0.46559036,0.117619336,-0.14886115
1645031573500,0.46559036,0.117619336,-0.14886115
1645031573501,0.46559036,0.117619336,-0.14886115
1645031573504,0.46559036,0.117619336,-0.14886115
1645031573504,0.5357186,0.28636006,-0.0135963
1645031573505,0.5357186,0.28636006,-0.0135963
1645031573505,0.5357186,0.28636006,-0.0135963
1645031573506,0.5399773,0.30424994,0.06717864
1645031573506,0.5285801,0.30868313,0.15097304
1645031573508,0.5285801,0.30868313,0.15097304
1645031573509,0.47915176,0.3891788,0.28821015
1645031573510,0.39731216,0.5591937,0.48573175
1645031573513,0.30199844,0.8410856,0.8614364
1645031573523,0.18628153,1.1871717,1.28355
1645031573532,0.04612968,1.5683044,1.7283882
1645031573546,-0.108491145,1.9496989,2.16333
1645031573552,-0.2677197,2.3075488,2.6231434
1645031573563,-0.42138058,2.5881317,2.954324
1645031573572,-0.5516886,2.7985513,3.2354307
1645031573582,-0.62740207,2.9282486,3.4221659
1645031573597,-0.6392006,2.981412,3.5062745
1645031573605,-0.60546297,2.9671524,3.542997
1645031573613,-0.54304916,2.8888211,3.5254734
1645031573630,-0.47377607,2.7226286,3.4066498
1645031573632,-0.42019373,2.4477878,3.2064228
1645031573646,-0.37738022,2.0652063,2.8910725
1645031573652,-0.34245571,1.6131076,2.4885767
1645031573665,-0.3268697,1.1511476,2.1063793
1645031573672,-0.3082817,0.703482,1.7663671
1645031573682,-0.2645257,0.30014837,1.4657998
1645031573694,-0.19266951,-0.021520203,1.2289729
1645031573702,-0.106833056,-0.22258487,1.0929052
1645031573713,-0.009163103,-0.29583734,1.0193036
1645031573730,0.06604416,-0.22073479,1.1092416
1645031573732,0.11053321,-0.026686447,1.2909503
1645031573744,0.110795006,0.26766732,1.5357012
1645031573752,0.06405445,0.60609126,1.7989877
1645031573762,-0.010472118,0.905175,1.9662623
1645031573776,-0.11985339,1.1429968,2.128266
1645031573786,-0.23345841,1.2581726,2.1694913
1645031573798,-0.33269918,1.2414172,2.0626233
1645031573806,-0.38481542,1.0446286,1.7623527
1645031573813,-0.38481542,1.0446286,1.7623527
1645031573824,-0.39935422,0.7755476,1.4631469
1645031573832,-0.3896675,0.5234663,1.2742124
1645031573846,-0.34126887,0.31063792,1.1266952
1645031573852,-0.25541496,0.13053495,0.9861419
1645031573862,-0.15722139,-0.0069115977,0.9099747
1645031573873,-0.055118248,-0.107147224,0.92353606
1645031573882,0.07525962,-0.19242516,0.9280391
1645031573898,0.07525962,-0.19242516,0.9280391
1645031573916,0.32062134,-0.27662098,0.9918492
1645031573917,0.32062134,-0.27662098,0.9918492
1645031573917,0.32062134,-0.27662098,0.9918492
1645031573918,0.3734008,-0.27628937,1.0559909
1645031573929,0.40865695,-0.28344533,1.0480496
1645031573933,0.41263637,-0.28985077,0.98928356
1645031573946,0.41263637,-0.28985077,0.98928356
1645031573962,0.34762195,-0.32264596,0.9302732
1645031573967,0.29962474,-0.4177677,0.8227419
1645031573978,0.24581552,-0.5687931,0.6709137
1645031573985,0.18825378,-0.76809496,0.45866132
1645031573995,0.18825378,-0.76809496,0.45866132
1645031574011,0.059481632,-1.1294005,0.11461733
1645031574012,0.059481632,-1.1294005,0.11461733
1645031574029,-0.08642988,-1.2600751,-0.019024348
1645031574032,-0.14008203,-1.2427088,-0.028937953
1645031574042,-0.17001483,-1.1649534,-0.017575705
1645031574057,-0.17781657,-1.0345929,0.09794921
1645031574062,-0.16718736,-0.8934462,0.19537482
1645031574072,-0.15065888,-0.7455799,0.33257702
1645031574087,-0.1317218,-0.62649447,0.41879746
1645031574092,-0.1183873,-0.54952437,0.41925123
1645031574102,-0.11060302,-0.48993805,0.4518719
1645031574112,-0.10397068,-0.46052885,0.46209967
1645031574123,-0.0897286,-0.4477005,0.43406928
1645031574132,-0.06344358,-0.40872675,0.45454228
1645031574146,-0.014905315,-0.33351952,0.5026093
1645031574152,0.051348284,-0.21389301,0.58657825
1645031574163,0.12978445,-0.025935946,0.778794
1645031574172,0.20368269,0.21087354,0.9761759
1645031574184,0.25300637,0.48386422,1.204311
1645031574192,0.24050964,0.72926086,1.3470634
1645031574207,0.14090234,0.8877913,1.366175
1645031574213,-0.12117986,0.78968495,1.1037264
1645031574223,-0.4107339,0.62729734,0.8859586
1645031574234,-0.6911947,0.39490357,0.6906536
1645031574249,-0.94083256,0.0830788,0.3945894
1645031574252,-1.1200454,-0.17448294,0.17160311
1645031574284,-1.2251331,-0.30285364,0.1161707
1645031574285,-1.2251331,-0.30285364,0.1161707
1645031574285,-1.2622218,-0.31559473,0.0632865
1645031574286,-1.2540187,-0.22183436,0.13879047
1645031574293,-1.2188324,-0.07848852,0.2240335
1645031574304,-1.175059,0.05632254,0.3028711
1645031574313,-1.1276376,0.15542369,0.3633825
1645031574325,-1.079815,0.18115018,0.3392966
1645031574332,-1.0260581,0.13166943,0.3092242
1645031574342,-0.9536609,-0.0033859848,0.25661924
1645031574352,-0.84955055,-0.21537656,0.14357273
1645031574362,-0.7128371,-0.47224015,0.0014835501
1645031574374,-0.5404311,-0.73043025,-0.07730168
1645031574386,-0.34149578,-0.9556331,-0.09920587
1645031574392,-0.11278471,-1.1128545,-0.03851994
1645031574403,0.13425255,-1.2036653,0.04667074
1645031574412,0.39160484,-1.217855,0.15046689
1645031574423,0.6532856,-1.1690724,0.29892662
1645031574432,0.9095383,-1.0697094,0.47087878
1645031574446,1.1532769,-0.9372197,0.6596387
1645031574452,1.3624226,-0.778218,0.8595514
1645031574463,1.5241994,-0.59961605,1.0684353
1645031574472,1.6391133,-0.3908369,1.3282485
1645031574483,1.6874422,-0.18357623,1.5318964
1645031574492,1.6765163,-0.0028100184,1.6681037
1645031574506,1.6228467,0.1402042,1.759979
1645031574512,1.5556157,0.2647526,1.87135
1645031574522,1.4724497,0.35193297,1.9249324
1645031574532,1.3717253,0.39938912,1.9209704
1645031574543,1.2686796,0.42017627,1.9365739
1645031574552,1.1599442,0.39511302,1.9392093
1645031574566,1.0504582,0.32468802,1.954743
1645031574572,0.9335719,0.20066324,1.9394537
1645031574583,0.7984292,-0.0058120256,1.8008553
1645031574592,0.6656776,-0.2558513,1.6033511
1645031574603,0.57425606,-0.4559909,1.5336417
1645031574613,0.48569682,-0.62981063,1.4109783
1645031574627,0.41703466,-0.73804,1.3301336
1645031574632,0.3343922,-0.7538878,1.1992495
1645031574643,0.2771795,-0.6982983,1.1488262
1645031574653,0.24160922,-0.56065977,1.1723886
1645031574663,0.20356052,-0.34601623,1.2419233
1645031574672,0.14950694,-0.08979841,1.3183523
1645031574691,0.08545248,0.1905751,1.3992496
1645031574693,-0.021485295,0.4257265,1.3235536
1645031574703,-0.13233267,0.6203159,1.2123396
1645031574712,-0.22078715,0.77797365,1.1109346
1645031574723,-0.2567938,0.945929,1.1686884
1645031574732,-0.29124704,1.097286,1.1620735
1645031574758,-0.32159874,1.2506676,1.134462
1645031574759,-0.32159874,1.2506676,1.134462
1645031574760,-0.32159874,1.2506676,1.134462
1645031574770,-0.3439916,1.3947814,1.0958198
1645031574771,-0.38345405,1.5129243,0.940274
1645031574772,-0.3886203,1.6383978,0.91152805
1645031574783,-0.33776072,1.7838904,1.0786631
1645031574792,-0.2741775,1.8522558,1.0948076
1645031574806,-0.20891875,1.9172354,1.1482852
1645031574814,-0.20575966,2.003194,1.1300113
1645031574823,-0.31161532,2.065573,0.99448466
1645031574832,-0.52241904,2.0444367,0.75737846
1645031574843,-0.8108561,1.9329784,0.46545073
1645031574852,-1.1135178,1.7291911,0.14540535
1645031574869,-1.3659133,1.4625186,-0.14249063
1645031574873,-1.5107251,1.1910464,-0.32501963
1645031574883,-1.5666288,0.9949908,-0.4005585
1645031574892,-1.5319487,0.90048,-0.36132297
1645031574902,-1.4311546,0.89958984,-0.290322
1645031574912,-1.2944934,0.9724409,-0.14521337
1645031574926,-1.1482677,1.0930622,0.086534604
1645031574932,-0.99626493,1.2086395,0.18453617
1645031574943,-0.87100095,1.3177589,0.3003229
1645031574952,-0.77181256,1.4085523,0.43900865
1645031574963,-0.69330657,1.475696,0.55243915
1645031574973,-0.6262327,1.5225761,0.6396893
1645031574987,-0.5697705,1.5504146,0.71994066
1645031574992,-0.523379,1.5544637,0.80071557
1645031575003,-0.4683655,1.5442883,0.7861768
1645031575012,-0.41185096,1.4779649,0.7907671
1645031575022,-0.36317304,1.3941356,0.8179946
1645031575033,-0.313989,1.2867615,0.8583472
1645031575047,-0.23520377,1.1391046,0.8127062
1645031575052,-0.14502138,0.9234488,0.7895977
1645031575062,-0.075050175,0.70897985,0.8449603
1645031575087,0.007138494,0.50046253,0.86372286
1645031575092,0.007138494,0.50046253,0.86372286
1645031575095,0.007138494,0.50046253,0.86372286
1645031575107,0.13803996,0.07429968,0.9190505
1645031575112,0.18034732,-0.15853041,0.97102714
1645031575123,0.22064753,-0.3835762,0.9803299
1645031575133,0.24703726,-0.57263285,1.0293918
1645031575143,0.26187277,-0.72042936,1.1143031
1645031575152,0.29740816,-0.85155773,1.1358234
1645031575167,0.32477528,-0.9541845,1.1995636
1645031575172,0.34545773,-1.0258836,1.2092329
1645031575182,0.34147832,-1.0792565,1.2365826
1645031575192,0.30440703,-1.1213893,1.2848417
1645031575202,0.25169736,-1.1658958,1.3097827
1645031575214,0.19226809,-1.2361811,1.1713762
1645031575227,0.1154551,-1.311336,1.052029
1645031575233,0.017191727,-1.3694563,1.050144
1645031575243,-0.0761672,-1.4582424,0.99437994
1645031575253,-0.15023999,-1.5355965,1.0270355
1645031575263,-0.18127236,-1.5816389,1.1506764
1645031575273,-0.16509295,-1.581953,1.371097
1645031575289,-0.10522733,-1.5418099,1.5544811
1645031575294,0.0036826949,-1.4146609,1.9142159
1645031575303,0.16148005,-1.2502836,2.3025744
1645031575319,0.16148005,-1.2502836,2.3025744
1645031575329,0.59476393,-0.7070076,3.2599528
1645031575336,0.7947116,-0.40233877,3.687198
1645031575356,0.9501353,-0.14229862,3.8629375
1645031575357,1.0465137,0.07410769,3.86477
1645031575362,1.0859412,0.25358233,3.7333624
1645031575372,1.0409809,0.35533643,3.304721
1645031575386,0.9266254,0.39780086,2.7976089
1645031575394,0.7444803,0.3848329,2.276621
1645031575440,0.48122874,0.29655293,1.5544987
1645031575441,0.17106205,0.16849639,0.8235972
1645031575441,-0.15681997,0.012200017,0.21775024
1645031575441,-0.48054805,-0.19816738,-0.46363556
1645031575464,-0.48054805,-0.19816738,-0.46363556
1645031575467,-0.48054805,-0.19816738,-0.46363556
1645031575484,-0.79554933,-0.41141462,-1.2742648
1645031575484,-0.79554933,-0.41141462,-1.2742648
1645031575485,-0.79554933,-0.41141462,-1.2742648
1645031575486,-0.84866047,-0.36425516,-1.7548302
1645031575488,-0.84866047,-0.36425516,-1.7548302
1645031575493,-0.8143468,-0.2726416,-1.9336766
1645031575503,-0.72397244,-0.10997469,-1.9968933
1645031575512,-0.61609215,0.08260756,-1.9845536
1645031575529,-0.51967883,0.24653111,-2.047107
1645031575532,-0.42981064,0.37924775,-1.9609565
1645031575542,-0.35732612,0.46463042,-1.9537656
1645031575552,-0.3010734,0.51081246,-1.966978
1645031575562,-0.25332054,0.5127847,-1.9596997
1645031575573,-0.2103674,0.48190942,-1.9223492
1645031575585,-0.16451697,0.44719434,-1.7319487
1645031575593,-0.11959159,0.3899817,-1.6018676
1645031575603,-0.077738024,0.31446025,-1.5102714
1645031575614,-0.028466707,0.21961777,-1.4134916
1645031575623,0.027157692,0.107321754,-1.3013177
1645031575634,0.09843791,-0.007086133,-1.1374465
1645031575645,0.17963172,-0.11749716,-0.960939
1645031575654,0.26089537,-0.21720918,-0.7985339
1645031575662,0.33545685,-0.29548827,-0.52959245
1645031575674,0.39520028,-0.38334933,-0.3592111
1645031575684,0.44019547,-0.48560956,-0.2810542
1645031575692,0.47414258,-0.59949386,-0.22033337
1645031575710,0.519068,-0.69952005,-0.051208656
1645031575712,0.5805219,-0.7794921,0.19169211
1645031575723,0.6514006,-0.8476132,0.30868313
1645031575732,0.7530849,-0.87957066,0.5628414
1645031575742,0.8713151,-0.9008989,0.77121913
1645031575755,1.0107688,-0.86513656,1.0708963
1645031575765,1.1126626,-0.7746575,1.1962824
1645031575783,1.1899468,-0.60450304,1.3301859
1645031575783,1.1899468,-0.60450304,1.3301859
1645031575793,1.103255,-0.05007418,1.0252727
1645031575808,0.978218,0.22830963,0.73030806
1645031575812,0.76333016,0.4818745,0.31266254
1645031575826,0.46944758,0.6819967,-0.19945894
1645031575832,0.13762109,0.83187014,-0.65478665
1645031575842,-0.20176281,0.91536784,-1.0763068
1645031575853,-0.50459903,0.9224714,-1.4341915
1645031575862,-0.731076,0.8652413,-1.6740903
1645031575874,-0.85356486,0.7811676,-1.6761847
1645031575891,-0.9102889,0.6801292,-1.6542281
1645031575892,-0.8712453,0.5791605,-1.4467754
1645031575903,-0.7411991,0.48782617,-1.1065015
1645031575912,-0.5410245,0.39975566,-0.75933325
1645031575924,-0.24297059,0.3386683,-0.31257528
1645031575934,0.055414956,0.31576926,0.20343834
1645031575946,0.31814295,0.30803734,0.60614365
1645031575953,0.5157169,0.31156296,0.95851296
1645031575962,0.6192338,0.30123046,1.1788638
1645031575972,0.54683656,0.26777205,1.138616
1645031575992,0.4103674,0.22394624,0.9731216
1645031575993,0.4103674,0.22394624,0.9731216
1645031575994,0.17031154,0.1864037,0.7284056
1645031576006,-0.11192949,0.13159962,0.37045118
1645031576012,-0.36652413,0.105733484,0.1035867
1645031576022,-0.56640196,0.13920936,-0.091857925
1645031576032,-0.6902173,0.24071908,-0.27304304
1645031576042,-0.7271839,0.40256566,-0.37781656
1645031576052,-0.68295664,0.5768043,-0.48124617
1645031576066,-0.58266866,0.7597871,-0.5101143
1645031576072,-0.45262238,0.9365913,-0.46316433
1645031576083,-0.30988744,1.0996073,-0.3448992
1645031576092,-0.16538966,1.2361987,-0.21691246
1645031576103,-0.026459552,1.339733,-0.14640021
1645031576112,0.09044419,1.4106641,-0.037158564
1645031576126,0.2064229,1.4067894,0.03876429
1645031576132,0.32072607,1.3373593,0.18303517
1645031576143,0.43183523,1.1980453,0.37240598
1645031576152,0.5358932,0.9913256,0.570713
1645031576163,0.61954796,0.72549087,0.7466096
1645031576172,0.6663583,0.42433023,0.90622216
1645031576187,0.67283356,0.11358757,1.1011432
1645031576192,0.6324112,-0.18430927,1.3063095
1645031576203,0.5691596,-0.47986734,1.4188149
1645031576213,0.47784275,-0.7275155,1.5117025
1645031576223,0.3701719,-0.90969545,1.5944847
1645031576232,0.25489137,-1.046566,1.6147308
1645031576250,0.1507985,-1.1475871,1.606004
1645031576252,0.06412427,-1.2191116,1.6121128
1645031576263,-6.6323415E-4,-1.2340344,1.7283009
1645031576272,-0.05419321,-1.2189022,1.7945195
1645031576283,-0.107321754,-1.1793699,1.7802775
1645031576292,-0.17491928,-1.1231871,1.680583
1645031576310,-0.2828519,-1.0618553,1.4319923
1645031576317,-0.40986124,-1.0071211,1.2051662
1645031576326,-0.515106,-0.937848,1.0339297
1645031576338,-0.515106,-0.937848,1.0339297
1645031576343,-0.64850336,-0.88971114,0.7181604
1645031576353,-0.76317304,-0.82734966,0.5039707
1645031576374,-0.8439829,-0.76853126,0.28311372
1645031576375,-0.8439829,-0.76853126,0.28311372
1645031576377,-0.8669343,-0.6951741,0.11836984
1645031576383,-0.7667336,-0.57830524,0.26024958
1645031576393,-0.63164324,-0.4758705,0.42384154
1645031576404,-0.4580679,-0.3742735,0.6397068
1645031576413,-0.27176893,-0.26251855,0.9660005
1645031576431,-0.092800416,-0.21717428,1.2713326
1645031576434,-0.092800416,-0.21717428,1.2713326
1645031576445,0.2126189,-0.19153504,2.1140065
1645031576453,0.31768915,-0.18443145,2.4708438
1645031576464,0.3770835,-0.17458767,2.5505366
1645031576473,0.44565845,-0.11276726,2.6008203
1645031576491,0.5332228,0.015394013,2.673584
1645031576495,0.5332228,0.015394013,2.673584
1645031576504,0.6047124,0.37493673,2.1511126
1645031576513,0.6081159,0.5708352,1.9241295
1645031576524,0.5455799,0.6874422,1.4273846
1645031576533,0.43832794,0.73428744,0.89702415
1645031576554,0.2808622,0.72170347,0.4994502
1645031576556,0.2808622,0.72170347,0.4994502
1645031576557,0.06438607,0.6305611,0.16200367
1645031576563,-0.18928353,0.46600926,-0.1018588
1645031576573,-0.44440177,0.25831226,-0.24256916
1645031576584,-0.68721527,0.0070337728,-0.43660006
1645031576593,-0.893708,-0.24160922,-0.70075923
1645031576611,-1.0320971,-0.4149402,-0.8817349
1645031576614,-1.0320971,-0.4149402,-0.8817349
1645031576624,-1.0683655,-0.43049133,-1.3027664
1645031576633,-1.0246967,-0.35418448,-1.5354917
1645031576645,-0.92304736,-0.23122436,-1.7058731
1645031576653,-0.7743608,-0.08311371,-1.7924078
1645031576671,-0.5913081,0.09147395,-1.6850511
1645031576676,-0.42179945,0.25869623,-1.6488525
1645031576684,-0.26960468,0.4244524,-1.5480059
1645031576693,-0.14655729,0.55835587,-1.4245746
1645031576704,-0.06620124,0.6416616,-1.3544463
1645031576713,-0.03368531,0.6617506,-1.3904005
1645031576731,-0.03385985,0.6259883,-1.4793262
1645031576734,-0.03385985,0.6259883,-1.4793262
1645031576756,-0.06480496,0.4525875,-1.4608605
1645031576759,-0.06480496,0.4525875,-1.4608605
1645031576763,-0.070425,0.30145738,-1.3244611
1645031576783,-0.06881927,0.1491055,-1.1475521
1645031576799,-0.03970678,-0.028361985,-0.9824592
1645031576800,-0.03970678,-0.028361985,-0.9824592
1645031576800,0.007225761,-0.19040056,-0.7563662
1645031576803,0.08810542,-0.33016843,-0.4433022
1645031576818,0.17706606,-0.43953225,-0.12913866
1645031576826,0.2603194,-0.48667422,0.110096864
1645031576832,0.35631382,-0.454839,0.4321494
1645031576846,0.45302382,-0.3557902,0.78942317
1645031576852,0.5290165,-0.23766471,0.9599267
1645031576863,0.60333365,-0.10644908,1.1333101
1645031576873,0.6699014,-0.0065101665,1.1761061
1645031576883,0.7435902,0.08759927,1.2913343
1645031576893,0.797574,0.16886291,1.3054543
1645031576907,0.81546384,0.25330308,1.2472641
1645031576912,0.77963173,0.30514008,1.0271403
1645031576924,0.72700936,0.36137533,0.96249235
1645031576933,0.61761063,0.36587834,0.7901562
1645031576944,0.43904355,0.28780872,0.37745005
1645031576953,0.23014225,0.20914565,0.07594031
1645031576970,-0.002635483,0.1364168,-0.32889432
1645031576973,-0.002635483,0.1364168,-0.32889432
1645031576984,-0.46635833,0.20748757,-0.9975216
1645031576993,-0.6427437,0.34692383,-1.2134916
1645031577004,-0.77420366,0.51550746,-1.3692993
1645031577013,-0.85564184,0.68260753,-1.436827
1645031577030,-0.9045292,0.8325683,-1.4819269
1645031577034,-0.90367395,0.9452483,-1.4093376
1645031577044,-0.85016143,1.0345579,-1.2125665
1645031577053,-0.7467318,1.1072868,-0.9544812
1645031577064,-0.61155427,1.1790383,-0.61296797
1645031577073,-0.4509643,1.2224452,-0.35338163
1645031577090,-0.29290515,1.2488699,0.006492713
1645031577097,-0.29290515,1.2488699,0.006492713
1645031577103,-0.18472816,1.2033336,0.39209354
1645031577113,-0.1318265,1.1019635,0.6061611
1645031577124,-0.15065888,0.9758094,0.7587224
1645031577133,-0.2111179,0.8085522,0.7226285
1645031577150,-0.3070425,0.6325334,0.71062046
1645031577153,-0.3070425,0.6325334,0.71062046
1645031577164,-0.4804957,0.3102714,0.56038046
1645031577173,-0.5228554,0.20570731,0.44612968
1645031577183,-0.52641594,0.1678506,0.33132035
1645031577193,-0.49007767,0.18827122,0.18977223
1645031577210,-0.43766472,0.26588708,0.15837333
1645031577213,-0.43766472,0.26588708,0.15837333
1645031577224,-0.24707218,0.48332316,0.024976002
1645031577233,-0.15399249,0.57184744,-0.025743958
1645031577244,-0.06578235,0.619705,-0.08499869
1645031577253,0.0030020073,0.6065276,-0.083829306
1645031577270,0.05724758,0.53805745,-0.0548739
1645031577274,0.10882276,0.41631904,-0.046635833
1645031577283,0.16277163,0.25883585,-0.005916747
1645031577293,0.20771445,0.07758094,0.18032987
1645031577305,0.2663932,-0.119033076,0.3678506
1645031577313,0.33936644,-0.306292,0.53477615
1645031577344,0.41574308,-0.44963783,0.82857144
1645031577347,0.41574308,-0.44963783,0.82857144
1645031577351,0.41574308,-0.44963783,0.82857144
1645031577353,0.5052797,-0.5503098,1.0906711
1645031577354,0.5052797,-0.5503098,1.0906711
1645031577354,0.70440704,-0.5830177,1.5429618
1645031577364,0.7947116,-0.5671699,1.6922593
1645031577372,0.85026616,-0.52891177,1.8610176
1645031577386,0.86124444,-0.5013003,1.8777903
1645031577403,0.86124444,-0.5013003,1.8777903
1645031577404,0.78120255,-0.484702,1.7354045
1645031577412,0.65777117,-0.44644386,1.4663758
1645031577422,0.5311633,-0.38149926,1.1744306
1645031577432,0.41315997,-0.29669255,0.8802339
1645031577447,0.30878785,-0.20633563,0.5437124
1645031577458,0.21541147,-0.11035867,0.27690026
1645031577462,0.1386683,-0.025953399,0.052779473
1645031577480,0.1386683,-0.025953399,0.052779473
1645031577498,0.04756087,0.07747622,-0.20933764
1645031577498,0.04756087,0.07747622,-0.20933764
1645031577527,0.0709486,0.0845798,-1.2217471E-4
1645031577529,0.0709486,0.0845798,-1.2217471E-4
1645031577529,0.0709486,0.0845798,-1.2217471E-4
1645031577530,0.103429615,0.08665678,0.21820404
1645031577531,0.103429615,0.08665678,0.21820404
1645031577532,0.16423772,0.04626931,0.90018326
1645031577543,0.16423772,0.04626931,0.90018326
1645031577558,0.16404572,-0.058469325,1.2885418
1645031577575,0.14479448,-0.09479012,1.4939
1645031577578,0.14479448,-0.09479012,1.4939
1645031577591,0.12522908,-0.09115979,1.7409896
1645031577598,0.15188062,-0.06056375,1.990226
1645031577610,0.15188062,-0.06056375,1.990226
1645031577613,0.3801379,0.14292696,2.6096518
1645031577641,0.48545247,0.2707566,2.7544463
1645031577642,0.56556416,0.3799808,2.7720394
1645031577643,0.5765948,0.5046339,2.412776
1645031577660,0.55088574,0.61298543,1.9349332
1645031577663,0.55088574,0.61298543,1.9349332
1645031577674,0.4276464,0.63810104,1.373907
1645031577709,-0.03836286,0.43412164,0.5099921
1645031577710,-0.03836286,0.43412164,0.5099921
1645031577711,-0.03836286,0.43412164,0.5099921
1645031577712,-0.31152806,0.2642639,0.3328388
1645031577712,-0.31152806,0.2642639,0.3328388
1645031577712,-0.7513221,-0.10203334,0.38355878
1645031577724,-0.89037436,-0.21905926,0.6537743
1645031577732,-0.95430666,-0.28899556,0.8715595
1645031577775,-0.93320537,-0.32493237,0.784606
1645031577775,-0.93320537,-0.32493237,0.784606
1645031577776,-0.82551706,-0.2516101,0.6140501
1645031577777,-0.6820665,-0.1178986,0.4322192
1645031577791,-0.37491927,0.119137794,-0.22434768
1645031577795,-0.24773541,0.20925038,-0.5839253
1645031577826,-0.13364168,0.28761673,-0.9674492
1645031577826,-0.13364168,0.28761673,-0.9674492
1645031577826,-0.13364168,0.28761673,-0.9674492
1645031577826,0.064333715,0.43003753,-1.5853914
1645031577827,0.064333715,0.43003753,-1.5853914
1645031577833,0.16455188,0.5328563,-1.767135
1645031577842,0.25916746,0.6337202,-1.972214
1645031577852,0.32880706,0.7333973,-2.0786805
1645031577873,0.36551183,0.7991797,-2.0797276
1645031577873,0.36551183,0.7991797,-2.0797276
1645031577874,0.36551183,0.7991797,-2.0797276
1645031577874,0.3601536,0.77943975,-2.044105
1645031577885,0.3100445,0.670425,-1.9239899
1645031577892,0.20637053,0.4768479,-1.6351165
1645031577902,0.07925648,0.18682258,-1.2905315
1645031577914,-0.06777205,-0.1500829,-0.7747622
1645031577925,-0.19012131,-0.53331006,-0.3276202
1645031577933,-0.29623875,-0.8855921,0.20767955
1645031577942,-0.3727027,-1.1550746,0.81448644
1645031577953,-0.3925997,-1.318876,1.3134829
1645031577963,-0.37537307,-1.3755301,1.6585915
1645031577972,-0.32903394,-1.3285801,1.9223667
1645031577985,-0.2535998,-1.2277685,2.027908
1645031577993,-0.15442884,-1.100288,2.0745964
1645031578003,-0.033947118,-0.9824592,2.0284493
1645031578012,0.10267912,-0.86117464,2.117218
1645031578022,0.26923814,-0.7374291,2.3373768
1645031578033,0.44122523,-0.64846843,2.5099049
1645031578046,0.6062309,-0.557745,2.7653198
1645031578052,0.7269221,-0.5157169,2.7710621
1645031578062,0.821782,-0.48827997,2.7164674
1645031578072,0.88227594,-0.45045817,2.6003141
1645031578082,0.892399,-0.415394,2.1792653
1645031578092,0.8333886,-0.37041625,1.4999564
1645031578106,0.75505716,-0.30119556,0.88831484
1645031578112,0.6110481,-0.21026267,0.04550135
1645031578123,0.42954883,-0.105244786,-0.8124444
1645031578132,0.20174535,-0.005236059,-1.6508596
1645031578143,-0.076952614,0.09897897,-2.402007
1645031578152,-0.366943,0.2115717,-3.001501
1645031578169,-0.6440876,0.30847368,-3.494284
1645031578172,-0.85307616,0.40530586,-3.7319663
1645031578184,-0.99382144,0.5050004,-3.8089538
1645031578192,-1.0673707,0.59266955,-3.755284
1645031578203,-1.0757657,0.6684353,-3.525613
1645031578212,-1.0187974,0.70714724,-3.2179422
1645031578227,-0.91152805,0.72549087,-2.76806
1645031578232,-0.7664892,0.72365826,-2.2052884
1645031578243,-0.60980886,0.70213807,-1.6695873
1645031578252,-0.45625272,0.6623789,-1.1947988
1645031578263,-0.31960905,0.60254824,-0.85972595
1645031578272,-0.22502837,0.54051834,-0.5694389
1645031578290,-0.18898682,0.47916922,-0.30391833
1645031578292,-0.20179771,0.40834278,-0.17844489
1645031578303,-0.25398377,0.32789946,-0.22811763
1645031578317,-0.3300637,0.27044246,-0.31585655
1645031578322,-0.40888384,0.24415743,-0.43216684
1645031578333,-0.498787,0.2674579,-0.6423772
1645031578351,-0.5828432,0.3090322,-0.8437734
1645031578353,-0.66428137,0.38322717,-0.9005323
1645031578363,-0.7272537,0.45857406,-1.0258138
1645031578373,-0.763941,0.5347936,-1.1715333
1645031578384,-0.77640283,0.60774934,-1.2858539
1645031578392,-0.75723886,0.66070336,-1.4066149
1645031578425,-0.7156471,0.70217294,-1.4372808
1645031578426,-0.7156471,0.70217294,-1.4372808
1645031578426,-0.7156471,0.70217294,-1.4372808
1645031578430,-0.56238765,0.7165721,-1.172982
1645031578431,-0.56238765,0.7165721,-1.172982
1645031578432,-0.45195916,0.7028711,-1.1804172
1645031578444,-0.3336242,0.68173486,-1.1203421
1645031578453,-0.21413736,0.66124445,-0.97804344
1645031578469,-0.06641068,0.64373857,-0.8759403
1645031578474,0.08084475,0.62284666,-0.6276813
1645031578484,0.22656427,0.60591674,-0.41452134
1645031578493,0.37839252,0.5891788,-0.30714723
1645031578504,0.49211973,0.59151757,-0.08862902
1645031578513,0.6079413,0.60324633,0.0477005
1645031578529,0.71337813,0.63145125,0.1433982
1645031578534,0.7998429,0.69180554,0.17980626
1645031578544,0.8896588,0.78296536,0.15599965
1645031578553,0.9418972,0.8889781,0.15006545
1645031578564,0.9652151,0.9875731,0.092870235
1645031578573,0.97685665,1.0611746,-0.01893708
1645031578589,0.95821625,1.0911947,-0.12767257
1645031578594,0.89440614,1.07135,-0.15064141
1645031578604,0.8362684,0.99795794,-0.19493848
1645031578613,0.7536085,0.8685226,-0.18628153
1645031578624,0.6670739,0.6870757,-0.1831748
1645031578633,0.56940395,0.49437124,-0.15371324
1645031578650,0.4763592,0.3065887,-0.11266254
1645031578654,0.4763592,0.3065887,-0.11266254
1645031578664,0.34823284,-0.026040666,0.25839952
1645031578673,0.3106205,-0.1606423,0.48234576
1645031578684,0.28531286,-0.29068854,0.78382057
1645031578693,0.25365216,-0.45185444,1.161323
1645031578710,0.22509818,-0.6574396,1.5818658
1645031578713,0.22509818,-0.6574396,1.5818658
1645031578724,0.17242342,-1.0981586,2.5856183
1645031578733,0.17233616,-1.2445588,2.9991622
1645031578744,0.17919539,-1.2992233,3.4189022
1645031578755,0.19771358,-1.2915437,3.7386508
1645031578770,0.23309189,-1.226285,3.9259446
1645031578773,0.23309189,-1.226285,3.9259446
1645031578784,0.24352911,-0.9416354,3.9005847
1645031578793,0.20502661,-0.78560084,3.7302907
1645031578804,0.115315475,-0.6331617,3.4730082
1645031578813,-0.029199755,-0.4894668,3.183262
1645031578854,-0.1942927,-0.37488437,2.7917445
1645031578856,-0.1942927,-0.37488437,2.7917445
1645031578857,-0.1942927,-0.37488437,2.7917445
1645031578858,-0.36924687,-0.28560957,2.3619862
1645031578859,-0.5193647,-0.19123833,1.9987957
1645031578860,-0.6141199,-0.114687145,1.6226896
1645031578862,-0.67227507,-0.03925299,1.3557727
1645031578872,-0.67154205,0.010699014,1.076237
1645031578889,-0.6237717,0.065450735,0.88025135
1645031578893,-0.5538354,0.1043372,0.62036824
1645031578903,-0.48733747,0.13444453,0.36973557
1645031578913,-0.4650493,0.15050179,0.11320359
1645031578923,-0.5184571,0.17387207,-0.02897286
1645031578932,-0.6456759,0.15158391,-0.2958024
1645031578954,-0.8318352,0.11318614,-0.49285278
1645031578958,-0.8318352,0.11318614,-0.49285278
1645031578963,-1.2258487,-0.1003578,-0.6571603
1645031578973,-1.3535038,-0.17465748,-0.6784536
1645031578983,-1.386334,-0.19172703,-0.74769175
1645031578993,-1.3337115,-0.14622568,-0.96650666
1645031579006,-1.2368269,-0.038101055,-1.1849725
1645031579012,-1.110446,0.10739157,-1.3889519
1645031579024,-0.9671001,0.25335544,-1.7728772
1645031579032,-0.8429706,0.38108036,-1.9719347
1645031579042,-0.7338686,0.44576314,-2.031364
1645031579052,-0.6473689,0.43321407,-1.9615325
1645031579065,-0.5791954,0.3421939,-1.8286064
1645031579075,-0.53643423,0.18828869,-1.4899555
1645031579084,-0.5039532,-0.008150798,-0.9699625
1645031579092,-0.46466532,-0.22745441,-0.28264245
1645031579102,-0.393612,-0.4445414,0.44070163
1645031579112,-0.29060128,-0.61242694,1.3220351
1645031579133,-0.14688891,-0.7047386,2.1063619
1645031579134,-0.14688891,-0.7047386,2.1063619
1645031579134,0.03234139,-0.6971813,2.8656254
1645031579143,0.24441923,-0.6011694,3.3628764
1645031579152,0.4698316,-0.41823894,3.6636007
1645031579163,0.6921896,-0.19001658,3.5592983
1645031579172,0.8796754,0.06190767,3.2845972
1645031579187,1.0126712,0.31864908,3.0060737
1645031579192,1.0696046,0.52550834,2.5697355
1645031579203,1.0618902,0.6817,2.1899467
1645031579212,0.98057425,0.78291297,2.0572302
1645031579223,0.8577363,0.7797539,1.950275
1645031579233,0.6932193,0.73343223,2.14743
1645031579260,0.6932193,0.73343223,2.14743
1645031579261,0.6932193,0.73343223,2.14743
1645031579262,0.6932193,0.73343223,2.14743
1645031579262,0.36320797,0.55404484,3.229863
1645031579263,0.24745615,0.49044418,3.8608954
1645031579273,0.16673358,0.45928964,4.5802603
1645031579284,0.13502051,0.40425867,5.109259
1645031579293,0.108665675,0.34196702,5.487704
1645031579310,0.07253687,0.30348197,5.9776244
1645031579315,0.07253687,0.30348197,5.9776244
1645031579335,-0.005916747,0.28267738,6.635658
1645031579335,-0.16474387,0.23501179,7.8795705
1645031579343,-0.20020944,0.19396108,8.021172
1645031579353,-0.2185531,0.16177677,7.8797803
1645031579370,-0.23382494,0.15873985,7.5658784
1645031579373,-0.2501789,0.18149926,6.997225
1645031579383,-0.25173226,0.24642639,6.532385
1645031579392,-0.23735055,0.2909329,5.8700933
1645031579411,-0.19277424,0.33336243,5.1627192
1645031579416,-0.19277424,0.33336243,5.1627192
1645031579429,0.0018849813,0.51550746,3.9141636
1645031579432,0.097093984,0.6092853,3.3668208
1645031579443,0.17881142,0.7057684,2.7000086
1645031579452,0.22879833,0.8424819,2.209896
1645031579462,0.2239288,0.9892661,1.8886291
1645031579472,0.15591238,1.1186491,1.8405795
1645031579486,0.034784887,1.1964395,2.0620997
1645031579492,-0.12775984,1.1994764,2.5296273
1645031579502,-0.29972947,1.1436425,3.2110655
1645031579514,-0.44003838,1.0337377,3.9238503
1645031579523,-0.5194345,0.88538265,4.391535
1645031579532,-0.5235361,0.7658085,4.6291823
1645031579547,-0.45202896,0.70470375,4.634488
1645031579552,-0.31739244,0.69403964,4.247002
1645031579563,-0.14626057,0.74732524,3.70418
1645031579572,0.04904442,0.8154464,2.8993979
1645031579582,0.23766471,0.90585566,2.21693
1645031579592,0.42570904,0.98041713,1.5289118
1645031579607,0.60827297,1.0186753,0.9053146
1645031579612,0.770137,1.0361986,0.47559124
1645031579623,0.92926085,1.0156034,0.104459375
1645031579633,1.0669168,0.9739768,-0.17668208
1645031579644,1.208849,0.88142073,-0.58176106
1645031579653,1.3298542,0.79342,-0.8821189
1645031579670,1.4388516,0.6864997,-1.2336329
1645031579674,1.5161009,0.5956541,-1.5347936
1645031579684,1.5670477,0.5562091,-1.6480147
1645031579693,1.5957065,0.5233441,-1.710795
1645031579703,1.6114495,0.4751898,-1.760363
1645031579713,1.5880269,0.46606162,-1.6136487
1645031579730,1.5679554,0.41769788,-1.4957501
1645031579733,1.5679554,0.41769788,-1.4957501
1645031579744,1.3938738,0.3221398,-0.7859325
1645031579753,1.2508073,0.32049918,-0.26541582
1645031579765,1.2508073,0.32049918,-0.26541582
1645031579773,0.68459725,0.23036914,1.2438433
1645031579802,0.68459725,0.23036914,1.2438433
1645031579804,0.68459725,0.23036914,1.2438433
1645031579804,0.68459725,0.23036914,1.2438433
1645031579805,-0.119434506,-0.07309538,3.7370975
1645031579805,-0.119434506,-0.07309538,3.7370975
1645031579813,-0.206388,-0.2724496,4.10521
1645031579823,-0.20860459,-0.43918318,4.2415395
1645031579838,-0.15371324,-0.5647439,4.0804086
1645031579857,-0.08819269,-0.5811153,3.8115368
1645031579857,-0.08819269,-0.5811153,3.8115368
1645031579859,-0.044174884,-0.5064665,3.458033
1645031579862,-0.04281351,-0.39101145,3.0605638
1645031579872,-0.09808884,-0.25522298,2.7231696
1645031579884,-0.19472903,-0.08496378,2.6151147
1645031579892,-0.31521076,4.3633825E-4,2.4929576
1645031579906,-0.4304215,0.029671,2.446374
1645031579912,-0.50594294,-0.0040317653,2.3876255
1645031579923,-0.5245833,-0.06105245,2.3294005
1645031579932,-0.49211973,-0.12060389,2.1878524
1645031579943,-0.42406842,-0.16076447,1.9438345
1645031579953,-0.34741253,-0.14819792,1.6637229
1645031579970,-0.28543502,-0.08473689,1.3535038
1645031579973,-0.28543502,-0.08473689,1.3535038
1645031579983,-0.29929313,0.18404748,0.87885505
1645031579993,-0.35296273,0.3288245,0.805428
1645031580004,-0.4442447,0.47422987,0.8777729
1645031580032,-0.5725456,0.5964395,1.0392181
1645031580032,-0.5725456,0.5964395,1.0392181
1645031580033,-0.5725456,0.5964395,1.0392181
1645031580060,-0.5725456,0.5964395,1.0392181
1645031580071,-0.5725456,0.5964395,1.0392181
1645031580072,-0.5725456,0.5964395,1.0392181
1645031580073,-0.99746925,0.548163,1.5546209
1645031580074,-0.99746925,0.548163,1.5546209
1645031580075,-0.99746925,0.548163,1.5546209
1645031580075,-1.0534776,0.45948163,1.4846147
1645031580076,-1.0226197,0.36584345,1.3453879
1645031580086,-0.95942056,0.28215376,1.1940658
1645031580093,-0.8639672,0.23614626,1.105332
1645031580103,-0.7448992,0.21879745,1.022515
1645031580112,-0.6143119,0.20233877,0.81912905
1645031580123,-0.47203073,0.20493935,0.6249062
1645031580132,-0.32290775,0.2346278,0.5136399
1645031580145,-0.17973645,0.27100095,0.40804607
1645031580152,-0.041644122,0.3113186,0.29936296
1645031580162,0.072746314,0.34318876,0.0979143
1645031580172,0.17284231,0.37928265,-0.07307793
1645031580182,0.25346017,0.40673706,-0.16088665
1645031580192,0.3085086,0.4053757,-0.21588272
1645031580207,0.3399424,0.3631556,-0.26499695
1645031580212,0.34172267,0.24576315,-0.29433632
1645031580223,0.32343137,0.10424993,-0.24742123
1645031580232,0.29618642,-0.027681299,-0.17261541
1645031580243,0.24639149,-0.110009596,0.08054804
1645031580252,0.18130727,-0.18352386,0.282817
1645031580266,0.10897984,-0.23982896,0.4260581
1645031580272,0.034348547,-0.27512,0.57556504
1645031580283,-0.030194607,-0.27276376,0.79773104
1645031580292,-0.08058295,-0.27906448,0.93193126
1645031580303,-0.120708615,-0.26927307,1.1150187
1645031580313,-0.15924601,-0.27875033,1.1967013
1645031580344,-0.18746836,-0.307601,1.2117636
1645031580346,-0.18746836,-0.307601,1.2117636
1645031580350,-0.18746836,-0.307601,1.2117636
1645031580351,-0.18481542,-0.31898072,1.218239
1645031580352,-0.18481542,-0.31898072,1.218239
1645031580355,-0.04049219,-0.25380924,0.8662885
1645031580362,0.051191203,-0.19996509,0.65353
1645031580372,0.14753468,-0.10897984,0.42398116
1645031580391,0.22694825,0.029199755,0.18846321
1645031580393,0.27478838,0.19047037,-0.0048346277
1645031580402,0.2823632,0.385915,-0.01720918
1645031580412,0.22466184,0.52805656,-0.046408936
1645031580423,0.11990575,0.65466446,0.07246706
1645031580432,-0.03550048,0.7597347,0.23803124
1645031580447,-0.22235797,0.8757658,0.49882188
1645031580452,-0.4128458,0.9833668,0.7194694
1645031580464,-0.59420544,1.124339,1.0068418
1645031580473,-0.7435553,1.251872,1.2303866
1645031580484,-0.82368445,1.3185095,1.2941967
1645031580493,-0.79619515,1.3061873,1.1753731
1645031580510,-0.6548215,1.233214,0.8161445
1645031580513,-0.6548215,1.233214,0.8161445
1645031580524,-0.08300899,1.0688542,-0.57800853
1645031580533,0.20333363,0.9968409,-1.3318789
1645031580544,0.42129332,0.9279693,-1.9602584
1645031580553,0.5200105,0.8446112,-2.4602146
1645031580570,0.46269307,0.76275414,-2.6130552
1645031580574,0.19106379,0.6517672,-2.2507899
1645031580584,-0.11734008,0.5328388,-1.7552491
1645031580593,-0.40825552,0.38329697,-1.2587137
1645031580604,-0.6420805,0.20179771,-0.8560433
1645031580613,-0.80966926,0.03239375,-0.47539926
1645031580630,-0.9166594,-0.07461384,-0.17313902
1645031580633,-0.9166594,-0.07461384,-0.17313902
1645031580644,-1.0555197,0.08576664,0.5166419
1645031580658,-1.1133257,0.24295314,0.90171915
1645031580663,-1.1444454,0.37840998,1.1832272
1645031580674,-1.1444454,0.37840998,1.1832272
1645031580686,-1.1612532,0.40181518,1.6782093
1645031580692,-1.1169561,0.2614888,1.7777816
1645031580703,-0.99350727,0.020804608,1.5000436
1645031580712,-0.8231259,-0.25038835,1.1418449
1645031580723,-0.6076446,-0.47904703,0.79266953
1645031580732,-0.33927917,-0.6364255,0.23998603
1645031580747,-0.061925124,-0.68732,-0.24267387
1645031580752,0.2212933,-0.66070336,-0.6975303
1645031580766,0.50398815,-0.57938737,-1.1594554
1645031580780,0.74833757,-0.4570556,-1.4871979
1645031580785,0.9611135,-0.33632952,-1.7219653
1645031580793,1.1409897,-0.25042325,-1.9118946
1645031580811,1.2622044,-0.19443232,-1.9120167
1645031580813,1.3229601,-0.16722228,-1.7948338
1645031580823,1.329191,-0.19294877,-1.7006022
1645031580840,1.2597259,-0.23569247,-1.413893
1645031580842,1.1223143,-0.28723276,-0.9636792
1645031580854,0.93664366,-0.34432325,-0.43216684
1645031580867,0.70246965,-0.35783228,0.300096
1645031580873,0.4450301,-0.3582337,0.9673968
1645031580883,0.17427349,-0.35149664,1.6126014
1645031580892,-0.08508596,-0.3521599,2.2661664
1645031580903,-0.31051576,-0.40673706,2.7757397
1645031580912,-0.4912296,-0.5089624,3.1144254
1645031580927,-0.6290427,-0.65339035,3.2197225
1645031580932,-0.7240597,-0.7873287,3.2442796
1645031580944,-0.7809931,-0.9587399,3.085592
1645031580953,-0.79492104,-1.1456672,2.8001046
1645031580964,-0.7650755,-1.3027838,2.4179945
1645031580973,-0.69185793,-1.3880268,2.0642464
1645031580989,-0.591186,-1.4007505,1.7321756
1645031580994,-0.49042675,-1.3514618,1.3118945
1645031581003,-0.38849813,-1.2555196,1.0465311
1645031581013,-0.31739244,-1.1629461,0.7163976
1645031581024,-0.23960206,-1.0586264,0.5512523
1645031581038,-0.23960206,-1.0586264,0.5512523
1645031581056,-0.13399075,-0.9474125,0.29702416
1645031581058,-0.0049742563,-0.8319574,0.028047822
1645031581063,0.1340082,-0.6917183,-0.173523
1645031581073,0.26682958,-0.51800334,-0.2792565
1645031581090,0.26682958,-0.51800334,-0.2792565
1645031581092,0.3591413,-0.33793524,-0.4027402
1645031581110,0.4184833,-0.20357798,-0.52685225
1645031581113,0.4479972,-0.119521774,-0.54788375
1645031581122,0.43131164,-0.08461472,-0.53404313
1645031581132,0.3722489,-0.079640456,-0.4120953
1645031581142,0.26534602,-0.12282049,-0.27890742
1645031581159,0.115472555,-0.20722575,-0.20272276
1645031581165,-0.027960556,-0.29459813,-0.07697007
1645031581172,-0.15303256,-0.37689152,0.058172617
1645031581182,-0.24393053,-0.4276813,0.19012131
1645031581193,-0.29182303,-0.4448381,0.29107252
1645031581202,-0.31156296,-0.44490793,0.27964047
1645031581212,-0.2881578,-0.4000698,0.2745615
1645031581225,-0.22923467,-0.31873637,0.25831226
1645031581233,-0.14149576,-0.21572563,0.23480234
1645031581243,-0.049376037,-0.10466882,0.16247492
1645031581252,0.050754864,0.012723624,0.11357012
1645031581264,0.1520028,0.12734096,0.069325425
1645031581272,0.243756,0.2506327,0.0012042936
1645031581300,0.3176019,0.38785234,-0.09489484
1645031581300,0.3176019,0.38785234,-0.09489484
1645031581301,0.3176019,0.38785234,-0.09489484
1645031581302,0.38259882,0.5801728,-0.10259185
1645031581302,0.42424294,0.83070076,-0.03401693
1645031581312,0.45077232,1.1173052,0.10060215
1645031581323,0.4525875,1.3720568,0.2563051
1645031581336,0.44195828,1.524339,0.4231085
1645031581354,0.4187451,1.5131164,0.4775984
1645031581356,0.3992495,1.3629287,0.53069204
1645031581364,0.37931758,1.1065189,0.4905838
1645031581373,0.36278906,0.792879,0.3599267
1645031581383,0.36774588,0.49049655,0.2844402
1645031581392,0.37956193,0.18502487,0.13091893
1645031581407,0.40944237,-0.12208744,-0.07731914
1645031581412,0.44771796,-0.4479274,-0.28655204
1645031581423,0.4896937,-0.7569072,-0.47527707
1645031581433,0.5146871,-1.0348372,-0.63235885
1645031581444,0.5179335,-1.2578584,-0.7495244
1645031581453,0.51217383,-1.4038922,-0.8017977
1645031581471,0.503831,-1.483934,-0.8561131
1645031581474,0.5254734,-1.4505804,-0.9262414
1645031581484,0.5418972,-1.3813248,-1.0383978
1645031581493,0.56542456,-1.2627803,-1.1428746
1645031581504,0.6215551,-1.1345493,-1.2570904
1645031581513,0.657457,-0.99910986,-1.3635745
1645031581530,0.65911514,-0.8637752,-1.3839777
1645031581533,0.65911514,-0.8637752,-1.3839777
1645031581544,0.51997554,-0.72866744,-1.1918317
1645031581553,0.38596737,-0.7099398,-0.91641504
1645031581564,0.21017541,-0.72088313,-0.64028275
1645031581573,0.012304739,-0.69643074,-0.3787416
1645031581590,-0.18027751,-0.55933326,-0.13421765
1645031581594,-0.18027751,-0.55933326,-0.13421765
1645031581604,-0.440754,0.14446287,0.23216686
1645031581613,-0.47719696,0.6223929,0.3024173
1645031581624,-0.43679205,1.0968322,0.3056113
1645031581633,-0.43679205,1.0968322,0.3056113
1645031581650,-0.287512,1.8481194,0.12432149
1645031581653,-0.287512,1.8481194,0.12432149
1645031581664,-0.2027053,2.113029,-0.23370276
1645031581673,-0.17696135,2.0500045,-0.37687406
1645031581684,-0.1612357,1.8306135,-0.5778515
1645031581693,-0.1557553,1.4977398,-0.7884981
1645031581712,-0.16479623,1.0817,-1.0939349
1645031581714,-0.19012131,0.6981063,-1.2397243
1645031581724,-0.2540536,0.36336505,-1.3488611
1645031581733,-0.35662797,0.113884285,-1.3048433
1645031581744,-0.48677894,-0.042150274,-1.1472205
1645031581753,-0.6284667,-0.08597609,-0.8736539
1645031581770,-0.75664544,-0.018326206,-0.4825552
1645031581773,-0.8463566,0.13875556,-0.19457196
1645031581784,-0.90610003,0.3307095,0.121110044
1645031581794,-0.93420017,0.5313378,0.4058644
1645031581804,-0.9305699,0.7222969,0.57853216
1645031581813,-0.9114757,0.9325247,0.90885764
1645031581844,-0.8876691,1.1342351,1.2523257
1645031581846,-0.8876691,1.1342351,1.2523257
1645031581850,-0.8876691,1.1342351,1.2523257
1645031581852,-0.86367047,1.3071996,1.6677197
1645031581853,-0.8514007,1.4272101,2.0958023
1645031581854,-0.86391485,1.5032027,2.6637578
1645031581862,-0.8737237,1.5103064,2.9832969
1645031581873,-0.87799984,1.4178898,3.104372
1645031581887,-0.86292,1.2000698,3.0389214
1645031581893,-0.7551619,0.7540623,2.4141374
1645031581903,-0.6294092,0.2708788,1.6798499
1645031581912,-0.45955145,-0.21143207,0.85581636
1645031581923,-0.19362946,-0.6189371,-0.19244263
1645031581932,0.07379352,-0.9375687,-1.2009599
1645031581947,0.36350468,-1.0879658,-1.9734182
1645031581952,0.64520466,-1.1340606,-2.7962127
1645031581964,0.9059429,-1.118492,-3.4359891
1645031581973,1.1319487,-1.0815953,-3.978951
1645031581984,1.3230474,-1.008657,-4.2882276
1645031581993,1.482974,-0.93810976,-4.512139
1645031582011,1.6123222,-0.8819443,-4.6346803
1645031582015,1.6973034,-0.7945894,-4.4603543
1645031582024,1.7328213,-0.7530849,-4.2725544
1645031582033,1.7129593,-0.7508683,-4.00185
1645031582043,1.6333014,-0.7292783,-3.3728075
1645031582053,1.4853128,-0.7115106,-2.519993
1645031582070,1.2782966,-0.69053143,-1.541426
1645031582074,1.2782966,-0.69053143,-1.541426
1645031582084,0.7222445,-0.6840736,0.52690464
1645031582093,0.47862816,-0.6981063,1.3899468
1645031582103,0.26337376,-0.7508858,2.0621696
1645031582113,0.09657038,-0.8146959,2.597993
1645031582137,-0.031119645,-0.88381183,2.9174798
1645031582140,-0.031119645,-0.88381183,2.9174798
1645031582142,-0.12992407,-0.90690285,2.9621956
1645031582153,-0.21542892,-0.8807749,2.942159
1645031582163,-0.28393403,-0.77640283,3.0154114
1645031582173,-0.37507635,-0.6629374,2.9651802
1645031582186,-0.47201326,-0.52283794,2.8739507
1645031582192,-0.5538703,-0.3512174,2.778951
1645031582203,-0.60834277,-0.14866917,2.7185094
1645031582212,-0.636059,0.07173401,2.639061
1645031582223,-0.64960295,0.25129592,2.4812288
1645031582232,-0.6344009,0.36682084,2.2917008
1645031582247,-0.59371674,0.40186754,2.0622568
1645031582252,-0.5278471,0.37230125,1.7567327
1645031582263,-0.41422462,0.33252466,1.447142
1645031582272,-0.26604417,0.3119295,1.0800768
1645031582283,-0.11353521,0.35123482,0.6706868
1645031582293,0.043529104,0.4949123,0.36790296
1645031582311,0.1814469,0.70939875,0.1488437
1645031582315,0.2626407,0.9383192,0.07079152
1645031582323,0.30685052,1.1472205,0.06649795
1645031582342,0.29180557,1.2644733,0.078296535
1645031582345,0.16038048,1.2291822,0.1448643
1645031582356,0.16038048,1.2291822,0.1448643
1645031582366,-0.24436687,0.86874944,0.5250371
1645031582373,-0.4453268,0.594729,0.6543328
1645031582382,-0.62438256,0.31337813,0.7288769
1645031582393,-0.75371325,0.07398552,0.8012217
1645031582403,-0.8345056,-0.096902,0.837944
1645031582412,-0.8617157,-0.18439655,0.9720569
1645031582427,-0.8655031,-0.21406755,1.0466009
1645031582433,-0.8399162,-0.19094162,1.1552666
1645031582443,-0.81558603,-0.13468888,1.3008116
1645031582452,-0.7827036,-0.062762894,1.4639497
1645031582464,-0.74397415,-0.0032812636,1.5980452
1645031582473,-0.69004273,0.019303605,1.6542107
1645031582490,-0.6225674,-0.024382582,1.60377
1645031582494,-0.55013525,-0.1495593,1.4348896
1645031582504,-0.520377,-0.3895279,1.0841086
1645031582513,-0.513221,-0.70342964,0.8195305
1645031582524,-0.55715156,-1.0462344,0.4879658
1645031582533,-0.621974,-1.3454752,0.18999913
1645031582550,-0.68093204,-1.5624225,-0.05108648
1645031582553,-0.68093204,-1.5624225,-0.05108648
1645031582564,-0.6889432,-1.7620037,-0.62162495
1645031582573,-0.63200974,-1.7925124,-0.8598656
1645031582584,-0.53128546,-1.8038223,-1.1338162
1645031582593,-0.40200716,-1.8223754,-1.4875818
1645031582610,-0.24126014,-1.8562003,-1.8445239
1645031582613,-0.24126014,-1.8562003,-1.8445239
1645031582624,0.074648745,-1.9008465,-2.6037176
1645031582633,0.17305174,-1.9050703,-2.9121563
1645031582644,0.2578061,-1.8723099,-3.0249062
1645031582653,0.29180557,-1.7875556,-3.0435116
1645031582670,0.28361985,-1.64037,-2.9559822
1645031582674,0.28361985,-1.64037,-2.9559822
1645031582684,0.17516363,-0.973523,-2.415935
1645031582693,0.08704075,-0.6011868,-2.1760886
1645031582704,0.024295313,-0.18807924,-1.8585916
1645031582717,-0.039898768,0.21207784,-1.5257527
1645031582727,-0.0815778,0.59298366,-1.1237805
1645031582733,-0.1329959,0.914373,-0.76121825
1645031582742,-0.19340256,1.2109609,-0.4361288
1645031582752,-0.25286674,1.4151497,-0.19116852
1645031582770,-0.30480844,1.5870495,0.037210926
1645031582773,-0.35088578,1.7882189,0.28745964
1645031582791,-0.38971987,2.0087967,0.5561218
1645031582792,-0.40656254,2.1785846,0.8650144
1645031582802,-0.434366,2.2546644,1.0240685
1645031582813,-0.44923642,2.2536871,1.1550572
1645031582822,-0.47131512,2.1992147,1.1897199
1645031582834,-0.46398464,2.1107078,1.2554673
1645031582846,-0.45339036,1.987189,1.133694
1645031582852,-0.4112226,1.8608605,1.0301771
1645031582862,-0.3396108,1.7501876,0.9553364
1645031582872,-0.24516973,1.6495332,0.85620034
1645031582883,-0.15163627,1.5552491,0.7103063
1645031582892,-0.06916834,1.4695523,0.609582
1645031582909,-0.012514181,1.3611834,0.59670126
1645031582913,0.010838642,1.2055677,0.65649706
1645031582923,-0.011344794,1.0229689,0.6072083
1645031582932,-0.06239637,0.8360939,0.62979317
1645031582943,-0.12871978,0.65827733,0.7052972
1645031582952,-0.1865957,0.49552315,0.8154289
1645031582967,-0.22832708,0.3375338,0.8148704
1645031582972,-0.23363295,0.19364691,0.7529627
1645031582983,-0.19539227,0.07372371,0.57511127
1645031582993,-0.11836984,0.015795445,0.49718127
1645031583004,-0.013509032,0.02808273,0.3628938
1645031583013,0.11685138,0.11554237,0.4643337
1645031583030,0.25473428,0.240754,0.4786107
1645031583034,0.39300114,0.39975566,0.42857143
1645031583044,0.522611,0.5644995,0.48410857
1645031583053,0.62330043,0.70147485,0.42162493
1645031583064,0.68065274,0.8340344,0.6740902
1645031583073,0.6877738,0.92597955,0.88978094
1645031583090,0.65248275,0.9561218,0.93748146
1645031583093,0.65248275,0.9561218,0.93748146
1645031583104,0.47344446,0.88700587,1.304023
1645031583113,0.39862117,0.81087357,1.4186404
1645031583124,0.3506938,0.7056462,1.471193
1645031583133,0.34058818,0.5810106,1.4268959
1645031583150,0.3729994,0.436059,1.1688979
1645031583153,0.3729994,0.436059,1.1688979
1645031583164,0.46901125,0.30493063,0.9170957
1645031583173,0.51678157,0.27979752,0.80712104
1645031583184,0.55987436,0.28171742,0.7115455
1645031583193,0.5828432,0.33245483,0.7681473
1645031583210,0.60396194,0.41120517,0.86573
1645031583214,0.60396194,0.41120517,0.86573
1645031583224,0.64625186,0.50606513,0.89780957
1645031583234,0.6932193,0.47463128,0.78408235
1645031583244,0.7507636,0.39333275,0.6303866
1645031583261,0.7989528,0.29014748,0.44698492
1645031583273,0.7989528,0.29014748,0.44698492
1645031583276,0.8184833,-0.0019024347,0.059342
1645031583284,0.8144515,-0.19996509,-0.18333188
1645031583293,0.7793525,-0.39659655,-0.36753643
1645031583304,0.7246531,-0.58818394,-0.5180557
1645031583313,0.6623789,-0.7806964,-0.6985252
1645031583352,0.6157082,-0.9587399,-0.90590805
1645031583352,0.6157082,-0.9587399,-0.90590805
1645031583354,0.6157082,-0.9587399,-0.90590805
1645031583357,0.5369927,-1.167903,-1.103866
1645031583359,0.5369927,-1.167903,-1.103866
1645031583360,0.49473777,-1.2889258,-1.313413
1645031583363,0.44813684,-1.4106641,-1.5785147
1645031583374,0.37364516,-1.4574571,-1.6115367
1645031583390,0.2667074,-1.4592721,-1.4328475
1645031583393,0.2667074,-1.4592721,-1.4328475
1645031583403,-0.026459552,-1.5853914,-1.1987084
1645031583413,-0.14687145,-1.5719173,-0.9959857
1645031583424,-0.23780435,-1.4793088,-0.74275243
1645031583433,-0.29267824,-1.3065886,-0.44335458
1645031583449,-0.326381,-1.126538,-0.20621346
1645031583454,-0.32880706,-1.0037351,-0.03850249
1645031583463,-0.32058644,-0.9367484,0.017872415
1645031583473,-0.31269744,-0.92028975,-0.020385724
1645031583484,-0.3097129,-0.95524913,-0.1512872
1645031583493,-0.2965704,-0.98773015,-0.23300463
1645031583510,-0.26480496,-0.94315386,-0.1189109
1645031583513,-0.26480496,-0.94315386,-0.1189109
1645031583524,-0.1809582,-0.65593857,0.23752509
1645031583533,-0.1433982,-0.50589055,0.39624748
1645031583544,-0.094074525,-0.3895628,0.5355092
1645031583553,-0.078942314,-0.3324723,0.5388777
1645031583570,-0.0788725,-0.27429968,0.6533729
1645031583574,-0.0788725,-0.27429968,0.6533729
1645031583584,-0.140466,-0.17395933,0.9156471
1645031583593,-0.1651802,-0.12618902,1.022358
1645031583604,-0.18149926,-0.092207,1.0390435
1645031583613,-0.16802514,-0.048922244,1.0509644
1645031583634,-0.1260494,0.042848416,1.0723449
1645031583635,-0.1260494,0.042848416,1.0723449
1645031583635,-0.07723187,0.16573872,1.1056463
1645031583643,-0.039968584,0.28314862,1.0471768
1645031583664,0.013194868,0.41068155,1.1161532
1645031583670,0.013194868,0.41068155,1.1161532
1645031583673,0.052796926,0.5040929,1.1731042
1645031583687,0.115472555,0.6762196,1.3959682
1645031583693,0.10126538,0.73852867,1.4592024
1645031583703,0.08005934,0.82703555,1.6059167
1645031583713,0.048101928,0.9149664,1.7551619
1645031583723,0.01740117,0.99588096,1.9022079
1645031583732,-0.024330221,1.0555022,1.9678855
1645031583747,-0.064089365,1.112261,2.0433023
1645031583752,-0.10498298,1.1676761,2.1364517
1645031583763,-0.14406143,1.2320098,2.2335632
1645031583772,-0.16835675,1.2611572,2.282084
1645031583784,-0.15753557,1.2411729,2.3328738
1645031583793,-0.12474038,1.128231,2.197504
1645031583807,-0.07119295,0.96095645,2.0380487
1645031583813,-0.004520464,0.74172264,1.8217471
1645031583825,0.076237015,0.4593071,1.4652936
1645031583833,0.18355878,0.13957588,1.0648922
1645031583850,0.3161009,-0.1636792,0.7313204
1645031583858,0.46152368,-0.4445414,0.37505892
1645031583867,0.61204296,-0.68276465,-0.005201152
1645031583873,0.75250894,-0.8654333,-0.34814557
1645031583884,0.88367224,-0.97765946,-0.5677808
1645031583892,0.96614015,-1.013701,-0.64461124
1645031583902,0.9695087,-1.019356,-0.6929575
1645031583913,0.91257524,-0.98429185,-0.63352823
1645031583931,0.7900689,-0.9310586,-0.5164499
1645031583933,0.61406755,-0.88817525,-0.35470808
1645031583943,0.42708787,-0.90610003,-0.22356227
1645031583952,0.26291996,-1.0078715,-0.21034995
1645031583964,0.16828693,-1.0815604,-0.15594728
1645031583973,0.12365826,-1.1302731,-0.18624662
1645031583990,0.15456846,-1.1081246,-0.17111441
1645031583993,0.15456846,-1.1081246,-0.17111441
1645031584004,0.37638536,-0.91608346,-0.26052883
1645031584013,0.510062,-0.8184135,-0.32231435
1645031584025,0.61338687,-0.7690374,-0.4931146
1645031584033,0.7182826,-0.6905489,-0.5304826
1645031584100,0.7981848,-0.60523605,-0.4999389
1645031584101,0.7981848,-0.60523605,-0.4999389
1645031584103,0.7981848,-0.60523605,-0.4999389
1645031584104,0.7981848,-0.60523605,-0.4999389
1645031584109,0.7981848,-0.60523605,-0.4999389
1645031584111,0.7118248,-0.7861419,-0.71165025
1645031584116,0.67594033,-0.8387643,-0.7221224
1645031584119,0.67594033,-0.8387643,-0.7221224
1645031584119,0.67594033,-0.8387643,-0.7221224
1645031584124,0.66300726,-0.8577886,-0.7524566
1645031584125,0.657265,-0.82478404,-0.8238415
1645031584126,0.6888385,-0.70171916,-0.8554673
1645031584126,0.763208,-0.4637752,-0.7674666
1645031584143,0.8237717,-0.1822323,-0.6409285
1645031584144,0.8237717,-0.1822323,-0.6409285
1645031584152,0.8366873,0.24824156,-0.39998254
1645031584165,0.77439564,0.36685574,-0.26815602
1645031584172,0.69191027,0.51800334,-0.006265817
1645031584182,0.5717602,0.70100355,0.2920848
1645031584192,0.42035082,0.93908715,0.6024609
1645031584202,0.28276464,1.2791343,1.0392704
1645031584213,0.17273758,1.6751549,1.5654769
1645031584226,0.043686185,1.9696832,1.8771621
1645031584232,-0.0692207,2.2329173,2.1779737
1645031584243,-0.1589842,2.4069815,2.407505
1645031584252,-0.23408674,2.4734619,2.5190506
1645031584263,-0.3015621,2.438869,2.5310585
1645031584272,-0.33943626,2.2995548,2.4298105
1645031584287,-0.32545596,2.0784187,2.2529366
1645031584292,-0.26529366,1.8161969,2.0390785
1645031584304,-0.16528493,1.5942054,1.8942491
1645031584313,-0.043337114,1.3674666,1.6740553
1645031584324,0.091526315,1.1660529,1.4837769
1645031584341,0.20750502,1.0174536,1.3939261
1645031584359,0.20539314,0.8104896,1.3201152
1645031584361,0.20539314,0.8104896,1.3201152
1645031584362,0.1040754,0.52472293,1.1880792
1645031584363,-0.05098176,0.22464438,1.068924
1645031584373,-0.20516625,-0.03358059,0.97553015
1645031584383,-0.34570208,-0.24318004,0.856148
1645031584393,-0.40125665,-0.25918493,0.8574221
1645031584409,-0.40682432,-0.18252902,0.9164674
1645031584414,-0.28693604,0.02042063,0.9642726
1645031584423,-0.12156384,0.28470197,1.094249
1645031584433,0.06939524,0.556244,1.1944672
1645031584443,0.2678593,0.8360415,1.28828
1645031584453,0.44588533,1.1442534,1.4835675
1645031584470,0.5287547,1.405428,1.6810193
1645031584473,0.5287547,1.405428,1.6810193
1645031584484,0.44888735,1.6546121,1.9416703
1645031584493,0.33721966,1.6577014,1.9908718
1645031584504,0.22110131,1.6090584,2.0340345
1645031584513,0.10946854,1.4974954,1.9872589
1645031584530,0.010960816,1.3431364,1.8704948
1645031584533,0.010960816,1.3431364,1.8704948
1645031584543,-0.14612095,1.1170608,1.7139715
1645031584553,-0.21977484,1.0530238,1.6692556
1645031584564,-0.27735403,0.99565405,1.6001047
1645031584573,-0.31074265,0.9084039,1.4452745
1645031584590,-0.29568025,0.7963173,1.2558163
1645031584593,-0.29568025,0.7963173,1.2558163
1645031584604,-0.08117637,0.5523344,0.9720569
1645031584613,0.10829915,0.46496204,0.9035692
1645031584624,0.326381,0.41410246,0.8863252
1645031584633,0.53927916,0.35737848,0.8177502
1645031584647,0.71384937,0.30941617,0.73646915
1645031584653,0.8279955,0.23396456,0.63546556
1645031584664,0.89707655,0.15631382,0.54706347
1645031584673,0.91657215,0.098019026,0.4810542
1645031584684,0.90348196,0.056636706,0.379527
1645031584693,0.87246704,0.08492888,0.32151148
1645031584710,0.82661664,0.21001832,0.34886116
1645031584713,0.82661664,0.21001832,0.34886116
1645031584724,0.7565407,0.5814993,0.48925737
1645031584733,0.729959,0.74427086,0.5468191
1645031584743,0.69417924,0.895209,0.5944672
1645031584753,0.62506324,1.0930971,0.6949123
1645031584771,0.5496291,1.2940919,0.80516624
1645031584775,0.5496291,1.2940919,0.80516624
1645031584784,0.34057072,1.5545684,1.0732524
1645031584793,0.22455712,1.6159176,1.1673619
1645031584804,0.073427,1.6194432,1.1691946
1645031584813,-0.11362248,1.5122786,1.0600576
1645031584830,-0.30705994,1.3178986,0.9377607
1645031584834,-0.30705994,1.3178986,0.9377607
1645031584863,-0.49718127,0.7043721,0.5817087
1645031584863,-0.49718127,0.7043721,0.5817087
1645031584864,-0.41513222,0.30904967,0.3581988
1645031584874,-0.07793001,-0.25794572,0.22696571
1645031584887,0.08410856,-0.35638362,0.29601187
1645031584893,0.25836462,-0.39525265,0.37425604
1645031584903,0.38753816,-0.4227594,0.43675715
1645031584912,0.510987,-0.58574045,0.3270966
1645031584923,0.54191464,-0.76647174,0.20078541
1645031584932,0.46112227,-0.8725543,0.12887686
1645031584946,0.30459902,-0.84312767,0.19499084
1645031584952,0.13517758,-0.7425255,0.28156033
1645031584963,-0.029182302,-0.6624313,0.265538
1645031584972,-0.18699712,-0.49576753,0.4256043
1645031584984,-0.35662797,-0.38345405,0.5182651
1645031584993,-0.5258399,-0.3598918,0.49904877
1645031585010,-0.6815429,-0.445449,0.3311982
1645031585013,-0.6815429,-0.445449,0.3311982
1645031585024,-0.8778951,-0.6721529,0.08222358
1645031585033,-0.9174622,-0.7795968,-0.010245222
1645031585044,-0.91449517,-0.85068506,-0.07386334
1645031585053,-0.87909937,-0.9222969,-0.19246008
1645031585070,-0.79731214,-0.9441662,-0.2133345
1645031585073,-0.79731214,-0.9441662,-0.2133345
1645031585084,-0.515682,-0.8458679,-0.07009338
1645031585093,-0.37491927,-0.7484248,0.046845276
1645031585104,-0.2420281,-0.5988655,0.22689588
1645031585113,-0.1313378,-0.4256043,0.4064578
1645031585130,-0.04297059,-0.23379004,0.60129154
1645031585134,-0.012880705,-0.122139804,0.6502138
1645031585144,0.001448643,-0.022410333,0.7369928
1645031585153,-0.0028449253,0.059551444,0.8295139
1645031585164,-0.042673882,0.05428048,0.7569072
1645031585173,-0.08925735,0.043022953,0.7270268
1645031585190,-0.14620823,0.00944236,0.68648225
1645031585193,-0.14620823,0.00944236,0.68648225
1645031585204,-0.2047299,-0.1636792,0.4517497
1645031585213,-0.17549524,-0.20612618,0.43694913
1645031585224,-0.11357012,-0.2556244,0.34804085
1645031585233,0.0,-0.21199058,0.41162404
1645031585253,0.13154726,-0.12789947,0.4707217
1645031585254,0.13154726,-0.12789947,0.4707217
1645031585255,0.27077407,0.012077843,0.5690898
1645031585264,0.4050266,0.21696483,0.8117288
1645031585273,0.46782443,0.3465573,0.8626756
1645031585284,0.4706868,0.41619688,0.83769965
1645031585293,0.44958547,0.4601623,0.84403527
1645031585310,0.4122,0.44888735,0.800192
1645031585314,0.32718387,0.32681736,0.5727201
1645031585324,0.2502138,0.21148442,0.40888384
1645031585334,0.21392791,0.11910289,0.26454315
1645031585351,0.28096694,0.11091718,0.27625448
1645031585368,0.42937428,0.13116328,0.2887163
1645031585371,0.42937428,0.13116328,0.2887163
1645031585374,0.81783754,0.3618815,0.57635045
1645031585382,0.9724583,0.5255258,0.78661317
1645031585392,1.0453792,0.6321843,0.90048
1645031585402,1.0277337,0.6958897,0.97662973
1645031585412,0.92440873,0.6980365,0.9729296
1645031585425,0.77354044,0.6557466,0.90657127
1645031585432,0.62829214,0.5741164,0.83447075
1645031585442,0.51582164,0.46988395,0.7528406
1645031585452,0.43354568,0.3974867,0.7023824
1645031585462,0.3728074,0.2721529,0.5778864
