1645031599903,-0.45150536,0.30447683,-0.04944585
1645031599905,0.0,0.0,0.0
1645031599914,1.745353E-4,0.0,4.014312E-4
1645031599924,5.58513E-4,5.236059E-5,0.0019024347
1645031599934,0.0011344794,-7.505018E-4,0.0023213194
1645031599944,0.0016406318,-0.0018675277,0.0030543678
1645031599960,0.0017628066,-0.0031416353,0.0042935684
1645031599964,0.001710446,-0.005270966,0.00474736
1645031599974,0.0013439218,-0.0067719696,0.00712104
1645031599984,0.0010821188,-0.008814032,0.009564535
1645031599994,0.001117026,-0.009861245,0.015097303
1645031600004,0.0020246094,-0.010716467,0.022323065
1645031600018,0.0036652412,-0.010070687,0.028431801
1645031600027,0.00528842,-0.0060738283,0.038432673
1645031600034,0.007382843,-6.8068766E-4,0.05028362
1645031600044,0.011152806,0.004939349,0.062064752
1645031600055,0.016231783,0.016231783,0.08278209
1645031600064,0.021816913,0.029479012,0.10177153
1645031600079,0.02516799,0.04766559,0.122052535
1645031600084,0.024417488,0.07037263,0.1461384
1645031600094,0.018064404,0.08531286,0.15999651
1645031600104,0.004520464,0.1018588,0.18518196
1645031600114,-0.017907321,0.100881405,0.1945545
1645031600124,-0.0492015,0.0840562,0.19362946
1645031600139,-0.08997295,0.0479623,0.170329
1645031600145,-0.1493673,-0.013351951,0.1193996
1645031600157,-0.20895366,-0.08222358,0.076149754
1645031600165,-0.25578147,-0.15442884,0.045972597
1645031600174,-0.2917532,-0.21300288,0.042604066
1645031600184,-0.32416442,-0.26077318,0.022183437
1645031600198,-0.35165372,-0.2734968,0.005375687
1645031600204,-0.36104372,-0.19542718,0.06878436
1645031600214,-0.3618815,-0.07428222,0.15046689
1645031600224,-0.368828,0.07960555,0.23134653
1645031600234,-0.38645607,0.23518632,0.23740292
1645031600244,-0.41677284,0.42312592,0.26209965
1645031600260,-0.49515665,0.60382235,0.2434942
1645031600264,-0.69140416,0.7405882,0.047578324
1645031600274,-1.0265119,0.83434856,-0.3726154
1645031600284,-1.4306833,0.85684615,-0.9462955
1645031600294,-1.7969805,0.8055677,-1.3902435
1645031600304,-2.0564098,0.6071734,-1.8010123
1645031600320,-2.0564098,0.6071734,-1.8010123
1645031600324,-2.1189284,0.18261628,-2.1374815
1645031600334,-2.0674927,-0.20483463,-2.211013
1645031600344,-1.944044,-0.5176193,-2.2164936
1645031600354,-1.8002619,-0.745161,-2.144271
1645031600364,-1.6264071,-0.86325157,-1.922105
1645031600378,-1.4459901,-0.94488174,-1.7695261
1645031600385,-1.289746,-0.9415481,-1.6592023
1645031600394,-1.1644646,-0.85544986,-1.6156907
1645031600405,-1.0471245,-0.74784887,-1.4433197
1645031600414,-0.9236757,-0.6762894,-1.3614626
1645031600424,-0.7906275,-0.60736537,-1.3440615
1645031600439,-0.6530587,-0.5515665,-1.2572126
1645031600444,-0.5174273,-0.54194957,-1.2166332
1645031600454,-0.4273148,-0.5276726,-1.1351776
1645031600464,-0.39767867,-0.5055415,-1.0087267
1645031600474,-0.4178026,-0.47288594,-0.9831748
1645031600484,-0.4760101,-0.3777642,-0.9692643
1645031600498,-0.55456847,-0.21240947,-0.83565754
1645031600504,-0.6306833,-0.016598307,-0.6431626
1645031600514,-0.67251945,0.14620823,-0.44340694
1645031600524,-0.66185534,0.2618204,-0.2958024
1645031600534,-0.61841345,0.3651453,-0.13770835
1645031600544,-0.53973293,0.4603543,0.0638101
1645031600558,-0.42871106,0.5397504,0.37849724
1645031600564,-0.30248713,0.58767784,0.5621782
1645031600574,-0.18003316,0.58286065,0.7278471
1645031600584,-0.062099658,0.53034294,0.7956017
1645031600594,0.033161707,0.45860896,0.8751025
1645031600604,0.0932193,0.38303518,0.94053584
1645031600618,0.10075923,0.35146174,1.1441661
1645031600624,0.059202373,0.37472728,1.3204992
1645031600634,-0.022567414,0.45290166,1.4765338
1645031600644,-0.111021906,0.5582686,1.4983157
1645031600654,-0.19266951,0.6725543,1.438101
1645031600664,-0.26225674,0.7819705,1.4458504
1645031600678,-0.28843704,0.835675,1.4392705
1645031600684,-0.27377608,0.81654596,1.3824941
1645031600694,-0.22082207,0.7237455,1.2467406
1645031600704,-0.1323152,0.5636268,1.2012043
1645031600714,0.0033859848,0.35675016,1.1691072
1645031600724,0.18821886,0.15573785,1.1152805
1645031600738,0.38476306,0.030927654,1.1759142
1645031600744,0.5789336,0.01769788,1.2895889
1645031600754,0.73751634,0.14917532,1.6026704
1645031600764,0.86826074,0.35847804,1.8923292
1645031600774,0.9858103,0.56099135,2.0205777
1645031600784,1.0861506,0.728999,2.1440613
1645031600798,1.1741339,0.85845184,2.215167
1645031600804,1.2485033,0.9383192,2.1845536
1645031600814,1.2939174,0.9815865,2.1064317
1645031600824,1.3140239,0.97259796,1.9428921
1645031600834,1.3079326,0.92994153,1.7877302
1645031600844,1.2604415,0.8885941,1.7051749
1645031600858,1.1557902,0.8596213,1.5619339
1645031600864,1.0108212,0.83564013,1.2589232
1645031600874,0.844681,0.8159351,0.8467755
1645031600884,0.6738284,0.7894057,0.39575878
1645031600894,0.52470547,0.74713326,0.011187713
1645031600904,0.43532595,0.63193995,-0.27829653
1645031600918,0.3916223,0.48398638,-0.3090671
1645031600924,0.42256743,0.26435116,-0.26841784
1645031600934,0.48058295,0.07421241,0.026564272
1645031600944,0.55055416,-0.082729734,0.42513308
1645031600954,0.6124618,-0.20970416,0.8163365
1645031600964,0.63937515,-0.2754516,1.324531
1645031600978,0.6535649,-0.35460338,1.7669779
1645031600984,0.60577714,-0.42712277,2.1518457
1645031600994,0.5193298,-0.5826512,2.0801466
1645031601004,0.33461908,-0.73170435,1.6740903
1645031601014,0.048136834,-0.9063618,0.823667
1645031601024,-0.32376298,-1.0148878,-0.12474038
1645031601038,-0.67971027,-1.0957675,-1.181028
1645031601044,-0.95846057,-1.0067719,-1.7719871
1645031601054,-1.1116502,-0.7161009,-1.769212
1645031601064,-1.1128021,-0.30219042,-1.3902609
1645031601074,-0.98350644,0.2247142,-0.6704948
1645031601084,-0.7669256,0.81338686,0.23803124
1645031601099,-0.5094511,1.4125491,1.1902958
1645031601104,-0.27559122,1.9887251,2.2230911
1645031601114,-0.06045903,2.4158652,3.0216773
1645031601124,0.1382145,2.6146262,3.4008029
1645031601134,0.26936033,2.6522036,3.6220613
1645031601144,0.35851297,2.5296447,3.6286237
1645031601158,0.41961777,2.2949297,3.4414697
1645031601164,0.46068594,1.997958,3.2214854
1645031601174,0.49485993,1.6985601,2.9721441
1645031601184,0.48864648,1.5185618,2.752125
1645031601195,0.49952003,1.3505716,2.4128284
1645031601204,0.5062222,1.1867353,2.3906972
1645031601218,0.5646042,0.8733397,3.1288595
1645031601224,0.6146435,0.63492453,4.8949823
1645031601234,0.65234315,0.49138668,6.5280566
1645031601244,0.6418012,0.4730605,7.78684
1645031601254,0.576525,0.449952,8.4123745
1645031601264,0.42741948,0.36423773,8.2323065
1645031601278,0.2180644,0.22652936,7.3150015
1645031601284,-0.0051836986,-0.04955057,5.705035
1645031601294,-0.18041714,-0.31498384,3.9081073
1645031601304,-0.29332402,-0.54154813,2.131495
1645031601314,-0.34418362,-0.6953661,0.5623702
1645031601324,-0.3708177,-0.86428136,-0.9102889
1645031601339,-0.41289815,-1.031364,-2.1720045
1645031601344,-0.49273062,-1.1579545,-3.0971289
1645031601354,-0.60979146,-1.3702767,-3.9429445
1645031601364,-0.7437298,-1.5882887,-4.565564
1645031601374,-0.85747445,-1.7643075,-4.9705386
1645031601384,-0.94378215,-1.9768217,-5.519836
1645031601398,-1.0075399,-2.0563748,-6.027734
1645031601404,-1.1055241,-2.1330657,-6.976874
1645031601414,-1.1708875,-1.9093639,-7.938424
1645031601424,-1.1833494,-1.3803822,-8.383873
1645031601434,-1.1417052,-0.7373069,-8.334515
1645031601444,-1.0731827,-0.67428225,-7.742159
1645031601458,-0.98387295,-0.682625,-6.889519
1645031601464,-0.8551706,-0.6857143,-6.0321493
1645031601474,-0.72671264,-0.68824506,-5.0662537
1645031601484,-0.6113448,0.056549437,-4.1709223
1645031601494,-0.54044855,0.6158129,-3.409617
1645031601504,-0.50124794,0.85613054,-2.8545597
1645031601518,-0.49489483,0.83799636,-2.497478
1645031601524,-0.5366786,0.6434767,-2.1876953
1645031601534,-0.55427176,0.29545337,-2.0307357
1645031601544,-0.5855136,-0.108665675,-1.7650057
1645031601554,-0.5854961,-0.5260494,-1.4675452
1645031601564,-0.5324199,-0.89702415,-1.2190942
1645031601578,-0.47916922,-1.1367135,-0.8176455
1645031601584,-0.40315908,-1.2515752,-0.35933328
1645031601594,-0.3019286,-1.2494458,0.14837246
1645031601604,-0.19376908,-1.1375164,0.78341913
1645031601614,-0.047892485,-0.9402566,1.406388
1645031601624,0.08079239,-0.57669955,2.034104
1645031601638,0.22963609,-0.16622742,2.7174098
1645031601644,0.42919976,0.10971289,3.20562
1645031601654,0.60139626,0.30152717,3.636251
1645031601665,0.7420892,0.44707218,3.8203335
1645031601674,0.8535125,0.5899119,3.855031
1645031601684,0.91287196,0.7463304,3.7628415
1645031601698,0.9362248,0.90913695,3.4922943
1645031601704,0.9532071,1.0322018,2.9382145
1645031601714,0.94938475,1.1503098,2.3071299
1645031601724,0.9290863,1.270233,1.5938214
1645031601734,0.9063094,1.4029322,0.9456497
1645031601744,0.87941355,1.5006894,0.46716118
1645031601758,0.8159351,1.5277075,0.18443145
1645031601764,0.73556155,1.3649359,-0.16970067
1645031601774,0.6057597,1.0151148,-0.5677284
1645031601784,0.44187102,0.4653111,-1.0074526
1645031601794,0.27122787,-0.20445065,-1.4416965
1645031601808,0.07136749,-0.86958724,-1.8447858
1645031601844,-0.13395584,-1.4543328,-2.2286935
1645031601845,-0.2713326,-1.9315996,-2.51172
1645031601845,-0.33699277,-2.2289555,-2.6557117
1645031601846,-0.27269396,-2.5148442,-2.3995113
1645031601862,-0.104686275,-2.7968235,-1.8118858
1645031601865,0.13742909,-2.9669256,-0.7747971
1645031601878,0.42335284,-2.9882364,0.5115804
1645031601884,0.6519592,-2.7757745,1.9090496
1645031601894,0.7443756,-2.4532158,2.8158128
1645031601905,0.6478052,-2.1104982,3.0522385
1645031601914,0.381604,-1.727533,2.6895192
1645031601924,0.026616633,-1.2592199,1.9330133
1645031601938,-0.30295837,-0.6318352,1.2307531
1645031601944,-0.5211624,0.13934898,0.9462955
1645031601954,-0.6022166,0.8358495,0.7046165
1645031601964,-0.56135786,1.498211,0.80900604
1645031601974,-0.43625098,2.0322716,0.984222
1645031601984,-0.27773803,2.433214,1.1969107
1645031601998,-0.12597957,2.6806877,1.4377694
1645031602005,-0.002565669,2.764674,1.6081856
1645031602014,0.07770312,2.7129242,1.7832272
1645031602024,0.14322367,2.500061,1.8572301
1645031602034,0.1809582,2.2015185,1.9322803
1645031602044,0.2074701,1.8387468,1.96244
1645031602059,0.22876342,1.4602671,1.9832271
1645031602064,0.264421,1.054996,1.8879832
1645031602074,0.27686533,0.7305524,1.901789
1645031602084,0.31161532,0.42309102,1.8526398
1645031602094,0.3444105,0.18909155,1.9185269
1645031602104,0.3756523,0.025063269,2.0766037
1645031602118,0.41446897,-0.13468888,2.191727
1645031602124,0.44761324,-0.29917097,2.2726066
1645031602134,0.46731827,-0.51330835,2.1916049
1645031602144,0.44609478,-0.7371673,1.9656166
1645031602155,0.35409722,-0.9283358,1.526189
1645031602164,0.35409722,-0.9283358,1.526189
1645031602178,0.2158478,-1.046758,0.95394015
1645031602184,0.06539838,-1.1763155,0.12512435
1645031602194,-0.09285278,-1.27231,-0.6904442
1645031602204,-0.2276464,-1.3723361,-1.4071385
1645031602214,-0.33118072,-1.4966576,-1.9934549
1645031602224,-0.43754256,-1.6723973,-2.688664
1645031602239,-0.61127496,-1.7944149,-3.5655992
1645031602244,-0.9110743,-1.8146261,-4.7712016
1645031602255,-1.1928266,-1.7145824,-5.895663
1645031602264,-1.39061,-1.5191029,-6.726957
1645031602274,-1.476621,-1.2088314,-6.9755125
1645031602284,-1.4427961,-0.87670827,-6.8181515
1645031602299,-1.3361725,-0.52917355,-6.269343
1645031602304,-1.1627542,-0.24073654,-5.646182
1645031602314,-0.97144604,-0.21663322,-4.9063444
1645031602324,-0.8,0.05824243,-4.0990314
1645031602334,-0.63546556,0.28519067,-3.4674404
1645031602344,-0.51123136,0.4218518,-2.8511736
1645031602360,-0.4184833,0.45312855,-2.2479448
1645031602364,-0.30847368,0.35081595,-1.8353084
1645031602374,-0.18882973,0.15708177,-1.492975
1645031602385,-0.05077232,-0.09234662,-1.2026879
1645031602394,0.0837944,-0.322262,-0.8403002
1645031602404,0.2113797,-0.4979492,-0.4155162
1645031602419,0.33440962,-0.6035605,-0.0044855573
1645031602424,0.44113797,-0.6120255,0.4393577
1645031602434,0.5218082,-0.51093465,0.9439916
1645031602452,0.58781743,-0.35400996,1.4221311
1645031602453,0.58781743,-0.35400996,1.4221311
1645031602457,0.58781743,-0.35400996,1.4221311
1645031602464,0.68290424,-0.05531024,2.2285888
1645031602478,0.7192949,0.07236233,2.5843441
1645031602484,0.75315475,0.14950694,2.8207872
1645031602494,0.7644122,0.20279257,2.9859674
1645031602505,0.7502749,0.24703726,3.062152
1645031602514,0.7228554,0.28442273,2.9419844
1645031602525,0.66627103,0.3992495,2.7933328
1645031602540,0.58773017,0.5532071,2.546051
1645031602544,0.48374203,0.71341306,2.222777
1645031602555,0.34226373,0.8751025,1.9134305
1645031602565,0.18600227,0.951165,1.4904442
1645031602574,0.035814643,0.9326468,1.0095645
1645031602584,-0.07484074,0.819164,0.50924164
1645031602600,-0.1552317,0.6841958,0.19586352
1645031602604,-0.20523606,0.56891525,0.07410769
1645031602614,-0.20109957,0.43686184,-0.098019026
1645031602625,-0.17121913,0.36456934,-0.15486518
1645031602634,-0.119923204,0.33425257,-0.12966228
1645031602645,-0.06770224,0.3100445,-0.06566018
1645031602659,0.0058818394,0.2404922,-0.0373331
1645031602664,0.08400384,0.16060738,0.1209006
1645031602674,0.1779562,0.020141374,0.29110742
1645031602684,0.2727987,-0.1643948,0.45717776
1645031602694,0.34856445,-0.3971027,0.5614277
1645031602705,0.38207522,-0.64393055,0.67546904
1645031602720,0.3885505,-0.9039183,0.80809844
1645031602724,0.39270443,-1.1794223,0.9545859
1645031602735,0.3939087,-1.3757919,1.20185
1645031602745,0.4168601,-1.5556331,1.3134305
1645031602754,0.46623614,-1.6060563,1.5879745
1645031602765,0.5451261,-1.5265206,1.9893882
1645031602779,0.5919888,-1.3462431,2.3114583
1645031602784,0.5056637,-1.1237106,2.2927132
1645031602794,0.18198796,-1.0543678,1.4659394
1645031602804,-0.3383192,-1.0756087,0.13683568
1645031602814,-0.90098614,-1.0993454,-1.2535824
1645031602825,-1.3695611,-1.0633563,-2.3443408
1645031602839,-1.6704948,-0.99472904,-3.0688193
1645031602844,-1.7604154,-0.83026445,-3.2267213
1645031602854,-1.6477703,-0.5729645,-2.90329
1645031602865,-1.3724933,-0.2585915,-2.2904441
1645031602874,-0.9830701,0.1372371,-1.3444455
1645031602886,-0.54578936,0.54743,-0.32933065
1645031602899,-0.10339471,0.9216162,0.60171044
1645031602904,0.31681648,1.2375076,1.3500305
1645031602921,0.698787,1.5184222,2.0507026
1645031602937,1.0342788,1.7023126,2.5903308
1645031602938,1.0342788,1.7023126,2.5903308
1645031602944,1.5762981,1.8729209,3.241295
1645031602959,1.7651104,1.9750066,3.6156383
1645031602964,1.878314,1.9788463,3.8604765
1645031602975,1.9017017,1.8620473,3.9709747
1645031602984,1.8171219,1.59438,3.9240248
1645031602995,1.6454839,1.1864561,3.7214766
1645031603005,1.3822323,0.6768304,3.3344445
1645031603019,1.0262501,0.16722228,2.8165634
1645031603024,0.5955144,-0.43914828,1.9125578
1645031603034,0.12597957,-1.0838816,0.74439305
1645031603045,-0.32681736,-1.7569072,-0.6587311
1645031603054,-0.7336417,-2.3495767,-2.1452658
1645031603065,-1.0708787,-2.906641,-3.671891
1645031603080,-1.3275853,-3.3435378,-5.0304217
1645031603085,-1.4688542,-3.5933154,-6.017785
1645031603094,-1.4316258,-3.53235,-6.195532
1645031603105,-1.2314687,-3.4078715,-5.9450912
1645031603114,-0.9124007,-3.2962213,-5.4582424
1645031603124,-0.5350903,-3.2077494,-4.917759
1645031603140,-0.23417401,-3.1940832,-4.6594644
1645031603144,-0.056427263,-2.9293306,-4.3028364
1645031603154,-0.17001483,-2.622672,-4.5369053
1645031603165,-0.5177939,-2.0423598,-4.9085784
1645031603174,-0.97614104,-1.2037699,-5.160398
1645031603186,-1.4026005,-0.30201587,-5.2587833
1645031603199,-1.4415917,-0.21886727,-5.115455
1645031603204,-1.4351689,-0.23396456,-4.822986
1645031603214,-1.5602758,0.52404225,-4.487425
1645031603225,-1.5846409,1.1891962,-3.9059777
1645031603234,-1.4800419,1.5427873,-3.486709
1645031603245,-1.3236059,1.7345667,-2.9837856
1645031603266,-1.1264857,1.7603979,-2.4448905
1645031603270,-1.1264857,1.7603979,-2.4448905
1645031603271,-1.1264857,1.7603979,-2.4448905
1645031603284,-0.879431,1.6039445,-2.0223753
1645031603286,-0.5521948,1.2120953,-1.6325682
1645031603304,-0.5521948,1.2120953,-1.6325682
1645031603305,-0.18701458,0.7282136,-1.3051226
1645031603305,0.15671524,0.2865695,-0.88873374
1645031603322,0.49876952,-0.11320359,-0.54800594
1645031603325,0.49876952,-0.11320359,-0.54800594
1645031603329,0.8186055,-0.3992146,-0.2007156
1645031603334,1.0900253,-0.5134654,0.2555197
1645031603344,1.3485296,-0.5164674,0.66894144
1645031603354,1.5724932,-0.3894057,1.1390349
1645031603364,1.7569596,-0.18631643,1.5939611
1645031603380,1.9000087,0.091840476,2.050528
1645031603384,2.0035605,0.3370102,2.3576927
1645031603394,2.050493,0.558513,2.5692294
1645031603406,2.0415394,0.75303257,2.6901126
1645031603414,1.9716729,0.9371673,2.7717252
1645031603424,1.880932,1.1036565,2.8271925
1645031603439,1.7820752,1.1551095,2.7039707
1645031603444,1.6473166,1.0863078,2.3827908
1645031603454,1.442063,0.99074966,2.034628
1645031603464,1.1714635,0.7361201,1.5207261
1645031603474,0.80504405,0.11898071,0.6423772
1645031603484,0.45241296,-0.5903307,-0.32299504
1645031603498,0.15315473,-1.324112,-1.2416615
1645031603510,-0.024993455,-2.0122697,-1.8577014
1645031603514,-0.09054891,-2.5709748,-2.229095
1645031603524,-0.1033249,-2.999878,-2.44887
1645031603535,-0.08138581,-3.377642,-2.6239636
1645031603546,-0.009477267,-3.7591937,-2.7642028
1645031603562,0.10939872,-4.140972,-2.9498036
1645031603564,0.28314862,-4.3074265,-2.9312155
1645031603574,0.51498383,-4.2185183,-2.6637926
1645031603584,0.6740204,-3.9886377,-2.4339123
1645031603596,0.5973994,-3.5221572,-2.2007155
1645031603607,0.5973994,-3.5221572,-2.2007155
1645031603620,-0.07967536,-2.8809843,-2.2068417
1645031603624,-1.0362335,-2.3940134,-2.4837945
1645031603634,-1.9420369,-2.0520465,-2.7176018
1645031603644,-2.5919888,-1.8951741,-2.8789947
1645031603654,-2.8901825,-1.8169823,-2.8829741
1645031603664,-2.8836198,-1.6493411,-2.6844752
1645031603678,-2.6494634,-1.3713762,-2.4120953
1645031603684,-2.2454314,-0.9016843,-1.9324025
1645031603694,-1.7502749,-0.3349158,-1.3970678
1645031603704,-1.2128981,0.28417838,-0.8348023
1645031603714,-0.6811589,0.86831313,-0.30252203
1645031603724,-0.19225064,1.3597871,0.1473427
1645031603739,0.21050702,1.6973383,0.46555546
1645031603744,0.5115106,1.8600576,0.6748058
1645031603754,0.7125229,1.8380661,0.78553104
1645031603764,0.8196527,1.5768043,0.65834713
1645031603777,0.8274195,1.2417488,0.5499782
1645031603784,0.7468016,0.85229075,0.4163714
1645031603799,0.6012043,0.34629548,0.0909678
1645031603804,0.403194,-0.2151322,-0.35727376
1645031603822,0.13950607,-0.74268264,-0.8017628
1645031603827,-0.1510254,-1.2222707,-1.2492365
1645031603860,-0.4190418,-1.5830526,-1.5817436
1645031603861,-0.6576141,-1.8670739,-1.9054018
1645031603875,-0.86623615,-2.0839689,-2.1923554
1645031603876,-0.86623615,-2.0839689,-2.1923554
1645031603878,-1.0450824,-2.1975217,-2.383681
1645031603878,-1.0450824,-2.1975217,-2.383681
1645031603907,-1.2851732,-2.0644035,-2.338232
1645031603908,-1.3823022,-1.9054368,-2.1969805
1645031603909,-1.4376647,-1.7299764,-2.0696397
1645031603923,-1.4687669,-1.5685662,-1.9734182
1645031603924,-1.4476132,-1.3935072,-1.8403351
1645031603934,-1.4028972,-1.1906973,-1.633406
1645031603944,-1.3480408,-0.99746925,-1.462152
1645031603954,-1.2810367,-0.8072781,-1.2498124
1645031603964,-1.2169998,-0.71184224,-1.1590714
1645031603979,-1.1389301,-0.7212497,-1.117026
1645031603985,-1.0468627,-0.84593767,-1.1541147
1645031603994,-0.93781304,-1.034174,-1.2368269
1645031604004,-0.8226721,-1.2039096,-1.3177589
1645031604014,-0.7283882,-1.2443146,-1.3573959
1645031604024,-0.6441051,-1.0934287,-1.2254647
1645031604043,-0.5925299,-0.78814906,-1.0083603
1645031604043,-0.5925299,-0.78814906,-1.0083603
1645031604045,-0.5846583,-0.40774935,-0.8036827
1645031604056,-0.6051313,0.0011693866,-0.5479885
1645031604064,-0.6604241,0.34898332,-0.35039708
1645031604074,-0.73062223,0.59218085,-0.23817088
1645031604084,-0.7966664,0.7093813,-0.15884458
1645031604101,-0.8581028,0.66848767,-0.21476568
1645031604104,-0.896326,0.51953924,-0.3575181
1645031604115,-0.9222969,0.34851208,-0.52238417
1645031604124,-0.9233441,0.20712104,-0.70934635
1645031604136,-0.88602847,0.12528144,-0.85375684
1645031604144,-0.81169385,0.11765425,-0.8792914
1645031604161,-0.7107601,0.17699625,-0.7737499
1645031604164,-0.6066672,0.24715944,-0.74603367
1645031604174,-0.5061,0.3073043,-0.7667161
1645031604184,-0.4136661,0.36141023,-0.7961777
1645031604194,-0.3322454,0.4092678,-0.8164936
1645031604204,-0.27025047,0.44497776,-0.82710534
1645031604220,-0.22398116,0.4472816,-0.85082465
1645031604224,-0.1903133,0.41684267,-0.8942491
1645031604234,-0.1606772,0.35793698,-0.95310235
1645031604244,-0.13282137,0.26838294,-1.0355179
1645031604254,-0.08271228,0.1849376,-1.0517323
1645031604267,-0.08271228,0.1849376,-1.0517323
1645031604279,-0.014992583,0.11639759,-1.0765861
1645031604284,0.07243215,0.06969195,-1.0682957
1645031604294,0.17778166,0.023858976,-1.1153679
1645031604304,0.30739158,-0.003752509,-1.1197138
1645031604314,0.4320098,-0.03900864,-1.217471
1645031604324,0.55488265,-0.04607732,-1.2333188
1645031604337,0.6669517,-0.03080548,-1.222358
1645031604345,0.75772756,-0.016755389,-1.25634
1645031604354,0.8239113,-0.011606597,-1.31645
1645031604366,0.845257,-0.007313029,-1.3181081
1645031604374,0.8261454,-0.010018326,-1.279658
1645031604385,0.7713762,-0.04448905,-1.2676673
1645031604399,0.6917532,-0.12287285,-1.3035867
1645031604404,0.58992934,-0.24979492,-1.4084301
1645031604414,0.48220614,-0.39176193,-1.5110743
1645031604424,0.37118423,-0.5313378,-1.5271664
1645031604434,0.26906362,-0.66442096,-1.5790732
1645031604447,0.18183087,-0.745161,-1.5816563
1645031604457,0.11845711,-0.7580941,-1.5315473
1645031604464,0.07981499,-0.7106554,-1.4551706
1645031604474,0.061698228,-0.61352646,-1.4214154
1645031604484,0.08208395,-0.48937953,-1.4010297
1645031604494,0.13669604,-0.37046862,-1.371062
1645031604504,0.21364866,-0.28540012,-1.3712541
1645031604517,0.2968671,-0.23752509,-1.3950956
1645031604524,0.35942054,-0.19132559,-1.3826861
1645031604534,0.38965005,-0.12835325,-1.2902696
1645031604544,0.37383717,-0.08944934,-1.261995
1645031604556,0.32147658,-0.050650142,-1.2212933
1645031604564,0.24380836,0.0035779737,-1.1342525
1645031604578,0.14809321,0.040317655,-1.0840387
1645031604584,0.05656689,0.06850511,-1.0550485
1645031604594,-0.01844838,0.09719871,-1.021782
1645031604604,-0.06365302,0.15399249,-0.9516537
1645031604614,-0.065834716,0.20572476,-0.92910373
1645031604624,-0.043424383,0.2669692,-0.9651278
1645031604637,-0.018553102,0.37432587,-0.91922504
1645031604644,-0.013526485,0.5041976,-0.8322541
1645031604654,-0.020542804,0.61846584,-0.7704512
1645031604664,-0.020542804,0.61846584,-0.7704512
1645031604674,-0.17736277,0.7224714,-0.6665852
1645031604684,-0.29733834,0.7206563,-0.5869622
1645031604700,-0.45485646,0.635867,-0.6134916
1645031604704,-0.66131425,0.5218431,-0.56982285
1645031604714,-0.88093203,0.36476132,-0.52531636
1645031604724,-1.085435,0.18322715,-0.49306223
1645031604734,-1.2458329,0.034784887,-0.43111965
1645031604744,-1.3204992,-0.051592633,-0.3793699
1645031604759,-1.3386683,-0.09976438,-0.34811065
1645031604766,-1.2596213,-0.06667248,-0.32430404
1645031604774,-1.1259098,0.050702505,-0.21127498
1645031604784,-0.96072954,0.2264421,-0.06698665
1645031604794,-0.78163886,0.42694825,0.03251593
1645031604804,-0.6241208,0.6369142,0.1589493
1645031604817,-0.5143904,0.8306833,0.29992145
1645031604824,-0.44122523,0.9637839,0.32414696
1645031604834,-0.41439918,1.0335282,0.33835414
1645031604845,-0.4106292,1.0297582,0.27930883
1645031604854,-0.43696657,0.98863775,0.27950084
1645031604864,-0.44797975,0.90725195,0.24173139
1645031604884,-0.42926958,0.80712104,0.15931582
1645031604885,-0.42926958,0.80712104,0.15931582
1645031604885,-0.42926958,0.80712104,0.15931582
1645031604886,-0.376909,0.7046339,0.0598307
1645031604894,-0.2941618,0.6180121,-0.05311109
1645031604904,-0.19598569,0.5535387,-0.12514181
1645031604914,-0.100741774,0.5102016,-0.13360678
1645031604926,0.021886727,0.44768304,-0.25019634
1645031604940,0.13512523,0.37455276,-0.31521076
1645031604944,0.24429706,0.28358495,-0.38478053
1645031604954,0.35547605,0.16703027,-0.53013355
1645031604964,0.44501266,0.038275592,-0.6687844
1645031604975,0.50185883,-0.10004363,-0.7718474
1645031604984,0.5405882,-0.24663584,-0.926381
1645031605003,0.5125055,-0.3973296,-1.0136662
1645031605004,0.5125055,-0.3973296,-1.0136662
1645031605009,0.4600576,-0.5417052,-1.0699013
1645031605014,0.4006458,-0.66216946,-1.1010734
1645031605024,0.3323501,-0.759246,-1.1099398
1645031605034,0.3323501,-0.759246,-1.1099398
1645031605044,0.21841347,-0.80089015,-1.0383455
1645031605057,0.20656253,-0.8046426,-1.0036827
1645031605070,0.21150188,-0.80017453,-0.94957674
1645031605074,0.26534602,-0.83520377,-0.9916921
1645031605084,0.3385985,-0.88866395,-1.084475
1645031605103,0.5261541,-1.0181167,-1.3398203
1645031605105,0.5261541,-1.0181167,-1.3398203
1645031605113,0.63375515,-1.0611048,-1.4230386
1645031605126,0.63375515,-1.0611048,-1.4230386
1645031605129,0.73842394,-1.0574919,-1.4634087
1645031605134,0.8630945,-0.9797015,-1.5260843
1645031605145,0.96244,-0.8702679,-1.5309713
1645031605154,1.0713849,-0.76662886,-1.5894406
1645031605164,1.1915525,-0.69707656,-1.7080897
1645031605190,1.2761323,-0.64595515,-1.7923553
1645031605192,1.2761323,-0.64595515,-1.7923553
1645031605193,1.2761323,-0.64595515,-1.7923553
1645031605193,1.3349856,-0.60876167,-1.8776333
1645031605197,1.3299938,-0.5366961,-1.8143991
1645031605204,1.2847369,-0.45188934,-1.7809757
1645031605215,1.1946069,-0.32938302,-1.6986997
1645031605224,1.045222,-0.15505716,-1.5015795
1645031605248,0.87501526,0.036128808,-1.2581377
1645031605249,0.87501526,0.036128808,-1.2581377
1645031605250,0.87501526,0.036128808,-1.2581377
1645031605250,0.49620387,0.33627716,-0.6514705
1645031605254,0.49620387,0.33627716,-0.6514705
1645031605272,0.3178637,0.36842656,-0.41724408
1645031605280,0.16167204,0.30897984,-0.26566017
1645031605285,0.039881315,0.18211013,-0.18176106
1645031605305,-0.033056986,0.040509645,-0.15097304
1645031605306,-0.033056986,0.040509645,-0.15097304
1645031605306,-0.04825901,-0.06342613,-0.12280304
1645031605314,0.017662972,-0.16244,-0.20471245
1645031605329,0.30800244,-0.27299067,-0.54804087
1645031605335,0.30800244,-0.27299067,-0.54804087
1645031605348,0.49808884,-0.32016754,-0.8122698
1645031605361,0.67972773,-0.3381796,-1.0227594
1645031605364,0.82577884,-0.37064317,-1.2493935
1645031605377,0.9017366,-0.39240772,-1.3615499
1645031605384,0.89849025,-0.4142421,-1.4936905
1645031605394,0.77875906,-0.30894494,-1.4279082
1645031605404,0.5207784,-0.0042412076,-1.0252552
1645031605421,0.15184571,0.47136748,-0.34716818
1645031605424,-0.26854002,0.9778166,0.3982023
1645031605436,-0.67349684,1.4061786,1.1001134
1645031605449,-0.98045206,1.6222707,1.5676935
1645031605458,-0.98045206,1.6222707,1.5676935
1645031605464,-1.0667597,1.5280217,1.6762893
1645031605488,-0.9928266,1.2800767,1.5253862
1645031605488,-0.9928266,1.2800767,1.5253862
1645031605489,-0.9928266,1.2800767,1.5253862
1645031605490,-0.42825726,0.5234663,0.5024348
1645031605496,-0.42825726,0.5234663,0.5024348
1645031605504,-0.14102452,0.190802,0.031730518
1645031605514,0.1361899,-0.13824941,-0.46447334
1645031605524,0.37947464,-0.45729995,-0.90555894
1645031605538,0.55825114,-0.75378305,-1.2438781
1645031605544,0.6494633,-0.99907494,-1.3659831
1645031605554,0.69414437,-1.2481892,-1.4425517
1645031605564,0.7125578,-1.5226983,-1.5846758
1645031605574,0.6805306,-1.7333101,-1.586299
1645031605584,0.60699886,-1.8649969,-1.4653635
1645031605599,0.46672484,-1.8768828,-1.1860198
1645031605604,0.28684875,-1.7907671,-0.8211711
1645031605614,0.10451174,-1.6564447,-0.48358494
1645031605624,-0.06459551,-1.5096431,-0.2558862
1645031605634,-0.20673706,-1.3302732,-0.027506763
1645031605644,-0.31203422,-1.1483027,0.15318963
1645031605658,-0.37043372,-0.99333274,0.18930098
1645031605664,-0.376717,-0.82436514,0.20401432
1645031605676,-0.33563137,-0.6401257,0.20164064
1645031605685,-0.33563137,-0.6401257,0.20164064
1645031605694,-0.23134653,-0.40464264,0.19965093
1645031605705,-0.09657038,-0.14324112,0.25525787
1645031605720,0.040387467,0.052639846,0.19718999
1645031605724,0.16942142,0.18697967,0.112383276
1645031605734,0.29280043,0.24031766,-0.016284144
1645031605744,0.4186578,0.24139978,-0.11791605
1645031605754,0.54207176,0.18879484,-0.24344184
1645031605765,0.6579283,0.11137097,-0.35858276
1645031605779,0.7555633,0.035186317,-0.38919628
1645031605784,0.81357884,-0.07271141,-0.36113098
1645031605794,0.84459376,-0.26820838,-0.38680512
1645031605805,0.8571778,-0.4805306,-0.3392966
1645031605820,0.865346,-0.73659134,-0.34448034
1645031605826,0.89812374,-0.94210666,-0.29026964
1645031605857,0.9571341,-1.145161,-0.31761932
1645031605858,1.0313815,-1.317916,-0.32137185
1645031605859,1.0804259,-1.5112662,-0.40321144
1645031605875,1.0904442,-1.6723623,-0.4387992
1645031605877,1.0366874,-1.7867179,-0.46731827
1645031605884,0.90372634,-1.6995898,-0.34653983
1645031605900,0.7485121,-1.5633476,-0.23225412
1645031605904,0.56359196,-1.3359455,-0.17071298
1645031605914,0.32693952,-0.9152282,-0.028396893
1645031605924,0.020909328,-0.28817523,0.2685924
1645031605934,-0.36985776,0.44661838,0.6614015
1645031605944,-0.7974518,1.1521773,1.1189982
1645031605959,-1.219513,1.6609129,1.572598
1645031605964,-1.5535038,1.9204293,1.8282224
1645031605974,-1.7376037,1.932228,1.9090672
1645031605984,-1.7560171,1.7476918,1.8024086
1645031605999,-1.6301422,1.459342,1.5112662
1645031606004,-1.3408849,1.1227332,0.97291213
1645031606030,-1.0235099,0.8186578,0.41485295
1645031606034,-1.0235099,0.8186578,0.41485295
1645031606035,-1.0235099,0.8186578,0.41485295
1645031606036,-0.3095209,0.27374116,-0.8574221
1645031606036,-0.3095209,0.27374116,-0.8574221
1645031606044,0.003717602,0.058608953,-1.3385462
1645031606054,0.26805133,-0.1557553,-1.7350904
1645031606064,0.4757134,-0.3977834,-2.0555546
1645031606082,0.64047474,-0.6378043,-2.2216074
1645031606083,0.64047474,-0.6378043,-2.2216074
1645031606085,0.76938653,-0.8682782,-2.2335458
1645031606095,0.8698665,-1.1551269,-2.3358583
1645031606104,0.95339906,-1.3803648,-2.3154202
1645031606114,1.002077,-1.5664543,-2.277162
1645031606124,1.0024436,-1.6374029,-2.0830615
1645031606139,0.93755126,-1.6319574,-1.8356576
1645031606144,0.820665,-1.579335,-1.5425081
1645031606154,0.6714547,-1.519068,-1.2166332
1645031606164,0.5158391,-1.482049,-0.8848765
1645031606174,0.37713587,-1.4504058,-0.5385985
1645031606184,0.24223754,-1.4645956,-0.3901213
1645031606198,0.13519505,-1.4132472,-0.31311634
1645031606204,0.048241556,-1.2522733,-0.23890392
1645031606214,-0.02862379,-0.9674492,-0.10138755
1645031606225,-0.15641853,-0.70520985,-0.07445676
1645031606237,-0.298403,-0.44471595,0.058661316
1645031606245,-0.43050876,-0.28890827,0.19806266
1645031606269,-0.5248102,-0.26024958,0.34352037
1645031606270,-0.5248102,-0.26024958,0.34352037
1645031606270,-0.5248102,-0.26024958,0.34352037
1645031606271,-0.5614975,-0.52056897,0.51112664
1645031606280,-0.5614975,-0.52056897,0.51112664
1645031606287,-0.52269834,-0.636059,0.49873462
1645031606305,-0.47220525,-0.6952788,0.4677546
1645031606309,-0.47220525,-0.6952788,0.4677546
1645031606321,-0.46588707,-0.45037088,0.31362247
1645031606330,-0.5268697,0.29561043,0.18062659
1645031606334,-0.60445064,1.0871105,0.06857492
1645031606346,-0.7205341,1.8656253,0.03817087
1645031606354,-0.8908456,2.6248188,0.25101668
1645031606364,-1.1038834,3.2667248,0.69053143
1645031606385,-1.3423859,3.5540972,1.1020857
1645031606386,-1.3423859,3.5540972,1.1020857
1645031606386,-1.3423859,3.5540972,1.1020857
1645031606393,-1.5003054,3.4601624,1.4045728
1645031606394,-1.5488787,3.1067283,1.462536
1645031606404,-1.5091195,2.6664805,1.4439828
1645031606414,-1.4085174,2.2237368,1.3453879
1645031606426,-1.2179073,1.7615498,0.9871193
1645031606438,-0.888629,1.3590715,0.53282136
1645031606444,-0.45428047,0.9956192,-0.15205516
1645031606454,0.061593506,0.63448817,-1.0575792
1645031606464,0.6303691,0.21680775,-2.2344532
1645031606475,1.1544462,-0.16406319,-3.2040668
1645031606484,1.6033336,-0.5562615,-4.092783
1645031606498,1.9174798,-0.9015097,-4.7362947
1645031606504,2.0504582,-1.1308491,-4.971446
1645031606514,1.9906274,-1.1456497,-4.8447685
1645031606524,1.7564883,-1.1534514,-4.385618
1645031606541,0.96525,-0.88782614,-2.740274
1645031606544,0.96525,-0.88782614,-2.740274
1645031606557,0.5706257,-0.7148442,-1.8744742
1645031606564,0.25478664,-0.56065977,-1.1208657
1645031606574,0.060843006,-0.47548652,-0.6361812
1645031606584,-0.0150449425,-0.4396195,-0.4209966
1645031606594,0.0029671001,-0.42169473,-0.32590976
1645031606604,0.09374291,-0.4555895,-0.31414607
1645031606618,0.20837769,-0.52727115,-0.28955406
1645031606624,0.32215726,-0.6571429,-0.28417838
1645031606634,0.4121302,-0.7883934,-0.14009948
1645031606644,0.49248627,-0.97340083,-0.09650057
1645031606659,0.5590017,-1.133153,0.0077842744
1645031606664,0.62277687,-1.2657474,0.12760276
1645031606678,0.6986474,-1.3542892,0.3444454
1645031606684,0.77127147,-1.5174099,0.33158216
1645031606694,0.8220264,-1.5953225,0.5006545
1645031606705,0.86976177,-1.6677895,0.7368706
1645031606714,0.8943887,-1.7632604,0.849027
1645031606724,0.8735666,-1.8061087,0.9083864
1645031606737,0.839253,-1.7952875,0.9180208
1645031606744,0.7860721,-1.7482502,0.8183088
1645031606754,0.6718213,-1.4786631,0.79780084
1645031606764,0.45459464,-0.99453706,0.8078541
1645031606774,0.13022079,-0.41328213,0.77334845
1645031606784,-0.23707129,0.21281089,0.7855136
1645031606804,-0.577101,0.81504494,0.8885592
1645031606805,-0.577101,0.81504494,0.8885592
1645031606805,-0.83082294,1.232673,0.8724845
1645031606814,-1.0016057,1.5073742,0.8256567
1645031606824,-1.0589755,1.5876952,0.6623266
1645031606834,-0.99661404,1.5405358,0.4910725
1645031606844,-0.80881405,1.3086308,0.09218954
1645031606858,-0.5944149,1.0624837,-0.28098437
1645031606864,-0.35503972,0.82832706,-0.57849723
1645031606874,-0.13364168,0.5442011,-0.9959857
1645031606884,0.05848678,0.29887426,-1.3127323
1645031606894,0.22686099,0.07396806,-1.5618117
1645031606904,0.3838904,-0.12016755,-1.7102714
1645031606922,0.5228903,-0.3327341,-1.8357449
1645031606924,0.64674056,-0.52105767,-1.8425691
1645031606935,0.7413038,-0.74739504,-1.8847543
1645031606944,0.79066235,-0.92104024,-1.7899293
1645031606954,0.78846323,-1.0014486,-1.4990139
1645031606964,0.71362245,-1.0427088,-1.1453356
1645031606978,0.5773628,-1.0468627,-0.80666727
1645031606984,0.39734706,-0.9446025,-0.40401432
1645031606994,0.20506153,-0.7229776,0.019600315
1645031607004,0.01562091,-0.45955145,0.30386597
1645031607014,-0.12779474,-0.16730954,0.44670564
1645031607026,-0.19621259,0.1290863,0.501021
1645031607038,-0.19621259,0.1290863,0.501021
1645031607045,-0.17715333,0.37162057,0.37566978
1645031607055,-0.12104023,0.5516188,0.13863339
1645031607064,-0.064246446,0.6515752,-0.18217994
1645031607074,-0.028361985,0.7539925,-0.3729121
1645031607084,-0.034139104,0.87063444,-0.37158567
1645031607099,-0.07402042,0.9251069,-0.26662013
1645031607104,-0.1302906,0.98174363,0.16144516
1645031607114,-0.1867004,0.94210666,0.63565755
1645031607124,-0.21946068,0.8453792,1.1613405
1645031607134,-0.2056724,0.6458679,1.4218343
1645031607144,-0.15036216,0.44377345,1.4404224
1645031607159,-0.054559734,0.35791954,1.3986909
1645031607164,0.054001223,0.36460423,1.109678
1645031607174,0.107705735,0.54060566,0.6478925
1645031607184,0.04836373,0.9485819,0.20457283
1645031607194,-0.15437648,1.606353,0.13578847
1645031607204,-0.49007767,2.3446722,0.41185096
1645031607219,-0.9895279,3.2178898,1.3878523
1645031607228,-1.5821451,3.983803,2.7380748
1645031607236,-2.2123222,4.4499693,4.569299
1645031607244,-2.5810454,4.2913694,5.604643
1645031607254,-2.6393228,3.6890478,5.559403
1645031607264,-2.4819617,2.8886116,5.0159526
1645031607278,-2.0327253,1.907252,3.7064664
1645031607284,-1.3987608,0.9346016,2.116799
1645031607294,-0.66721356,0.0360939,0.2640719
1645031607304,0.03445327,-0.6895017,-1.473043
1645031607314,0.66801643,-1.2915787,-3.0749803
1645031607324,1.1161009,-1.6689066,-4.000541
1645031607338,1.4544376,-1.9933327,-4.6767955
1645031607344,1.6428136,-2.2059517,-4.8864822
1645031607354,1.6519592,-2.2165809,-4.600192
1645031607365,1.6673532,-2.3110218,-4.312034
1645031607374,1.6249934,-2.320761,-3.8001397
1645031607385,1.5313553,-2.2517323,-3.1430316
1645031607399,1.409582,-2.1542194,-2.5024872
1645031607404,1.2531984,-1.9778863,-1.8108038
1645031607415,1.0797801,-1.777991,-1.3085086
1645031607425,0.8988568,-1.4664456,-0.8204904
1645031607435,0.7426652,-1.178218,-0.60352564
1645031607445,0.6243477,-0.8693603,-0.4417314
1645031607458,0.55182827,-0.5838206,-0.32835326
1645031607464,0.5268348,-0.32978445,-0.15374814
1645031607475,0.5339733,-0.12329174,0.07545161
1645031607485,0.57080024,0.010070687,0.2776682
1645031607495,0.6141548,0.060109958,0.38588008
1645031607505,0.6356925,0.047089625,0.3908369
1645031607519,0.5927917,0.14050092,0.5663147
1645031607524,0.4782442,0.30620474,0.8607383
1645031607535,0.30353433,0.49529627,1.2271228
1645031607545,0.1070425,0.59603804,1.5703115
1645031607555,-0.050999213,0.6126887,1.9966315
1645031607572,-0.1161707,0.44436687,2.3122263
1645031607580,-0.1161707,0.44436687,2.3122263
1645031607584,0.07176892,-0.33777815,2.6261454
1645031607594,0.20722575,-0.7752509,2.706868
1645031607605,0.2936382,-1.2319748,2.7561045
1645031607615,0.2912296,-1.6256392,2.9021206
1645031607625,0.15085086,-1.9222096,3.096169
1645031607639,-0.14289205,-1.9707654,3.3786893
1645031607644,-0.57865435,-1.7163278,3.6765337
1645031607656,-1.0972337,-1.2378218,3.9059954
1645031607665,-1.6860808,-0.5916921,4.0747185
1645031607675,-2.2004538,0.017331356,4.1117725
1645031607685,-2.566402,0.48850685,3.981796
1645031607700,-2.7658434,0.8141548,3.751898
1645031607704,-2.8321145,1.0206825,3.4099135
1645031607714,-2.8007505,1.1616546,2.9888473
1645031607725,-2.6929574,1.2660791,2.4989789
1645031607735,-2.4882102,1.3480757,2.076115
1645031607745,-2.2206998,1.4043285,1.6735841
1645031607758,-1.9151584,1.4443494,1.2270529
1645031607765,-1.5681647,1.4979492,0.85391396
1645031607777,-1.197958,1.5737499,0.47138494
1645031607787,-0.806004,1.6679466,0.14788376
1645031607794,-0.4101405,1.7847805,-0.18783489
1645031607805,-0.005672397,1.9171132,-0.4774762
1645031607844,0.39218083,2.0493586,-0.82010645
1645031607846,0.39218083,2.0493586,-0.82010645
1645031607847,0.39218083,2.0493586,-0.82010645
1645031607849,0.39218083,2.0493586,-0.82010645
1645031607850,1.3931059,2.403892,-1.6926085
1645031607851,1.3931059,2.403892,-1.6926085
1645031607870,1.6387818,2.4704947,-2.0358496
1645031607871,1.6387818,2.4704947,-2.0358496
1645031607871,1.8125316,2.4921198,-2.354202
1645031607883,1.9123309,2.4969368,-2.5347238
1645031607886,1.9614103,2.386648,-2.7994938
1645031607899,1.9638363,2.240946,-2.9428048
1645031607904,1.9922855,1.9521425,-3.1398027
1645031607918,1.9922855,1.9521425,-3.1398027
1645031607960,2.2198446,1.2756436,-3.642639
1645031607974,2.4102278,0.9557378,-3.9661226
1645031607976,2.4102278,0.9557378,-3.9661226
1645031607977,2.4102278,0.9557378,-3.9661226
1645031607977,2.4102278,0.9557378,-3.9661226
1645031607978,2.4102278,0.9557378,-3.9661226
1645031607979,3.3239374,0.2959595,-5.410472
1645031607979,3.3239374,0.2959595,-5.410472
1645031607980,3.3239374,0.2959595,-5.410472
1645031607980,3.3239374,0.2959595,-5.410472
1645031607984,3.9547255,-0.18263374,-6.324112
1645031607999,4.7480235,-0.84866047,-7.3551793
1645031608004,5.471629,-1.5378654,-7.969456
1645031608014,6.2084823,-2.2355702,-8.263531
1645031608024,6.272694,-2.2964482,-8.142927
1645031608034,6.2568984,-2.281892,-7.917602
1645031608044,6.248643,-2.274352,-7.756558
1645031608062,7.9909244,-2.36621,-8.106624
1645031608063,7.9909244,-2.36621,-8.106624
1645031608065,10.343538,-2.353399,-9.845921
1645031608074,12.847369,-1.9358059,-11.6221485
1645031608084,16.337883,-1.0155511,-14.044436
1645031608094,18.53921,0.79516536,-15.16162
1645031608104,18.859447,2.1717253,-15.614155
1645031608118,17.487164,2.2863426,-15.1911335
1645031608126,15.301161,1.5569421,-14.001693
1645031608134,13.000663,0.5462606,-12.240544
1645031608144,10.84866,0.4390959,-10.284108
1645031608154,9.030614,0.44611222,-8.40946
1645031608164,7.658923,0.44628677,-6.763941
1645031608186,6.763679,0.4467231,-5.4611397
1645031608193,6.763679,0.4467231,-5.4611397
1645031608194,6.763679,0.4467231,-5.4611397
1645031608196,6.32399,-0.1263112,-4.4859414
1645031608196,6.6461644,-0.4754167,-3.843337
1645031608204,7.626634,-0.43019462,-3.4740903
1645031608214,9.435867,0.11573435,-3.400541
1645031608225,12.531338,1.3654944,-3.7072344
1645031608240,17.023335,3.422009,-4.4357796
1645031608245,21.962248,5.9395757,-5.4463043
1645031608256,25.264753,8.018588,-6.267702
1645031608264,25.791412,9.06676,-6.5455976
1645031608276,24.208324,9.129505,-6.3294177
1645031608284,21.021626,8.579266,-5.704215
1645031608300,17.625011,7.8848066,-5.006318
1645031608305,14.279623,7.0991187,-4.322349
1645031608314,11.319854,6.349472,-3.7160835
1645031608325,8.968898,5.779876,-3.2547169
1645031608334,7.032394,5.267702,-2.869727
1645031608344,5.6676326,4.9532247,-2.572947
1645031608361,4.697827,4.7419496,-2.30987
1645031608364,4.1810107,4.688891,-2.0524652
1645031608378,4.004311,4.75017,-1.7595427
1645031608384,4.0232134,4.8540883,-1.4010297
1645031608394,4.175827,5.0033164,-0.9869971
1645031608404,4.281857,5.098525,-0.5590017
1645031608419,4.159927,5.023527,-0.1851296
1645031608424,3.9528406,4.81782,0.09965966
1645031608434,3.5681124,4.3405533,0.2646304
1645031608444,3.070233,3.56148,0.3119644
1645031608455,2.5339732,2.52111,0.26878437
1645031608464,2.1120517,1.3734881,0.212392
1645031608478,1.8002094,0.24899206,0.19673619
1645031608484,1.5727376,-0.72835326,0.24262153
1645031608494,1.527149,-1.3631207,0.3589144
1645031608504,1.554202,-1.6826425,0.5566978
1645031608514,1.5975391,-1.7728946,0.8263548
1645031608524,1.634558,-1.7366263,1.1608866
1645031608538,1.7221748,-1.6152544,1.556244
1645031608544,1.8378742,-1.4350293,1.9163103
1645031608554,1.8279431,-1.2659918,2.1844316
1645031608564,1.7877302,-1.0553452,2.307636
1645031608574,1.7302731,-0.8122873,2.2805655
1645031608584,1.6346103,-0.5749542,2.130692
1645031608598,1.5127673,-0.36099136,1.8950694
1645031608604,1.3769788,-0.16596562,1.6148704
1645031608614,1.2836722,0.042551707,1.3104808
1645031608625,1.1416703,0.24656601,1.0087093
1645031608635,1.0130378,0.47203073,0.71330833
1645031608645,0.93634695,0.7332926,0.41998428
1645031608659,0.8429706,1.000349,0.1332577
1645031608666,0.7841173,1.2967973,-0.17575705
1645031608674,0.74318874,1.5709922,-0.42937428
1645031608685,0.6808971,1.8232481,-0.67478836
1645031608695,0.61413735,2.025971,-0.94357276
1645031608705,0.54720306,2.156593,-1.2112051
1645031608720,0.5250371,2.244105,-1.4569509
1645031608724,0.47806963,2.2750328,-1.6958548
1645031608735,0.4108212,2.2477179,-1.9264333
1645031608745,0.26391482,2.1104286,-2.1254385
1645031608754,0.12955755,1.93612,-2.282852
1645031608765,-0.0012566542,1.7324723,-2.3879397
1645031608780,-0.16333014,1.4994502,-2.4407017
1645031608784,-0.3236059,1.2729907,-2.4642813
1645031608795,-0.45841697,1.054612,-2.48444
1645031608805,-0.6502662,0.7584257,-2.5201676
1645031608814,-0.9076359,0.31210402,-2.6193385
1645031608825,-1.1768217,-0.18455362,-2.7236583
1645031608840,-1.4672484,-0.7491753,-2.8193734
1645031608844,-1.8253251,-1.4212235,-2.8954184
1645031608854,-2.1756697,-2.0997121,-2.9176543
1645031608865,-2.4952962,-2.7503796,-2.8801117
1645031608874,-2.7331007,-3.2944934,-2.7629113
1645031608885,-2.8623788,-3.6889257,-2.58026
1645031608900,-2.9163628,-3.9615498,-2.3516712
1645031608904,-2.8799024,-4.0961514,-2.0878086
1645031608914,-2.723414,-4.0887165,-1.7786543
1645031608925,-2.3964918,-3.9713936,-1.3747622
1645031608939,-1.9729993,-3.7732437,-0.9415656
1645031608944,-1.4671438,-3.4325857,-0.52940047
1645031608961,-0.9844489,-3.0705996,-0.17607121
1645031608965,-0.6809669,-2.8327603,0.09910114
1645031608974,-0.44909677,-2.632097,0.27972773
1645031608985,-0.3018937,-2.490165,0.3678506
1645031608995,-0.25951654,-2.4025133,0.3762632
1645031609005,-0.32105768,-2.3382668,0.3320534
1645031609019,-0.42909503,-2.2353783,0.26093027
1645031609024,-0.67351425,-2.2228816,0.20331617
1645031609035,-0.8795532,-2.166978,0.16100882
1645031609045,-1.0326031,-2.07423,0.13809232
1645031609055,-1.221049,-2.049027,0.15224715
1645031609065,-1.3459814,-1.9658784,0.17188236
1645031609081,-1.4573,-1.8575617,0.18708439
1645031609084,-1.7173401,-1.8951217,0.20610873
1645031609094,-1.9988481,-1.9504844,0.20059343
1645031609104,-2.3326294,-2.0904617,0.17011955
1645031609114,-2.70137,-2.339698,0.12001047
1645031609124,-3.117567,-2.7032027,0.06864473
1645031609139,-3.5159264,-3.0568461,0.012531634
1645031609144,-3.9925997,-3.488629,-0.03385985
1645031609154,-4.6315384,-4.0750675,-0.0660267
1645031609165,-5.309678,-4.685016,-0.10597783
1645031609174,-6.121581,-5.444681,-0.15781482
1645031609185,-6.9132037,-6.17745,-0.23726329
1645031609199,-7.7054715,-6.924426,-0.36076447
1645031609204,-8.350118,-7.5028186,-0.5352474
1645031609214,-8.830666,-7.9100094,-0.7565058
1645031609225,-9.00836,-7.9925995,-1.0009948
1645031609234,-8.924199,-7.8382583,-1.0232656
1645031609245,-8.609983,-7.4770575,-1.0187626
1645031609259,-8.157483,-7.0033164,-1.0165808
1645031609264,-7.5682344,-6.328999,-1.014853
1645031609275,-7.0329523,-5.6515055,-1.013544
1645031609285,-6.574937,-4.9597173,-1.012549
1645031609294,-6.217384,-4.2764115,-1.0117811
1645031609304,-5.934741,-3.5878873,-1.0112052
1645031609319,-5.7339735,-2.9418797,-1.0107688
1645031609324,-5.574343,-2.314914,-1.0104373
1645031609335,-5.460651,-1.7474126,-0.9803648
1645031609345,-5.365826,-1.26196,-0.8573698
1645031609354,-5.155965,-0.7552142,-0.7064491
1645031609365,-4.784065,-0.71386683,-0.6165634
1645031609380,-4.278349,0.06517148,-0.6494982
1645031609384,-3.7191553,0.9616022,-0.84106815
1645031609395,-3.124845,1.8061087,-1.1727725
1645031609404,-2.5169213,2.5498734,-1.602461
1645031609415,-1.8921547,3.1634347,-2.0510342
1645031609431,-1.2548215,3.6058993,-2.4398987
1645031609442,-0.6252378,3.80658,-2.7003403
1645031609463,-0.012933066,3.8564446,-2.8785932
1645031609464,-0.012933066,3.8564446,-2.8785932
1645031609466,0.9258748,3.0507724,-2.6528144
1645031609476,1.2318527,2.54366,-2.391605
1645031609484,1.3742037,1.9955842,-1.9415132
1645031609499,1.3374466,1.3477092,-1.39342
1645031609505,1.1489484,0.6847718,-0.77357537
1645031609514,0.84661835,0.0454839,-0.14297932
1645031609524,0.49835065,-0.51337814,0.44986475
1645031609534,0.13783053,-1.0531809,0.9008116
1645031609544,-0.19322804,-1.5670477,1.1850947
1645031609559,-0.4647875,-2.01967,1.3224714
1645031609565,-0.6600052,-2.3500655,1.3668907
1645031609574,-0.7904355,-2.624557,1.305175
1645031609584,-0.83160836,-2.8014836,1.2100707
1645031609594,-0.81113535,-2.9546733,1.06011
1645031609604,-0.73519504,-3.0997121,0.8921197
1645031609618,-0.6158129,-3.2390785,0.7405358
1645031609624,-0.4526922,-3.349123,0.6657998
1645031609636,-0.35177588,-3.5618465,0.5887599
1645031609645,-0.32962736,-3.8203857,0.51898074
1645031609655,-0.43567502,-4.177799,0.43937516
1645031609665,-0.64461124,-4.5370975,0.39172703
1645031609678,-1.0933764,-5.0864997,0.2595689
1645031609685,-1.7961602,-5.8445764,0.027751112
1645031609694,-2.7633824,-6.8137536,-0.30767083
1645031609705,-4.1761584,-8.168374,-0.83155596
1645031609715,-6.059569,-9.895349,-1.5265206
1645031609725,-8.604119,-12.075608,-2.3851297
1645031609740,-8.848922,-12.280653,-2.466079
1645031609744,-8.806178,-12.241749,-2.4512436
1645031609754,-8.786997,-12.22351,-2.4444191
1645031609764,-11.331931,-13.018763,-1.9809059
1645031609775,-11.619094,-12.446025,-1.0632516
1645031609785,-10.750293,-10.858365,-0.96535474
1645031609799,-9.135544,-8.907531,-0.9750764
1645031609806,-7.3923554,-7.027716,-0.9775722
1645031609814,-5.6580677,-5.3125052,-0.9797539
1645031609824,-4.212549,-3.8705995,0.2977572
1645031609840,-3.0154464,-2.6705296,1.2847544
1645031609845,-2.0651367,-1.6995026,1.7567327
1645031609871,-1.3745527,-0.9751985,1.9009163
1645031609875,-1.3745527,-0.9751985,1.9009163
1645031609876,-1.3745527,-0.9751985,1.9009163
1645031609877,-0.40544552,-0.1609041,1.3813248
1645031609882,-0.40544552,-0.1609041,1.3813248
1645031609884,-0.014381709,0.14816302,0.7659482
1645031609894,0.2929226,0.5124531,-0.029793175
1645031609904,0.719801,0.9298543,-0.820281
1645031609919,1.2567589,1.3790907,-1.5264333
1645031609924,1.7799284,1.7805568,-2.0565145
1645031609935,2.118684,2.0499868,-2.3656166
1645031609944,2.4856446,2.30514,-2.425709
1645031609956,2.8429358,2.5577974,-2.3558426
1645031609964,3.2161968,2.7936645,-2.1868227
1645031609979,3.676272,3.0598307,-2.0113797
1645031609984,4.1290865,3.2848067,-1.8280303
1645031609994,4.601466,3.5034645,-1.6131774
1645031610005,5.180993,3.8258312,-1.3369229
1645031610015,5.991692,4.3775897,-0.9627018
1645031610025,6.9895105,5.1601186,-0.50833404
1645031610039,8.185147,6.2048697,0.023125928
1645031610044,9.432813,7.399668,0.5777118
1645031610055,10.408884,8.461785,1.0394799
1645031610064,11.300323,9.554394,1.4696047
1645031610075,11.717759,10.299921,1.7319661
1645031610084,11.543171,10.541146,1.7961428
1645031610100,10.911633,10.337673,1.7054019
1645031610104,9.926922,9.74071,1.5067807
1645031610115,8.712139,8.848486,1.2456235
1645031610125,7.3878174,7.786927,0.9708177
1645031610134,6.1982546,6.8485384,0.7603805
1645031610145,5.0341215,5.905821,0.55938566
1645031610159,4.019077,5.1124005,0.40139627
1645031610164,3.1343923,4.459464,0.26026705
1645031610174,2.406196,3.9663322,0.124356404
1645031610184,1.8191988,3.650877,-0.026232656
1645031610194,1.2958199,3.4512784,-0.23022951
1645031610205,0.8341566,3.4338772,-0.5370626
1645031610219,0.37481457,3.494633,-0.93427
1645031610224,-0.043145128,3.6823633,-1.3706781
1645031610235,-0.45421067,3.8826075,-1.8689764
1645031610245,-0.80944234,4.108788,-2.3624225
1645031610254,-1.1033598,4.3265033,-2.813736
1645031610265,-1.3448992,4.4653635,-3.2159526
1645031610279,-1.4989964,4.5083165,-3.5084038
1645031610284,-1.5565757,4.4506154,-3.7010908
1645031610294,-1.4973209,4.296029,-3.7959158
1645031610306,-1.2938302,4.0041714,-3.8476655
1645031610314,-0.93046516,3.657998,-3.81124
1645031610325,-0.41925123,3.1435378,-3.837141
1645031610339,0.21717428,2.5669606,-3.8345754
1645031610344,0.9509207,1.8964657,-3.8100357
1645031610355,1.7212322,1.192879,-3.6163714
1645031610366,2.4463565,0.45188934,-3.1592984
1645031610374,3.0216424,-0.2529889,-2.3758793
1645031610386,3.3564885,-0.8359019,-1.2701807
1645031610399,3.4201064,-1.2763418,0.037001483
1645031610404,3.3047037,-1.5687233,1.390575
1645031610414,3.073305,-1.7634872,2.6430752
1645031610425,2.7587223,-1.9354045,3.7349331
1645031610441,2.3841348,-2.1705558,4.9226985
1645031610445,1.9481455,-2.3729296,5.9515142
1645031610460,1.9481455,-2.3729296,5.9515142
1645031610465,0.95156646,-2.7214067,6.6381707
1645031610474,0.27971026,-2.8508596,6.404119
1645031610485,-0.47075662,-2.9047387,5.966646
1645031610495,-1.3263462,-3.030125,5.398394
1645031610505,-2.2456584,-3.23194,4.7878
1645031610519,-3.1712365,-3.480513,4.168933
1645031610524,-4.0817175,-3.7437997,3.5598044
1645031610534,-5.0629897,-4.125421,2.9170957
1645031610545,-5.9084215,-4.447037,2.3496292
1645031610555,-6.739541,-4.841714,1.7880793
1645031610565,-7.4685574,-5.215865,1.2781744
1645031610581,-8.10425,-5.5564885,0.7970853
1645031610585,-8.605393,-5.805585,0.36519766
1645031610594,-9.025587,-6.00096,-0.04372109
1645031610605,-9.22906,-6.1100445,-0.37139365
1645031610614,-9.234663,-6.1080375,-0.39460686
1645031610625,-9.207313,-6.0866218,-0.3844838
1645031610639,-9.163086,-6.0702853,-0.37840998
1645031610644,-9.058068,-6.0257616,-0.37369752
1645031610656,-8.871228,-5.896448,-0.37011954
1645031610672,-8.481194,-5.5920587,-0.26066846
1645031610675,-8.481194,-5.5920587,-0.26066846
1645031610684,-7.3065014,-4.557134,-0.24588533
1645031610699,-6.6814556,-3.9407103,-0.24504755
1645031610704,-5.923833,-3.258993,-0.24445415
1645031610714,-5.154394,-2.5945196,-0.24400035
1645031610725,-4.4594293,-2.007732,0.39738196
1645031610734,-3.8370016,-1.5319836,0.88890827
1645031610745,-3.2861333,-1.1863688,1.1206388
1645031610759,-2.6873374,-0.9433284,1.118492
1645031610766,-2.1508858,-0.76449955,0.88098437
1645031610774,-1.5983769,-0.5909416,0.46590453
1645031610785,-1.0227419,-0.40254822,-0.048922244
1645031610794,-0.4653111,-0.20773192,-0.61242694
1645031610805,0.071716554,-0.0012392006,-1.180644
1645031610819,0.6375251,0.22328301,-1.6970242
1645031610824,1.1440964,0.44099835,-2.1648138
1645031610834,1.6243651,0.6390959,-2.562126
1645031610845,2.178602,0.82026356,-2.8421502
1645031610854,2.775478,1.0310498,-3.0066497
1645031610864,3.44044,1.3081247,-3.0100708
1645031610886,4.1713066,1.6845274,-2.8867614
1645031610889,4.1713066,1.6845274,-2.8867614
1645031610890,4.1713066,1.6845274,-2.8867614
1645031610891,5.0417137,2.2454665,-2.6345055
1645031610895,6.1305175,3.031172,-2.295558
1645031610905,7.780749,4.253565,-1.8075923
1645031610915,9.555808,5.6976175,-1.2292172
1645031610925,11.378131,7.3412514,-0.58165634
1645031610939,12.7500305,8.814993,-0.007888995
1645031610951,13.503465,9.921249,0.4262152
1645031610954,13.443564,10.410594,0.67412513
1645031610964,12.73139,10.34366,0.7057684
1645031610974,11.465346,9.726887,0.57422113
1645031610985,9.961707,8.803596,0.3725805
1645031610999,8.421258,7.7625794,0.15687233
1645031611004,6.885784,6.668069,-0.059743434
1645031611014,5.4940395,5.6707916,-0.2393228
1645031611025,4.2820144,4.8187976,-0.37188235
1645031611034,3.2197225,4.1533465,-0.46656775
1645031611045,2.2703202,3.6437736,-0.558513
1645031611059,1.4194607,3.2700062,-0.6682782
1645031611064,0.65124357,3.0576665,-0.8096867
1645031611074,-0.011135352,3.0558164,-0.95997906
1645031611084,-0.63790905,3.1606946,-1.1505542
1645031611094,-1.2100183,3.3342526,-1.3648137
1645031611104,-1.6762545,3.5741513,-1.555127
1645031611119,-2.035797,3.7751462,-1.7220874
1645031611125,-2.216092,3.9550745,-1.7979405
1645031611134,-2.231905,4.020124,-1.8070512
1645031611144,-2.0962563,4.034261,-1.7398027
1645031611154,-1.8912994,3.848451,-1.7043023
1645031611164,-1.6233528,3.580068,-1.6331617
1645031611180,-1.3523693,3.2675974,-1.523222
1645031611184,-1.0922419,2.9852867,-1.3631207
1645031611194,-0.8568985,2.6519418,-1.2676848
1645031611204,-0.59682345,2.3443582,-1.2581377
1645031611214,-0.2634785,2.0368445,-1.3660179
1645031611224,0.2042412,1.7602932,-1.5685488
1645031611238,0.79418796,1.357169,-1.9590715
1645031611244,1.4838468,0.8934462,-2.369439
1645031611254,2.123606,0.35919365,-2.7200804
1645031611265,2.5886202,-0.034994327,-2.8678768
1645031611275,2.8718038,-0.33111092,-2.8815951
1645031611285,2.986299,-0.64571077,-2.7879746
1645031611299,2.978253,-0.93620735,-2.49959
1645031611304,2.8864474,-1.2185531,-1.9529802
1645031611315,2.7473078,-1.6100707,-1.1710795
1645031611325,2.57752,-2.0145912,-0.13758618
1645031611334,2.323501,-2.3707304,1.0495505
1645031611351,1.9311982,-2.714757,2.2428832
1645031611362,1.4056724,-3.0104373,3.3999128
1645031611366,0.85775375,-3.3280566,4.197155
1645031611374,0.27307793,-3.607121,4.530849
1645031611385,-0.29009512,-3.8373156,4.464037
1645031611394,-0.74165285,-4.0069637,4.120272
1645031611404,-1.1079675,-4.1995115,3.6515403
1645031611419,-1.4552753,-4.454647,3.1658084
1645031611424,-1.9065189,-4.8174186,2.722838
1645031611434,-2.4905488,-5.2832885,2.3662972
1645031611444,-3.2161794,-6.0210314,2.1345317
1645031611460,-4.1189632,-6.9635572,1.9691247
1645031611467,-4.1189632,-6.9635572,1.9691247
1645031611478,-7.196806,-9.365722,1.4586962
1645031611484,-9.26512,-10.563068,1.1707305
1645031611494,-11.098019,-11.218379,0.89726853
1645031611504,-11.251872,-11.1288595,0.6958373
1645031611514,-11.213596,-10.372336,0.56896764
1645031611524,-10.978864,-9.129383,0.52501965
1645031611538,-10.163243,-7.6978793,0.5069378
1645031611544,-9.02831,-6.276132,0.48752946
1645031611554,-7.7685137,-4.9347763,0.4877738
1645031611564,-6.6277337,-3.771603,0.48993805
1645031611574,-5.626163,-2.790034,0.4914565
1645031611584,-4.7665243,-1.9940134,0.4926259
1645031611598,-4.1402044,-1.4278908,0.8359717
1645031611604,-3.774483,-1.108753,1.1993542
1645031611614,-3.5173924,-0.9891439,1.5395759
1645031611624,-3.3566105,-1.088978,1.8521338
1645031611634,-3.227786,-1.3390523,2.131233
1645031611645,-3.06107,-1.6292173,2.3221922
1645031611658,-2.9092066,-1.8772318,2.385985
1645031611664,-2.6413126,-1.9973471,2.2715943
1645031611674,-2.3425605,-1.9677808,1.9549
1645031611685,-1.950432,-1.7873986,1.4797801
1645031611694,-1.4812986,-1.5052273,0.9029409
1645031611705,-1.0147482,-1.1815865,0.24902697
1645031611719,-0.5313902,-0.8437909,-0.45344272
1645031611724,-0.030665852,-0.508177,-1.1802251
1645031611735,0.4499171,-0.17935248,-1.927341
1645031611745,0.98996425,0.17786892,-2.659412
1645031611754,1.5682869,0.5423859,-3.2746313
1645031611765,2.138773,0.8634087,-3.6973557
1645031611804,2.7484248,1.179719,-3.8653286
1645031611806,2.7484248,1.179719,-3.8653286
1645031611806,2.7484248,1.179719,-3.8653286
1645031611807,2.7484248,1.179719,-3.8653286
1645031611819,4.9901385,2.7170956,-3.2165635
1645031611820,4.9901385,2.7170956,-3.2165635
1645031611820,4.9901385,2.7170956,-3.2165635
1645031611821,6.1564536,3.642447,-2.8065276
1645031611824,7.410804,4.7287374,-2.3620386
1645031611840,8.776158,5.9993544,-1.8589406
1645031611851,10.092434,7.335457,-1.3329086
1645031611854,11.112349,8.56724,-0.85679376
1645031611865,11.773261,9.611432,-0.4989615
1645031611880,11.797242,10.154638,-0.27552143
1645031611887,11.289083,10.213998,-0.18104547
1645031611899,10.41871,9.891003,-0.18432672
1645031611904,9.29959,9.256427,-0.2362859
1645031611914,7.998918,8.366524,-0.3180906
1645031611925,6.6509295,7.369055,-0.3932455
1645031611934,5.3916745,6.431259,-0.43427873
1645031611945,4.2604766,5.6229687,-0.4459028
1645031611962,3.2767258,4.993612,-0.4309102
1645031611974,2.363173,4.4636354,-0.43848503
1645031611977,2.363173,4.4636354,-0.43848503
1645031611985,0.7906449,3.9261017,-0.6380662
1645031611994,0.13027315,3.848643,-0.8282747
1645031612005,-0.42045555,3.8849115,-1.0797452
1645031612019,-0.82162493,4.030299,-1.3602408
1645031612024,-1.0841609,4.181325,-1.6590104
1645031612034,-1.2131948,4.2373157,-1.9320185
1645031612045,-1.2007155,4.1978183,-2.109643
1645031612055,-1.085243,4.0779824,-2.1543067
1645031612065,-0.9222794,3.88177,-2.0803735
1645031612081,-0.7641156,3.659761,-1.9108648
1645031612085,-0.67374116,3.4390087,-1.6957152
1645031612094,-0.696902,3.2786632,-1.4789075
1645031612105,-0.8192338,3.231486,-1.2837245
1645031612114,-1.031905,3.244332,-1.151776
1645031612125,-1.2745789,3.3922856,-1.0519068
1645031612141,-1.4975303,3.5597172,-1.0315211
1645031612144,-1.6200018,3.608343,-1.068732
1645031612154,-1.568444,3.4880705,-1.0876342
1645031612165,-1.3427874,3.0263722,-1.1085784
1645031612174,-0.95716906,2.3095384,-1.0486779
1645031612185,-0.44804958,1.3995113,-0.9708526
1645031612199,0.1537656,0.48342788,-0.87300813
1645031612204,0.8218169,-0.47009337,-0.9214417
1645031612214,1.531268,-1.2940047,-1.067999
1645031612225,2.2775984,-2.0052884,-1.3199407
1645031612234,3.058452,-2.574099,-1.5760713
1645031612245,3.7994416,-3.1479013,-1.7537482
1645031612259,4.3890915,-3.5361202,-1.6105593
1645031612264,4.620211,-3.8271227,-0.8685051
1645031612276,4.531146,-3.9090147,-0.017889868
1645031612285,4.1036043,-3.859604,1.0888734
1645031612294,3.501283,-3.745126,2.208622
1645031612305,2.8477702,-3.6262326,3.1469412
1645031612319,2.2262328,-3.5976787,3.846252
1645031612324,1.7072519,-3.668767,4.2970767
1645031612335,1.2673881,-3.7976787,4.4579806
1645031612345,0.8314687,-3.9139192,4.357448
1645031612354,0.3364517,-4.044786,4.067964
1645031612365,-0.22324811,-4.236094,3.7178638
1645031612380,-0.9156296,-4.4708266,3.41501
1645031612384,-1.7890391,-4.901981,3.2497776
1645031612395,-2.8000524,-5.614609,3.2263374
1645031612405,-4.0062137,-6.5991797,3.297408
1645031612414,-5.562213,-7.8148007,3.3755999
1645031612425,-7.416773,-9.054053,3.4498823
1645031612440,-9.265992,-9.954883,3.4780347
1645031612444,-10.753975,-10.267283,3.4058468
1645031612460,-10.871123,-9.893097,3.171638
1645031612464,-10.835448,-8.815185,2.795951
1645031612477,-10.835448,-8.815185,2.795951
1645031612484,-9.263322,-6.134183,1.8479275
1645031612499,-8.220403,-4.9345665,1.4957675
1645031612504,-7.160642,-3.8730605,1.2640195
1645031612514,-6.2586265,-2.9999301,1.1463653
1645031612525,-5.5121737,-2.2932367,1.1361899
1645031612535,-4.899642,-1.7344097,1.1408325
1645031612545,-4.416162,-1.3229426,1.2826076
1645031612559,-4.005812,-1.023283,1.4611572
1645031612564,-3.7204642,-0.8775635,1.6357274
1645031612574,-3.4878612,-0.9167292,1.8036653
1645031612585,-3.3503273,-1.1955843,1.9445851
1645031612594,-3.1997383,-1.660878,2.0892923
1645031612605,-3.1013527,-2.1961253,2.209547
1645031612619,-2.959403,-2.590069,2.2647526
1645031612626,-2.691125,-2.763435,2.2318702
1645031612634,-2.3569071,-2.7024696,2.0361462
1645031612645,-2.0189893,-2.5341477,1.7858975
1645031612654,-1.693324,-2.2650843,1.4781046
1645031612665,-1.4151846,-1.910411,1.1284231
1645031612679,-1.0745789,-1.4583297,0.7446025
1645031612684,-0.66784185,-0.928458,0.32816127
1645031612694,-0.18319225,-0.3248451,-0.14767432
1645031612705,0.36959594,0.33278647,-0.79649186
1645031612714,0.965058,0.9660005,-1.5204992
1645031612725,1.549472,1.5190854,-2.2030194
1645031612739,2.0871456,1.9719347,-2.7501004
1645031612744,2.566524,2.3320534,-3.1612706
1645031612754,3.0254648,2.6268435,-3.4471943
1645031612765,3.3244088,2.7805743,-3.6199145
1645031612774,3.6167204,2.8572302,-3.6264944
1645031612785,3.805079,2.8211536,-3.4860458
1645031612800,3.8700411,2.6955407,-3.2096343
1645031612804,3.8872676,2.558094,-2.8299851
1645031612814,3.9495418,2.4777205,-2.389912
1645031612825,3.9750066,2.409006,-1.9480582
1645031612834,4.059464,2.4273496,-1.530692
1645031612855,4.123571,2.4678419,-1.1801553
1645031612856,4.123571,2.4678419,-1.1801553
1645031612857,4.123571,2.4678419,-1.1801553
1645031612864,4.123571,2.4678419,-1.1801553
1645031612870,4.191273,2.5916572,-0.8794834
1645031612874,4.2437387,2.7692993,-0.63839775
1645031612885,4.2076797,2.9235013,-0.44530937
1645031612898,4.133048,3.0831137,-0.26562527
1645031612904,3.8782094,3.118649,-0.100898854
1645031612919,3.5324724,3.0971463,0.07035518
1645031612924,3.1234138,3.0219042,0.25902784
1645031612935,2.624243,2.8617506,0.4422201
1645031612955,2.1444454,2.6714025,0.6173139
1645031612956,1.6500741,2.3792303,0.7357012
1645031612965,1.2405272,2.1247404,0.83302206
1645031612980,0.8413125,1.8001221,0.88044333
1645031612984,0.5486866,1.4457457,0.8975478
1645031612994,0.3584955,1.0334759,0.89109
1645031613005,0.1659307,0.66545075,0.8724322
1645031613014,-0.027262414,0.38771272,0.8484859
1645031613025,-0.17074789,0.14126886,0.79638714
1645031613039,-0.27100095,-0.097792126,0.74510866
1645031613044,-0.38416964,-0.3337115,0.7020508
1645031613054,-0.46237892,-0.4868662,0.68775636
1645031613065,-0.56781566,-0.5993717,0.6952439
1645031613074,-0.69440615,-0.6757309,0.7259621
1645031613085,-0.81602234,-0.7209355,0.74158305
1645031613099,-0.89590716,-0.7746575,0.73297846
1645031613104,-0.8765512,-0.9127498,0.7284929
1645031613114,-0.7326468,-1.207505,0.751933
1645031613124,-0.46386248,-1.8019547,0.9000611
1645031613134,-0.023789162,-2.7706432,1.2269307
1645031613149,0.5185269,-4.0035257,1.6723623
1645031613161,1.0668819,-5.3631034,2.1900864
1645031613164,1.6293918,-7.039829,2.7108648
1645031613174,2.0429182,-8.697216,3.1698577
1645031613184,2.1830351,-10.111546,3.6122699
1645031613194,2.026791,-11.070303,4.1009164
1645031613204,1.6494633,-11.194363,4.6229687
1645031613219,1.2450476,-10.73331,4.667964
1645031613224,0.80637056,-10.115909,4.65627
1645031613234,0.38612443,-9.416947,4.650057
1645031613245,0.34756958,-8.6403,4.6451697
1645031613255,0.35413212,-7.819862,4.6414695
1645031613265,0.35704687,-6.9691772,4.6386423
1645031613279,0.35936818,-6.0958896,4.6365128
1645031613284,0.36113098,-5.229287,4.634872
1645031613294,-0.3692818,-4.4525003,5.4965706
1645031613305,-0.9745877,-3.765128,6.0536
1645031613314,-1.3354394,-3.1995986,6.2287283
1645031613325,-1.5630858,-2.7074614,6.139576
1645031613339,-1.637909,-2.283009,5.9403615
1645031613344,-1.5836984,-1.9432585,5.7954445
1645031613355,-1.4515402,-1.6809145,5.7182126
1645031613365,-1.3124007,-1.5178636,5.5765424
1645031613374,-1.2258313,-1.422899,5.5761933
1645031613385,-1.1621957,-1.3417052,5.749315
1645031613400,-1.0349944,-1.2558862,5.922105
1645031613404,-0.80399686,-1.1789161,5.944585
1645031613414,-0.4860459,-1.0741949,5.9854264
1645031613425,-0.12739332,-0.95003057,5.8172092
1645031613435,0.2321494,-0.8037176,5.2860985
1645031613452,0.55695957,-0.61432934,4.6373854
1645031613465,0.7929313,-0.39167467,3.8963087
1645031613466,0.7929313,-0.39167467,3.8963087
1645031613470,0.9003578,-0.19781831,3.156436
1645031613476,0.9382494,-0.048782617,2.7963
1645031613485,0.94718564,0.05014399,2.581185
1645031613495,0.9399075,0.08101929,2.497024
1645031613505,0.95231694,0.07405533,2.4822586
1645031613519,0.9228205,0.06477005,2.4869187
1645031613524,0.8997818,0.057334848,2.5453703
1645031613534,0.8332839,0.13732438,2.366402
1645031613545,0.69257355,0.31224364,1.9437124
1645031613555,0.48349768,0.45798063,1.5350205
1645031613565,0.27637663,0.5298717,1.3602234
1645031613581,0.13568375,0.4765861,1.4350642
1645031613585,0.07745877,0.2997993,1.6267039
1645031613594,0.08348023,0.050301075,1.7596126
1645031613605,0.13056986,-0.16388865,1.8124269
1645031613614,0.17312156,-0.27869797,1.7281787
1645031613625,0.16531983,-0.26770225,1.504058
1645031613639,0.08592373,-0.15212497,1.1417052
1645031613644,-0.077493675,0.043825813,0.716799
1645031613657,-0.27531198,0.29569772,0.42213106
1645031613664,-0.47447422,0.50630945,0.206388
1645031613674,-0.6444367,0.6509818,0.18282573
1645031613685,-0.7386857,0.6952439,0.31142333
1645031613699,-0.7417401,0.654647,0.55837333
1645031613704,-0.6738982,0.56584346,0.7603456
1645031613715,-0.5550048,0.4842133,0.9281787
1645031613725,-0.40898857,0.4106292,0.9251418
1645031613734,-0.27114058,0.39362946,0.94231606
1645031613745,-0.1656689,0.41822147,0.8505978
1645031613759,-0.0998691,0.4744044,0.59799284
1645031613764,-0.0514181,0.548163,0.28145564
1645031613775,-0.002111877,0.5584431,-0.06841784
1645031613785,0.070442446,0.49594206,-0.16301598
1645031613803,0.070442446,0.49594206,-0.16301598
1645031613804,0.18956278,0.32395497,-0.024469849
1645031613819,0.47054717,-0.20141374,0.45778865
1645031613824,0.5498037,-0.3727027,0.67295575
1645031613834,0.57109696,-0.45073742,0.81459117
1645031613846,0.56069463,-0.46936032,0.8947378
1645031613854,0.53362423,-0.45351252,0.93559647
1645031613864,0.5082468,-0.4323065,0.9501876
1645031613878,0.51137096,-0.41432935,1.0088664
1645031613884,0.55224717,-0.43029934,1.0840387
1645031613894,0.62504584,-0.47077405,1.1673619
1645031613904,0.71468717,-0.52985424,1.316799
