1645031634299,1.765,4.226,9.189
1645031634306,1.765,4.226,9.189
1645031634312,2.059,4.295,8.934
1645031634318,2.255,4.422,8.571
1645031634328,2.304,4.501,8.237
1645031634339,2.245,4.57,7.963
1645031634351,2.157,4.56,7.796
1645031634358,2.049,4.56,7.757
1645031634368,1.99,4.57,7.776
1645031634378,1.971,4.462,7.796
1645031634388,1.961,4.305,7.855
1645031634398,2.088,3.834,8.12
1645031634411,2.177,3.599,8.296
1645031634418,2.334,3.393,8.512
1645031634428,2.51,3.314,8.787
1645031634438,2.726,3.295,9.12
1645031634448,2.883,3.412,9.502
1645031634458,2.951,3.579,9.846
1645031634471,2.844,3.697,10.042
1645031634478,2.657,3.824,10.061
1645031634493,2.54,3.844,9.914
1645031634498,2.334,4.05,9.62
1645031634508,1.981,4.246,9.473
1645031634518,1.735,4.373,9.149
1645031634530,1.441,4.422,8.885
1645031634539,1.186,4.491,8.669
1645031634549,1.157,4.53,8.424
1645031634558,1.196,4.471,8.169
1645031634568,1.323,4.373,8.041
1645031634578,1.529,4.305,7.992
1645031634592,1.637,4.177,8.071
1645031634597,1.657,4.05,8.198
1645031634609,1.618,3.922,8.424
1645031634618,1.637,3.863,8.561
1645031634628,1.647,3.844,8.787
1645031634638,1.667,3.795,8.983
1645031634656,1.647,3.775,9.1
1645031634659,1.627,3.775,9.218
1645031634668,1.706,3.746,9.277
1645031634677,1.863,3.707,9.326
1645031634695,1.981,3.677,9.326
1645031634698,2.088,3.667,9.463
1645031634711,2.206,3.687,9.532
1645031634718,2.373,3.687,9.62
1645031634727,2.432,3.726,9.718
1645031634738,2.422,3.795,9.748
1645031634748,2.51,3.863,9.797
1645031634758,2.589,3.922,9.875
1645031634772,2.677,3.991,10.091
1645031634777,2.677,3.991,10.091
1645031634788,2.628,4.05,10.434
1645031634797,2.53,4.079,10.758
1645031634808,2.441,4.148,11.062
1645031634818,2.353,4.324,11.601
1645031634830,2.235,4.452,11.738
1645031634838,2.039,4.491,11.709
1645031634848,1.873,4.55,11.582
1645031634859,1.745,4.609,11.434
1645031634871,1.51,4.589,11.356
1645031634882,1.245,4.491,11.434
1645031634894,0.813,4.334,11.709
1645031634898,0.451,4.256,12.297
1645031634908,0.107,4.187,13.023
1645031634918,-0.421,3.952,13.602
1645031634930,-1.068,3.638,14.082
1645031634938,-1.627,3.187,14.504
1645031634959,-1.971,2.716,14.71
1645031634960,-1.971,2.716,14.71
1645031634960,-1.971,2.716,14.71
1645031634961,-2.128,2.245,14.71
1645031634969,-2.108,1.843,14.347
1645031634978,-1.961,1.49,13.484
1645031634996,-1.5,1.186,11.346
1645031635001,-1.5,1.186,11.346
1645031635011,-1.304,1.167,10.248
1645031635019,-1.245,1.245,9.297
1645031635029,-1.333,1.323,8.718
1645031635038,-1.627,1.461,8.365
1645031635049,-1.931,1.52,8.031
1645031635058,-2.216,1.608,7.806
1645031635072,-2.383,1.667,7.688
1645031635078,-2.441,1.726,7.678
1645031635088,-2.363,1.794,7.835
1645031635098,-2.196,1.892,8.031
1645031635108,-2.137,1.961,8.257
1645031635118,-2.157,1.912,8.384
1645031635132,-2.206,1.814,8.708
1645031635138,-2.285,1.726,8.914
1645031635149,-2.226,1.598,9.218
1645031635158,-2.02,1.49,9.64
1645031635168,-1.833,1.372,10.061
1645031635178,-1.618,1.284,10.297
1645031635192,-1.382,1.255,10.16
1645031635198,-1.186,1.265,9.846
1645031635209,-0.97,1.323,9.65
1645031635218,-0.892,1.372,9.444
1645031635228,-0.941,1.412,9.522
1645031635238,-1.117,1.431,9.493
1645031635251,-1.157,1.559,9.414
1645031635258,-1.108,1.618,9.306
1645031635269,-0.961,1.706,9.169
1645031635278,-0.853,1.775,8.993
1645031635288,-0.676,1.833,8.816
1645031635298,-0.529,1.902,8.659
1645031635311,-0.451,1.981,8.59
1645031635318,-0.402,2.069,8.698
1645031635328,-0.402,2.177,9.032
1645031635341,-0.421,2.275,9.493
1645031635348,-0.402,2.363,10.111
1645031635360,-0.382,2.5,10.679
1645031635373,-0.343,2.677,11.248
1645031635378,-0.333,2.804,11.719
1645031635388,-0.372,2.883,12.042
1645031635400,-0.431,3.03,12.199
1645031635415,-0.666,3.236,12.601
1645031635418,-0.666,3.236,12.601
1645031635438,-0.764,3.216,12.66
1645031635439,-0.764,3.216,12.66
1645031635440,-0.706,3.167,12.572
1645031635449,-0.372,3.216,12.396
1645031635458,0.127,3.265,12.072
1645031635472,0.588,3.236,11.895
1645031635478,0.863,3.157,11.954
1645031635490,1.049,3.04,12.288
1645031635498,0.97,2.893,12.837
1645031635507,0.578,2.667,13.465
1645031635517,-0.058,2.294,13.994
1645031635528,-0.666,1.971,14.337
1645031635537,-1.274,1.637,14.455
1645031635550,-1.726,1.304,14.21
1645031635557,-2.0,0.921,13.484
1645031635567,-2.108,0.627,12.405
1645031635577,-1.922,0.382,11.072
1645031635587,-1.52,0.284,9.689
1645031635597,-1.108,0.245,8.326
1645031635613,-0.627,0.313,7.129
1645031635618,-0.117,0.421,6.345
1645031635629,0.323,0.588,5.903
1645031635637,0.568,0.804,5.923
1645031635648,0.657,0.892,6.198
1645031635657,0.558,0.931,6.707
1645031635670,0.441,0.951,8.08
1645031635677,0.245,1.078,8.689
1645031635689,0.039,0.961,9.071
1645031635698,-0.078,0.794,9.14
1645031635710,-0.117,0.686,8.973
1645031635718,0.029,0.715,8.659
1645031635731,0.313,0.774,8.365
1645031635738,0.549,0.725,8.061
1645031635750,0.833,0.745,7.914
1645031635758,1.049,0.823,7.904
1645031635769,1.127,0.941,8.061
1645031635778,1.078,1.0,8.434
1645031635792,0.843,1.127,8.855
1645031635798,0.647,1.225,9.208
1645031635809,0.402,1.402,9.434
1645031635818,0.235,1.48,9.571
1645031635833,0.078,1.549,9.561
1645031635846,-0.127,1.676,9.512
1645031635854,-0.127,1.676,9.512
1645031635858,-0.245,1.696,9.444
1645031635870,-0.294,1.794,9.444
1645031635878,-0.362,1.814,9.512
1645031635889,-0.49,1.814,9.659
1645031635897,-0.774,1.775,9.865
1645031635911,-1.068,1.814,10.365
1645031635917,-1.471,1.794,11.032
1645031635929,-1.951,1.755,11.797
1645031635938,-2.569,1.716,12.513
1645031635949,-3.128,1.637,13.219
1645031635957,-3.55,1.559,13.68
1645031635971,-3.716,1.549,14.024
1645031635978,-3.736,1.627,14.19
1645031635989,-3.648,1.814,13.945
1645031635998,-3.461,2.01,13.268
1645031636010,-3.285,2.353,11.738
1645031636018,-3.285,2.353,11.738
1645031636031,-3.226,2.53,10.954
1645031636038,-3.177,2.677,10.444
1645031636049,-3.226,2.745,10.248
1645031636058,-3.412,2.696,10.611
1645031636069,-3.667,2.481,11.16
1645031636078,-3.756,1.873,12.003
1645031636092,-3.667,1.431,12.199
1645031636098,-3.363,1.019,11.993
1645031636111,-2.981,0.745,11.434
1645031636117,-2.549,0.549,10.699
1645031636129,-2.294,0.411,9.856
1645031636138,-2.039,0.47,8.963
1645031636152,-1.814,0.608,8.228
1645031636158,-1.686,0.833,7.727
1645031636169,-1.667,1.059,7.384
1645031636178,-1.696,1.225,7.188
1645031636195,-1.775,1.343,7.08
1645031636203,-1.843,1.451,7.07
1645031636216,-1.853,1.51,7.1
1645031636246,-1.765,1.51,7.1
1645031636250,-1.676,1.539,7.119
1645031636250,-1.608,1.559,7.129
1645031636256,-1.51,1.588,7.119
1645031636259,-1.471,1.657,7.119
1645031636282,-1.451,1.657,7.257
1645031636283,-1.451,1.657,7.257
1645031636283,-1.451,1.657,7.257
1645031636283,-1.461,1.657,7.257
1645031636289,-1.48,1.637,7.404
1645031636297,-1.51,1.637,7.629
1645031636307,-1.5,1.618,7.855
1645031636317,-1.471,1.618,8.139
1645031636331,-1.51,1.578,8.502
1645031636338,-1.48,1.51,8.826
1645031636348,-1.412,1.382,8.953
1645031636358,-1.372,1.245,9.032
1645031636369,-1.323,1.137,9.051
1645031636377,-1.402,1.108,9.051
1645031636391,-1.529,1.068,9.1
1645031636397,-1.667,0.99,9.287
1645031636407,-1.716,0.931,9.63
1645031636422,-1.353,1.078,10.62
1645031636429,-1.353,1.078,10.62
1645031636439,-0.961,1.216,11.199
1645031636455,-0.558,1.294,11.846
1645031636459,-0.176,1.235,12.464
1645031636472,0.833,1.343,12.356
1645031636478,0.833,1.343,12.356
1645031636490,1.696,1.902,11.856
1645031636498,1.696,1.902,11.856
1645031636511,1.647,2.559,11.768
1645031636520,1.157,2.765,12.033
1645031636529,0.411,2.863,12.405
1645031636539,-0.333,2.863,12.915
1645031636549,-0.863,2.834,13.474
1645031636559,-1.245,2.618,14.004
1645031636580,-1.343,2.353,14.308
1645031636586,-1.343,2.353,14.308
1645031636588,-1.343,2.353,14.308
1645031636589,-1.078,2.01,14.259
1645031636595,-0.617,1.637,13.955
1645031636601,0.029,1.353,13.347
1645031636610,0.676,1.157,12.592
1645031636621,1.186,0.97,11.709
1645031636631,1.52,0.882,10.915
1645031636638,1.686,0.853,10.218
1645031636649,1.706,0.823,9.65
1645031636658,1.539,0.784,9.228
1645031636670,1.255,0.755,8.934
1645031636678,0.813,0.735,8.816
1645031636691,0.323,0.686,8.639
1645031636699,-0.176,0.637,8.483
1645031636709,-0.5,0.657,8.257
1645031636720,-0.794,0.676,8.228
1645031636729,-1.019,0.666,8.306
1645031636739,-1.225,0.617,8.296
1645031636760,-1.372,0.5,8.218
1645031636761,-1.372,0.5,8.218
1645031636761,-1.422,0.333,8.12
1645031636771,-1.353,0.225,7.973
1645031636778,-1.167,0.078,7.757
1645031636789,-0.843,0.0,7.541
1645031636799,-0.509,0.009,7.188
1645031636811,-0.294,0.0,7.139
1645031636818,-0.049,-0.049,6.943
1645031636829,0.098,-0.049,6.668
1645031636838,0.245,-0.058,6.384
1645031636849,0.431,0.009,6.129
1645031636858,0.578,0.117,6.041
1645031636872,0.48,0.166,6.384
1645031636880,0.078,0.078,7.953
1645031636890,0.078,0.078,7.953
1645031636899,-0.147,0.029,8.865
1645031636911,-0.509,-0.058,10.316
1645031636919,-0.431,-0.029,10.66
1645031636936,-0.304,0.0,10.974
1645031636940,-0.402,0.058,11.101
1645031636951,-0.735,0.147,11.278
1645031636959,-1.333,0.313,11.513
1645031636972,-2.02,0.47,11.807
1645031636978,-2.755,0.539,12.219
1645031636995,-3.403,0.578,12.729
1645031637000,-3.952,0.568,13.563
1645031637020,-4.393,0.382,15.524
1645031637021,-4.393,0.382,15.524
1645031637025,-4.393,0.382,15.524
1645031637030,-4.246,0.186,16.181
1645031637038,-3.785,0.186,16.377
1645031637053,-3.197,0.353,16.181
1645031637058,-2.706,0.568,15.593
1645031637070,-2.285,0.745,14.7
1645031637079,-1.912,0.951,13.837
1645031637090,-1.588,1.206,13.082
1645031637098,-1.323,1.451,12.572
1645031637121,-1.206,1.52,12.258
1645031637123,-1.206,1.52,12.258
1645031637124,-1.206,1.52,12.258
1645031637125,-1.088,1.372,12.082
1645031637139,-1.049,1.196,11.984
1645031637141,-1.049,1.196,11.984
1645031637149,-1.098,1.068,11.768
1645031637158,-1.245,0.912,11.366
1645031637173,-1.441,0.863,10.846
1645031637178,-1.696,0.863,10.218
1645031637191,-1.971,0.892,9.571
1645031637198,-2.255,0.921,8.885
1645031637209,-2.49,1.01,8.316
1645031637218,-2.706,1.01,7.835
1645031637234,-2.873,1.059,7.414
1645031637238,-3.0,1.01,7.07
1645031637251,-2.922,0.941,6.354
1645031637258,-2.922,0.941,6.354
1645031637271,-2.461,0.755,5.776
1645031637279,-2.461,0.755,5.776
1645031637294,-1.569,0.735,5.629
1645031637298,-1.569,0.735,5.629
1645031637311,-0.823,0.813,6.021
1645031637319,-0.647,0.843,6.413
1645031637330,-0.647,0.843,6.413
1645031637338,-0.539,0.892,6.923
1645031637354,-0.5,0.951,8.09
1645031637359,-0.598,0.98,8.571
1645031637371,-0.657,0.98,8.865
1645031637378,-0.608,0.951,9.061
1645031637390,-0.588,1.0,9.051
1645031637398,-0.598,1.108,8.993
1645031637414,-0.686,1.147,8.943
1645031637419,-0.833,1.206,8.983
1645031637431,-1.019,1.157,9.159
1645031637438,-1.117,1.098,9.434
1645031637450,-1.137,1.0,9.757
1645031637458,-1.108,0.951,10.16
1645031637474,-1.039,0.921,10.64
1645031637479,-1.0,0.863,11.179
1645031637490,-0.882,0.823,11.748
1645031637499,-0.686,0.784,12.494
1645031637510,-0.304,0.706,13.239
1645031637518,0.196,0.637,13.867
1645031637534,0.813,0.598,14.21
1645031637539,1.412,0.608,14.298
1645031637551,2.02,0.657,14.249
1645031637558,2.598,0.764,13.925
1645031637571,3.197,0.961,13.533
1645031637578,3.677,1.323,13.18
1645031637601,3.824,1.824,12.719
1645031637602,3.824,1.824,12.719
1645031637604,3.824,1.824,12.719
1645031637605,3.51,1.833,12.562
1645031637614,3.51,1.833,12.562
1645031637626,3.167,2.02,12.543
1645031637630,2.775,2.206,12.651
1645031637643,1.726,2.235,13.21
1645031637660,1.726,2.235,13.21
1645031637662,0.813,1.51,14.131
1645031637669,0.813,1.51,14.131
1645031637679,0.804,1.117,14.328
1645031637690,1.392,0.558,13.769
1645031637698,1.392,0.558,13.769
1645031637712,1.627,0.254,13.072
1645031637718,1.735,0.049,12.18
1645031637730,1.696,0.009,9.875
1645031637738,1.696,0.009,9.875
1645031637750,1.186,0.304,8.051
1645031637758,1.186,0.304,8.051
1645031637773,0.147,0.549,7.021
1645031637778,0.147,0.549,7.021
1645031637790,-0.823,0.892,6.825
1645031637798,-1.225,0.931,6.913
1645031637810,-1.461,0.892,7.002
1645031637818,-1.578,0.833,6.962
1645031637834,-1.451,0.833,6.815
1645031637839,-1.127,0.853,6.619
1645031637851,-0.784,0.804,6.492
1645031637858,-0.46,0.735,6.345
1645031637870,-0.274,0.676,6.178
1645031637878,-0.098,0.676,6.031
1645031637894,0.019,0.725,5.894
1645031637900,0.127,0.715,5.962
1645031637911,0.235,0.715,6.158
1645031637918,0.402,0.715,6.511
1645031637930,0.519,0.725,6.707
1645031637938,0.627,0.745,6.707
1645031637961,0.784,0.813,6.541
1645031637963,0.784,0.813,6.541
1645031637963,0.784,0.813,6.541
1645031637964,0.882,0.872,6.462
1645031637972,0.882,0.872,6.462
1645031637978,0.872,0.99,6.57
1645031637989,0.882,1.157,6.678
1645031637998,0.941,1.363,6.806
1645031638013,0.951,1.569,6.884
1645031638019,0.912,1.735,6.913
1645031638029,0.863,1.814,6.962
1645031638039,0.833,1.863,7.1
1645031638050,0.863,1.873,7.325
1645031638058,1.0,1.882,7.718
1645031638073,1.216,1.902,8.09
1645031638078,1.5,1.951,8.541
1645031638090,1.873,2.049,8.924
1645031638113,2.265,2.294,9.856
1645031638114,2.383,2.412,10.513
1645031638122,2.353,2.471,11.278
1645031638133,2.353,2.471,11.278
1645031638138,2.235,2.579,12.141
1645031638150,1.627,2.549,14.073
1645031638158,1.627,2.549,14.073
1645031638170,1.461,2.314,16.23
1645031638179,1.647,2.118,17.27
1645031638193,1.951,1.941,17.917
1645031638199,2.186,1.843,17.946
1645031638212,2.334,1.941,17.378
1645031638222,2.285,2.059,16.407
1645031638232,2.03,2.235,15.485
1645031638263,1.608,2.461,14.975
1645031638332,1.068,2.618,14.779
1645031638333,1.068,2.618,14.779
1645031638333,1.068,2.618,14.779
1645031638334,1.068,2.618,14.779
1645031638335,1.068,2.618,14.779
1645031638335,1.068,2.618,14.779
1645031638336,1.068,2.618,14.779
1645031638337,1.068,2.618,14.779
1645031638337,1.068,2.618,14.779
1645031638338,1.068,2.618,14.779
1645031638347,-1.471,-0.235,13.68
1645031638347,-1.471,-0.235,13.68
1645031638348,-1.471,-0.235,13.68
1645031638348,-1.471,-0.235,13.68
1645031638349,-1.471,-0.235,13.68
1645031638352,-1.314,-0.235,13.004
1645031638353,-1.304,-0.578,13.004
1645031638356,-1.304,-0.578,13.004
1645031638356,-1.117,-0.872,12.209
1645031638357,-1.117,-0.872,12.209
1645031638358,-1.117,-0.872,12.209
1645031638371,-0.912,-1.098,11.483
1645031638377,-0.627,-1.147,10.768
1645031638388,-0.47,-1.108,10.169
1645031638397,-0.5,-1.029,9.659
1645031638409,-0.696,-0.902,9.257
1645031638419,-0.98,-0.725,8.845
1645031638434,-1.265,-0.549,8.394
1645031638438,-1.529,-0.392,7.943
1645031638450,-1.706,-0.176,7.59
1645031638458,-1.765,-0.009,7.217
1645031638469,-1.726,0.098,6.923
1645031638478,-1.657,0.254,6.776
1645031638491,-1.627,0.402,6.757
1645031638500,-1.588,0.509,6.904
1645031638511,-1.608,0.813,7.296
1645031638518,-1.608,0.813,7.296
1645031638528,-1.735,0.98,7.433
1645031638538,-1.99,1.137,7.453
1645031638550,-2.235,1.402,7.129
1645031638558,-2.235,1.402,7.129
1645031638569,-1.941,1.784,6.6
1645031638577,-1.941,1.784,6.6
1645031638590,-1.618,1.981,6.394
1645031638601,-1.363,2.137,6.178
1645031638608,-1.147,2.294,6.001
1645031638621,-0.99,2.363,5.903
1645031638635,-0.882,2.441,5.952
1645031638638,-1.078,2.314,6.305
1645031638654,-1.108,2.147,6.511
1645031638657,-1.029,2.02,6.874
1645031638669,-0.892,1.902,7.374
1645031638678,-0.804,1.735,7.914
1645031638688,-0.627,1.588,8.277
1645031638700,-0.304,1.48,8.394
1645031638719,0.215,1.441,8.443
1645031638720,0.215,1.441,8.443
1645031638722,0.823,1.451,8.394
1645031638735,1.451,1.51,8.296
1645031638738,2.039,1.667,8.267
1645031638751,2.569,1.902,8.345
1645031638758,2.853,2.039,8.522
1645031638774,2.971,2.206,8.816
1645031638784,3.02,2.373,9.267
1645031638789,3.059,2.53,9.807
1645031638799,3.01,2.726,10.503
1645031638815,2.902,2.844,11.003
1645031638818,2.853,2.912,11.385
1645031638833,2.853,3.0,11.552
1645031638837,2.902,3.049,11.67
1645031638849,2.902,3.0,11.64
1645031638858,2.951,2.912,11.366
1645031638869,3.04,2.804,11.062
1645031638878,3.197,2.638,10.895
1645031638892,3.324,2.53,10.738
1645031638898,3.363,2.412,10.64
1645031638910,3.295,2.245,10.699
1645031638918,3.167,2.118,10.67
1645031638928,3.03,2.039,10.522
1645031638938,2.942,2.039,10.316
1645031638951,2.951,2.049,10.12
1645031638957,2.991,2.079,9.846
1645031638968,3.059,2.118,9.512
1645031638978,3.167,2.265,9.189
1645031638989,3.334,2.402,9.081
1645031638998,3.452,2.49,9.228
1645031639010,3.295,2.412,9.699
1645031639017,2.932,2.069,10.62
1645031639028,2.54,1.627,11.856
1645031639038,2.177,1.088,13.219
1645031639050,1.726,-0.137,15.495
1645031639066,1.814,-0.627,16.112
1645031639074,2.01,-0.941,16.201
1645031639078,2.128,-1.098,15.857
1645031639090,2.147,-1.049,15.23
1645031639098,1.99,-0.843,14.269
1645031639114,1.539,-0.637,13.308
1645031639118,0.941,-0.46,12.425
1645031639133,0.323,-0.294,11.611
1645031639137,-0.215,-0.156,10.836
1645031639149,-0.558,-0.019,10.071
1645031639158,-0.647,0.088,9.365
1645031639169,-0.509,0.196,8.659
1645031639178,-0.235,0.294,8.031
1645031639192,0.039,0.323,7.463
1645031639197,0.382,0.353,7.031
1645031639209,0.764,0.5,6.747
1645031639219,1.049,0.706,6.59
1645031639230,1.206,0.912,6.59
1645031639239,1.186,1.039,6.855
1645031639253,1.137,1.186,7.139
1645031639260,1.029,1.274,7.355
1645031639270,1.019,1.323,7.502
1645031639279,0.99,1.422,7.463
1645031639290,0.97,1.49,7.296
1645031639299,1.059,1.598,6.953
1645031639313,1.235,1.716,6.403
1645031639318,1.52,1.824,5.815
1645031639330,1.814,2.01,5.364
1645031639339,2.157,2.186,5.021
1645031639350,2.392,2.343,4.736
1645031639359,2.638,2.451,4.726
1645031639373,3.471,2.441,6.08
1645031639378,3.471,2.441,6.08
1645031639390,4.04,2.441,7.571
1645031639402,4.57,2.235,9.365
1645031639411,5.187,2.118,11.14
1645031639419,5.795,2.098,12.749
1645031639435,6.266,2.039,13.974
1645031639440,6.345,2.02,14.936
1645031639450,6.345,2.02,14.936
1645031639458,5.403,2.128,13.916
1645031639470,5.403,2.128,12.984
1645031639478,4.266,2.343,12.013
1645031639495,3.805,2.53,11.238
1645031639501,3.275,2.785,10.875
1645031639511,2.647,2.942,10.787
1645031639519,1.853,3.0,10.905
1645031639530,1.019,3.03,11.023
1645031639538,0.333,2.961,11.248
1645031639555,-0.215,2.873,11.405
1645031639560,-0.617,2.706,11.346
1645031639578,-1.225,2.098,11.454
1645031639581,-1.225,2.098,11.454
1645031639582,-1.225,2.098,11.454
1645031639590,-1.422,1.735,11.64
1645031639599,-1.372,1.441,11.984
1645031639614,-1.274,1.049,12.562
1645031639626,-1.108,0.666,13.651
1645031639630,-0.882,0.304,14.985
1645031639638,-0.686,0.0,16.152
1645031639649,-0.647,-0.196,16.838
1645031639658,-0.774,-0.333,16.877
1645031639672,-0.921,-0.343,16.299
1645031639678,-0.931,-0.166,15.23
1645031639690,-0.833,0.088,13.798
1645031639698,-0.823,0.343,12.17
1645031639711,-0.764,0.558,10.699
1645031639718,-0.647,0.813,9.483
1645031639734,-0.47,1.078,8.728
1645031639738,-0.343,1.274,8.463
1645031639751,0.0,1.422,8.708
1645031639758,0.0,1.5,8.708
1645031639770,0.215,1.52,8.963
1645031639779,0.421,1.539,9.071
1645031639794,0.843,1.431,9.12
1645031639798,0.843,1.431,9.12
1645031639811,1.088,1.314,9.208
1645031639818,1.088,1.314,9.208
1645031639830,1.108,1.206,9.248
1645031639838,1.029,1.059,9.179
1645031639854,1.0,0.696,9.002
1645031639859,1.0,0.696,8.855
1645031639871,1.333,0.48,8.581
1645031639878,1.539,0.451,8.375
1645031639890,1.539,0.451,8.375
1645031639898,1.99,0.411,7.845
1645031639925,2.049,0.451,7.59
1645031639931,2.049,0.451,7.59
1645031639933,2.049,0.451,7.59
1645031639945,2.01,0.529,7.257
1645031639952,2.01,0.529,7.257
1645031639953,1.951,0.627,7.149
1645031639954,1.882,0.696,7.07
1645031639960,1.804,0.813,7.002
1645031639972,1.814,0.951,6.884
1645031639978,1.765,1.068,6.678
1645031639990,1.696,1.176,6.472
1645031639998,1.676,1.255,6.276
1645031640010,1.618,1.372,6.139
1645031640018,1.559,1.49,6.148
1645031640034,1.529,1.627,6.325
1645031640038,1.647,1.618,6.639
1645031640050,1.931,1.608,7.168
1645031640058,2.304,1.667,7.904
1645031640070,2.579,1.784,8.777
1645031640080,2.824,1.853,9.659
1645031640091,3.049,1.961,10.473
1645031640098,3.363,2.079,11.16
1645031640108,3.736,2.255,11.748
1645031640118,4.04,2.422,12.376
1645031640128,4.285,2.559,13.023
1645031640138,4.521,2.716,13.582
1645031640151,4.697,2.932,14.171
1645031640160,4.766,3.108,14.72
1645031640170,4.609,3.265,15.171
1645031640178,4.324,3.393,15.544
1645031640190,3.824,3.324,15.897
1645031640198,3.157,3.069,16.024
1645031640266,1.99,2.235,15.75
1645031640270,1.99,2.235,15.75
1645031640270,1.99,2.235,15.75
1645031640272,1.99,2.235,15.75
1645031640272,2.098,1.51,14.877
1645031640273,2.098,1.51,14.877
1645031640274,2.451,1.225,14.435
1645031640275,2.863,0.951,14.014
1645031640275,3.295,0.725,13.523
1645031640294,3.638,0.509,13.072
1645031640294,3.638,0.509,13.072
1645031640295,3.638,0.509,13.072
1645031640296,3.638,0.509,13.072
1645031640297,3.746,0.147,12.219
1645031640298,3.746,0.147,12.219
1645031640299,3.618,-0.019,11.876
1645031640309,3.304,-0.049,11.689
1645031640318,2.922,0.0,11.483
1645031640332,2.422,0.147,11.229
1645031640337,1.745,0.245,10.856
1645031640351,1.098,0.323,10.415
1645031640357,0.598,0.421,9.963
1645031640367,0.215,0.519,9.395
1645031640380,-0.039,0.666,8.747
1645031640392,-0.186,0.764,8.237
1645031640399,-0.235,0.892,7.894
1645031640408,-0.323,1.019,7.629
1645031640417,-0.47,1.127,7.521
1645031640430,-0.647,1.186,7.502
1645031640437,-0.794,1.235,7.531
1645031640451,-0.853,1.225,7.521
1645031640457,-0.892,1.157,7.433
1645031640468,-0.813,1.117,7.306
1645031640482,-0.696,1.137,7.129
1645031640489,-0.627,1.186,6.904
1645031640500,-0.617,1.245,6.737
1645031640520,-0.558,1.304,6.59
1645031640521,-0.558,1.304,6.59
1645031640523,-0.598,1.363,6.56
1645031640534,-0.637,1.441,6.835
1645031640538,-0.637,1.441,6.835
1645031640551,-0.755,1.471,7.012
1645031640585,-1.049,1.726,7.325
1645031640594,-1.049,1.726,7.325
1645031640595,-1.049,1.726,7.325
1645031640596,-1.049,1.726,7.325
1645031640596,-1.382,2.265,6.923
1645031640596,-1.382,2.265,6.923
1645031640598,-1.382,2.265,6.923
1645031640608,-1.235,2.461,6.766
1645031640617,-0.99,2.608,6.747
1645031640634,-0.686,2.667,6.943
1645031640638,-0.451,2.628,7.355
1645031640649,-0.147,2.549,8.051
1645031640659,0.235,2.549,9.091
1645031640668,0.441,2.579,10.267
1645031640678,0.402,2.549,11.552
1645031640695,0.323,2.5,12.856
1645031640698,0.186,2.481,13.788
1645031640711,-0.49,2.304,14.367
1645031640717,-0.49,2.304,14.367
1645031640728,-0.637,2.265,13.759
1645031640738,-0.421,2.255,13.514
1645031640753,-0.107,2.265,13.406
1645031640763,0.353,2.314,13.553
1645031640770,0.823,2.363,13.739
1645031640778,1.206,2.402,13.925
1645031640787,1.382,2.422,13.994
1645031640797,1.304,2.383,13.994
1645031640812,1.176,2.255,13.916
1645031640817,1.088,2.128,13.847
1645031640827,1.01,2.0,13.778
1645031640845,0.863,1.882,13.621
1645031640849,0.647,1.814,13.445
1645031640858,0.421,1.696,13.17
1645031640871,0.284,1.676,12.778
1645031640877,0.186,1.745,12.239
1645031640889,-0.019,1.726,11.513
1645031640897,-0.333,1.647,10.787
1645031640909,-0.588,1.529,9.924
1645031640919,-0.764,1.451,9.081
1645031640932,-0.764,1.402,8.237
1645031640938,-0.647,1.412,7.384
1645031640949,-0.5,1.451,6.639
1645031640958,-0.402,1.422,5.992
1645031640970,-0.264,1.402,5.501
1645031640978,-0.137,1.431,5.168
1645031640992,-0.029,1.392,5.011
1645031640997,0.137,1.363,5.03
1645031641009,0.333,1.382,5.129
1645031641018,0.48,1.382,5.305
1645031641030,0.608,1.382,5.521
1645031641039,0.696,1.363,5.717
1645031641053,0.715,1.314,5.913
1645031641058,0.715,1.314,5.913
1645031641070,0.735,1.196,5.933
1645031641086,0.774,1.157,5.982
1645031641090,0.696,1.117,6.168
1645031641098,0.696,1.117,6.168
1645031641112,0.627,1.167,6.443
1645031641118,0.598,1.225,6.658
1645031641128,0.578,1.304,6.992
1645031641140,0.813,1.569,7.825
1645031641150,1.088,1.657,8.247
1645031641158,1.235,1.657,8.639
1645031641173,1.49,1.843,9.091
1645031641180,1.637,1.981,9.502
1645031641187,1.735,2.079,9.954
1645031641197,1.775,2.137,10.454
1645031641207,1.833,2.216,11.032
1645031641218,1.892,2.285,11.67
1645031641231,2.0,2.363,12.366
1645031641238,2.108,2.549,13.082
1645031641249,2.137,2.667,13.729
1645031641258,2.108,2.706,14.259
1645031641269,2.177,2.716,14.769
1645031641278,2.363,2.765,15.357
1645031641294,2.51,2.853,16.005
1645031641298,2.49,2.873,16.613
1645031641309,2.206,2.814,17.083
1645031641317,1.696,2.628,17.378
1645031641329,1.117,2.363,17.348
1645031641338,0.764,2.118,17.181
1645031641352,0.657,1.971,16.573
1645031641357,0.804,1.853,15.74
1645031641369,1.108,1.814,14.632
1645031641378,1.412,1.716,13.494
1645031641390,1.637,1.657,12.278
1645031641399,1.882,1.647,11.189
1645031641416,2.079,1.686,9.561
1645031641421,2.079,1.706,9.561
1645031641429,2.01,1.686,8.983
1645031641439,1.833,1.667,8.522
1645031641450,1.451,1.618,8.247
1645031641459,1.117,1.539,8.041
1645031641473,0.882,1.363,7.884
1645031641478,0.98,1.176,7.865
1645031641490,1.726,0.941,8.051
1645031641499,1.726,0.941,8.051
1645031641509,2.0,0.863,8.139
1645031641519,2.079,0.764,8.257
1645031641533,2.069,0.558,8.424
1645031641538,2.069,0.558,8.424
1645031641549,2.098,0.509,8.414
1645031641559,2.137,0.382,8.11
1645031641570,2.206,0.284,7.796
1645031641579,2.334,0.245,7.512
1645031641593,2.49,0.294,7.178
1645031641598,2.569,0.411,6.806
1645031641610,2.579,0.509,6.531
1645031641618,2.589,0.509,6.315
1645031641630,2.481,0.588,6.07
1645031641644,2.343,0.686,5.903
1645031641668,2.167,0.774,5.805
1645031641669,2.167,0.774,5.805
1645031641670,2.167,0.774,5.805
1645031641671,2.039,0.813,5.786
1645031641671,2.039,0.813,5.786
1645031641678,2.03,0.882,5.923
1645031641688,1.971,1.01,6.198
1645031641698,1.873,1.117,6.531
1645031641715,1.745,1.225,6.904
1645031641718,1.735,1.372,7.394
1645031641730,1.843,1.588,8.198
1645031641738,1.922,1.843,9.287
1645031641748,1.794,2.03,10.709
1645031641758,1.392,2.157,12.268
1645031641771,0.686,2.118,13.67
1645031641778,0.107,2.049,14.416
1645031641788,-0.019,2.01,14.71
1645031641798,0.353,2.177,14.71
1645031641811,1.117,2.432,14.318
1645031641818,1.804,2.598,13.847
1645031641834,2.363,2.687,13.366
1645031641839,2.765,2.745,13.121
1645031641850,2.853,2.853,13.249
1645031641859,2.559,2.785,13.484
1645031641871,1.451,2.589,13.906
1645031641878,1.451,2.589,13.906
1645031641894,0.294,2.451,13.69
1645031641898,0.294,2.451,13.69
1645031641910,-0.245,2.255,13.298
1645031641924,-1.294,1.627,12.425
1645031641931,-1.627,1.245,12.248
1645031641938,-1.627,1.245,12.248
1645031641971,-2.02,0.323,12.386
1645031641973,-2.02,0.323,12.386
1645031641973,-2.02,0.323,12.386
1645031641975,-2.02,0.323,12.386
1645031641976,-1.912,-0.578,13.151
1645031641978,-1.912,-0.578,13.151
1645031641982,-1.755,-0.872,13.533
1645031641989,-1.755,-0.872,13.533
1645031641998,-1.5,-0.804,13.592
1645031642013,-1.578,-0.715,13.308
1645031642018,-1.784,-0.608,13.023
1645031642029,-1.873,-0.402,12.523
1645031642039,-1.931,-0.196,11.719
1645031642050,-1.902,-0.039,10.738
1645031642058,-1.745,0.137,9.748
1645031642075,-1.363,0.323,8.689
1645031642079,-0.921,0.588,7.718
1645031642091,-0.568,0.813,6.776
1645031642098,-0.264,1.049,5.952
1645031642110,-0.019,1.255,5.266
1645031642118,0.147,1.382,4.736
1645031642134,0.323,1.529,4.373
1645031642138,0.402,1.627,4.099
1645031642154,0.402,1.696,4.02
1645031642165,0.313,1.735,4.011
1645031642169,0.186,1.833,4.167
1645031642178,0.156,1.971,4.393
1645031642194,0.176,2.03,4.54
1645031642198,0.186,2.069,4.687
1645031642222,0.313,2.206,4.55
1645031642223,0.313,2.206,4.55
1645031642226,0.313,2.206,4.55
1645031642229,0.362,2.245,4.491
1645031642239,0.421,2.216,4.599
1645031642252,0.441,2.167,4.776
1645031642261,0.451,2.147,5.07
1645031642269,0.343,2.108,5.501
1645031642280,0.147,2.03,6.05
1645031642291,-0.186,1.824,7.11
1645031642297,-0.186,1.824,7.11
1645031642313,-0.254,1.676,7.59
1645031642317,-0.225,1.627,8.11
1645031642328,-0.186,1.549,8.894
1645031642338,-0.127,1.402,9.807
1645031642349,-0.029,1.294,10.836
1645031642358,0.088,1.216,11.954
1645031642370,0.254,1.059,13.141
1645031642378,0.519,0.872,14.239
1645031642389,0.921,0.755,15.2
1645031642398,1.412,0.676,15.906
1645031642410,1.922,0.706,16.289
1645031642418,2.314,0.843,16.24
1645031642432,3.049,1.363,15.426
1645031642438,3.304,1.784,15.034
1645031642448,3.559,2.177,14.641
1645031642459,3.54,2.51,14.573
1645031642468,3.089,2.54,14.788
1645031642479,2.363,2.402,15.318
1645031642495,1.686,2.196,15.946
1645031642498,1.059,1.912,16.456
1645031642512,0.49,1.549,16.917
1645031642518,-0.156,1.255,17.024
1645031642530,-0.921,0.941,17.554
1645031642540,-1.382,0.745,17.809
1645031642552,-1.608,0.519,17.564
1645031642559,-1.667,0.254,16.907
1645031642568,-1.549,0.039,15.799
1645031642579,-1.225,-0.078,14.406
1645031642595,-1.01,-0.137,12.974
1645031642599,-0.755,0.019,11.542
1645031642618,-0.657,0.274,10.307
1645031642619,-0.657,0.274,10.307
1645031642620,-0.715,0.568,9.071
1645031642631,-0.941,0.794,7.973
1645031642645,-1.176,0.921,7.031
1645031642650,-1.206,1.078,6.227
1645031642661,-1.029,1.206,5.707
1645031642677,-0.657,1.294,5.384
1645031642679,-0.333,1.343,5.236
1645031642694,0.215,1.0,5.138
1645031642699,0.215,1.0,5.138
1645031642711,0.568,0.696,5.138
1645031642718,0.98,0.431,5.06
1645031642732,1.372,0.176,4.923
1645031642739,1.765,-0.009,4.893
1645031642750,2.177,-0.245,4.923
1645031642759,2.579,-0.382,4.991
1645031642768,2.912,-0.431,5.03
1645031642778,3.04,-0.49,5.109
1645031642793,3.177,-0.372,5.491
1645031642798,3.177,-0.372,5.491
1645031642810,2.873,-0.127,6.09
1645031642821,2.677,0.078,6.315
1645031642830,2.432,0.372,6.511
1645031642838,2.128,0.343,6.59
1645031642854,2.128,0.343,6.433
1645031642859,1.784,0.706,6.119
1645031642871,1.716,1.01,5.815
1645031642878,1.657,1.108,5.531
1645031642891,1.5,1.167,5.344
1645031642898,1.471,1.363,5.344
1645031642920,1.529,1.686,5.423
1645031642922,1.529,1.686,5.423
1645031642924,1.529,1.686,5.423
1645031642925,1.549,2.02,5.589
1645031642937,1.441,2.235,6.099
1645031642946,1.235,2.314,6.933
1645031642950,1.039,2.216,7.904
1645031642958,0.912,2.059,9.228
1645031642972,1.167,1.873,10.679
1645031642978,1.559,1.627,11.993
1645031642989,2.069,1.265,12.876
1645031642998,2.667,0.98,13.876
1645031643009,2.961,0.951,14.926
1645031643018,3.02,0.912,15.995
1645031643032,2.804,0.892,17.044
1645031643039,2.422,0.99,17.829
1645031643050,1.882,1.108,18.299
1645031643059,1.323,1.216,18.525
1645031643070,0.882,1.294,18.437
1645031643079,0.764,1.372,18.074
1645031643093,0.833,1.529,17.672
1645031643098,0.912,1.539,17.181
1645031643110,0.902,1.461,16.573
1645031643118,0.725,1.363,15.769
1645031643129,0.294,1.314,14.857
1645031643139,-0.372,1.216,14.18
1645031643165,-1.755,1.019,13.7
1645031643175,-1.755,1.019,13.7
1645031643177,-1.755,1.019,13.7
1645031643177,-2.079,0.519,14.278
1645031643184,-2.079,0.519,14.278
1645031643192,-1.912,0.156,14.533
1645031643193,-1.912,0.156,14.533
1645031643199,-1.676,-0.264,14.504
1645031643213,-1.274,-0.872,13.749
1645031643218,-1.274,-0.872,13.749
1645031643230,-1.461,-1.088,12.866
1645031643238,-1.461,-1.088,12.866
1645031643250,-2.334,-0.872,11.434
1645031643259,-2.687,-0.657,10.571
1645031643273,-2.794,-0.411,9.728
1645031643279,-2.706,-0.147,8.943
1645031643291,-2.461,0.166,8.306
1645031643298,-2.088,0.509,7.776
1645031643311,-1.745,0.843,7.365
1645031643318,-1.51,1.157,7.08
1645031643334,-1.431,1.402,6.923
1645031643339,-1.598,1.618,6.884
1645031643351,-1.99,1.833,7.002
1645031643358,-2.334,2.0,7.119
1645031643370,-2.471,2.157,7.384
1645031643378,-2.422,2.226,7.629
1645031643394,-2.167,2.235,7.845
1645031643399,-1.814,2.226,7.943
1645031643411,-1.49,2.216,7.816
1645031643418,-1.265,2.147,7.678
1645031643431,-1.157,2.069,7.492
1645031643438,-1.186,2.0,7.345
1645031643454,-1.363,1.931,7.453
1645031643459,-1.578,1.833,7.61
1645031643471,-1.627,1.706,7.786
1645031643478,-1.461,1.559,7.933
1645031643490,-1.068,1.441,7.943
1645031643498,-0.637,1.314,7.924
1645031643515,-0.304,1.176,7.835
1645031643519,-0.166,1.049,7.678
1645031643531,-0.137,0.961,7.512
1645031643538,-0.205,1.01,7.384
1645031643550,-0.313,1.049,7.266
1645031643558,-0.372,1.078,7.325
1645031643574,-0.294,1.235,7.551
1645031643579,-0.294,1.235,7.551
1645031643591,-0.362,1.245,7.943
1645031643598,-0.362,1.245,7.943
1645031643610,-0.313,1.343,8.13
1645031643619,-0.196,1.382,8.316
1645031643637,0.333,1.549,8.659
1645031643639,0.617,1.706,8.914
1645031643657,0.853,1.922,9.228
1645031643664,0.961,2.069,9.552
1645031643676,1.01,2.235,9.826
1645031643681,0.99,2.334,10.12
1645031643692,0.99,2.334,10.346
1645031643698,1.029,2.51,10.434
1645031643710,1.108,2.559,10.365
1645031643719,1.235,2.647,10.179
1645031643730,1.382,2.745,9.954
1645031643739,1.549,2.853,9.699
1645031643753,1.676,2.912,9.414
1645031643758,1.833,2.942,9.159
1645031643770,2.0,3.03,9.012
1645031643779,2.118,3.059,8.845
1645031643791,2.206,3.118,8.708
1645031643798,2.226,3.187,8.581
1645031643814,2.285,3.177,8.463
1645031643830,2.451,3.148,8.188
1645031643834,2.451,3.148,8.188
1645031643841,2.54,3.206,8.061
1645031643849,2.657,3.216,7.953
1645031643858,2.687,3.206,8.022
1645031643872,2.638,3.187,8.316
1645031643878,2.451,3.108,8.679
1645031643890,2.147,2.971,9.169
1645031643898,1.824,2.824,9.571
1645031643909,1.588,2.638,9.885
1645031643918,1.451,2.481,10.032
1645031643932,1.422,2.432,9.983
1645031643938,1.471,2.441,9.777
1645031643949,1.49,2.569,9.434
1645031643958,1.5,2.706,9.189
1645031643969,1.48,2.834,9.012
1645031643980,1.392,2.922,9.051
1645031643993,1.353,3.0,9.159
1645031643998,1.382,3.059,9.297
1645031644010,1.5,3.059,9.561
1645031644018,1.706,3.059,9.561
1645031644030,2.235,2.824,9.777
1645031644038,2.235,2.824,9.777
1645031644053,2.226,2.775,10.258
1645031644058,2.226,2.775,10.258
1645031644070,1.294,2.716,11.434
1645031644079,0.735,2.589,12.248
1645031644091,0.196,2.461,13.062
1645031644098,-0.254,2.461,13.935
1645031644114,-0.186,2.167,13.935
1645031644119,-0.323,1.461,15.396
1645031644130,-0.009,1.333,15.916
1645031644150,0.392,1.304,16.142
1645031644151,0.5,1.343,16.054
1645031644160,0.245,1.323,15.544
1645031644173,-0.215,1.343,14.877
1645031644178,-0.764,1.343,14.092
1645031644190,-1.255,1.294,13.259
1645031644198,-1.647,1.216,12.415
1645031644211,-1.833,1.127,11.582
1645031644218,-1.804,0.961,10.787
1645031644234,-1.637,0.853,10.003
1645031644238,-1.323,0.755,9.198
1645031644250,-1.019,0.725,8.483
1645031644258,-0.686,0.686,7.884
1645031644270,-0.323,0.696,7.531
1645031644279,0.0,0.676,7.286
1645031644293,0.323,0.676,7.276
1645031644307,0.608,0.764,7.698
1645031644312,0.608,0.764,7.698
1645031644327,0.813,0.843,8.08
1645031644332,0.813,0.843,8.08
1645031644339,0.931,0.863,8.12
1645031644352,1.068,0.843,8.11
1645031644358,1.176,0.882,8.022
1645031644369,1.206,0.921,7.865
1645031644378,1.137,0.951,7.737
1645031644389,0.951,0.99,7.62
1645031644397,0.725,1.039,7.6
1645031644410,0.627,1.049,7.678
1645031644420,0.647,0.98,7.845
1645031644430,0.823,0.902,8.149
1645031644439,1.167,0.863,8.424
1645031644450,1.922,0.755,8.826
1645031644458,1.922,0.755,8.826
1645031644473,2.432,0.686,8.59
1645031644478,2.432,0.686,8.59
1645031644490,2.765,0.784,8.071
1645031644498,2.765,0.784,8.071
1645031644510,2.902,0.774,7.6
1645031644518,2.902,0.774,7.6
1645031644534,2.922,0.813,7.502
1645031644539,2.991,0.784,7.531
1645031644550,3.089,0.784,7.629
1645031644558,3.167,0.784,7.786
1645031644571,3.255,0.764,7.904
1645031644578,3.334,0.833,7.992
1645031644594,3.403,0.931,8.139
1645031644598,3.52,1.029,8.208
1645031644611,3.579,1.117,8.365
1645031644618,3.628,1.216,8.581
1645031644631,3.658,1.284,8.855
1645031644639,3.677,1.343,9.277
1645031644665,3.677,1.412,9.787
1645031644673,3.677,1.412,9.787
1645031644674,3.677,1.412,9.787
1645031644676,3.981,1.608,11.513
1645031644684,3.952,1.745,11.513
1645031644685,3.952,1.745,11.513
1645031644697,4.099,1.99,12.886
1645031644698,4.099,1.99,12.886
1645031644712,4.06,2.157,13.739
1645031644718,3.971,2.324,14.455
1645031644730,3.893,2.402,15.112
1645031644739,3.903,2.5,15.612
1645031644751,4.03,2.638,15.965
1645031644758,4.266,2.745,16.063
1645031644773,4.54,2.853,15.995
1645031644778,4.805,2.971,15.906
1645031644790,4.932,3.118,15.877
1645031644798,4.942,3.187,15.74
1645031644811,4.893,3.216,15.573
1645031644818,4.834,3.236,15.338
1645031644834,4.864,3.246,14.818
1645031644839,4.864,3.246,14.818
1645031644850,4.913,3.197,14.71
1645031644858,4.923,3.128,14.788
1645031644871,4.393,2.706,15.249
1645031644878,4.393,2.706,15.249
1645031644894,2.844,2.0,15.024
1645031644899,2.844,2.0,15.024
1645031644910,1.667,1.637,14.171
1645031644918,0.411,1.304,12.974
1645031644932,-1.755,0.872,10.875
1645031644940,-2.52,0.598,10.336
1645031644971,-3.157,0.166,10.169
1645031644973,-3.157,0.166,10.169
1645031644974,-3.157,0.166,10.169
1645031644975,-3.157,0.166,10.169
1645031644976,-3.569,-0.892,10.14
1645031644977,-3.569,-0.892,10.14
1645031644980,-3.324,-1.225,10.424
1645031644989,-3.03,-1.382,10.826
1645031644998,-2.794,-1.51,11.081
1645031645019,-2.569,-1.696,11.307
1645031645021,-2.569,-1.696,11.307
1645031645021,-2.569,-1.696,11.307
1645031645022,-2.392,-1.716,11.405
1645031645029,-2.147,-1.608,11.091
1645031645038,-1.99,-1.451,10.65
1645031645049,-2.02,-1.255,9.973
1645031645058,-2.118,-1.019,9.1
1645031645072,-2.245,-0.715,8.277
1645031645078,-2.343,-0.362,7.59
1645031645090,-2.334,0.039,6.943
1645031645099,-2.324,0.5,6.345
1645031645110,-2.373,0.921,5.746
1645031645118,-2.432,1.245,5.276
1645031645132,-2.52,1.539,4.844
1645031645139,-2.51,1.765,4.462
1645031645151,-2.471,2.03,4.295
1645031645158,-2.402,2.265,4.285
1645031645170,-2.255,2.392,4.413
1645031645178,-2.02,2.441,4.609
1645031645193,-1.637,2.451,4.854
1645031645198,-1.147,2.432,5.256
1645031645210,-0.686,2.363,5.629
1645031645219,-0.402,2.285,5.943
1645031645230,-0.166,2.177,6.364
1645031645238,0.009,2.079,6.776
1645031645254,0.402,1.961,7.629
1645031645259,0.402,1.961,7.629
1645031645271,0.755,1.686,7.845
1645031645278,0.755,1.686,7.845
1645031645290,0.99,1.618,7.884
1645031645298,1.294,1.5,8.09
1645031645314,2.03,1.304,8.757
1645031645319,2.03,1.304,8.757
1645031645331,2.853,1.137,9.905
1645031645338,2.853,1.137,9.905
1645031645350,3.285,1.127,10.522
1645031645359,3.785,1.235,11.533
1645031645373,3.824,1.323,11.954
1645031645378,3.824,1.323,11.954
1645031645391,3.608,1.618,12.317
1645031645398,3.452,1.716,12.248
1645031645411,3.403,1.784,12.042
1645031645418,3.432,1.833,11.846
1645031645434,3.569,1.951,11.709
1645031645439,3.677,2.088,11.719
1645031645451,3.726,2.255,11.866
1645031645459,3.677,2.363,12.062
1645031645471,3.638,2.461,12.248
1645031645478,3.579,2.52,12.405
1645031645494,3.442,2.598,12.464
1645031645499,3.295,2.706,12.484
1645031645511,3.148,2.755,12.396
1645031645518,2.991,2.716,12.17
1645031645531,2.971,2.706,11.866
1645031645538,3.059,2.745,11.474
1645031645554,3.138,2.745,11.179
1645031645559,3.079,2.657,10.993
1645031645571,2.902,2.471,10.974
1645031645578,2.726,2.177,11.081
1645031645591,2.598,1.794,11.366
1645031645598,2.716,1.49,11.797
1645031645614,2.961,1.225,12.435
1645031645618,3.128,0.843,13.131
1645031645631,3.236,0.48,13.759
1645031645652,3.344,0.225,14.318
1645031645653,3.491,0.039,14.612
1645031645664,3.559,-0.176,14.337
1645031645675,3.559,-0.176,14.337
1645031645679,3.383,-0.254,13.719
1645031645691,2.765,-0.225,12.092
1645031645698,2.765,-0.225,12.092
1645031645709,2.343,-0.166,11.376
1645031645719,1.814,-0.078,10.758
1645031645733,1.068,0.068,9.61
1645031645738,1.068,0.068,9.61
1645031645749,0.892,0.137,9.091
1645031645758,0.833,0.225,8.571
1645031645771,0.745,0.284,7.62
1645031645778,0.745,0.284,7.62
1645031645794,0.362,0.274,7.139
1645031645799,0.176,0.323,7.119
1645031645810,0.019,0.323,7.129
1645031645818,-0.039,0.362,7.119
1645031645831,0.009,0.382,7.139
1645031645838,0.156,0.402,7.08
1645031645853,0.411,0.402,7.031
1645031645858,0.735,0.372,6.933
1645031645871,1.049,0.402,6.766
1645031645878,1.294,0.48,6.796
1645031645890,1.441,0.608,6.943
1645031645898,1.422,0.715,7.119
1645031645915,1.265,0.863,7.355
1645031645919,1.059,0.99,7.531
1645031645936,0.872,1.255,7.688
1645031645941,0.872,1.255,7.688
1645031645950,0.843,1.343,7.678
1645031645964,0.882,1.412,7.62
1645031645976,0.98,1.48,7.571
1645031645980,1.068,1.549,7.541
1645031645990,1.098,1.569,7.58
1645031645999,1.137,1.608,7.678
1645031646010,1.176,1.657,7.796
1645031646019,1.176,1.735,8.071
1645031646033,1.117,1.804,8.286
1645031646038,1.059,1.843,8.502
1645031646049,1.019,1.863,8.836
1645031646059,0.941,1.892,9.404
1645031646071,0.863,1.951,10.199
1645031646078,0.813,1.922,11.189
1645031646094,0.892,1.863,13.347
1645031646099,1.157,1.853,13.347
1645031646110,1.422,1.824,14.161
1645031646118,1.539,1.873,14.818
1645031646130,1.029,1.882,15.701
1645031646140,0.961,1.882,15.701
1645031646165,0.068,1.922,15.946
1645031646173,0.068,1.922,15.946
1645031646174,0.068,1.922,15.946
1645031646177,0.166,2.196,14.916
1645031646185,0.539,2.285,14.112
1645031646189,0.539,2.285,14.112
1645031646190,1.019,2.402,13.18
1645031646198,1.019,2.402,13.18
1645031646213,1.951,2.844,11.719
1645031646218,2.049,3.02,11.405
1645031646230,1.814,3.069,11.434
1645031646239,1.294,2.961,11.807
1645031646249,0.755,2.824,12.474
1645031646258,0.186,2.647,13.406
1645031646273,-0.343,2.402,14.288
1645031646280,-0.764,2.088,14.906
1645031646290,-1.059,1.804,14.896
1645031646299,-1.274,1.539,14.484
1645031646309,-1.49,1.382,13.661
1645031646322,-1.843,1.343,12.621
1645031646329,-2.353,1.235,11.434
1645031646341,-2.942,1.167,10.365
1645031646350,-3.373,1.068,9.444
1645031646358,-3.55,1.019,8.649
1645031646368,-3.344,1.01,8.012
1645031646378,-2.873,1.039,7.521
1645031646389,-2.245,1.078,7.07
1645031646401,-1.549,1.157,6.698
1645031646409,-0.892,1.294,6.531
1645031646418,-0.46,1.441,6.443
1645031646429,-0.245,1.627,6.374
1645031646438,-0.127,1.775,6.178
1645031646449,-0.019,1.951,5.952
1645031646460,0.078,2.177,5.707
1645031646467,0.254,2.353,5.452
1645031646478,0.411,2.451,5.227
1645031646488,0.519,2.5,5.04
1645031646498,0.637,2.549,4.893
1645031646508,0.725,2.579,4.883
1645031646520,0.774,2.569,5.021
1645031646529,0.745,2.579,5.305
1645031646538,0.755,2.559,5.717
1645031646549,0.833,2.51,6.109
1645031646558,1.078,2.402,6.541
1645031646569,1.392,2.353,6.874
1645031646580,1.765,2.294,7.139
1645031646589,2.039,2.334,7.443
1645031646598,2.177,2.353,7.757
1645031646607,2.186,2.422,8.247
1645031646618,1.971,2.422,8.767
1645031646629,1.696,2.402,9.1
1645031646641,1.48,2.383,9.414
1645031646665,1.431,2.441,9.365
1645031646669,1.431,2.441,9.365
1645031646670,1.431,2.441,9.365
1645031646673,1.696,2.481,9.198
1645031646680,1.99,2.618,9.11
1645031646689,2.157,2.687,9.1
1645031646700,2.216,2.775,9.375
1645031646707,2.285,2.873,9.689
1645031646717,2.294,2.942,10.14
1645031646727,2.255,3.04,10.679
1645031646738,2.235,3.138,11.258
1645031646749,2.245,3.216,11.807
1645031646760,2.304,3.314,12.435
1645031646769,2.255,3.442,13.121
1645031646778,2.118,3.569,13.739
1645031646789,1.922,3.775,14.161
1645031646798,1.706,3.893,14.357
1645031646809,1.559,3.883,14.298
1645031646820,1.529,3.883,14.014
1645031646829,1.451,3.873,13.533
1645031646838,1.186,3.873,13.268
1645031646849,0.843,3.775,13.151
1645031646858,0.588,3.569,13.18
1645031646869,0.441,3.304,13.229
1645031646884,0.637,3.01,13.18
1645031646890,1.117,2.755,12.807
1645031646898,1.784,2.638,12.258
1645031646911,2.471,2.628,11.562
1645031646918,2.785,2.618,10.875
1645031646935,2.794,2.677,10.101
1645031646943,2.794,2.677,10.101
1645031646949,2.657,2.589,10.179
1645031646958,2.589,2.471,10.522
1645031646968,2.51,2.343,10.856
1645031646977,2.5,2.167,11.003
1645031646988,2.49,2.059,10.836
1645031647000,2.481,1.961,10.434
1645031647007,2.51,1.941,9.895
1645031647017,2.441,1.951,9.306
1645031647030,2.059,2.098,8.365
1645031647038,2.059,2.098,8.365
1645031647050,1.657,2.245,7.786
1645031647069,1.618,2.216,7.669
1645031647071,1.618,2.216,7.669
1645031647073,1.745,2.108,7.61
1645031647078,1.745,2.108,7.61
1645031647090,2.353,1.775,7.521
1645031647098,2.667,1.569,7.502
1645031647110,2.991,1.412,7.423
1645031647121,3.275,1.225,7.286
1645031647130,3.412,1.127,7.247
1645031647140,3.432,1.068,6.982
1645031647150,3.324,1.049,6.629
1645031647162,3.197,1.039,6.188
1645031647169,3.099,1.039,5.776
1645031647181,2.991,1.068,5.442
1645031647190,2.942,1.078,5.168
1645031647199,2.824,1.147,4.952
1645031647210,2.745,1.225,4.795
1645031647219,2.716,1.274,4.707
1645031647229,2.736,1.343,4.707
1645031647242,2.893,1.392,4.776
1645031647249,3.118,1.412,4.932
1645031647264,3.393,1.471,5.148
1645031647273,3.569,1.578,5.452
1645031647279,3.559,1.627,6.001
1645031647291,3.52,1.676,6.531
1645031647301,3.373,1.755,7.041
1645031647310,3.118,1.873,7.825
1645031647326,2.383,2.265,9.601
1645031647331,2.383,2.265,9.601
1645031647347,1.539,2.706,11.346
1645031647351,1.539,2.706,11.346
1645031647364,1.186,2.873,12.072
1645031647370,1.01,3.01,12.7
1645031647379,0.99,3.128,13.043
1645031647390,1.167,3.197,13.131
1645031647400,1.372,3.353,13.053
1645031647408,1.627,3.53,12.876
1645031647421,1.843,3.589,12.807
1645031647429,2.01,3.608,12.729
1645031647438,2.098,3.677,12.739
1645031647449,2.255,3.707,12.964
1645031647458,2.255,3.707,12.964
1645031647469,2.294,3.707,13.317
1645031647480,2.353,3.677,13.867
1645031647491,2.451,3.589,14.357
1645031647498,2.52,3.471,14.69
1645031647510,2.363,3.353,14.749
1645031647518,2.079,3.403,14.612
1645031647531,1.569,3.412,14.494
1645031647541,0.912,3.412,14.259
1645031647549,0.215,3.344,13.925
1645031647558,-0.411,3.157,13.504
1645031647569,-0.676,2.853,13.18
1645031647578,-0.627,2.53,13.043
1645031647590,-0.382,2.245,13.043
1645031647601,-0.019,2.079,13.141
1645031647609,0.264,1.892,13.259
1645031647618,0.205,1.726,13.435
1645031647630,-0.186,1.637,13.553
1645031647638,-0.912,1.451,13.474
1645031647661,-1.706,1.216,12.964
1645031647674,-2.441,1.01,12.052
1645031647676,-2.441,1.01,12.052
1645031647677,-2.804,0.892,9.581
1645031647681,-2.804,0.892,9.581
1645031647689,-2.471,0.97,8.384
1645031647699,-1.931,1.068,7.345
1645031647710,-1.265,1.225,6.541
1645031647721,-0.608,1.402,6.05
1645031647730,0.0,1.696,5.864
1645031647739,0.47,2.02,5.972
1645031647750,0.637,2.255,6.188
1645031647758,0.608,2.5,6.354
1645031647769,0.539,2.696,6.521
1645031647781,0.48,2.863,6.57
1645031647791,0.411,2.932,6.482
1645031647798,0.372,2.932,6.207
1645031647811,0.382,2.726,5.413
1645031647818,0.382,2.726,5.413
1645031647831,0.686,2.353,4.785
1645031647841,0.686,2.353,4.785
1645031647850,1.304,1.882,4.383
1645031647858,1.304,1.882,4.383
1645031647871,1.784,1.539,4.138
1645031647878,1.784,1.539,4.138
1645031647891,1.52,1.402,4.589
1645031647901,1.52,1.402,4.589
1645031647910,1.108,1.255,4.942
1645031647918,1.108,1.255,5.07
1645031647938,1.137,1.186,5.07
1645031647939,1.137,1.186,5.07
1645031647943,1.627,1.186,5.472
1645031647950,1.873,1.225,5.982
1645031647961,1.971,1.274,6.786
1645031647976,1.912,1.304,7.639
1645031647979,1.676,1.343,8.659
1645031647990,1.314,1.412,9.699
1645031647998,1.029,1.48,10.699
1645031648010,0.921,1.5,11.582
1645031648021,1.098,1.559,12.317
1645031648029,1.412,1.676,13.004
1645031648039,1.853,1.892,13.602
1645031648051,2.186,2.098,14.131
1645031648058,2.334,2.275,14.573
1645031648071,2.275,2.392,14.975
1645031648081,2.039,2.481,15.377
1645031648090,1.726,2.618,15.671
1645031648099,1.422,2.696,15.985
1645031648111,1.206,2.765,16.299
1645031648118,1.117,2.775,16.524
1645031648130,1.206,2.785,16.573
1645031648143,1.51,2.853,16.505
1645031648158,2.177,2.853,16.103
1645031648160,2.177,2.853,16.103
1645031648172,2.304,2.775,15.848
1645031648178,2.167,2.638,15.563
1645031648190,1.882,2.461,15.161
1645031648201,1.422,2.275,14.602
1645031648210,0.872,2.02,13.827
1645031648218,0.5,1.853,13.023
1645031648230,0.284,1.755,12.229
1645031648239,0.254,1.627,11.533
1645031648249,0.205,1.431,11.14
1645031648262,0.402,1.265,11.032
1645031648271,1.196,0.97,11.268
1645031648278,1.196,0.97,11.268
1645031648290,1.549,0.843,11.307
1645031648298,1.676,0.823,11.297
1645031648311,1.51,0.872,10.866
1645031648321,1.51,0.872,10.866
1645031648330,1.284,0.931,10.061
1645031648338,1.284,0.931,9.757
1645031648350,1.392,1.029,9.767
1645031648358,1.735,1.049,9.414
1645031648371,1.824,1.088,9.375
1645031648381,1.794,1.098,9.404
1645031648390,1.598,1.127,9.591
1645031648399,1.284,1.127,9.816
1645031648410,1.029,1.137,10.052
1645031648418,0.784,1.078,10.199
1645031648431,0.598,1.029,10.209
1645031648441,0.549,0.931,9.983
1645031648450,0.706,0.882,9.659
1645031648459,0.921,0.863,9.248
1645031648471,1.216,0.833,8.669
1645031648478,1.49,0.755,8.159
1645031648491,1.735,0.666,7.678
1645031648501,1.882,0.529,7.247
1645031648510,2.03,0.49,7.031
1645031648519,2.039,0.48,6.835
1645031648530,1.951,0.451,6.619
1645031648538,1.784,0.411,6.492
1645031648550,1.48,0.411,6.531
1645031648562,1.068,0.5,6.639
1645031648570,0.598,0.715,6.658
1645031648578,0.117,0.98,6.511
1645031648591,-0.343,1.225,6.305
1645031648598,-0.666,1.471,6.168
1645031648611,-0.823,1.726,6.109
1645031648621,-0.725,1.951,5.992
1645031648630,-0.441,2.186,5.962
1645031648638,-0.088,2.402,6.099
1645031648651,0.558,2.726,6.619
1645031648666,0.755,2.883,7.002
1645031648680,0.755,2.883,7.002
1645031648686,0.902,3.314,7.816
1645031648692,0.784,3.54,8.002
1645031648698,0.784,3.54,8.002
1645031648710,0.804,3.893,8.306
1645031648719,0.804,3.893,8.306
1645031648730,1.01,4.344,9.081
1645031648741,1.01,4.344,9.081
1645031648749,0.902,4.56,9.542
1645031648759,0.755,4.864,10.454
1645031648771,0.813,5.011,10.875
1645031648778,0.931,5.07,11.101
1645031648791,0.97,5.06,11.15
1645031648801,1.0,5.001,11.15
1645031648810,1.01,4.952,11.346
1645031648818,1.068,4.874,11.67
1645031648831,1.137,4.776,12.101
1645031648838,1.059,4.668,12.484
1645031648851,0.892,4.501,12.847
1645031648861,0.755,4.442,12.984
1645031648870,0.764,4.422,12.768
1645031648878,0.823,4.481,12.278
1645031648891,0.853,4.56,11.699
1645031648898,0.843,4.638,11.121
1645031648911,0.902,4.746,10.62
1645031648921,0.823,4.834,10.424
1645031648930,0.519,4.913,10.581
1645031648943,0.166,4.913,10.983
1645031648950,-0.343,4.844,11.611
1645031648962,-0.823,4.599,12.288
1645031648972,-1.176,4.334,12.798
1645031648981,-1.343,4.06,13.033
1645031648990,-1.382,3.814,13.033
1645031648999,-1.422,3.638,12.758
1645031649010,-1.5,3.442,12.327
1645031649019,-1.676,3.314,11.993
1645031649030,-1.784,3.344,11.68
1645031649041,-1.873,3.432,11.385
1645031649049,-2.039,3.412,11.179
1645031649059,-2.147,3.334,10.944
1645031649071,-2.216,3.255,10.64
1645031649078,-2.304,3.167,10.316
1645031649090,-2.461,3.099,9.905
1645031649102,-2.638,3.04,9.424
1645031649110,-2.971,2.902,8.375
1645031649118,-2.971,2.902,8.375
1645031649130,-3.02,2.922,8.022
1645031649139,-2.981,2.961,7.737
1645031649159,-2.598,3.099,7.159
1645031649166,-2.255,3.187,6.972
1645031649177,-1.873,3.314,6.717
1645031649180,-1.598,3.412,6.492
1645031649191,-1.392,3.481,6.247
1645031649198,-1.353,3.579,6.031
1645031649210,-1.372,3.677,5.913
1645031649221,-1.51,3.814,5.913
1645031649229,-1.637,3.952,6.021
1645031649239,-1.833,4.089,6.119
1645031649250,-2.02,4.158,6.198
1645031649259,-2.039,4.197,6.296
1645031649270,-2.01,4.167,6.335
1645031649282,-1.941,4.089,6.256
1645031649290,-1.775,4.001,6.07
1645031649299,-1.569,3.932,5.884
1645031649310,-1.353,3.854,5.815
1645031649318,-1.147,3.824,5.805
1645031649331,-0.951,3.844,5.923
1645031649341,-0.843,3.883,6.148
1645031649350,-0.892,3.922,6.472
1645031649359,-0.912,3.912,6.757
1645031649371,-0.912,3.912,7.002
1645031649379,-0.823,3.893,7.188
1645031649391,-0.774,3.932,7.325
1645031649401,-0.725,3.893,7.296
1645031649410,-0.558,3.932,7.247
1645031649418,-0.353,3.942,7.129
1645031649431,-0.068,3.991,7.061
1645031649438,0.137,4.06,7.149
1645031649451,0.235,4.158,7.355
1645031649461,0.284,4.236,7.669
1645031649470,0.353,4.324,8.002
1645031649478,0.411,4.462,8.345
1645031649490,0.46,4.54,8.63
1645031649498,0.588,4.619,8.845
1645031649511,0.745,4.785,9.179
1645031649521,0.745,4.785,9.179
1645031649530,0.725,4.903,9.453
1645031649538,0.725,4.903,9.453
1645031649551,0.549,4.903,9.895
1645031649558,0.549,4.903,9.895
1645031649571,0.755,4.854,10.228
1645031649582,0.755,4.854,10.228
1645031649590,1.029,4.668,10.493
1645031649599,1.225,4.589,10.581
1645031649610,1.225,4.589,10.581
1645031649618,1.5,4.54,10.64
1645031649631,1.48,4.56,10.689
1645031649641,1.363,4.56,10.826
1645031649655,1.108,4.589,10.875
1645031649660,0.784,4.609,10.964
1645031649672,0.46,4.579,10.974
1645031649684,0.225,4.511,10.866
1645031649691,0.117,4.462,10.67
1645031649704,0.235,4.324,10.424
1645031649710,0.46,4.197,10.199
1645031649718,0.794,4.089,10.022
1645031649730,1.108,3.962,9.865
1645031649738,1.5,3.834,9.797
1645031649750,1.775,3.726,9.865
1645031649761,1.961,3.638,10.111
1645031649769,1.931,3.491,10.375
1645031649779,1.745,3.255,10.689
1645031649791,1.48,3.049,11.003
1645031649798,1.245,2.853,11.219
1645031649819,0.99,2.441,11.16
1645031649820,0.99,2.441,11.16
1645031649821,0.99,2.441,11.16
1645031649831,0.99,2.441,11.16
1645031649834,1.471,2.216,10.199
1645031649838,1.471,2.216,10.199
1645031649850,1.873,2.245,9.453
1645031649858,2.216,2.294,8.747
1645031649870,2.422,2.432,8.277
1645031649882,2.471,2.657,8.002
1645031649890,2.402,2.873,7.865
1645031649899,2.226,3.148,7.865
1645031649910,1.981,3.304,7.894
1645031649918,1.667,3.383,7.992
1645031649931,1.127,3.51,8.149
1645031649943,1.127,3.51,8.149
1645031649950,0.755,3.53,8.208
1645031649958,0.755,3.53,8.208
1645031649970,0.549,3.295,8.394
1645031649980,0.549,3.295,8.394
1645031649991,0.706,3.01,8.875
1645031650001,0.706,3.01,8.875
1645031650010,1.225,3.0,9.238
1645031650019,1.451,3.128,9.375
1645031650031,1.529,3.187,9.483
1645031650038,1.539,3.295,9.522
1645031650051,1.392,3.422,9.493
1645031650061,1.186,3.579,9.414
1645031650070,1.039,3.677,9.385
1645031650078,0.97,3.736,9.355
1645031650091,1.039,3.736,9.395
1645031650098,1.186,3.756,9.395
1645031650111,1.323,3.834,9.248
1645031650121,1.451,3.854,9.208
1645031650130,1.52,3.863,9.179
1645031650138,1.451,3.903,9.189
1645031650151,1.422,3.952,9.198
1645031650167,1.392,4.001,9.13
1645031650171,1.363,4.05,9.051
1645031650183,1.323,4.06,9.12
1645031650191,1.294,4.05,9.169
1645031650198,1.274,4.02,9.267
1645031650210,1.382,3.942,9.297
1645031650219,1.569,3.932,9.306
1645031650230,1.775,3.873,9.277
1645031650241,1.922,3.834,9.355
1645031650249,1.971,3.824,9.434
1645031650258,1.931,3.814,9.512
1645031650270,1.882,3.854,9.699
1645031650279,1.814,3.814,9.944
1645031650290,1.706,3.814,10.336
1645031650301,1.588,3.746,10.719
1645031650310,1.539,3.667,11.14
1645031650318,1.578,3.677,11.444
1645031650331,1.667,3.677,11.336
1645031650346,1.775,3.765,11.101
1645031650351,1.755,3.824,10.719
1645031650376,1.618,4.011,10.032
1645031650377,1.618,4.011,10.032
1645031650378,1.618,4.011,10.032
1645031650382,1.618,4.011,10.032
1645031650383,1.529,4.04,9.659
1645031650389,1.529,4.04,9.659
1645031650398,1.52,4.06,9.287
1645031650410,1.814,4.05,8.532
1645031650420,1.814,4.05,8.532
1645031650429,2.03,4.118,8.286
1645031650438,2.186,4.226,8.12
1645031650449,2.343,4.383,7.894
1645031650460,2.412,4.668,7.561
1645031650470,2.343,4.756,7.482
1645031650481,2.235,4.834,7.463
1645031650489,2.079,4.874,7.502
1645031650499,1.961,4.854,7.541
1645031650510,1.833,4.795,7.59
1645031650519,1.814,4.628,7.698
1645031650530,1.765,4.511,7.757
1645031650541,1.598,4.256,7.316
1645031650549,1.627,4.334,7.463
1645031650565,1.706,4.619,7.639
1645031650569,1.627,4.717,7.698
1645031650578,1.363,4.736,7.747
1645031650589,1.127,4.766,7.747
1645031650600,0.872,4.785,7.776
1645031650609,0.627,4.805,7.688
1645031650618,0.431,4.825,7.747
1645031650629,0.304,4.854,7.825
1645031650638,0.225,4.844,7.806
1645031650649,0.274,4.874,7.825
1645031650660,0.402,4.913,7.561
1645031650668,0.696,5.03,7.786
