1645031991525,1.5,2.451,9.385
1645031991550,1.637,2.451,9.336
1645031991554,1.706,2.451,9.326
1645031991559,1.784,2.422,9.346
1645031991561,1.814,2.392,9.257
1645031991575,1.922,2.412,9.149
1645031991581,1.951,2.363,9.218
1645031991592,2.01,2.334,9.081
1645031991601,2.108,2.402,8.855
1645031991614,2.039,2.451,8.796
1645031991621,2.049,2.549,8.777
1645031991636,2.039,2.638,8.757
1645031991641,1.941,2.716,8.777
1645031991652,1.892,2.667,8.924
1645031991661,1.922,2.863,8.816
1645031991672,2.02,3.03,8.787
1645031991681,2.098,3.138,8.894
1645031991695,2.206,3.138,8.747
1645031991701,2.294,3.206,8.659
1645031991714,2.294,3.344,8.561
1645031991721,2.118,3.275,8.286
1645031991733,2.049,3.314,8.08
1645031991741,1.853,3.52,7.933
1645031991755,1.902,3.667,8.541
1645031991762,1.882,3.824,9.238
1645031991772,1.775,3.53,9.777
1645031991781,1.814,3.432,9.414
1645031991793,2.039,3.206,9.022
1645031991801,2.432,2.951,8.61
1645031991815,2.991,2.902,8.13
1645031991821,3.677,3.079,7.747
1645031991833,3.932,3.177,7.414
1645031991841,3.912,3.02,7.365
1645031991852,3.854,2.598,7.188
1645031991861,3.785,2.579,7.639
1645031991875,3.491,2.481,8.326
1645031991881,3.746,1.833,8.973
1645031991893,4.383,1.961,8.885
1645031991901,5.011,1.726,8.983
1645031991912,5.305,1.696,9.228
1645031991921,5.619,1.618,9.787
1645031991935,5.619,1.49,10.856
1645031991941,5.344,1.343,11.993
1645031991952,5.04,1.216,12.611
1645031991962,4.844,1.225,12.798
1645031991973,4.628,1.343,12.533
1645031991981,4.609,1.706,11.846
1645031991995,4.02,1.5,10.768
1645031992002,3.363,1.127,9.718
1645031992017,3.206,1.029,9.189
1645031992021,3.353,1.147,9.179
1645031992043,3.638,1.461,9.424
1645031992043,3.638,1.461,9.424
1645031992043,3.638,1.461,9.424
1645031992053,4.03,1.755,9.757
1645031992061,4.354,1.951,9.914
1645031992072,4.697,2.177,10.003
1645031992081,4.844,2.392,9.944
1645031992092,4.491,2.618,9.493
1645031992101,4.207,2.647,8.924
1645031992114,3.814,2.51,8.845
1645031992121,3.079,2.03,9.404
1645031992132,2.324,1.265,10.581
1645031992141,1.882,0.529,12.317
1645031992152,1.941,-0.029,14.298
1645031992161,1.784,-0.421,16.063
1645031992175,1.441,-0.686,16.132
1645031992181,0.853,-0.774,15.083
1645031992195,0.294,-0.647,13.778
1645031992201,-0.166,-0.029,12.062
1645031992217,-0.539,0.009,10.924
1645031992221,-0.755,0.196,10.022
1645031992234,-1.068,0.235,9.228
1645031992241,-1.353,0.176,8.483
1645031992252,-1.402,0.088,8.002
1645031992261,-1.157,0.088,7.747
1645031992274,-0.666,0.166,7.904
1645031992281,-0.156,0.313,8.169
1645031992294,0.245,0.509,8.384
1645031992301,0.411,0.794,8.718
1645031992312,1.578,1.529,8.943
1645031992321,3.138,2.285,9.267
1645031992332,3.265,2.324,9.954
1645031992341,1.931,1.686,10.16
1645031992355,0.215,1.019,10.111
1645031992361,-1.167,0.725,10.101
1645031992372,-2.157,0.657,10.022
1645031992381,-2.608,0.725,9.895
1645031992393,-2.324,1.216,9.267
1645031992401,-1.451,1.873,7.963
1645031992414,-0.284,2.589,6.384
1645031992421,1.157,3.167,5.619
1645031992432,1.971,3.324,5.795
1645031992441,1.726,3.079,6.305
1645031992452,0.46,2.677,6.923
1645031992461,-1.127,2.5,7.796
1645031992474,-2.167,2.49,8.61
1645031992481,-2.932,2.647,9.267
1645031992492,-3.206,2.608,9.483
1645031992501,-3.089,2.883,9.473
1645031992520,-2.687,3.206,9.63
1645031992523,-2.226,3.452,9.875
1645031992535,-2.02,3.687,10.061
1645031992541,-2.01,3.824,10.248
1645031992552,-2.049,3.971,10.493
1645031992561,-2.314,3.981,10.532
1645031992574,-2.412,3.981,10.365
1645031992581,-2.167,4.109,10.179
1645031992594,-2.785,4.069,10.003
1645031992601,-3.285,3.893,9.954
1645031992615,-3.177,4.099,9.728
1645031992621,-3.177,4.099,9.728
1645031992634,-2.873,4.226,9.807
1645031992641,-2.824,4.187,10.228
1645031992656,-2.794,3.962,10.591
1645031992661,-2.794,3.491,10.934
1645031992674,-2.922,2.981,11.111
1645031992681,-2.863,2.618,11.64
1645031992694,-2.853,2.235,12.288
1645031992701,-2.853,2.069,13.092
1645031992718,-3.167,2.343,13.592
1645031992722,-3.873,2.696,13.259
1645031992735,-4.874,3.049,12.209
1645031992741,-6.247,3.393,10.748
1645031992756,-7.855,3.559,9.669
1645031992761,-8.845,3.648,9.14
1645031992777,-8.384,3.677,8.993
1645031992782,-7.384,4.04,9.228
1645031992795,-6.345,4.521,9.179
1645031992801,-6.806,4.746,8.983
1645031992815,-8.63,4.599,8.345
1645031992821,-10.218,4.599,7.678
1645031992838,-11.17,4.305,6.845
1645031992842,-11.346,3.912,5.688
1645031992856,-10.316,3.54,4.442
1645031992861,-9.807,3.922,3.383
1645031992875,-9.022,4.295,2.942
1645031992881,-7.541,3.883,3.726
1645031992897,-7.472,4.158,3.138
1645031992902,-8.169,4.687,2.245
1645031992916,-8.198,4.766,1.372
1645031992921,-8.051,4.697,0.764
1645031992935,-8.13,4.648,0.127
1645031992941,-8.718,4.638,-0.657
1645031992967,-9.257,4.785,-1.117
1645031992969,-9.257,4.785,-1.117
1645031992970,-9.257,4.785,-1.117
1645031992970,-8.953,4.972,-1.117
1645031992975,-8.953,4.972,-1.117
1645031992981,-8.365,4.972,-1.108
1645031992995,-7.59,4.972,-1.059
1645031993001,-6.717,5.03,-1.098
1645031993036,-6.119,4.942,-0.872
1645031993037,-6.119,4.942,-0.872
1645031993038,-6.119,4.942,-0.872
1645031993040,-4.952,4.599,-0.539
1645031993041,-4.717,4.383,-0.617
1645031993042,-4.275,3.962,-0.696
1645031993055,-4.275,3.962,-0.696
1645031993061,-3.128,3.501,-0.598
1645031993076,-2.687,3.53,-0.441
1645031993081,-2.441,3.628,-0.353
1645031993094,-2.265,3.765,-0.313
1645031993101,-2.245,3.795,-0.647
1645031993115,-2.069,4.03,-0.755
1645031993121,-1.961,4.05,-0.921
1645031993137,-1.706,4.06,-1.117
1645031993142,-1.559,3.952,-1.294
1645031993157,-1.363,3.707,-1.529
1645031993161,-1.157,3.383,-1.627
1645031993177,-0.961,3.079,-1.5
1645031993181,-0.813,2.765,-1.323
1645031993193,-0.813,2.363,-1.088
1645031993201,-1.059,1.922,-1.137
1645031993214,-1.529,1.412,-1.314
1645031993225,-2.157,0.882,-1.598
1645031993234,-2.942,0.372,-2.069
1645031993241,-3.579,-0.137,-2.755
1645031993253,-3.903,-0.627,-3.697
1645031993261,-4.04,-1.265,-4.599
1645031993273,-3.805,-2.069,-5.609
1645031993285,-3.53,-3.04,-6.639
1645031993293,-3.363,-3.991,-7.345
1645031993301,-3.452,-4.972,-7.727
1645031993313,-3.814,-5.903,-8.061
1645031993328,-4.697,-6.962,-8.561
1645031993334,-5.844,-8.159,-9.1
1645031993361,-6.992,-8.963,-9.218
1645031993362,-6.992,-8.963,-9.218
1645031993362,-6.992,-8.963,-9.218
1645031993363,-10.866,-12.347,-11.944
1645031993363,-10.866,-12.347,-11.944
1645031993373,-12.66,-14.229,-14.024
1645031993381,-14.171,-15.71,-15.661
1645031993393,-15.338,-16.377,-16.779
1645031993434,-15.877,-15.857,-16.632
1645031993434,-15.877,-15.857,-16.632
1645031993435,-15.877,-15.857,-16.632
1645031993436,-17.927,-12.847,-14.926
1645031993437,-17.927,-12.847,-14.926
1645031993438,-17.927,-12.847,-14.926
1645031993473,-18.721,-11.327,-14.465
1645031993474,-19.133,-9.395,-14.151
1645031993477,-18.417,-5.335,-14.073
1645031993478,-18.417,-5.335,-14.073
1645031993478,-18.417,-5.335,-14.073
1645031993478,-17.24,-3.677,-14.416
1645031993481,-15.975,-2.304,-14.788
1645031993490,-14.72,-1.647,-14.916
1645031993501,-13.631,-1.353,-14.779
1645031993512,-12.611,-1.5,-14.161
1645031993523,-11.454,-1.755,-13.2
1645031993531,-10.277,-2.049,-12.101
1645031993541,-9.071,-2.343,-11.16
1645031993551,-7.992,-2.667,-10.434
1645031993562,-7.08,-2.951,-9.885
1645031993571,-6.482,-3.226,-9.395
1645031993584,-6.06,-3.452,-8.767
1645031993591,-5.688,-3.559,-8.12
1645031993601,-5.295,-3.559,-7.541
1645031993612,-4.844,-3.491,-7.07
1645031993621,-4.344,-3.255,-6.727
1645031993631,-3.981,-3.0,-6.511
1645031993649,-3.716,-2.745,-6.403
1645031993650,-3.716,-2.745,-6.403
1645031993650,-3.608,-2.559,-6.403
1645031993662,-3.55,-2.49,-6.443
1645031993671,-3.628,-2.363,-6.198
1645031993681,-3.834,-2.235,-6.001
1645031993693,-4.079,-2.088,-5.854
1645031993703,-4.158,-1.951,-5.825
1645031993712,-4.285,-1.794,-5.992
1645031993721,-4.354,-1.745,-6.266
1645031993731,-4.383,-1.814,-6.551
1645031993744,-4.462,-1.882,-6.815
1645031993752,-4.609,-2.03,-6.943
1645031993771,-4.766,-2.206,-6.894
1645031993772,-4.766,-2.206,-6.894
1645031993776,-4.893,-2.304,-6.776
1645031993785,-4.991,-2.324,-6.688
1645031993799,-5.227,-2.285,-6.511
1645031993802,-5.227,-2.285,-6.511
1645031993818,-5.511,-2.392,-6.462
1645031993834,-5.982,-2.618,-6.423
1645031993834,-6.325,-2.853,-6.521
1645031993844,-6.531,-3.108,-6.59
1645031993852,-6.649,-3.412,-6.668
1645031993864,-6.717,-3.608,-6.57
1645031993872,-6.59,-3.648,-6.374
1645031993887,-6.325,-3.618,-6.158
1645031993899,-5.56,-3.432,-6.09
1645031993901,-5.56,-3.432,-6.09
1645031993916,-4.658,-3.461,-6.129
1645031993923,-4.207,-3.54,-6.099
1645031993931,-3.805,-3.569,-6.07
1645031993947,-3.461,-3.501,-6.021
1645031993952,-3.148,-3.383,-5.982
1645031993963,-2.785,-3.265,-5.864
1645031993981,-2.51,-3.118,-5.688
1645031993982,-2.432,-3.0,-5.58
1645031993991,-2.52,-2.951,-5.531
1645031994005,-2.52,-2.804,-5.256
1645031994012,-2.216,-2.54,-4.913
1645031994028,-1.892,-2.275,-4.687
1645031994031,-2.049,-2.392,-4.962
1645031994042,-2.824,-3.265,-5.668
1645031994051,-4.315,-4.776,-6.707
1645031994064,-6.188,-6.531,-7.718
1645031994071,-8.041,-7.09,-7.335
1645031994087,-10.885,-9.091,-6.943
1645031994097,-14.122,-11.101,-6.747
1645031994101,-16.828,-11.13,-5.639
1645031994113,-18.182,-6.668,-2.794
1645031994125,-18.858,-1.078,-2.706
1645031994133,-19.202,3.55,-7.512
1645031994141,-19.368,6.56,-10.944
1645031994154,-19.457,6.796,-12.042
1645031994161,-19.496,3.128,-13.268
1645031994173,-19.515,-2.451,-13.435
1645031994185,-19.162,-6.717,-12.121
1645031994193,-16.171,-8.894,-9.816
1645031994201,-12.68,-10.022,-7.61
1645031994213,-9.856,-10.62,-6.109
1645031994221,-7.884,-10.62,-5.384
1645031994233,-6.776,-10.228,-5.335
1645031994245,-6.403,-9.934,-5.795
1645031994253,-6.472,-9.659,-6.462
1645031994261,-6.59,-9.208,-6.943
1645031994273,-6.639,-8.689,-7.129
1645031994281,-6.953,-8.188,-7.09
1645031994293,-7.6,-7.776,-7.021
1645031994305,-8.384,-7.384,-6.933
1645031994313,-9.257,-7.021,-6.815
1645031994321,-9.934,-6.757,-6.688
1645031994333,-10.13,-6.453,-6.531
1645031994341,-9.738,-6.09,-6.531
1645031994353,-7.816,-5.746,-6.551
1645031994365,-6.864,-5.776,-6.707
1645031994373,-5.982,-5.776,-6.845
1645031994381,-5.187,-5.737,-6.688
1645031994393,-4.521,-5.57,-6.315
1645031994401,-4.02,-5.276,-5.756
1645031994413,-3.638,-4.972,-5.236
1645031994425,-3.412,-4.658,-4.805
1645031994433,-3.403,-4.403,-4.579
1645031994441,-3.501,-4.217,-4.521
1645031994453,-3.697,-4.109,-4.619
1645031994461,-3.922,-3.991,-4.795
1645031994473,-4.079,-3.922,-4.932
1645031994485,-4.266,-3.814,-4.932
1645031994493,-4.364,-3.716,-4.923
1645031994501,-4.491,-3.677,-4.942
1645031994514,-4.619,-3.726,-4.923
1645031994529,-4.785,-3.942,-5.148
1645031994539,-4.785,-3.942,-5.148
1645031994546,-4.952,-4.148,-5.315
1645031994553,-5.217,-4.393,-5.619
1645031994561,-5.442,-4.619,-5.884
1645031994573,-5.629,-4.766,-6.099
1645031994581,-5.717,-4.903,-6.256
1645031994591,-5.952,-5.119,-6.531
1645031994604,-6.129,-5.305,-6.649
1645031994611,-6.305,-5.452,-6.531
1645031994621,-6.403,-5.589,-6.57
1645031994633,-6.531,-5.727,-6.727
1645031994641,-6.727,-5.815,-7.031
1645031994651,-6.933,-5.962,-7.374
1645031994665,-7.11,-5.982,-7.659
1645031994673,-7.374,-5.962,-7.953
1645031994681,-7.747,-6.041,-8.306
1645031994693,-8.169,-6.217,-8.61
1645031994701,-8.61,-6.443,-8.767
1645031994714,-8.993,-6.551,-8.698
1645031994725,-9.179,-6.511,-8.443
1645031994733,-9.169,-6.394,-8.031
1645031994741,-9.091,-6.198,-7.561
1645031994753,-8.924,-5.923,-7.09
1645031994761,-8.708,-5.501,-6.776
1645031994773,-8.993,-5.217,-6.845
1645031994785,-9.218,-5.06,-7.051
1645031994793,-9.669,-5.138,-7.188
1645031994801,-10.12,-5.187,-7.247
1645031994813,-10.709,-5.236,-7.355
1645031994821,-11.189,-5.246,-7.502
1645031994833,-11.454,-5.089,-7.521
1645031994845,-11.464,-4.903,-7.355
1645031994853,-11.356,-4.628,-7.178
1645031994861,-11.15,-4.246,-7.08
1645031994873,-10.866,-3.903,-6.943
1645031994881,-10.395,-3.501,-6.943
1645031994893,-9.895,-3.148,-7.021
1645031994905,-9.346,-2.853,-7.159
1645031994913,-8.738,-2.647,-7.286
1645031994921,-8.149,-2.471,-7.345
1645031994933,-7.6,-2.373,-7.208
1645031994942,-7.11,-2.314,-6.943
1645031994953,-6.717,-2.265,-6.717
1645031994966,-6.433,-2.294,-6.482
1645031994973,-6.247,-2.363,-6.286
1645031994982,-6.158,-2.461,-6.031
1645031994993,-6.06,-2.579,-5.668
1645031995001,-5.943,-2.657,-5.344
1645031995013,-5.815,-2.755,-5.011
1645031995025,-5.854,-2.863,-4.658
1645031995057,-6.109,-3.138,-3.912
1645031995058,-6.109,-3.138,-3.912
1645031995064,-6.109,-3.138,-3.912
1645031995073,-6.266,-3.353,-3.638
1645031995075,-6.266,-3.353,-3.638
1645031995076,-6.374,-3.501,-3.344
1645031995077,-6.374,-3.618,-3.128
1645031995085,-6.423,-3.667,-2.932
1645031995091,-6.531,-3.775,-2.873
1645031995101,-6.649,-3.854,-2.893
1645031995113,-6.766,-3.942,-2.971
1645031995121,-6.864,-3.962,-2.991
1645031995131,-6.855,-3.912,-2.971
1645031995144,-6.874,-3.893,-3.049
1645031995153,-6.933,-3.912,-3.148
1645031995161,-6.982,-3.952,-3.304
1645031995173,-6.943,-3.991,-3.53
1645031995181,-6.933,-4.001,-3.756
1645031995193,-6.806,-4.03,-3.942
1645031995205,-6.394,-4.04,-4.393
1645031995213,-6.178,-3.991,-4.56
1645031995221,-5.923,-3.971,-4.864
1645031995233,-5.668,-3.942,-5.089
1645031995241,-5.472,-3.932,-5.384
1645031995254,-5.403,-3.912,-5.707
1645031995288,-5.57,-3.912,-6.041
1645031995288,-5.57,-3.912,-6.041
1645031995289,-5.57,-3.912,-6.041
1645031995289,-5.57,-3.912,-6.041
1645031995290,-6.266,-3.962,-6.472
1645031995290,-6.266,-3.962,-6.472
1645031995291,-6.649,-3.962,-6.678
1645031995301,-6.943,-3.844,-6.815
1645031995311,-7.237,-3.785,-7.012
1645031995324,-7.649,-3.795,-7.257
1645031995331,-8.11,-3.912,-7.492
1645031995341,-8.6,-4.109,-7.58
1645031995351,-9.189,-4.511,-7.551
1645031995361,-9.767,-4.991,-7.414
1645031995371,-10.14,-5.403,-6.982
1645031995385,-10.277,-5.599,-6.384
1645031995391,-10.277,-5.668,-5.795
1645031995412,-10.209,-5.531,-5.325
1645031995413,-10.258,-5.266,-4.962
1645031995421,-10.346,-4.942,-4.756
1645031995454,-10.228,-4.501,-4.795
1645031995479,-9.895,-4.02,-4.864
1645031995479,-9.895,-4.02,-4.864
1645031995479,-9.895,-4.02,-4.864
1645031995480,-9.895,-4.02,-4.864
1645031995480,-8.306,-2.755,-5.805
1645031995480,-8.306,-2.755,-5.805
1645031995481,-8.306,-2.755,-5.805
1645031995481,-8.139,-2.569,-5.884
1645031995492,-8.296,-2.461,-5.717
1645031995503,-8.806,-2.402,-5.433
1645031995511,-9.453,-2.383,-5.168
1645031995521,-10.189,-2.471,-5.011
1645031995531,-10.866,-2.608,-4.962
1645031995543,-11.376,-2.677,-4.952
1645031995551,-11.631,-2.657,-5.03
1645031995563,-11.67,-2.667,-5.364
1645031995571,-11.533,-2.687,-5.982
1645031995581,-11.209,-2.785,-6.58
1645031995592,-10.797,-2.932,-6.992
1645031995601,-10.356,-3.118,-7.139
1645031995611,-9.934,-3.334,-7.159
1645031995627,-9.414,-3.658,-6.815
1645031995631,-9.385,-4.315,-6.531
1645031995642,-9.414,-4.599,-6.276
1645031995651,-9.385,-4.825,-6.129
1645031995661,-9.238,-5.06,-6.129
1645031995672,-8.983,-5.217,-6.129
1645031995683,-8.59,-5.325,-6.041
1645031995691,-8.169,-5.364,-5.815
1645031995701,-7.718,-5.325,-5.442
1645031995711,-7.325,-5.285,-5.08
1645031995722,-7.012,-5.266,-4.619
1645031995731,-6.835,-5.197,-4.177
1645031995746,-6.678,-5.148,-3.863
1645031995751,-6.551,-5.129,-3.687
1645031995761,-6.502,-5.148,-3.52
1645031995775,-6.453,-5.217,-3.491
1645031995781,-6.374,-5.158,-3.491
1645031995793,-6.148,-5.04,-3.491
1645031995807,-5.884,-4.952,-3.471
1645031995811,-5.639,-4.815,-3.501
1645031995822,-5.511,-4.726,-3.677
1645031995831,-5.491,-4.687,-3.952
1645031995841,-5.55,-4.677,-4.167
1645031995851,-5.668,-4.628,-4.422
1645031995864,-5.815,-4.628,-4.589
1645031995873,-5.952,-4.648,-4.638
1645031995881,-6.188,-4.736,-4.579
1645031995895,-6.423,-4.825,-4.609
1645031995903,-6.649,-4.874,-4.589
1645031995911,-6.796,-4.893,-4.619
1645031995926,-6.884,-4.903,-4.815
1645031995931,-6.943,-4.903,-5.168
1645031995942,-7.002,-4.981,-5.658
1645031995958,-7.07,-5.148,-6.188
1645031995961,-7.208,-5.354,-6.609
1645031995972,-7.208,-5.589,-6.884
1645031995984,-7.208,-5.786,-6.953
1645031995991,-7.178,-5.894,-6.855
1645031996003,-7.188,-5.962,-6.766
1645031996012,-7.374,-6.129,-6.962
1645031996028,-7.374,-6.129,-7.276
1645031996031,-7.423,-6.188,-7.227
1645031996044,-7.482,-6.158,-7.492
1645031996051,-7.924,-6.374,-8.159
1645031996061,-8.09,-6.462,-8.237
1645031996073,-8.002,-6.453,-7.914
1645031996081,-7.835,-6.325,-7.394
1645031996091,-7.6,-6.099,-6.757
1645031996104,-7.325,-5.805,-6.139
1645031996111,-7.11,-5.482,-5.717
1645031996121,-7.09,-5.168,-5.452
1645031996131,-7.257,-4.864,-5.384
1645031996141,-7.61,-4.619,-5.482
1645031996153,-8.09,-4.422,-5.786
1645031996166,-8.728,-4.275,-6.217
1645031996173,-9.297,-4.226,-6.766
1645031996181,-9.542,-4.177,-7.237
1645031996193,-9.591,-4.109,-7.659
1645031996201,-9.473,-4.069,-7.884
1645031996213,-9.189,-3.991,-8.022
1645031996225,-8.885,-3.834,-8.051
1645031996233,-8.62,-3.726,-8.022
1645031996241,-8.532,-3.618,-7.776
1645031996253,-8.414,-3.481,-7.561
1645031996261,-8.296,-3.304,-7.296
1645031996274,-8.188,-3.197,-7.041
1645031996297,-7.884,-3.0,-6.59
1645031996298,-7.884,-3.0,-6.59
1645031996299,-7.884,-3.0,-6.59
1645031996301,-7.708,-3.02,-6.227
1645031996302,-7.708,-3.02,-6.227
1645031996313,-7.541,-3.03,-5.825
1645031996321,-7.384,-3.069,-5.472
1645031996337,-7.021,-3.059,-4.962
1645031996346,-7.021,-3.059,-4.962
1645031996354,-6.864,-3.049,-4.648
1645031996361,-6.707,-2.991,-4.364
1645031996374,-6.649,-2.932,-4.109
1645031996381,-6.59,-2.853,-3.932
1645031996393,-6.59,-2.844,-3.824
1645031996405,-6.492,-2.824,-3.765
1645031996413,-6.305,-2.775,-3.824
1645031996421,-6.09,-2.745,-3.893
1645031996453,-5.697,-2.647,-3.893
1645031996455,-5.609,-2.677,-3.775
1645031996457,-5.648,-2.765,-3.648
1645031996465,-5.776,-2.873,-3.481
1645031996472,-5.923,-3.03,-3.314
1645031996481,-6.139,-3.148,-3.138
1645031996491,-6.315,-3.285,-2.971
1645031996502,-6.423,-3.422,-2.834
1645031996511,-6.502,-3.54,-2.716
1645031996524,-6.531,-3.648,-2.589
1645031996534,-6.57,-3.785,-2.5
1645031996547,-6.668,-4.011,-2.481
1645031996551,-6.678,-4.158,-2.373
1645031996562,-6.737,-4.324,-2.334
1645031996571,-6.639,-4.334,-2.422
1645031996590,-6.521,-4.324,-2.726
1645031996591,-6.521,-4.324,-2.726
1645031996591,-6.394,-4.344,-3.275
1645031996601,-6.168,-4.266,-4.06
1645031996611,-5.874,-4.207,-4.766
1645031996621,-5.491,-4.069,-5.54
1645031996634,-5.207,-4.011,-6.217
1645031996645,-5.138,-4.06,-6.825
1645031996651,-5.521,-4.187,-7.374
1645031996663,-6.217,-4.471,-7.845
1645031996674,-6.874,-4.736,-8.188
1645031996682,-7.266,-4.795,-8.316
1645031996691,-7.59,-4.726,-8.247
1645031996703,-8.071,-4.756,-8.404
1645031996711,-8.689,-4.903,-8.718
1645031996721,-9.326,-5.207,-8.855
1645031996731,-9.973,-5.54,-8.649
1645031996740,-10.65,-5.894,-8.286
1645031996750,-11.483,-6.364,-7.973
1645031996770,-12.258,-6.864,-7.629
1645031996771,-12.258,-6.864,-7.629
1645031996771,-12.66,-6.953,-6.825
1645031996781,-12.572,-6.472,-5.766
1645031996790,-12.219,-5.688,-4.825
1645031996801,-11.846,-4.785,-4.295
1645031996811,-11.444,-4.011,-4.373
1645031996821,-11.14,-3.353,-4.805
1645031996831,-10.875,-2.902,-5.315
1645031996841,-10.63,-2.638,-5.766
1645031996851,-10.424,-2.51,-5.982
1645031996864,-10.405,-2.589,-6.198
1645031996871,-10.679,-2.961,-6.511
1645031996881,-10.974,-3.52,-6.688
1645031996891,-10.866,-3.962,-6.384
1645031996900,-10.571,-4.432,-6.158
1645031996910,-10.248,-4.54,-6.148
1645031996923,-9.885,-4.609,-6.207
1645031996930,-9.542,-4.57,-6.354
1645031996941,-9.14,-4.442,-6.56
1645031996951,-9.149,-4.638,-7.051
1645031996961,-9.571,-5.168,-7.943
1645031996970,-9.846,-5.766,-8.335
1645031996983,-9.807,-6.05,-8.08
1645031996991,-9.679,-6.227,-7.776
1645031997000,-9.493,-6.335,-7.394
1645031997010,-9.248,-6.423,-7.051
1645031997020,-8.924,-6.423,-6.717
1645031997031,-8.581,-6.443,-6.521
1645031997043,-8.12,-6.374,-6.325
1645031997050,-7.59,-6.227,-6.05
1645031997061,-6.992,-6.06,-5.805
1645031997071,-6.286,-5.786,-5.58
1645031997081,-5.658,-5.56,-5.315
1645031997090,-5.168,-5.393,-5.109
1645031997103,-4.658,-5.236,-4.932
1645031997111,-4.158,-5.07,-4.766
1645031997121,-3.648,-4.864,-4.589
1645031997131,-3.128,-4.56,-4.393
1645031997141,-2.687,-4.197,-4.167
1645031997150,-2.402,-3.922,-3.952
1645031997163,-2.353,-3.697,-3.805
1645031997170,-2.549,-3.52,-3.716
1645031997180,-2.981,-3.393,-3.599
1645031997190,-3.54,-3.295,-3.481
1645031997200,-4.06,-3.177,-3.432
1645031997210,-4.373,-3.069,-3.452
1645031997224,-4.53,-2.981,-3.648
1645031997230,-4.628,-2.981,-4.001
1645031997240,-4.609,-2.961,-4.413
1645031997250,-4.579,-2.902,-4.697
1645031997260,-4.501,-2.902,-4.903
1645031997270,-4.579,-2.922,-5.129
1645031997283,-4.785,-2.942,-5.256
1645031997290,-4.972,-2.893,-5.305
1645031997300,-5.06,-2.726,-5.511
1645031997310,-5.364,-2.559,-5.482
1645031997321,-5.452,-2.54,-5.413
1645031997331,-5.56,-2.589,-5.276
1645031997343,-5.648,-2.579,-5.099
1645031997350,-5.746,-2.647,-5.011
1645031997361,-6.011,-2.765,-4.991
1645031997370,-6.482,-2.971,-5.148
1645031997380,-6.825,-3.128,-5.344
1645031997390,-7.227,-3.736,-5.393
1645031997406,-6.453,-3.893,-5.109
1645031997410,-6.394,-3.805,-5.295
1645031997442,-6.845,-3.736,-5.844
1645031997442,-7.453,-3.697,-6.521
1645031997442,-8.061,-3.785,-7.051
1645031997450,-8.61,-3.942,-7.62
1645031997463,-9.218,-4.217,-8.179
1645031997471,-9.718,-4.55,-8.551
1645031997480,-10.209,-5.03,-8.639
1645031997491,-9.905,-5.992,-8.708
1645031997500,-10.248,-6.403,-8.218
1645031997510,-11.072,-6.58,-7.639
1645031997526,-11.788,-6.364,-7.266
1645031997530,-12.376,-6.05,-6.825
1645031997541,-12.601,-5.648,-6.227
1645031997551,-12.101,-5.07,-5.472
1645031997560,-11.15,-4.226,-4.579
1645031997571,-10.081,-3.658,-4.138
1645031997583,-8.806,-3.658,-6.119
1645031997591,-8.59,-3.226,-5.305
1645031997601,-8.649,-2.824,-4.893
1645031997611,-8.953,-2.451,-4.913
1645031997621,-9.218,-2.196,-5.335
1645031997631,-9.287,-2.147,-5.962
1645031997643,-9.346,-2.039,-6.345
1645031997651,-9.434,-1.951,-6.619
1645031997660,-9.355,-1.706,-6.874
1645031997671,-8.885,-1.314,-6.982
1645031997685,-7.463,-0.784,-7.237
1645031997693,-6.894,-0.853,-7.365
1645031997706,-6.56,-1.216,-7.345
1645031997711,-6.56,-1.216,-7.345
1645031997722,-6.256,-1.971,-6.913
1645031997736,-6.217,-2.343,-6.688
1645031997750,-6.256,-2.716,-6.502
1645031997760,-6.325,-3.049,-6.256
1645031997766,-6.305,-3.285,-5.972
1645031997771,-6.119,-3.206,-5.452
1645031997781,-5.844,-3.246,-5.187
1645031997791,-5.717,-3.432,-5.021
1645031997801,-5.639,-3.677,-4.903
1645031997811,-5.639,-3.883,-4.756
1645031997840,-5.668,-4.05,-4.609
1645031997841,-5.668,-4.05,-4.609
1645031997845,-5.668,-4.05,-4.609
1645031997845,-5.55,-4.383,-4.138
1645031997853,-5.501,-4.53,-3.873
1645031997854,-5.501,-4.53,-3.873
1645031997862,-5.325,-4.491,-3.54
1645031997872,-5.207,-4.354,-3.324
1645031997888,-5.158,-4.177,-3.353
1645031997891,-5.187,-3.991,-3.491
1645031997904,-5.138,-3.795,-3.677
1645031997911,-5.207,-3.608,-3.952
1645031997921,-5.403,-3.461,-4.383
1645031997933,-5.619,-3.403,-4.805
1645031997946,-5.746,-3.344,-5.295
1645031997957,-5.668,-3.226,-5.678
1645031997961,-5.423,-3.118,-6.001
1645031997971,-5.119,-3.03,-6.178
1645031997982,-4.707,-3.108,-6.453
1645031997991,-4.628,-3.108,-6.629
1645031998003,-4.648,-3.0,-6.59
1645031998011,-4.972,-2.951,-6.609
1645031998021,-5.413,-3.089,-6.57
1645031998044,-5.982,-3.54,-6.502
1645031998050,-6.315,-3.844,-6.59
1645031998051,-6.315,-3.844,-6.59
1645031998064,-6.472,-4.138,-6.776
1645031998071,-5.874,-4.619,-7.11
1645031998083,-5.697,-4.619,-6.992
1645031998100,-7.149,-4.56,-6.649
1645031998101,-7.149,-4.56,-6.649
1645031998113,-8.11,-4.952,-5.825
1645031998131,-9.306,-5.491,-5.884
1645031998147,-10.797,-6.531,-3.795
1645031998148,-10.62,-6.864,-3.353
1645031998154,-10.719,-6.972,-2.54
1645031998161,-10.454,-6.972,-1.608
1645031998171,-9.993,-7.041,-1.5
1645031998183,-9.807,-7.208,-2.373
1645031998191,-9.63,-7.247,-3.687
1645031998201,-9.493,-7.168,-4.883
1645031998211,-9.218,-6.845,-5.521
1645031998221,-9.306,-6.521,-5.805
1645031998235,-9.61,-6.119,-5.786
1645031998243,-9.699,-5.737,-5.531
1645031998251,-9.826,-5.56,-5.276
1645031998261,-9.856,-5.374,-5.04
1645031998271,-9.816,-5.384,-4.913
1645031998285,-9.601,-5.472,-4.815
1645031998314,-8.894,-5.874,-4.785
1645031998314,-8.894,-5.874,-4.785
1645031998314,-8.894,-5.874,-4.785
1645031998343,-8.894,-5.874,-4.785
1645031998344,-8.894,-5.874,-4.785
1645031998345,-8.894,-5.874,-4.785
1645031998349,-8.404,-7.306,-3.912
1645031998352,-8.218,-7.59,-3.383
1645031998355,-8.218,-7.59,-3.383
1645031998357,-7.904,-7.776,-2.942
1645031998362,-7.904,-7.776,-2.942
1645031998362,-7.904,-7.776,-2.942
1645031998371,-7.433,-7.894,-2.579
1645031998387,-6.129,-7.973,-1.735
1645031998391,-6.129,-7.973,-1.735
1645031998401,-6.276,-7.708,-1.814
1645031998413,-6.256,-7.443,-1.941
1645031998426,-6.129,-7.149,-1.951
1645031998433,-5.894,-6.845,-2.088
1645031998441,-5.678,-6.619,-2.304
1645031998451,-5.442,-6.403,-2.51
1645031998461,-5.285,-6.178,-2.814
1645031998473,-5.168,-6.06,-3.138
1645031998482,-4.972,-6.07,-3.334
1645031998491,-4.903,-6.188,-3.491
1645031998501,-4.864,-6.384,-3.52
1645031998511,-4.726,-6.541,-3.353
1645031998521,-4.432,-6.766,-3.049
1645031998537,-3.775,-7.012,-2.353
1645031998561,-3.775,-7.012,-2.147
1645031998561,-3.775,-7.012,-2.147
1645031998562,-3.775,-7.012,-2.147
1645031998562,-3.981,-6.923,-2.177
1645031998563,-4.06,-6.796,-2.343
1645031998573,-4.138,-6.639,-2.628
1645031998581,-4.256,-6.531,-2.873
1645031998594,-4.393,-6.443,-2.991
1645031998602,-4.422,-6.413,-2.922
1645031998611,-4.344,-6.335,-2.785
1645031998621,-3.648,-6.57,-3.01
1645031998631,-3.187,-6.649,-2.638
1645031998641,-3.618,-6.384,-2.363
1645031998658,-4.128,-6.472,-2.657
1645031998662,-4.217,-6.639,-2.667
1645031998671,-3.805,-6.717,-2.736
1645031998681,-3.795,-6.874,-2.794
1645031998691,-4.158,-6.913,-2.853
1645031998701,-4.501,-7.08,-3.02
1645031998714,-4.864,-7.433,-3.079
1645031998722,-5.08,-7.884,-3.089
1645031998731,-5.305,-8.247,-2.991
1645031998741,-5.491,-8.502,-2.893
1645031998751,-5.737,-8.738,-2.834
1645031998761,-6.158,-8.943,-2.785
1645031998774,-6.551,-8.993,-2.726
1645031998783,-6.943,-9.091,-2.785
1645031998791,-7.443,-9.14,-2.863
1645031998801,-7.757,-9.287,-2.922
1645031998811,-8.012,-9.385,-2.991
1645031998821,-8.218,-9.561,-3.069
1645031998834,-8.188,-9.905,-3.265
1645031998843,-8.492,-10.454,-3.393
1645031998851,-8.747,-11.032,-3.393
1645031998861,-8.414,-11.209,-3.314
1645031998873,-8.022,-11.17,-3.167
1645031998881,-7.973,-11.229,-3.246
1645031998894,-8.228,-11.405,-3.363
1645031998903,-8.757,-11.67,-3.608
1645031998911,-8.914,-12.278,-3.432
1645031998921,-9.581,-12.347,-3.226
1645031998933,-10.542,-12.651,-3.334
1645031998941,-10.258,-12.758,-3.118
1645031998954,-9.414,-12.601,-2.49
1645031998963,-8.424,-12.278,-2.088
1645031998979,-6.56,-11.729,-2.118
1645031998981,-5.844,-10.091,-2.294
1645031998993,-5.384,-9.218,-2.569
1645031999001,-4.903,-8.375,-3.128
1645031999017,-4.167,-7.59,-4.001
1645031999025,-2.991,-6.776,-4.913
1645031999034,-1.461,-6.109,-5.933
1645031999048,-0.058,-5.707,-6.845
1645031999060,0.941,-5.894,-7.365
1645031999063,1.284,-6.531,-7.266
1645031999074,1.049,-7.355,-6.335
1645031999083,0.549,-8.326,-5.109
1645031999091,0.009,-9.12,-3.726
1645031999101,-0.362,-9.669,-2.618
1645031999113,-0.725,-10.16,-2.01
1645031999121,-0.813,-10.424,-2.02
1645031999135,-0.539,-10.503,-2.265
1645031999146,0.0,-10.336,-2.579
1645031999151,0.666,-10.081,-2.883
1645031999162,1.323,-9.748,-3.138
1645031999173,1.833,-9.336,-3.187
1645031999181,2.147,-8.796,-3.079
1645031999195,2.304,-8.208,-2.981
1645031999203,2.069,-7.776,-3.04
1645031999213,1.539,-7.463,-3.079
1645031999221,0.863,-7.159,-3.099
1645031999234,0.254,-6.855,-3.177
1645031999241,-0.078,-6.511,-3.363
1645031999255,-0.254,-6.198,-3.677
1645031999263,-0.225,-5.894,-4.03
1645031999273,-0.186,-5.737,-4.197
1645031999281,-0.127,-5.668,-4.148
1645031999293,-0.098,-5.55,-3.863
1645031999301,-0.323,-5.56,-3.579
1645031999315,-0.696,-5.766,-3.295
1645031999323,-1.167,-6.05,-2.951
1645031999334,-1.676,-6.276,-2.657
1645031999341,-2.147,-6.531,-2.461
1645031999355,-2.589,-7.012,-2.206
1645031999361,-2.589,-7.012,-2.206
1645031999375,-2.687,-7.217,-1.961
1645031999383,-2.775,-7.345,-1.618
1645031999393,-2.794,-7.374,-1.304
1645031999407,-3.108,-7.414,-1.225
1645031999416,-3.403,-7.414,-1.343
1645031999421,-3.795,-7.374,-1.49
1645031999437,-4.158,-7.404,-1.588
1645031999443,-4.471,-7.443,-1.794
1645031999453,-4.677,-7.58,-2.039
1645031999461,-4.844,-7.678,-2.353
1645031999473,-4.913,-7.796,-2.765
1645031999490,-4.972,-7.884,-3.108
1645031999507,-5.001,-7.924,-3.344
1645031999526,-4.942,-7.884,-3.501
1645031999527,-4.766,-7.806,-3.618
1645031999527,-4.766,-7.806,-3.618
1645031999542,-4.785,-7.786,-3.608
1645031999542,-4.903,-7.835,-3.608
1645031999555,-5.03,-7.855,-3.599
1645031999562,-5.236,-7.914,-3.667
1645031999571,-5.462,-8.022,-3.863
1645031999581,-5.678,-8.12,-4.05
1645031999591,-5.864,-8.208,-4.138
1645031999602,-5.982,-8.257,-4.089
1645031999613,-6.119,-8.296,-4.001
1645031999622,-6.384,-8.443,-4.011
1645031999632,-6.835,-8.836,-4.207
1645031999641,-7.325,-9.424,-4.521
1645031999651,-7.718,-10.189,-4.776
1645031999661,-8.022,-11.032,-4.903
1645031999673,-8.012,-11.738,-4.609
1645031999691,-7.325,-12.042,-3.363
1645031999694,-7.021,-11.846,-2.883
1645031999705,-7.021,-11.846,-2.883
1645031999711,-6.796,-11.415,-2.598
1645031999722,-6.56,-10.836,-2.441
1645031999742,-6.05,-9.61,-2.844
1645031999743,-6.05,-9.61,-2.844
1645031999755,-5.786,-9.081,-3.138
1645031999756,-5.619,-8.59,-3.442
1645031999761,-5.619,-8.59,-3.442
1645031999773,-5.56,-8.247,-3.648
1645031999787,-5.531,-7.786,-3.971
1645031999794,-5.531,-7.786,-3.971
1645031999806,-5.609,-7.365,-4.069
1645031999820,-5.609,-7.365,-4.069
1645031999821,-5.844,-7.276,-3.903
1645031999838,-6.001,-7.296,-3.52
1645031999858,-6.276,-7.825,-2.647
1645031999859,-6.276,-7.825,-2.647
1645031999869,-6.276,-7.825,-2.647
1645031999874,-6.207,-8.12,-2.196
1645031999876,-6.06,-8.316,-1.755
1645031999886,-5.795,-8.443,-1.255
1645031999893,-5.531,-8.443,-0.804
1645031999901,-5.305,-8.306,-0.48
1645031999914,-5.168,-8.13,-0.362
1645031999922,-5.08,-7.904,-0.48
1645031999931,-5.099,-7.669,-0.558
1645031999942,-5.07,-7.463,-0.637
1645031999951,-5.011,-7.198,-0.696
1645031999962,-4.952,-6.874,-0.755
1645031999973,-4.903,-6.511,-0.813
1645031999982,-4.815,-6.364,-0.902
1645031999991,-4.638,-6.531,-1.088
1645032000004,-4.403,-6.953,-1.225
1645032000013,-3.893,-7.237,-0.97
1645032000021,-3.295,-7.306,-0.509
1645032000034,-2.814,-7.286,-0.147
1645032000045,-2.569,-7.217,0.029
1645032000051,-2.53,-7.168,0.068
1645032000061,-2.628,-7.09,0.068
1645032000073,-2.844,-6.933,0.0
1645032000081,-3.177,-6.864,-0.225
1645032000093,-3.589,-6.904,-0.578
1645032000102,-4.118,-7.129,-1.068
1645032000110,-4.521,-7.433,-1.51
1645032000120,-4.648,-7.747,-1.814
1645032000130,-4.658,-7.894,-2.01
1645032000141,-4.677,-8.12,-2.059
1645032000153,-4.53,-8.286,-1.882
1645032000163,-4.432,-8.306,-1.598
1645032000171,-4.422,-8.296,-1.402
1645032000181,-4.55,-8.159,-1.284
1645032000191,-4.795,-7.943,-1.294
1645032000201,-4.991,-7.678,-1.402
1645032000213,-5.158,-7.325,-1.569
1645032000223,-5.236,-6.982,-2.0
1645032000233,-5.315,-6.462,-2.324
1645032000241,-5.315,-6.462,-2.324
1645032000251,-5.305,-6.315,-2.569
1645032000261,-5.315,-6.649,-2.863
1645032000284,-5.227,-6.953,-2.785
1645032000284,-5.227,-6.953,-2.785
1645032000285,-5.227,-6.953,-2.785
1645032000288,-5.129,-7.266,-2.706
1645032000293,-5.06,-7.718,-2.647
1645032000301,-5.08,-8.139,-2.598
1645032000311,-5.021,-8.581,-2.49
1645032000321,-4.893,-8.836,-2.402
1645032000334,-4.825,-8.885,-2.412
1645032000343,-5.03,-8.875,-2.647
1645032000351,-5.442,-8.855,-2.942
1645032000361,-5.992,-8.934,-3.304
1645032000371,-6.649,-9.12,-3.677
1645032000381,-7.276,-9.375,-4.079
1645032000394,-7.855,-9.738,-4.54
1645032000403,-8.414,-10.346,-5.07
1645032000411,-8.738,-11.199,-5.364
1645032000421,-8.639,-12.013,-5.158
1645032000431,-8.316,-12.592,-4.707
1645032000441,-7.747,-12.906,-4.148
1645032000454,-7.168,-12.886,-3.471
1645032000463,-6.639,-12.601,-2.853
1645032000474,-6.315,-12.023,-2.294
1645032000488,-6.178,-11.336,-1.775
1645032000496,-6.129,-10.591,-1.343
1645032000501,-6.05,-9.787,-1.235
1645032000516,-6.109,-8.924,-1.49
1645032000525,-6.335,-8.169,-1.922
1645032000532,-6.531,-7.561,-2.402
1645032000542,-6.757,-7.11,-3.059
1645032000554,-7.139,-6.492,-4.383
1645032000561,-7.139,-6.492,-4.383
1645032000573,-7.237,-6.276,-4.903
1645032000582,-7.355,-6.119,-5.374
1645032000592,-7.355,-5.992,-5.707
1645032000601,-7.296,-5.805,-5.756
1645032000612,-7.208,-5.707,-5.727
1645032000621,-7.188,-5.707,-5.56
1645032000635,-7.119,-5.786,-5.197
1645032000643,-7.002,-5.923,-4.717
1645032000653,-6.786,-6.07,-4.197
1645032000661,-6.492,-6.188,-3.707
1645032000671,-6.198,-6.296,-3.314
1645032000681,-5.844,-6.325,-2.873
1645032000694,-5.266,-6.325,-2.481
1645032000703,-5.001,-6.256,-2.451
1645032000711,-4.707,-6.178,-2.461
1645032000721,-4.462,-6.099,-2.451
1645032000731,-4.236,-5.972,-2.461
1645032000741,-4.079,-5.923,-2.471
1645032000754,-3.863,-5.913,-2.52
1645032000763,-3.638,-5.903,-2.441
1645032000771,-3.412,-5.805,-2.324
1645032000781,-3.275,-5.717,-2.206
1645032000791,-3.157,-5.639,-2.118
1645032000801,-2.951,-5.609,-1.941
1645032000814,-2.844,-5.57,-1.726
1645032000823,-2.745,-5.482,-1.588
1645032000831,-2.736,-5.442,-1.5
1645032000841,-2.883,-5.491,-1.48
1645032000851,-3.059,-5.589,-1.52
1645032000861,-3.157,-5.658,-1.549
1645032000874,-3.314,-5.737,-1.559
1645032000883,-3.481,-5.864,-1.559
1645032000891,-3.707,-6.001,-1.657
1645032000901,-3.854,-6.139,-1.686
1645032000911,-3.991,-6.207,-1.686
1645032000921,-4.079,-6.335,-1.706
1645032000934,-4.089,-6.482,-1.912
1645032000943,-4.197,-6.58,-2.186
1645032000957,-4.501,-6.962,-2.5
1645032000961,-4.501,-6.962,-2.5
1645032000971,-4.56,-7.119,-2.51
1645032000984,-4.717,-7.188,-2.451
1645032000993,-5.06,-7.159,-2.49
1645032001002,-5.335,-7.09,-2.53
1645032001011,-5.619,-6.904,-2.667
1645032001021,-5.815,-6.668,-2.942
1645032001035,-5.884,-6.237,-3.854
1645032001043,-5.884,-6.237,-3.854
1645032001056,-5.472,-6.001,-4.766
1645032001073,-5.266,-6.109,-5.089
1645032001073,-5.266,-6.109,-5.089
1645032001081,-5.197,-6.305,-5.246
1645032001091,-5.158,-6.521,-5.109
1645032001101,-5.236,-6.757,-4.893
1645032001114,-5.511,-7.041,-4.619
1645032001122,-6.041,-7.472,-4.011
1645032001131,-6.178,-7.669,-3.912
1645032001141,-6.266,-7.718,-3.922
1645032001151,-6.374,-7.698,-4.03
1645032001161,-6.453,-7.639,-4.285
1645032001173,-6.6,-7.551,-4.55
1645032001182,-6.913,-7.58,-4.883
1645032001191,-7.365,-7.757,-5.187
1645032001201,-7.924,-8.061,-5.344
1645032001211,-8.512,-8.532,-5.315
1645032001221,-9.071,-9.159,-5.285
1645032001233,-9.493,-9.826,-5.197
1645032001242,-9.571,-10.316,-4.707
1645032001251,-9.414,-10.522,-4.02
1645032001261,-9.218,-10.444,-3.314
1645032001271,-9.022,-10.16,-2.638
1645032001281,-8.806,-9.718,-2.285
1645032001294,-8.669,-9.228,-2.255
1645032001302,-8.541,-8.708,-2.51
1645032001311,-8.296,-8.149,-2.902
1645032001321,-8.051,-7.669,-3.383
1645032001331,-7.816,-7.306,-3.844
1645032001341,-7.639,-7.051,-4.217
1645032001354,-7.394,-6.874,-4.511
1645032001362,-7.237,-6.806,-4.717
1645032001371,-7.08,-6.786,-4.776
1645032001388,-6.982,-6.913,-4.736
1645032001391,-7.012,-7.09,-4.491
1645032001404,-6.943,-7.266,-4.079
1645032001413,-6.737,-7.394,-3.559
1645032001422,-6.472,-7.512,-3.197
1645032001431,-6.168,-7.541,-2.922
1645032001441,-5.933,-7.551,-2.647
1645032001456,-5.717,-7.502,-2.451
1645032001461,-5.501,-7.433,-2.334
1645032001473,-5.305,-7.355,-2.196
1645032001482,-5.109,-7.247,-2.157
1645032001491,-4.893,-7.11,-2.186
1645032001501,-4.707,-6.943,-2.255
1645032001511,-4.462,-6.737,-2.343
1645032001521,-4.158,-6.59,-2.412
1645032001533,-3.824,-6.433,-2.461
1645032001542,-3.589,-6.276,-2.451
1645032001551,-3.383,-6.011,-2.196
1645032001561,-3.422,-5.933,-2.118
1645032001571,-3.559,-5.884,-2.049
1645032001581,-3.765,-5.844,-2.088
1645032001594,-3.962,-5.864,-2.157
1645032001602,-4.079,-5.972,-2.285
1645032001611,-4.118,-6.041,-2.412
1645032001621,-4.118,-6.011,-2.52
1645032001631,-4.109,-6.031,-2.589
1645032001641,-4.256,-6.05,-2.608
1645032001653,-4.501,-6.07,-2.638
1645032001662,-4.726,-6.09,-2.569
1645032001671,-4.893,-6.139,-2.5
1645032001681,-5.04,-6.158,-2.5
1645032001691,-5.129,-6.158,-2.53
1645032001701,-5.246,-6.119,-2.598
1645032001713,-5.364,-6.08,-2.638
1645032001722,-5.413,-5.962,-2.677
1645032001731,-5.501,-5.913,-2.755
1645032001741,-5.639,-5.854,-2.844
1645032001751,-5.697,-5.825,-3.01
1645032001761,-5.717,-5.835,-3.265
1645032001773,-5.727,-5.894,-3.51
1645032001782,-5.766,-6.001,-3.697
1645032001791,-5.688,-6.227,-3.756
1645032001801,-5.658,-6.472,-3.785
1645032001812,-5.717,-6.698,-3.736
1645032001821,-5.776,-6.923,-3.677
1645032001833,-5.874,-7.188,-3.461
1645032001842,-5.835,-7.394,-3.099
1645032001851,-5.619,-7.58,-2.844
1645032001861,-5.491,-7.688,-2.706
1645032001871,-5.413,-7.688,-2.794
1645032001881,-5.521,-7.698,-3.138
1645032001893,-5.756,-7.718,-3.481
1645032001902,-5.982,-7.727,-3.756
1645032001911,-6.256,-7.767,-4.011
1645032001921,-6.492,-7.757,-4.167
1645032001931,-6.825,-7.776,-4.413
1645032001941,-7.433,-8.08,-4.923
1645032001953,-8.247,-8.639,-5.57
1645032001962,-8.953,-9.159,-5.943
1645032001971,-9.424,-9.453,-6.021
1645032001981,-10.522,-10.542,-6.178
1645032001991,-10.807,-11.072,-6.07
1645032002001,-10.719,-11.434,-5.619
1645032002013,-10.267,-11.503,-5.08
1645032002022,-9.493,-11.219,-4.432
1645032002031,-8.512,-10.66,-3.824
1645032002042,-7.463,-9.895,-3.452
1645032002052,-6.57,-8.983,-3.373
1645032002063,-6.06,-8.169,-3.52
1645032002073,-5.815,-7.453,-3.736
1645032002085,-5.766,-6.825,-3.814
1645032002091,-5.795,-6.325,-3.962
1645032002101,-5.835,-5.992,-4.118
1645032002111,-5.874,-5.727,-4.236
1645032002122,-5.835,-5.55,-4.413
1645032002134,-5.815,-5.452,-4.648
1645032002142,-5.835,-5.452,-4.981
1645032002151,-5.903,-5.58,-5.305
1645032002161,-5.992,-5.697,-5.58
1645032002171,-5.943,-5.805,-5.717
1645032002181,-5.835,-5.962,-5.56
1645032002196,-5.462,-5.992,-5.236
1645032002205,-5.138,-6.041,-4.805
1645032002211,-4.825,-6.041,-4.305
1645032002221,-4.55,-6.05,-3.765
1645032002231,-4.256,-6.08,-3.206
1645032002241,-4.02,-6.031,-2.902
1645032002254,-3.814,-6.041,-2.824
1645032002262,-3.854,-6.07,-2.951
1645032002271,-3.863,-6.06,-3.187
1645032002281,-3.824,-5.943,-3.324
1645032002291,-3.834,-5.815,-3.452
1645032002301,-3.834,-5.609,-3.461
1645032002313,-3.873,-5.403,-3.491
1645032002322,-3.893,-5.178,-3.461
1645032002331,-3.873,-5.021,-3.324
1645032002341,-3.912,-4.942,-3.236
1645032002351,-3.942,-4.913,-3.138
1645032002361,-3.912,-4.903,-3.02
1645032002373,-3.873,-4.874,-2.932
1645032002382,-3.844,-4.874,-2.844
1645032002391,-3.854,-4.913,-2.726
1645032002401,-3.981,-4.981,-2.451
1645032002411,-4.295,-5.207,-2.402
1645032002421,-4.491,-5.305,-2.275
1645032002433,-4.668,-5.433,-2.108
1645032002443,-4.854,-5.57,-1.951
1645032002452,-4.942,-5.697,-1.775
1645032002461,-5.168,-5.844,-1.706
1645032002471,-5.335,-5.992,-1.745
1645032002481,-5.482,-6.148,-1.814
1645032002493,-5.57,-6.305,-1.873
1645032002503,-5.56,-6.364,-1.833
1645032002511,-5.599,-6.433,-1.686
1645032002521,-5.531,-6.462,-1.696
1645032002532,-5.433,-6.531,-1.706
1645032002541,-5.315,-6.541,-1.686
1645032002557,-5.256,-6.551,-1.922
1645032002568,-5.305,-6.58,-2.353
1645032002571,-5.501,-6.668,-2.932
1645032002582,-5.609,-6.57,-3.658
1645032002594,-5.697,-6.443,-4.226
1645032002601,-5.756,-6.364,-4.923
1645032002613,-5.776,-6.266,-5.423
1645032002622,-5.874,-6.286,-5.717
1645032002635,-5.962,-6.325,-5.746
1645032002641,-6.08,-6.433,-5.56
1645032002652,-6.296,-6.57,-5.236
1645032002661,-6.551,-6.757,-4.844
1645032002673,-6.815,-6.943,-4.403
1645032002683,-7.002,-7.041,-4.06
1645032002692,-7.208,-7.09,-3.834
1645032002701,-7.443,-7.159,-3.824
1645032002712,-7.767,-7.217,-4.295
1645032002721,-8.12,-7.394,-5.021
1645032002733,-8.522,-7.718,-5.629
1645032002743,-9.081,-8.149,-5.943
1645032002752,-9.659,-8.63,-6.031
1645032002764,-10.209,-9.238,-5.815
1645032002772,-10.601,-9.699,-5.354
1645032002781,-10.826,-9.895,-4.795
1645032002793,-10.817,-9.807,-4.236
1645032002803,-10.679,-9.601,-3.805
1645032002812,-10.454,-9.306,-3.471
1645032002821,-10.101,-8.953,-3.216
1645032002833,-9.306,-8.1,-2.893
1645032002841,-8.865,-7.737,-3.03
1645032002854,-8.453,-7.472,-3.275
1645032002863,-8.13,-7.188,-3.501
1645032002871,-7.845,-6.933,-3.716
1645032002882,-7.649,-6.707,-3.844
1645032002893,-7.541,-6.492,-3.932
1645032002901,-7.453,-6.315,-3.922
1645032002913,-7.472,-6.168,-3.893
1645032002922,-7.551,-6.148,-3.863
1645032002931,-7.6,-6.178,-3.775
1645032002941,-7.551,-6.198,-3.589
1645032002951,-7.482,-6.188,-3.344
1645032002961,-7.355,-6.198,-3.128
1645032002974,-7.198,-6.207,-3.0
1645032002983,-6.972,-6.217,-2.942
1645032002993,-6.796,-6.266,-2.853
1645032003001,-6.707,-6.305,-2.893
1645032003012,-6.56,-6.384,-2.902
1645032003021,-6.551,-6.394,-2.775
1645032003034,-6.354,-6.394,-2.667
1645032003042,-6.129,-6.374,-2.569
1645032003051,-5.903,-6.266,-2.392
1645032003065,-5.707,-6.139,-2.235
1645032003071,-5.511,-6.08,-2.049
1645032003081,-5.246,-5.943,-1.775
1645032003093,-4.991,-5.786,-1.529
1645032003102,-4.795,-5.678,-1.402
1645032003112,-4.628,-5.56,-1.372
1645032003121,-4.491,-5.452,-1.431
1645032003137,-4.442,-5.403,-1.608
1645032003143,-4.403,-5.354,-1.716
1645032003153,-4.383,-5.325,-1.784
1645032003162,-4.315,-5.325,-1.892
1645032003172,-4.217,-5.335,-2.0
1645032003181,-4.138,-5.462,-2.167
1645032003191,-4.148,-5.678,-2.363
1645032003217,-4.118,-6.237,-2.608
1645032003218,-4.118,-6.237,-2.608
1645032003219,-4.118,-6.237,-2.608
1645032003222,-4.118,-6.237,-2.608
1645032003223,-4.158,-6.335,-2.54
1645032003231,-4.158,-6.335,-2.54
1645032003241,-4.295,-6.374,-2.432
1645032003251,-4.403,-6.374,-2.147
1645032003261,-4.756,-6.188,-2.196
1645032003274,-4.874,-6.06,-2.383
1645032003282,-4.972,-5.903,-2.638
1645032003291,-5.03,-5.717,-2.951
1645032003301,-5.04,-5.56,-3.197
1645032003311,-5.03,-5.452,-3.393
1645032003321,-5.06,-5.433,-3.559
1645032003334,-5.08,-5.511,-3.648
1645032003342,-5.187,-5.57,-3.677
1645032003353,-5.335,-5.717,-3.628
1645032003361,-5.501,-5.884,-3.589
1645032003373,-5.688,-6.09,-3.55
1645032003381,-5.903,-6.384,-3.54
1645032003394,-6.148,-6.698,-3.579
1645032003409,-6.492,-7.08,-3.726
1645032003411,-6.913,-7.561,-4.02
1645032003421,-7.345,-8.071,-4.285
1645032003433,-7.865,-8.6,-4.354
1645032003441,-8.394,-9.14,-4.334
1645032003454,-8.934,-9.728,-4.491
1645032003462,-9.355,-10.16,-4.677
1645032003473,-9.836,-10.513,-4.981
1645032003481,-10.385,-10.748,-5.354
1645032003493,-10.954,-10.964,-5.756
1645032003504,-11.552,-11.219,-6.217
1645032003514,-12.209,-11.523,-6.609
1645032003522,-12.67,-11.552,-6.707
1645032003533,-12.601,-11.199,-6.551
1645032003541,-12.199,-10.542,-5.923
1645032003552,-11.582,-9.708,-5.197
1645032003561,-10.768,-8.816,-4.638
1645032003574,-9.954,-7.963,-4.187
1645032003582,-9.228,-7.119,-3.962
1645032003591,-8.777,-6.462,-3.873
1645032003601,-8.581,-5.874,-3.805
1645032003611,-8.522,-5.364,-4.069
1645032003621,-8.532,-5.099,-4.589
1645032003635,-8.375,-4.883,-5.08
1645032003652,-7.737,-4.236,-6.011
1645032003652,-7.737,-4.236,-6.011
1645032003667,-7.365,-4.089,-7.208
1645032003671,-7.365,-4.089,-7.208
1645032003681,-7.306,-4.04,-7.649
1645032003695,-7.404,-4.197,-7.678
1645032003703,-7.6,-4.422,-7.414
1645032003715,-7.688,-4.668,-6.953
1645032003721,-7.757,-5.04,-6.541
1645032003731,-7.718,-5.482,-6.099
1645032003741,-7.551,-5.943,-5.531
1645032003753,-7.306,-6.433,-4.913
1645032003762,-6.953,-6.855,-4.364
1645032003771,-6.541,-7.168,-3.971
1645032003781,-6.001,-7.394,-3.608
1645032003791,-5.482,-7.551,-3.304
1645032003801,-5.08,-7.708,-2.991
1645032003813,-4.854,-7.825,-2.667
1645032003822,-4.668,-7.875,-2.343
1645032003832,-4.334,-7.835,-1.961
1645032003841,-3.962,-7.688,-1.696
1645032003852,-3.599,-7.502,-1.745
1645032003861,-3.206,-7.266,-1.99
1645032003874,-2.794,-6.953,-2.353
1645032003883,-2.334,-6.59,-2.834
1645032003892,-1.971,-6.237,-3.226
1645032003901,-1.706,-5.923,-3.491
1645032003913,-1.706,-5.746,-3.658
1645032003923,-1.912,-5.658,-3.667
1645032003933,-2.157,-5.619,-3.54
1645032003942,-2.432,-5.629,-3.334
1645032003956,-2.628,-5.609,-3.197
1645032003961,-2.677,-5.648,-3.216
1645032003971,-2.54,-5.717,-3.383
1645032003987,-2.216,-6.001,-3.863
1645032003993,-2.216,-6.001,-3.863
1645032004014,-1.902,-6.158,-3.854
1645032004015,-1.902,-6.158,-3.854
1645032004015,-1.833,-6.217,-3.648
1645032004021,-1.833,-6.217,-3.648
1645032004039,-2.088,-6.315,-3.118
1645032004042,-2.088,-6.315,-3.118
1645032004058,-2.383,-6.345,-2.971
1645032004073,-2.902,-6.384,-2.618
1645032004073,-2.902,-6.384,-2.618
1645032004082,-3.03,-6.335,-2.481
1645032004097,-3.344,-6.403,-2.598
1645032004101,-3.344,-6.403,-2.598
1645032004124,-3.756,-6.433,-2.785
1645032004124,-3.756,-6.433,-2.785
1645032004125,-3.756,-6.433,-2.785
1645032004132,-3.912,-6.413,-2.785
1645032004136,-4.079,-6.403,-2.736
1645032004146,-4.226,-6.403,-2.687
1645032004151,-4.422,-6.423,-2.726
1645032004162,-4.619,-6.453,-2.834
1645032004174,-4.815,-6.551,-3.079
1645032004183,-5.001,-6.668,-3.295
1645032004191,-5.217,-6.855,-3.491
1645032004201,-5.433,-7.012,-3.648
1645032004215,-5.756,-7.208,-3.814
1645032004221,-6.207,-7.463,-3.952
1645032004244,-6.707,-7.718,-4.011
1645032004245,-6.707,-7.718,-4.011
1645032004245,-6.707,-7.718,-4.011
1645032004249,-7.129,-7.953,-4.011
1645032004252,-7.512,-8.1,-3.932
1645032004262,-7.943,-8.218,-3.805
1645032004272,-8.443,-8.375,-3.834
1645032004281,-9.002,-8.561,-4.001
1645032004318,-9.62,-8.708,-4.334
1645032004320,-9.62,-8.708,-4.334
1645032004321,-9.62,-8.708,-4.334
1645032004324,-9.62,-8.708,-4.334
1645032004324,-10.915,-9.365,-5.236
1645032004325,-11.591,-9.807,-5.737
1645032004325,-11.591,-9.807,-5.737
1645032004335,-12.141,-10.199,-6.021
1645032004345,-12.278,-10.277,-5.962
1645032004363,-12.072,-10.081,-5.599
1645032004364,-12.072,-10.081,-5.599
1645032004365,-12.072,-10.081,-5.599
1645032004370,-11.591,-9.591,-5.04
1645032004372,-11.199,-8.875,-4.207
1645032004381,-10.826,-7.924,-3.422
1645032004391,-10.562,-6.953,-2.618
1645032004401,-10.552,-6.139,-2.235
1645032004413,-10.601,-5.58,-2.235
1645032004422,-10.601,-5.246,-2.598
1645032004431,-10.522,-5.011,-3.285
1645032004441,-10.277,-4.874,-4.079
1645032004451,-9.865,-4.726,-4.805
1645032004462,-9.444,-4.677,-5.482
1645032004478,-8.963,-4.717,-6.07
1645032004482,-8.581,-4.834,-6.551
1645032004491,-8.326,-5.148,-6.727
1645032004501,-8.247,-5.639,-6.521
1645032004511,-8.286,-6.139,-6.041
1645032004521,-8.335,-6.688,-5.462
1645032004533,-8.286,-7.159,-4.746
1645032004542,-7.992,-7.845,-3.099
1645032004551,-7.708,-7.982,-2.569
1645032004561,-7.404,-8.041,-2.324
1645032004571,-7.07,-7.992,-2.285
1645032004581,-6.707,-7.845,-2.422
1645032004593,-6.482,-7.737,-2.755
1645032004602,-6.188,-7.639,-3.118
1645032004611,-5.776,-7.521,-3.353
1645032004621,-5.423,-7.404,-3.55
1645032004631,-5.227,-7.365,-3.687
1645032004641,-5.099,-7.335,-3.746
1645032004653,-4.932,-7.237,-3.746
1645032004662,-4.834,-7.08,-3.697
1645032004671,-4.923,-6.982,-3.736
1645032004681,-5.05,-6.923,-3.707
1645032004691,-5.06,-6.806,-3.52
1645032004701,-4.981,-6.619,-3.422
1645032004717,-4.805,-6.453,-3.334
1645032004722,-4.53,-6.266,-3.393
1645032004731,-4.315,-6.129,-3.599
1645032004748,-3.873,-5.884,-4.079
1645032004751,-3.873,-5.884,-4.079
1645032004761,-3.765,-5.815,-4.295
1645032004773,-3.667,-5.795,-4.501
1645032004786,-3.599,-5.795,-4.619
1645032004790,-3.589,-5.854,-4.638
1645032004801,-3.638,-5.884,-4.609
1645032004811,-3.658,-5.903,-4.54
1645032004823,-3.618,-5.894,-4.55
1645032004833,-3.55,-5.894,-4.687
1645032004842,-3.559,-5.903,-4.864
1645032004854,-3.707,-6.099,-5.089
1645032004862,-3.707,-6.099,-5.089
1645032004872,-3.991,-6.335,-5.207
1645032004881,-4.373,-6.639,-5.246
1645032004893,-4.815,-6.913,-5.148
1645032004902,-5.315,-7.1,-5.011
1645032004911,-5.805,-7.325,-4.962
1645032004921,-6.266,-7.492,-4.962
1645032004931,-6.727,-7.649,-5.05
1645032004941,-7.198,-7.845,-5.325
1645032004953,-7.718,-8.169,-5.639
1645032004963,-8.149,-8.473,-5.864
1645032004971,-8.728,-9.297,-5.864
1645032004982,-9.051,-9.699,-5.786
1645032004991,-9.11,-10.101,-5.511
1645032005004,-8.953,-10.316,-4.913
1645032005013,-8.581,-10.248,-4.011
1645032005032,-7.943,-9.895,-2.922
1645032005032,-7.943,-9.895,-2.922
1645032005033,-7.266,-9.238,-1.716
1645032005041,-6.747,-8.424,-0.764
1645032005051,-6.521,-7.649,-0.313
1645032005061,-6.56,-7.031,-0.215
1645032005075,-6.855,-6.57,-0.49
1645032005083,-7.227,-6.256,-0.951
1645032005091,-7.59,-6.08,-1.441
1645032005101,-7.904,-6.021,-1.863
1645032005113,-8.198,-5.962,-2.186
1645032005121,-8.375,-5.943,-2.432
1645032005133,-8.394,-5.952,-2.755
1645032005160,-8.286,-5.952,-3.118
1645032005161,-8.286,-5.952,-3.118
1645032005161,-8.286,-5.952,-3.118
1645032005163,-7.727,-5.668,-3.52
1645032005163,-7.727,-5.668,-3.52
1645032005174,-7.365,-5.442,-3.608
1645032005181,-7.1,-5.197,-3.667
1645032005193,-6.904,-5.001,-3.618
1645032005204,-6.698,-4.815,-3.51
1645032005211,-6.531,-4.677,-3.353
1645032005222,-6.384,-4.619,-3.265
1645032005237,-6.247,-4.668,-3.255
1645032005241,-6.05,-4.766,-3.265
1645032005258,-5.894,-4.903,-3.246
1645032005263,-5.776,-5.148,-3.265
1645032005271,-5.599,-5.413,-3.344
1645032005284,-5.05,-5.854,-3.344
1645032005296,-5.05,-5.854,-3.344
1645032005317,-4.54,-6.266,-2.814
1645032005318,-4.54,-6.266,-2.814
1645032005319,-4.54,-6.266,-2.814
1645032005321,-4.54,-6.266,-2.814
1645032005324,-4.54,-6.266,-2.814
1645032005334,-4.825,-6.443,-2.647
1645032005350,-5.001,-6.443,-2.726
1645032005352,-5.207,-6.394,-3.049
1645032005373,-5.403,-6.364,-3.55
1645032005374,-5.403,-6.364,-3.55
1645032005382,-5.629,-6.315,-4.118
1645032005391,-5.844,-6.335,-4.599
1645032005406,-6.109,-6.217,-5.609
1645032005411,-6.099,-6.06,-6.031
1645032005421,-5.962,-5.825,-6.531
1645032005436,-5.844,-5.629,-6.943
1645032005442,-5.727,-5.344,-7.266
1645032005453,-5.658,-5.129,-7.345
1645032005461,-5.658,-5.011,-7.296
1645032005471,-5.658,-4.952,-7.208
1645032005481,-5.629,-4.942,-6.972
1645032005492,-5.55,-4.932,-6.707
1645032005502,-5.482,-5.001,-6.502
1645032005511,-5.462,-5.109,-6.305
1645032005521,-5.511,-5.217,-6.129
1645032005531,-5.423,-5.256,-6.031
1645032005541,-5.442,-5.305,-5.894
1645032005553,-5.521,-5.384,-5.697
1645032005562,-5.629,-5.531,-5.55
1645032005572,-5.727,-5.766,-5.393
1645032005581,-5.884,-5.962,-5.168
1645032005592,-6.001,-6.168,-4.903
1645032005601,-6.139,-6.325,-4.599
1645032005613,-6.217,-6.423,-4.217
1645032005624,-6.305,-6.443,-3.805
1645032005631,-6.384,-6.403,-3.54
1645032005641,-6.443,-6.305,-3.265
1645032005651,-6.56,-6.237,-3.148
1645032005661,-6.806,-6.188,-3.108
1645032005675,-7.129,-6.237,-3.353
1645032005683,-7.61,-6.443,-3.893
1645032005691,-8.139,-6.835,-4.501
1645032005701,-8.738,-7.355,-5.207
1645032005711,-9.238,-7.973,-5.717
1645032005721,-9.601,-8.571,-5.874
1645032005732,-9.797,-9.051,-5.815
1645032005742,-9.797,-9.395,-5.639
1645032005750,-9.669,-9.61,-5.393
1645032005760,-9.571,-9.748,-5.129
1645032005770,-9.561,-9.816,-4.962
1645032005781,-9.502,-9.905,-4.766
1645032005793,-9.414,-9.934,-4.579
1645032005803,-9.198,-9.895,-4.373
1645032005811,-8.914,-9.797,-4.275
1645032005821,-8.463,-9.522,-4.334
1645032005834,-7.512,-8.757,-4.834
1645032005843,-7.08,-8.277,-5.148
1645032005853,-6.649,-7.796,-5.384
1645032005865,-6.364,-7.325,-5.629
1645032005876,-6.168,-6.933,-5.825
1645032005895,-6.266,-6.374,-5.854
1645032005896,-6.266,-6.374,-5.854
1645032005896,-6.266,-6.374,-5.854
1645032005902,-6.364,-6.198,-5.688
1645032005915,-6.335,-6.109,-5.717
1645032005922,-6.335,-6.05,-5.707
1645032005931,-6.305,-6.05,-5.756
1645032005942,-6.207,-6.08,-5.795
1645032005953,-6.109,-6.119,-5.609
1645032005961,-5.992,-6.129,-5.305
1645032005973,-5.903,-6.168,-5.05
1645032005983,-5.854,-6.188,-4.766
1645032005991,-5.737,-6.168,-4.511
1645032006001,-5.599,-6.129,-4.148
1645032006013,-5.56,-6.139,-3.863
1645032006021,-5.58,-6.168,-3.618
1645032006033,-5.55,-6.109,-3.403
1645032006042,-5.452,-6.06,-3.236
1645032006051,-5.335,-5.972,-3.059
1645032006061,-5.187,-5.844,-3.049
1645032006071,-5.099,-5.717,-3.02
1645032006081,-5.05,-5.619,-2.981
1645032006095,-5.021,-5.531,-2.853
1645032006103,-5.04,-5.501,-2.853
1645032006111,-5.08,-5.55,-2.883
1645032006121,-5.08,-5.589,-2.775
1645032006131,-5.05,-5.56,-2.638
1645032006141,-4.962,-5.56,-2.579
1645032006153,-4.864,-5.491,-2.569
1645032006162,-4.795,-5.403,-2.638
1645032006171,-4.776,-5.335,-2.736
1645032006181,-4.736,-5.227,-2.893
1645032006191,-4.707,-5.119,-3.03
1645032006201,-4.697,-5.011,-3.089
1645032006213,-4.736,-4.962,-3.049
1645032006223,-4.756,-4.972,-3.089
1645032006231,-4.844,-5.138,-3.157
1645032006241,-4.981,-5.295,-3.197
1645032006251,-5.089,-5.55,-3.089
1645032006261,-5.158,-5.943,-3.04
1645032006273,-5.021,-6.021,-2.893
1645032006282,-4.903,-6.08,-2.736
1645032006291,-4.893,-6.158,-2.726
1645032006301,-5.03,-6.286,-2.863
1645032006311,-5.276,-6.453,-3.03
1645032006321,-5.462,-6.531,-3.138
1645032006334,-5.658,-6.59,-3.246
1645032006347,-5.805,-6.678,-3.353
1645032006351,-5.903,-6.796,-3.461
1645032006361,-5.903,-6.933,-3.599
1645032006371,-5.903,-7.11,-3.697
1645032006381,-6.031,-7.365,-3.795
1645032006393,-6.266,-7.737,-3.922
1645032006403,-6.521,-8.11,-3.952
1645032006411,-6.766,-8.512,-3.893
1645032006425,-7.002,-8.836,-3.795
1645032006431,-7.316,-9.091,-3.736
1645032006441,-7.698,-9.385,-3.814
1645032006452,-8.169,-9.63,-4.04
1645032006462,-8.551,-9.826,-4.266
1645032006471,-9.022,-10.061,-4.579
1645032006481,-9.414,-10.267,-4.923
1645032006491,-9.552,-10.297,-4.923
1645032006567,-9.385,-10.081,-4.648
1645032006567,-9.051,-9.669,-4.099
1645032006567,-8.747,-9.012,-3.805
1645032006568,-8.806,-8.512,-3.55
1645032006568,-8.963,-7.953,-3.824
1645032006568,-9.463,-7.482,-4.266
1645032006569,-10.169,-6.757,-5.482
1645032006573,-10.983,-5.962,-6.874
1645032006582,-11.434,-5.344,-8.09
1645032006591,-11.366,-4.736,-9.11
1645032006601,-11.042,-4.177,-9.64
1645032006611,-10.611,-3.814,-9.542
1645032006624,-10.522,-3.834,-8.473
1645032006633,-10.522,-3.834,-8.473
1645032006642,-10.64,-3.991,-7.796
1645032006651,-10.542,-4.069,-7.021
1645032006667,-10.424,-4.462,-6.158
1645032006671,-10.424,-4.462,-6.158
1645032006681,-10.15,-4.726,-5.776
1645032006693,-9.14,-5.227,-5.099
1645032006702,-8.404,-5.403,-4.736
1645032006711,-7.561,-5.433,-4.491
1645032006721,-6.56,-5.482,-4.609
1645032006731,-5.54,-5.668,-5.129
1645032006742,-4.177,-6.276,-6.217
1645032006754,-2.726,-7.512,-7.551
1645032006763,-1.304,-8.865,-7.953
1645032006775,0.647,-9.395,-6.707
1645032006781,2.902,-8.885,-4.53
1645032006792,5.285,-7.698,-2.334
1645032006801,7.414,-6.109,-0.608
1645032006813,8.885,-4.521,0.529
1645032006822,8.581,-3.726,0.823
1645032006831,6.609,-3.971,0.362
1645032006841,3.922,-4.707,-0.529
1645032006851,0.882,-5.805,-1.745
1645032006861,-2.922,-7.296,-3.128
1645032006873,-7.933,-8.993,-4.079
1645032006882,-13.268,-10.15,-4.373
1645032006891,-16.397,-9.963,-3.599
1645032006901,-17.976,-8.492,-2.422
1645032006910,-18.76,-6.766,-1.833
1645032006921,-18.103,-5.521,-2.01
1645032006933,-16.21,-4.893,-2.902
1645032006942,-13.7,-4.746,-4.373
1645032006951,-11.111,-4.854,-5.982
1645032006961,-8.708,-4.913,-7.414
1645032006971,-6.707,-4.854,-8.198
1645032006981,-5.119,-4.658,-8.188
1645032006993,-4.05,-4.521,-7.541
1645032007002,-3.667,-4.658,-6.943
1645032007011,-3.599,-4.962,-6.551
1645032007021,-3.579,-5.305,-6.188
1645032007036,-3.54,-5.521,-5.688
1645032007041,-3.304,-5.619,-5.04
1645032007054,-3.069,-5.531,-3.981
1645032007062,-2.893,-5.511,-3.334
1645032007072,-2.922,-5.472,-2.706
1645032007081,-2.804,-5.187,-2.363
1645032007091,-2.765,-5.021,-2.902
1645032007102,-3.197,-5.03,-3.677
1645032007117,-4.462,-5.55,-3.854
1645032007122,-5.207,-6.05,-3.677
1645032007131,-6.011,-6.698,-3.324
1645032007141,-6.825,-7.306,-3.138
1645032007153,-8.012,-7.992,-3.353
1645032007162,-9.375,-8.541,-3.854
1645032007173,-10.62,-8.934,-4.413
1645032007182,-11.631,-9.169,-5.099
1645032007191,-12.503,-9.248,-5.854
1645032007201,-13.062,-9.149,-6.237
1645032007211,-13.033,-8.826,-6.305
1645032007221,-12.503,-8.139,-6.06
1645032007233,-11.788,-7.355,-5.511
1645032007242,-11.023,-6.59,-4.932
1645032007251,-10.346,-5.982,-4.53
1645032007261,-9.924,-5.491,-4.491
1645032007271,-9.64,-5.178,-4.726
1645032007281,-9.571,-4.991,-5.227
1645032007293,-9.542,-4.893,-5.629
1645032007302,-9.453,-4.726,-6.001
1645032007311,-9.238,-4.648,-6.315
1645032007321,-8.993,-4.628,-6.551
1645032007331,-8.738,-4.717,-6.757
1645032007342,-8.561,-4.913,-6.835
1645032007354,-8.473,-5.256,-6.551
1645032007367,-8.365,-5.619,-6.001
1645032007371,-8.179,-5.903,-5.217
1645032007381,-7.924,-6.129,-4.305
1645032007391,-7.678,-6.335,-3.412
1645032007401,-7.404,-6.521,-2.638
1645032007414,-7.11,-6.609,-2.049
1645032007422,-6.717,-6.59,-1.539
1645032007431,-6.325,-6.492,-1.186
1645032007441,-6.06,-6.296,-0.921
1645032007451,-5.854,-6.099,-0.725
1645032007461,-5.531,-5.844,-0.5
1645032007474,-5.256,-5.639,-0.392
1645032007482,-5.099,-5.472,-0.402
1645032007491,-5.07,-5.433,-0.539
1645032007501,-4.991,-5.393,-0.549
1645032007511,-4.766,-5.276,-0.362
1645032007521,-4.599,-5.109,-0.215
1645032007534,-4.589,-5.08,-0.313
1645032007543,-4.638,-5.04,-0.892
1645032007551,-4.815,-5.07,-1.029
1645032007562,-4.972,-5.099,-1.225
1645032007571,-5.217,-5.099,-1.48
1645032007586,-5.442,-5.099,-1.745
1645032007598,-5.648,-5.06,-2.039
1645032007607,-5.825,-4.991,-2.363
1645032007613,-6.05,-4.942,-2.667
1645032007621,-6.237,-4.913,-2.981
1645032007633,-6.502,-4.942,-3.344
1645032007641,-6.766,-5.021,-3.687
1645032007656,-7.002,-5.05,-3.883
1645032007664,-7.168,-5.05,-3.932
1645032007673,-7.306,-5.109,-3.912
1645032007681,-7.394,-5.178,-3.932
1645032007691,-7.629,-5.315,-3.962
1645032007706,-7.835,-5.472,-4.079
1645032007715,-7.953,-5.56,-4.217
1645032007723,-8.022,-5.707,-4.432
1645032007733,-8.022,-5.894,-4.677
1645032007741,-7.982,-6.119,-4.903
1645032007751,-7.904,-6.394,-5.109
1645032007761,-7.816,-6.698,-5.138
1645032007790,-7.688,-6.913,-5.06
1645032007795,-7.688,-6.913,-5.06
1645032007795,-7.688,-6.913,-5.06
1645032007796,-7.414,-7.276,-4.893
1645032007797,-7.335,-7.404,-4.736
1645032007801,-7.335,-7.404,-4.736
1645032007813,-7.286,-7.561,-4.599
1645032007821,-7.306,-7.757,-4.55
1645032007835,-7.355,-7.894,-4.462
1645032007843,-7.512,-8.08,-4.55
1645032007853,-7.894,-8.434,-4.854
1645032007861,-8.267,-8.826,-5.148
1645032007873,-8.463,-9.11,-5.335
1645032007881,-8.384,-9.257,-5.266
1645032007895,-8.12,-9.169,-5.158
1645032007903,-7.737,-8.953,-4.981
1645032007913,-7.266,-8.502,-4.707
1645032007921,-6.874,-8.012,-4.462
1645032007933,-6.747,-7.463,-4.217
1645032007941,-6.678,-6.943,-4.069
1645032007956,-6.717,-6.521,-4.05
1645032007963,-6.776,-6.148,-4.099
1645032007973,-7.012,-5.903,-4.373
1645032007981,-7.178,-5.521,-4.628
1645032007993,-7.394,-5.433,-5.021
1645032008001,-7.58,-5.364,-5.335
1645032008015,-7.708,-5.266,-5.658
1645032008023,-7.816,-5.148,-5.923
1645032008033,-7.943,-5.05,-6.168
1645032008041,-8.09,-5.05,-6.364
1645032008053,-8.208,-5.03,-6.472
1645032008061,-8.277,-5.099,-6.384
1645032008075,-8.188,-5.099,-6.099
1645032008083,-7.953,-5.158,-5.678
1645032008103,-7.747,-5.207,-5.217
1645032008104,-7.463,-5.256,-4.756
1645032008115,-7.178,-5.295,-4.334
1645032008122,-6.874,-5.285,-3.991
1645032008135,-6.472,-5.227,-3.736
1645032008143,-6.041,-5.148,-3.599
1645032008153,-5.609,-5.099,-3.452
1645032008161,-5.197,-5.021,-3.412
1645032008174,-4.893,-4.962,-3.412
1645032008181,-4.511,-4.923,-3.403
1645032008195,-4.148,-4.874,-3.304
1645032008203,-3.824,-4.746,-3.177
1645032008213,-3.53,-4.599,-3.04
1645032008221,-3.353,-4.452,-2.932
1645032008233,-3.226,-4.334,-2.863
1645032008241,-3.157,-4.275,-2.834
1645032008255,-3.216,-4.285,-2.794
1645032008263,-3.265,-4.364,-2.824
1645032008273,-3.334,-4.452,-2.794
1645032008281,-3.461,-4.56,-2.716
1645032008294,-3.559,-4.677,-2.608
1645032008301,-3.687,-4.766,-2.5
1645032008315,-3.854,-4.854,-2.451
1645032008323,-4.03,-4.913,-2.412
1645032008333,-4.177,-5.021,-2.324
1645032008341,-4.226,-5.08,-2.245
1645032008353,-4.305,-5.138,-2.147
1645032008361,-4.305,-5.217,-2.128
1645032008388,-4.373,-5.433,-2.108
1645032008389,-4.373,-5.433,-2.108
1645032008391,-4.373,-5.433,-2.108
1645032008395,-4.511,-5.58,-2.079
1645032008396,-4.619,-5.717,-2.039
1645032008401,-4.717,-5.805,-2.039
1645032008411,-4.874,-5.952,-2.039
1645032008421,-5.03,-6.178,-2.079
1645032008434,-5.246,-6.482,-2.324
1645032008443,-5.56,-6.864,-2.687
1645032008453,-5.933,-7.08,-2.853
1645032008461,-6.276,-7.119,-2.971
1645032008473,-6.727,-7.149,-3.177
1645032008481,-7.237,-7.178,-3.52
1645032008495,-7.845,-7.159,-3.765
1645032008503,-8.463,-7.051,-4.06
1645032008513,-8.943,-6.962,-4.354
1645032008521,-9.14,-6.786,-4.717
1645032008533,-9.14,-6.56,-5.001
1645032008541,-9.002,-6.384,-5.227
1645032008555,-8.767,-6.237,-5.393
1645032008563,-8.738,-6.296,-5.393
1645032008573,-8.757,-6.443,-5.325
1645032008581,-8.875,-6.688,-5.305
1645032008598,-9.012,-6.943,-5.335
1645032008606,-9.13,-7.149,-5.374
1645032008615,-9.404,-7.443,-5.609
1645032008623,-9.993,-7.973,-5.972
1645032008633,-10.826,-8.62,-6.247
1645032008641,-11.513,-9.022,-6.403
1645032008653,-11.758,-9.169,-6.354
1645032008661,-11.572,-8.993,-6.207
1645032008674,-11.248,-8.659,-5.943
1645032008683,-10.934,-8.365,-5.648
1645032008693,-10.758,-8.1,-5.403
1645032008701,-10.611,-7.884,-5.178
1645032008713,-10.395,-7.688,-5.03
1645032008721,-9.983,-7.512,-5.001
1645032008735,-9.473,-7.266,-5.138
1645032008743,-8.963,-7.031,-5.58
1645032008753,-8.414,-6.717,-5.717
1645032008761,-8.012,-6.462,-5.717
1645032008773,-7.747,-6.247,-5.609
1645032008781,-7.512,-6.08,-5.384
1645032008795,-7.286,-5.903,-5.187
1645032008803,-7.168,-5.805,-4.991
1645032008813,-7.139,-5.825,-4.776
1645032008821,-7.159,-5.972,-4.422
1645032008833,-7.227,-6.433,-3.893
1645032008841,-7.286,-6.747,-3.648
1645032008855,-7.119,-6.943,-3.226
1645032008863,-6.717,-6.962,-2.873
1645032008873,-6.354,-6.933,-2.687
1645032008881,-6.129,-6.835,-2.49
1645032008893,-5.992,-6.747,-2.324
1645032008901,-5.943,-6.629,-2.108
1645032008916,-5.844,-6.502,-1.941
1645032008923,-5.766,-6.305,-1.716
1645032008933,-5.658,-6.099,-1.52
1645032008941,-5.335,-5.874,-1.206
1645032008953,-5.03,-5.609,-0.97
1645032008961,-4.815,-5.472,-0.892
1645032008975,-4.628,-5.344,-0.892
1645032008983,-4.511,-5.236,-0.931
1645032008994,-4.491,-5.138,-0.97
1645032009001,-4.54,-5.089,-1.019
1645032009014,-4.638,-5.158,-1.039
1645032009021,-4.707,-5.266,-1.108
1645032009035,-4.805,-5.423,-1.206
1645032009043,-4.825,-5.55,-1.274
1645032009053,-4.854,-5.707,-1.402
1645032009061,-4.864,-5.815,-1.49
1645032009073,-4.883,-5.923,-1.588
1645032009082,-4.913,-5.992,-1.775
1645032009096,-4.981,-6.021,-1.941
1645032009119,-5.442,-6.031,-2.471
1645032009120,-5.57,-6.06,-2.677
1645032009125,-5.57,-6.06,-2.677
1645032009133,-5.737,-6.07,-2.794
1645032009141,-5.864,-6.06,-2.883
1645032009154,-5.874,-6.031,-2.853
1645032009163,-5.884,-5.962,-2.844
1645032009173,-5.864,-5.943,-2.863
1645032009183,-5.766,-5.894,-2.981
1645032009191,-5.688,-5.933,-3.118
1645032009205,-5.639,-5.982,-3.216
1645032009221,-5.56,-6.05,-3.216
1645032009225,-5.56,-6.364,-3.236
1645032009231,-5.56,-6.364,-3.236
1645032009241,-5.697,-6.609,-3.324
1645032009253,-6.384,-6.953,-3.883
1645032009261,-6.786,-7.688,-4.079
1645032009274,-7.119,-7.992,-4.079
1645032009283,-7.306,-8.257,-4.177
1645032009293,-7.62,-8.453,-4.197
1645032009302,-7.914,-8.61,-4.315
1645032009313,-8.169,-8.738,-4.56
1645032009321,-8.414,-8.865,-4.962
1645032009335,-8.806,-9.002,-5.56
1645032009343,-9.071,-9.071,-5.992
1645032009353,-9.297,-9.149,-6.394
1645032009361,-9.493,-9.257,-6.757
1645032009373,-9.62,-9.326,-6.855
1645032009381,-9.63,-9.238,-6.472
1645032009395,-9.365,-8.953,-5.776
1645032009403,-8.943,-8.541,-5.04
1645032009414,-8.394,-7.963,-4.413
1645032009421,-7.865,-7.355,-4.04
1645032009433,-7.394,-6.737,-3.893
1645032009441,-7.021,-6.178,-3.903
1645032009455,-6.727,-5.717,-4.06
1645032009463,-6.619,-5.413,-4.373
1645032009473,-6.658,-5.236,-4.599
1645032009481,-6.717,-5.08,-4.795
1645032009493,-6.923,-5.021,-5.109
1645032009502,-7.178,-5.08,-5.609
1645032009517,-7.365,-5.099,-6.099
1645032009523,-7.502,-5.129,-6.502
1645032009533,-7.659,-5.129,-6.894
1645032009541,-7.708,-5.07,-7.07
1645032009553,-7.698,-5.001,-7.051
1645032009561,-7.639,-4.952,-6.864
1645032009575,-7.58,-4.932,-6.551
1645032009584,-7.443,-4.942,-6.109
1645032009605,-7.276,-5.03,-5.756
1645032009614,-7.041,-5.129,-5.433
1645032009617,-6.394,-5.374,-4.972
1645032009621,-6.394,-5.374,-4.972
1645032009634,-5.943,-5.472,-4.697
1645032009643,-5.491,-5.511,-4.344
1645032009653,-5.099,-5.531,-4.03
1645032009661,-4.756,-5.472,-3.687
1645032009673,-4.422,-5.374,-3.344
1645032009681,-4.03,-5.246,-2.981
1645032009695,-3.893,-5.178,-2.883
1645032009703,-3.697,-5.178,-2.873
1645032009711,-3.481,-5.099,-2.804
1645032009721,-3.324,-5.08,-2.667
1645032009733,-3.226,-5.109,-2.54
1645032009741,-3.167,-5.168,-2.441
1645032009755,-3.167,-5.187,-2.343
1645032009763,-3.246,-5.256,-2.245
1645032009773,-3.353,-5.335,-2.147
1645032009781,-3.471,-5.472,-2.177
1645032009793,-3.52,-5.511,-2.285
1645032009802,-3.569,-5.58,-2.432
1645032009816,-3.599,-5.697,-2.579
1645032009823,-3.628,-5.766,-2.765
1645032009837,-3.687,-5.903,-2.853
1645032009841,-3.824,-6.08,-3.0
1645032009853,-3.922,-6.256,-2.981
1645032009861,-4.02,-6.345,-3.02
1645032009874,-4.128,-6.345,-3.363
1645032009883,-4.315,-6.247,-3.903
1645032009891,-4.481,-6.119,-4.305
1645032009901,-4.648,-6.021,-4.521
1645032009911,-4.825,-5.884,-4.589
1645032009921,-5.001,-5.766,-4.491
1645032009934,-5.266,-5.688,-4.324
1645032009942,-5.531,-5.589,-4.266
1645032009951,-5.864,-5.442,-4.266
1645032009961,-6.178,-5.354,-4.413
1645032009971,-6.423,-5.227,-4.511
1645032009982,-6.403,-5.099,-4.805
1645032009994,-6.305,-5.05,-5.197
1645032010003,-6.266,-5.187,-5.54
1645032010011,-6.325,-5.491,-5.717
1645032010021,-6.57,-5.982,-5.599
1645032010035,-7.443,-7.276,-4.766
1645032010044,-7.571,-7.61,-3.932
1645032010054,-7.571,-7.61,-3.932
1645032010063,-7.659,-7.776,-3.265
1645032010071,-8.002,-7.875,-3.148
1645032010081,-8.532,-8.188,-3.206
1645032010094,-9.905,-9.002,-4.579
1645032010105,-10.405,-9.355,-5.413
1645032010114,-10.67,-9.63,-5.844
1645032010123,-10.817,-9.777,-5.903
1645032010131,-10.856,-9.797,-5.825
1645032010141,-10.944,-9.777,-5.678
1645032010151,-10.964,-9.571,-5.354
1645032010161,-10.768,-9.159,-5.011
1645032010174,-10.571,-8.669,-4.57
1645032010183,-10.326,-8.022,-4.217
1645032010191,-10.111,-7.443,-4.187
1645032010201,-9.895,-6.884,-4.207
1645032010213,-9.777,-6.374,-4.246
1645032010221,-9.61,-5.952,-4.452
1645032010235,-9.552,-5.619,-4.844
1645032010243,-9.522,-5.403,-5.266
1645032010253,-9.404,-5.276,-5.501
1645032010262,-9.238,-5.187,-5.609
1645032010273,-8.983,-5.109,-5.639
1645032010281,-8.738,-5.089,-5.629
1645032010295,-8.561,-5.109,-5.57
1645032010304,-8.453,-5.217,-5.442
1645032010313,-8.473,-5.374,-5.207
1645032010321,-8.502,-5.55,-4.972
1645032010333,-8.502,-5.756,-4.805
1645032010341,-8.414,-5.923,-4.638
1645032010355,-8.198,-6.05,-4.422
1645032010363,-7.894,-6.158,-4.246
1645032010385,-7.149,-6.198,-3.873
1645032010386,-7.149,-6.198,-3.873
1645032010387,-6.757,-6.139,-3.648
1645032010393,-6.757,-6.139,-3.648
1645032010401,-6.335,-6.031,-3.422
1645032010414,-6.001,-5.864,-3.275
1645032010423,-5.727,-5.727,-3.167
1645032010433,-5.452,-5.54,-3.059
1645032010441,-5.246,-5.413,-2.971
1645032010453,-5.129,-5.295,-2.912
1645032010461,-5.04,-5.129,-2.785
1645032010474,-5.187,-5.001,-2.677
1645032010483,-5.727,-4.834,-2.598
1645032010493,-6.423,-4.599,-2.471
1645032010501,-7.041,-4.305,-2.461
1645032010513,-7.6,-3.932,-2.755
1645032010521,-8.051,-3.53,-3.707
1645032010535,-9.63,-2.706,-4.295
1645032010543,-10.719,-2.569,-4.874
1645032010553,-11.582,-2.589,-5.227
1645032010561,-12.268,-2.775,-5.03
1645032010573,-12.69,-3.108,-4.628
1645032010581,-12.856,-3.54,-4.207
1645032010596,-12.886,-3.834,-3.726
1645032010628,-12.935,-4.011,-3.128
1645032010629,-12.935,-4.011,-3.128
1645032010630,-12.935,-4.011,-3.128
1645032010631,-13.033,-4.089,-1.912
1645032010631,-13.033,-4.089,-1.912
1645032010633,-12.7,-3.765,-1.167
1645032010641,-12.092,-3.471,-0.48
1645032010655,-11.229,-2.971,0.0
1645032010663,-9.65,-1.843,1.235
1645032010671,-9.463,-1.608,2.255
1645032010681,-9.983,-1.775,3.118
1645032010693,-10.297,-1.824,3.844
1645032010701,-10.032,-1.5,4.177
1645032010714,-9.807,-1.098,4.707
1645032010724,-9.532,-1.088,4.864
1645032010733,-9.179,-1.235,4.56
1645032010741,-8.316,-1.01,4.491
1645032010753,-6.815,-0.225,4.766
1645032010761,-5.658,0.186,5.197
1645032010775,-5.001,0.254,5.531
1645032010783,-4.726,0.107,5.619
1645032010793,-4.717,-0.176,5.658
1645032010801,-4.717,-0.362,5.501
1645032010813,-4.56,-0.333,5.305
1645032010821,-4.118,0.0,5.089
1645032010835,-3.599,0.431,5.001
1645032010843,-3.03,0.764,5.001
1645032010853,-2.137,1.167,7.492
1645032010861,-1.902,1.441,9.404
1645032010873,-2.108,1.255,8.492
1645032010881,-2.432,0.951,7.943
1645032010895,-2.775,0.529,7.963
1645032010903,-2.942,0.215,8.169
1645032010915,-2.794,0.068,8.473
1645032010921,-2.255,0.058,8.894
1645032010933,-2.137,0.029,8.767
1645032010941,-2.147,0.0,8.62
1645032010955,-1.647,0.372,8.11
1645032010964,-1.461,0.588,8.12
1645032010973,-1.431,0.843,8.296
1645032010981,-1.431,0.97,8.394
1645032010993,-1.48,1.157,8.522
1645032011001,-1.52,1.422,8.679
1645032011015,-1.284,1.676,8.512
1645032011024,-1.206,1.833,8.414
1645032011033,-1.117,1.843,8.198
1645032011041,-1.127,1.657,7.973
1645032011053,-0.98,1.431,7.973
1645032011061,-0.598,1.363,8.061
1645032011075,-0.264,1.52,8.247
1645032011083,-0.137,1.696,8.541
1645032011104,-0.196,1.765,8.581
1645032011104,-0.353,1.755,8.267
1645032011115,-0.617,1.784,8.051
1645032011121,-0.863,1.765,7.816
1645032011135,-1.127,1.726,7.688
1645032011143,-1.196,1.569,7.61
1645032011153,-1.049,1.451,7.541
1645032011161,-0.784,1.48,7.62
1645032011173,-0.598,1.627,7.914
1645032011181,-0.588,1.706,8.257
1645032011194,-0.509,1.843,8.669
1645032011203,-0.402,2.02,9.198
1645032011213,-0.264,2.118,9.679
1645032011222,-0.009,2.235,10.042
1645032011283,0.176,2.5,10.199
1645032011294,0.176,2.5,10.199
1645032011295,0.176,2.5,10.199
1645032011296,0.088,2.716,10.071
1645032011297,-0.058,2.853,9.669
1645032011298,-0.058,2.853,9.669
1645032011299,-0.058,2.853,9.669
1645032011299,-0.333,3.04,9.552
1645032011300,-0.137,3.099,9.659
1645032011301,-0.137,3.099,9.659
1645032011302,-0.137,3.099,9.659
1645032011302,0.186,3.187,9.64
1645032011314,0.519,3.089,9.444
1645032011323,0.853,3.02,9.306
1645032011331,0.97,3.01,9.198
1645032011341,1.059,2.883,9.12
1645032011351,1.039,2.755,9.14
1645032011361,1.019,2.677,9.14
1645032011375,1.225,2.667,9.404
1645032011384,1.196,2.412,9.63
1645032011394,1.108,2.275,9.777
1645032011401,1.059,2.157,9.954
1645032011413,0.892,2.03,9.963
1645032011423,0.794,1.941,9.885
1645032011435,0.755,1.922,9.846
1645032011443,0.794,1.981,9.62
1645032011451,0.951,2.039,9.375
1645032011461,1.049,2.147,9.297
1645032011474,1.157,2.235,9.326
1645032011482,1.245,2.285,9.512
1645032011494,1.225,2.451,9.463
1645032011503,1.117,2.54,9.738
1645032011513,0.872,2.53,9.983
1645032011521,0.715,2.471,10.209
1645032011531,0.813,2.471,10.415
1645032011541,0.882,2.412,10.62
1645032011554,0.784,2.275,10.64
1645032011563,0.608,2.167,10.62
1645032011571,0.588,2.186,10.473
1645032011581,0.735,2.353,10.415
1645032011591,0.784,2.51,10.365
1645032011614,0.696,2.608,10.365
1645032011627,0.558,2.687,10.483
1645032011628,0.558,2.687,10.483
1645032011630,0.558,2.687,10.483
1645032011634,0.608,2.794,10.63
1645032011635,0.735,2.834,10.66
1645032011641,0.735,2.834,10.66
1645032011653,1.068,2.912,10.62
1645032011661,1.372,3.099,10.356
1645032011674,1.657,3.265,9.914
1645032011683,1.627,3.314,9.512
1645032011693,1.902,3.285,9.179
1645032011701,2.059,3.334,9.198
1645032011711,2.02,3.275,9.424
1645032011721,1.755,3.03,9.865
1645032011734,1.49,2.755,10.454
1645032011743,1.382,2.638,10.983
1645032011753,1.01,2.245,11.287
1645032011761,0.637,1.716,11.513
1645032011773,0.529,1.225,11.336
1645032011781,0.833,0.99,10.964
1645032011795,1.314,0.931,10.738
1645032011803,1.951,0.833,10.15
1645032011813,2.118,0.902,9.954
1645032011821,2.157,1.068,9.836
1645032011833,2.03,1.196,9.807
1645032011841,1.902,1.235,9.807
1645032011855,1.706,1.323,9.62
1645032011863,1.716,1.431,9.267
1645032011873,1.971,1.471,8.983
1645032011881,2.167,1.461,8.689
1645032011893,2.186,1.343,8.787
1645032011901,2.137,1.088,8.669
1645032011927,2.235,1.186,9.012
1645032011927,2.235,1.186,9.012
1645032011928,2.235,1.186,9.012
1645032011928,2.334,1.451,8.934
1645032011932,2.373,1.5,8.855
1645032011941,2.441,1.539,8.708
1645032011951,2.451,1.578,8.689
1645032011961,2.579,1.608,8.679
1645032011974,2.696,1.706,8.61
1645032011982,2.824,1.873,8.6
1645032011991,2.922,2.01,8.375
1645032012001,3.089,2.186,8.1
1645032012011,3.334,2.304,8.11
