1645036054680,1024.8514
1645036054681,1024.8514
1645036054718,1024.8514
1645036054759,1024.8514
1645036054796,1024.8414
1645036054833,1024.8414
1645036054872,1024.8414
1645036054911,1024.8414
1645036054951,1024.828
1645036054988,1024.828
1645036055027,1024.828
1645036055065,1024.828
1645036055105,1024.8151
1645036055177,1024.8151
1645036055184,1024.8151
1645036055219,1024.8151
1645036055258,1024.8134
1645036055296,1024.8134
1645036055335,1024.8134
1645036055375,1024.8134
1645036055417,1024.8016
1645036055453,1024.8016
1645036055499,1024.8016
1645036055528,1024.8016
1645036055565,1024.8171
1645036055605,1024.8171
1645036055643,1024.8171
1645036055682,1024.8171
1645036055722,1024.8151
1645036055758,1024.8151
1645036055796,1024.8151
1645036055836,1024.8151
1645036055873,1024.8357
1645036055913,1024.8357
1645036055953,1024.8357
1645036055989,1024.8357
1645036056027,1024.8348
1645036056065,1024.8348
1645036056109,1024.8348
1645036056153,1024.8348
1645036056181,1024.8348
1645036056218,1024.8436
1645036056257,1024.8436
1645036056295,1024.8436
1645036056334,1024.8436
1645036056375,1024.8431
1645036056413,1024.8431
1645036056449,1024.8431
1645036056509,1024.8431
1645036056530,1024.8457
1645036056587,1024.8457
1645036056605,1024.8457
1645036056641,1024.8457
1645036056681,1024.8517
1645036056719,1024.8517
1645036056758,1024.8517
1645036056795,1024.8517
1645036056838,1024.8528
1645036056872,1024.8528
1645036056910,1024.8528
1645036056951,1024.8528
1645036056988,1024.857
1645036057027,1024.857
1645036057065,1024.857
1645036057104,1024.857
1645036057142,1024.862
1645036057181,1024.862
1645036057219,1024.862
1645036057257,1024.862
1645036057297,1024.865
1645036057335,1024.865
1645036057372,1024.865
1645036057411,1024.865
1645036057453,1024.8708
1645036057490,1024.8708
1645036057528,1024.8708
1645036057567,1024.8708
1645036057605,1024.8801
1645036057643,1024.8801
1645036057681,1024.8801
1645036057720,1024.8801
1645036057758,1024.8881
1645036057796,1024.8881
1645036057833,1024.8881
1645036057872,1024.8881
1645036057912,1024.8981
1645036057950,1024.8981
1645036057988,1024.8981
1645036058027,1024.8981
1645036058066,1024.9058
1645036058104,1024.9058
1645036058144,1024.9058
1645036058182,1024.9058
1645036058219,1024.9058
1645036058258,1024.9187
1645036058296,1024.9187
1645036058334,1024.9187
1645036058374,1024.9187
1645036058416,1024.9313
1645036058451,1024.9313
1645036058487,1024.9313
1645036058551,1024.9313
1645036058581,1024.9408
1645036058613,1024.9408
1645036058646,1024.9408
1645036058679,1024.9408
1645036058718,1024.9626
1645036058757,1024.9626
1645036058797,1024.9626
1645036058834,1024.9626
1645036058877,1024.9702
1645036058913,1024.9702
1645036058949,1024.9702
1645036058988,1024.9702
1645036059027,1024.9854
1645036059066,1024.9854
1645036059105,1024.9854
1645036059142,1024.9854
1645036059183,1025.0088
1645036059218,1025.0088
1645036059258,1025.0088
1645036059296,1025.0088
1645036059334,1025.0198
1645036059376,1025.0198
1645036059411,1025.0198
1645036059449,1025.0198
1645036059489,1025.036
1645036059526,1025.036
1645036059565,1025.036
1645036059606,1025.036
1645036059682,1025.057
1645036059683,1025.057
1645036059718,1025.057
1645036059757,1025.057
1645036059796,1025.07
1645036059834,1025.07
1645036059879,1025.07
1645036059911,1025.07
1645036059952,1025.0826
1645036059988,1025.0826
1645036060026,1025.0826
1645036060065,1025.0826
1645036060103,1025.0826
1645036060144,1025.0969
1645036060179,1025.0969
1645036060218,1025.0969
1645036060257,1025.0969
1645036060297,1025.1166
1645036060333,1025.1166
1645036060374,1025.1166
1645036060411,1025.1166
1645036060459,1025.1317
1645036060488,1025.1317
1645036060528,1025.1317
1645036060575,1025.1317
1645036060624,1025.1484
1645036060645,1025.1484
1645036060679,1025.1484
1645036060718,1025.1484
1645036060759,1025.1594
1645036060795,1025.1594
1645036060833,1025.1594
1645036060873,1025.1594
1645036060910,1025.1724
1645036060949,1025.1724
1645036060988,1025.1724
1645036061028,1025.1724
1645036061063,1025.1882
1645036061110,1025.1882
1645036061141,1025.1882
1645036061181,1025.1882
1645036061216,1025.2068
1645036061255,1025.2068
1645036061296,1025.2068
1645036061334,1025.2068
1645036061376,1025.2244
1645036061410,1025.2244
1645036061449,1025.2244
1645036061490,1025.2244
1645036061525,1025.2395
1645036061564,1025.2395
1645036061604,1025.2395
1645036061642,1025.2395
1645036061680,1025.2574
1645036061718,1025.2574
1645036061757,1025.2574
1645036061796,1025.2574
1645036061835,1025.2734
1645036061880,1025.2734
1645036061911,1025.2734
1645036061952,1025.2734
1645036061990,1025.2885
1645036062028,1025.2885
1645036062068,1025.2885
1645036062103,1025.2885
1645036062141,1025.2885
1645036062181,1025.3031
1645036062217,1025.3031
1645036062256,1025.3031
1645036062296,1025.3031
1645036062333,1025.3091
1645036062373,1025.3091
1645036062411,1025.3091
1645036062448,1025.3091
1645036062486,1025.3241
1645036062525,1025.3241
1645036062595,1025.3241
1645036062605,1025.3241
1645036062641,1025.3353
1645036062682,1025.3353
1645036062718,1025.3353
1645036062757,1025.3353
1645036062793,1025.3463
1645036062836,1025.3463
1645036062872,1025.3463
1645036062909,1025.3463
1645036062950,1025.3518
1645036062988,1025.3518
1645036063026,1025.3518
1645036063064,1025.3518
1645036063106,1025.3735
1645036063140,1025.3735
1645036063179,1025.3735
1645036063218,1025.3735
1645036063257,1025.3878
1645036063296,1025.3878
1645036063333,1025.3878
1645036063374,1025.3878
1645036063414,1025.4047
1645036063449,1025.4047
1645036063487,1025.4047
1645036063526,1025.4047
1645036063564,1025.4159
1645036063603,1025.4159
1645036063640,1025.4159
1645036063679,1025.4159
1645036063716,1025.4285
1645036063755,1025.4285
1645036063795,1025.4285
1645036063834,1025.4285
1645036063871,1025.4419
1645036063914,1025.4419
1645036063947,1025.4419
1645036063986,1025.4419
1645036064026,1025.4419
1645036064094,1025.4545
1645036064101,1025.4545
1645036064142,1025.4545
1645036064180,1025.4545
1645036064217,1025.4646
1645036064256,1025.4646
1645036064297,1025.4646
1645036064333,1025.4646
1645036064372,1025.4746
1645036064409,1025.4746
1645036064448,1025.4746
1645036064486,1025.4746
1645036064526,1025.4943
1645036064563,1025.4943
1645036064604,1025.4943
1645036064642,1025.4943
1645036064682,1025.5094
1645036064717,1025.5094
1645036064756,1025.5094
1645036064795,1025.5094
1645036064832,1025.522
1645036064873,1025.522
1645036064910,1025.522
1645036064949,1025.522
1645036064987,1025.5354
1645036065026,1025.5354
1645036065063,1025.5354
1645036065103,1025.5354
1645036065141,1025.5466
1645036065182,1025.5466
1645036065217,1025.5466
1645036065256,1025.5466
1645036065295,1025.5618
1645036065335,1025.5618
1645036065373,1025.5618
1645036065412,1025.5618
1645036065448,1025.5735
1645036065487,1025.5735
1645036065527,1025.5735
1645036065563,1025.5735
1645036065603,1025.5828
1645036065640,1025.5828
1645036065680,1025.5828
1645036065716,1025.5828
1645036065755,1025.5895
1645036065795,1025.5895
1645036065833,1025.5895
1645036065874,1025.5895
1645036065910,1025.5895
1645036065947,1025.5938
1645036065988,1025.5938
1645036066024,1025.5938
1645036066064,1025.5938
1645036066101,1025.6038
1645036066141,1025.6038
1645036066178,1025.6038
1645036066219,1025.6038
1645036066258,1025.6105
1645036066294,1025.6105
1645036066333,1025.6105
1645036066371,1025.6105
1645036066410,1025.6134
1645036066450,1025.6134
1645036066487,1025.6134
1645036066526,1025.6134
1645036066565,1025.6176
1645036066600,1025.6176
1645036066639,1025.6176
1645036066681,1025.6176
1645036066716,1025.6227
1645036066755,1025.6227
1645036066795,1025.6227
1645036066832,1025.6227
1645036066872,1025.6227
1645036066917,1025.6227
1645036066947,1025.6227
1645036066987,1025.6227
1645036067026,1025.631
1645036067063,1025.631
1645036067102,1025.631
1645036067140,1025.631
1645036067178,1025.6188
1645036067216,1025.6188
1645036067255,1025.6188
1645036067294,1025.6188
1645036067332,1025.612
1645036067370,1025.612
1645036067409,1025.612
1645036067448,1025.612
1645036067486,1025.6062
1645036067524,1025.6062
1645036067563,1025.6062
1645036067600,1025.6062
1645036067640,1025.6062
1645036067678,1025.6062
1645036067719,1025.6062
1645036067755,1025.6062
1645036067795,1025.594
1645036067833,1025.594
1645036067871,1025.594
1645036067910,1025.594
1645036067948,1025.594
1645036067986,1025.5898
1645036068026,1025.5898
1645036068063,1025.5898
1645036068106,1025.5898
1645036068140,1025.5824
1645036068180,1025.5824
1645036068218,1025.5824
1645036068254,1025.5824
1645036068292,1025.5807
1645036068334,1025.5807
1645036068369,1025.5807
1645036068410,1025.5807
