1645036001195,1024.8782
1645036001196,1024.8782
1645036001232,1024.8782
1645036001270,1024.8782
1645036001310,1024.8597
1645036001347,1024.8597
1645036001388,1024.8597
1645036001427,1024.8597
1645036001465,1024.8503
1645036001502,1024.8503
1645036001560,1024.8503
1645036001578,1024.8503
1645036001616,1024.8412
1645036001655,1024.8412
1645036001694,1024.8412
1645036001732,1024.8412
1645036001770,1024.8329
1645036001809,1024.8329
1645036001847,1024.8329
1645036001890,1024.8329
1645036001924,1024.8396
1645036001965,1024.8396
1645036002002,1024.8396
1645036002042,1024.8396
1645036002080,1024.8516
1645036002120,1024.8516
1645036002159,1024.8516
1645036002196,1024.8516
1645036002235,1024.8444
1645036002273,1024.8444
1645036002309,1024.8444
1645036002350,1024.8444
1645036002390,1024.8402
1645036002426,1024.8402
1645036002464,1024.8402
1645036002503,1024.8402
1645036002540,1024.8558
1645036002581,1024.8558
1645036002618,1024.8558
1645036002658,1024.8558
1645036002696,1024.8706
1645036002733,1024.8706
1645036002772,1024.8706
1645036002810,1024.8706
1645036002853,1024.8672
1645036002889,1024.8672
1645036002926,1024.8672
1645036002964,1024.8672
1645036003064,1024.8672
1645036003064,1024.8735
1645036003087,1024.8735
1645036003117,1024.8735
1645036003155,1024.8735
1645036003195,1024.8682
1645036003232,1024.8682
1645036003277,1024.8682
1645036003312,1024.8682
1645036003347,1024.8854
1645036003394,1024.8854
1645036003424,1024.8854
1645036003464,1024.8854
1645036003503,1024.8942
1645036003551,1024.8942
1645036003579,1024.8942
1645036003620,1024.8942
1645036003660,1024.8888
1645036003700,1024.8888
1645036003733,1024.8888
1645036003773,1024.8888
1645036003810,1024.8997
1645036003849,1024.8997
1645036003894,1024.8997
1645036003926,1024.8997
1645036003963,1024.9119
1645036004004,1024.9119
1645036004041,1024.9119
1645036004081,1024.9119
1645036004118,1024.9005
1645036004156,1024.9005
1645036004196,1024.9005
1645036004233,1024.9005
1645036004272,1024.8998
1645036004319,1024.8998
1645036004349,1024.8998
1645036004386,1024.8998
1645036004426,1024.8951
1645036004464,1024.8951
1645036004504,1024.8951
1645036004542,1024.8951
1645036004582,1024.8838
1645036004618,1024.8838
1645036004657,1024.8838
1645036004696,1024.8838
1645036004732,1024.8759
1645036004775,1024.8759
1645036004814,1024.8759
1645036004848,1024.8759
1645036004888,1024.8759
1645036004925,1024.88
1645036004963,1024.88
1645036004999,1024.88
1645036005038,1024.88
1645036005077,1024.8721
1645036005116,1024.8721
1645036005154,1024.8721
1645036005202,1024.8721
1645036005234,1024.8674
1645036005271,1024.8674
1645036005310,1024.8674
1645036005352,1024.8674
1645036005386,1024.8695
1645036005424,1024.8695
1645036005465,1024.8695
1645036005502,1024.8695
1645036005542,1024.8658
1645036005577,1024.8658
1645036005617,1024.8658
1645036005657,1024.8658
1645036005696,1024.8612
1645036005734,1024.8612
1645036005774,1024.8612
1645036005811,1024.8612
1645036005848,1024.8588
1645036005886,1024.8588
1645036005926,1024.8588
1645036005963,1024.8588
1645036006009,1024.8617
1645036006040,1024.8617
1645036006082,1024.8617
1645036006117,1024.8617
1645036006154,1024.8584
1645036006195,1024.8584
1645036006234,1024.8584
1645036006272,1024.8584
1645036006309,1024.8555
1645036006346,1024.8555
1645036006388,1024.8555
1645036006426,1024.8555
1645036006465,1024.8617
1645036006504,1024.8617
1645036006539,1024.8617
1645036006579,1024.8617
1645036006619,1024.8613
1645036006655,1024.8613
1645036006693,1024.8613
1645036006735,1024.8613
1645036006772,1024.8617
1645036006813,1024.8617
1645036006848,1024.8617
1645036006887,1024.8617
1645036006928,1024.8617
1645036006963,1024.8672
1645036007004,1024.8672
1645036007067,1024.8672
1645036007091,1024.8672
1645036007120,1024.8732
1645036007201,1024.8732
1645036007202,1024.8732
1645036007231,1024.8732
1645036007270,1024.8756
1645036007311,1024.8756
1645036007348,1024.8756
1645036007384,1024.8756
1645036007427,1024.8828
1645036007461,1024.8828
1645036007502,1024.8828
1645036007543,1024.8828
1645036007579,1024.9008
1645036007617,1024.9008
1645036007660,1024.9008
1645036007695,1024.9008
1645036007730,1024.9088
1645036007771,1024.9088
1645036007812,1024.9088
1645036007847,1024.9088
1645036007886,1024.9181
1645036007928,1024.9181
1645036007963,1024.9181
1645036008002,1024.9181
1645036008042,1024.9336
1645036008079,1024.9336
1645036008118,1024.9336
1645036008155,1024.9336
1645036008194,1024.9482
1645036008230,1024.9482
1645036008271,1024.9482
1645036008311,1024.9482
1645036008347,1024.9584
1645036008386,1024.9584
1645036008426,1024.9584
1645036008461,1024.9584
1645036008500,1024.973
1645036008540,1024.973
1645036008580,1024.973
1645036008618,1024.973
1645036008655,1024.9874
1645036008695,1024.9874
1645036008734,1024.9874
1645036008769,1024.9874
1645036008812,1024.9978
1645036008848,1024.9978
1645036008896,1024.9978
1645036008930,1024.9978
1645036008961,1024.9978
1645036008999,1025.005
1645036009040,1025.005
1645036009094,1025.005
1645036009118,1025.005
1645036009155,1025.0172
1645036009193,1025.0172
1645036009234,1025.0172
1645036009271,1025.0172
1645036009309,1025.0348
1645036009346,1025.0348
1645036009388,1025.0348
1645036009424,1025.0348
1645036009462,1025.047
1645036009503,1025.047
1645036009540,1025.047
1645036009579,1025.047
1645036009619,1025.0575
1645036009653,1025.0575
1645036009692,1025.0575
1645036009733,1025.0575
1645036009773,1025.0718
1645036009809,1025.0718
1645036009847,1025.0718
1645036009885,1025.0718
1645036009925,1025.0897
1645036009961,1025.0897
1645036010002,1025.0897
1645036010043,1025.0897
1645036010081,1025.1033
1645036010116,1025.1033
1645036010154,1025.1033
1645036010191,1025.1033
1645036010231,1025.1213
1645036010273,1025.1213
1645036010308,1025.1213
1645036010347,1025.1213
1645036010386,1025.1317
1645036010423,1025.1317
1645036010462,1025.1317
1645036010501,1025.1317
1645036010539,1025.1461
1645036010578,1025.1461
1645036010619,1025.1461
1645036010658,1025.1461
1645036010691,1025.1599
1645036010734,1025.1599
1645036010771,1025.1599
1645036010807,1025.1599
1645036010846,1025.1599
1645036010888,1025.1726
1645036010925,1025.1726
1645036010964,1025.1726
1645036011000,1025.1726
1645036011042,1025.1864
1645036011080,1025.1864
1645036011117,1025.1864
1645036011156,1025.1864
1645036011194,1025.2041
1645036011234,1025.2041
1645036011270,1025.2041
1645036011310,1025.2041
1645036011345,1025.2238
1645036011389,1025.2238
1645036011425,1025.2238
1645036011462,1025.2238
1645036011500,1025.2375
1645036011540,1025.2375
1645036011578,1025.2375
1645036011615,1025.2375
1645036011654,1025.2528
1645036011694,1025.2528
1645036011733,1025.2528
1645036011770,1025.2528
1645036011812,1025.2623
1645036011848,1025.2623
1645036011888,1025.2623
1645036011924,1025.2623
1645036011961,1025.2695
1645036012001,1025.2695
1645036012051,1025.2695
1645036012078,1025.2695
1645036012117,1025.2872
1645036012155,1025.2872
1645036012193,1025.2872
1645036012230,1025.2872
1645036012268,1025.2985
1645036012323,1025.2985
1645036012346,1025.2985
1645036012385,1025.2985
1645036012423,1025.312
1645036012460,1025.312
1645036012499,1025.312
1645036012540,1025.312
1645036012576,1025.3215
1645036012614,1025.3215
1645036012655,1025.3215
1645036012694,1025.3215
1645036012734,1025.3375
1645036012770,1025.3375
1645036012808,1025.3375
1645036012848,1025.3375
1645036012886,1025.3375
1645036012924,1025.3447
1645036012962,1025.3447
1645036012999,1025.3447
1645036013038,1025.3447
1645036013076,1025.3568
1645036013115,1025.3568
1645036013155,1025.3568
1645036013192,1025.3568
1645036013232,1025.3745
1645036013270,1025.3745
1645036013308,1025.3745
1645036013351,1025.3745
1645036013388,1025.3907
1645036013427,1025.3907
1645036013460,1025.3907
1645036013498,1025.3907
1645036013538,1025.4052
1645036013577,1025.4052
1645036013617,1025.4052
1645036013655,1025.4052
1645036013693,1025.4329
1645036013732,1025.4329
1645036013771,1025.4329
1645036013808,1025.4329
1645036013846,1025.4366
1645036013887,1025.4366
1645036013926,1025.4366
1645036013960,1025.4366
1645036014001,1025.4496
1645036014039,1025.4496
1645036014076,1025.4496
1645036014116,1025.4496
1645036014154,1025.4572
1645036014192,1025.4572
1645036014229,1025.4572
1645036014269,1025.4572
1645036014309,1025.4626
1645036014345,1025.4626
1645036014384,1025.4626
1645036014426,1025.4626
1645036014461,1025.4685
1645036014499,1025.4685
1645036014542,1025.4685
1645036014576,1025.4685
1645036014615,1025.4824
1645036014654,1025.4824
1645036014691,1025.4824
1645036014731,1025.4824
1645036014775,1025.4928
1645036014810,1025.4928
1645036014845,1025.4928
1645036014885,1025.4928
1645036014924,1025.4928
1645036014961,1025.5021
1645036015001,1025.5021
1645036015040,1025.5021
1645036015077,1025.5021
1645036015116,1025.5109
1645036015157,1025.5109
1645036015193,1025.5109
1645036015229,1025.5109
1645036015270,1025.5239
1645036015308,1025.5239
1645036015345,1025.5239
1645036015385,1025.5239
1645036015423,1025.5289
1645036015459,1025.5289
1645036015498,1025.5289
1645036015540,1025.5289
1645036015576,1025.5386
1645036015619,1025.5386
1645036015655,1025.5386
1645036015693,1025.5386
1645036015730,1025.5479
1645036015770,1025.5479
1645036015809,1025.5479
1645036015848,1025.5479
1645036015885,1025.5533
1645036015922,1025.5533
1645036015983,1025.5533
1645036015998,1025.5533
1645036016037,1025.5629
1645036016078,1025.5629
1645036016115,1025.5629
1645036016154,1025.5629
1645036016194,1025.5688
1645036016230,1025.5688
1645036016271,1025.5688
1645036016306,1025.5688
1645036016346,1025.5781
1645036016385,1025.5781
1645036016425,1025.5781
1645036016466,1025.5781
1645036016498,1025.5809
1645036016542,1025.5809
1645036016577,1025.5809
1645036016615,1025.5809
1645036016651,1025.5869
1645036016689,1025.5869
1645036016728,1025.5869
