1645036084750,1025.5814
1645036084751,1025.5814
1645036084790,1025.5814
1645036084826,1025.5814
1645036084867,1025.5781
1645036084904,1025.5781
1645036084942,1025.5781
1645036084983,1025.5781
1645036085023,1025.5742
1645036085057,1025.5742
1645036085096,1025.5742
1645036085137,1025.5742
1645036085174,1025.5714
1645036085212,1025.5714
1645036085250,1025.5714
1645036085289,1025.5714
1645036085330,1025.5947
1645036085367,1025.5947
1645036085404,1025.5947
1645036085445,1025.5947
1645036085483,1025.5981
1645036085522,1025.5981
1645036085560,1025.5981
1645036085597,1025.5981
1645036085636,1025.5902
1645036085676,1025.5902
1645036085713,1025.5902
1645036085753,1025.5902
1645036085788,1025.5952
1645036085829,1025.5952
1645036085868,1025.5952
1645036085904,1025.5952
1645036085943,1025.6002
1645036085987,1025.6002
1645036086026,1025.6002
1645036086058,1025.6002
1645036086112,1025.6002
1645036086137,1025.5969
1645036086172,1025.5969
1645036086211,1025.5969
1645036086252,1025.5969
1645036086290,1025.6011
1645036086332,1025.6011
1645036086366,1025.6011
1645036086427,1025.6011
1645036086445,1025.5994
1645036086480,1025.5994
1645036086520,1025.5994
1645036086622,1025.5994
1645036086623,1025.6044
1645036086663,1025.6044
1645036086732,1025.6044
1645036086732,1025.6044
1645036086755,1025.5981
1645036086788,1025.5981
1645036086836,1025.5981
1645036086867,1025.5981
1645036086905,1025.5939
1645036086948,1025.5939
1645036086981,1025.5939
1645036087019,1025.5939
1645036087057,1025.5914
1645036087097,1025.5914
1645036087135,1025.5914
1645036087174,1025.5914
1645036087211,1025.5927
1645036087249,1025.5927
1645036087289,1025.5927
1645036087326,1025.5927
1645036087367,1025.5873
1645036087405,1025.5873
1645036087446,1025.5873
1645036087483,1025.5873
1645036087522,1025.5835
1645036087558,1025.5835
1645036087596,1025.5835
1645036087635,1025.5835
1645036087675,1025.5797
1645036087714,1025.5797
1645036087755,1025.5797
1645036087788,1025.5797
1645036087826,1025.5776
1645036087866,1025.5776
1645036087905,1025.5776
1645036087943,1025.5776
1645036087981,1025.5776
1645036088023,1025.568
1645036088060,1025.568
1645036088097,1025.568
1645036088137,1025.568
1645036088175,1025.5626
1645036088213,1025.5626
1645036088250,1025.5626
1645036088293,1025.5626
1645036088327,1025.5613
1645036088367,1025.5613
1645036088406,1025.5613
1645036088445,1025.5613
1645036088481,1025.5509
1645036088523,1025.5509
1645036088558,1025.5509
1645036088607,1025.5509
1645036088705,1025.5413
1645036088705,1025.5413
1645036088723,1025.5413
1645036088748,1025.5413
1645036088789,1025.524
1645036088827,1025.524
1645036088865,1025.524
1645036088908,1025.524
1645036088949,1025.5244
1645036088980,1025.5244
1645036089023,1025.5244
1645036089057,1025.5244
1645036089096,1025.5089
1645036089159,1025.5089
1645036089173,1025.5089
1645036089213,1025.5089
1645036089249,1025.4968
1645036089288,1025.4968
1645036089327,1025.4968
1645036089366,1025.4968
1645036089405,1025.4817
1645036089443,1025.4817
1645036089480,1025.4817
1645036089519,1025.4817
1645036089565,1025.4637
1645036089595,1025.4637
1645036089635,1025.4637
1645036089674,1025.4637
1645036089712,1025.4574
1645036089751,1025.4574
1645036089788,1025.4574
1645036089828,1025.4574
1645036089867,1025.4574
1645036089905,1025.4402
1645036089943,1025.4402
1645036089982,1025.4402
1645036090020,1025.4402
1645036090057,1025.4298
1645036090097,1025.4298
1645036090136,1025.4298
1645036090174,1025.4298
1645036090211,1025.4247
1645036090252,1025.4247
1645036090289,1025.4247
1645036090327,1025.4247
1645036090366,1025.4142
1645036090407,1025.4142
1645036090443,1025.4142
1645036090482,1025.4142
1645036090519,1025.4012
1645036090559,1025.4012
1645036090596,1025.4012
1645036090649,1025.4012
1645036090679,1025.3903
1645036090719,1025.3903
1645036090750,1025.3903
1645036090787,1025.3903
1645036090825,1025.379
1645036090866,1025.379
1645036090906,1025.379
1645036090941,1025.379
1645036090983,1025.3673
1645036091019,1025.3673
1645036091056,1025.3673
1645036091095,1025.3673
1645036091137,1025.3577
1645036091174,1025.3577
1645036091210,1025.3577
1645036091253,1025.3577
1645036091287,1025.3422
1645036091327,1025.3422
1645036091366,1025.3422
1645036091403,1025.3422
1645036091442,1025.322
1645036091485,1025.322
1645036091520,1025.322
1645036091562,1025.322
1645036091597,1025.3112
1645036091638,1025.3112
1645036091674,1025.3112
1645036091712,1025.3112
1645036091749,1025.3036
1645036091788,1025.3036
1645036091826,1025.3036
1645036091864,1025.3036
1645036091903,1025.3036
1645036091943,1025.285
1645036091981,1025.285
1645036092020,1025.285
1645036092059,1025.285
1645036092098,1025.265
1645036092133,1025.265
1645036092172,1025.265
1645036092210,1025.265
1645036092247,1025.2554
1645036092287,1025.2554
1645036092325,1025.2554
1645036092366,1025.2554
1645036092407,1025.2402
1645036092444,1025.2402
1645036092482,1025.2402
1645036092519,1025.2402
1645036092559,1025.2344
1645036092595,1025.2344
1645036092656,1025.2344
1645036092673,1025.2344
1645036092715,1025.2247
1645036092749,1025.2247
1645036092786,1025.2247
1645036092827,1025.2247
1645036092863,1025.2097
1645036092902,1025.2097
1645036092943,1025.2097
1645036092979,1025.2097
1645036093017,1025.1946
1645036093060,1025.1946
1645036093095,1025.1946
1645036093133,1025.1946
1645036093179,1025.1812
1645036093211,1025.1812
1645036093251,1025.1812
1645036093287,1025.1812
1645036093326,1025.1677
1645036093366,1025.1677
1645036093406,1025.1677
1645036093442,1025.1677
1645036093480,1025.1476
1645036093519,1025.1476
1645036093559,1025.1476
1645036093596,1025.1476
1645036093634,1025.1343
1645036093673,1025.1343
1645036093710,1025.1343
1645036093750,1025.1343
1645036093787,1025.1343
1645036093826,1025.1259
1645036093866,1025.1259
1645036093904,1025.1259
1645036093944,1025.1259
1645036093982,1025.1191
1645036094021,1025.1191
1645036094060,1025.1191
1645036094095,1025.1191
1645036094136,1025.1002
1645036094175,1025.1002
1645036094211,1025.1002
1645036094250,1025.1002
1645036094289,1025.0856
1645036094327,1025.0856
1645036094370,1025.0856
1645036094408,1025.0856
1645036094442,1025.0784
1645036094479,1025.0784
1645036094517,1025.0784
1645036094564,1025.0784
1645036094597,1025.0625
1645036094633,1025.0625
1645036094672,1025.0625
1645036094710,1025.0625
1645036094750,1025.0516
1645036094789,1025.0516
1645036094826,1025.0516
1645036094865,1025.0516
1645036094906,1025.034
1645036094943,1025.034
1645036094979,1025.034
1645036095018,1025.034
1645036095058,1025.0239
1645036095094,1025.0239
1645036095136,1025.0239
1645036095173,1025.0239
1645036095210,1025.0089
1645036095248,1025.0089
1645036095287,1025.0089
1645036095326,1025.0089
1645036095363,1024.995
1645036095403,1024.995
1645036095442,1024.995
1645036095479,1024.995
1645036095521,1024.9883
1645036095556,1024.9883
1645036095595,1024.9883
1645036095637,1024.9883
1645036095672,1024.9883
1645036095712,1024.9714
1645036095750,1024.9714
1645036095787,1024.9714
1645036095825,1024.9714
1645036095867,1024.959
1645036095902,1024.959
1645036095940,1024.959
1645036095981,1024.959
1645036096018,1024.9438
1645036096056,1024.9438
1645036096095,1024.9438
1645036096134,1024.9438
1645036096174,1024.9354
1645036096212,1024.9354
1645036096249,1024.9354
1645036096292,1024.9354
1645036096325,1024.9178
1645036096367,1024.9178
1645036096404,1024.9178
1645036096441,1024.9178
1645036096480,1024.9061
1645036096519,1024.9061
1645036096556,1024.9061
1645036096596,1024.9061
1645036096633,1024.8978
1645036096672,1024.8978
1645036096711,1024.8978
1645036096749,1024.8978
1645036096787,1024.8839
1645036096826,1024.8839
1645036096862,1024.8839
1645036096902,1024.8839
1645036096940,1024.8713
1645036096980,1024.8713
1645036097017,1024.8713
1645036097066,1024.8713
1645036097095,1024.8646
1645036097133,1024.8646
1645036097174,1024.8646
1645036097212,1024.8646
1645036097250,1024.8646
1645036097286,1024.8646
1645036097324,1024.8646
1645036097364,1024.8646
1645036097404,1024.8533
1645036097441,1024.8533
1645036097480,1024.8533
1645036097517,1024.8533
1645036097560,1024.8533
1645036097595,1024.8533
1645036097633,1024.8533
1645036097672,1024.8533
1645036097710,1024.8533
1645036097748,1024.8491
1645036097790,1024.8491
1645036097828,1024.8491
1645036097865,1024.8491
1645036097903,1024.8419
1645036097940,1024.8419
1645036097978,1024.8419
1645036098019,1024.8419
1645036098058,1024.8386
1645036098093,1024.8386
1645036098132,1024.8386
1645036098173,1024.8386
1645036098210,1024.8352
1645036098248,1024.8352
1645036098288,1024.8352
1645036098324,1024.8352
1645036098364,1024.8386
1645036098402,1024.8386
1645036098440,1024.8386
1645036098487,1024.8386
1645036098516,1024.8378
1645036098558,1024.8378
1645036098594,1024.8378
1645036098634,1024.8378
1645036098670,1024.8395
1645036098712,1024.8395
1645036098748,1024.8395
1645036098786,1024.8395
1645036098825,1024.8445
1645036098863,1024.8445
