1645035341125,1025.1464
1645035341125,1025.1464
1645035341162,1025.1464
1645035341207,1025.1283
1645035341239,1025.1283
1645035341279,1025.1283
1645035341319,1025.1283
1645035341357,1025.1145
1645035341394,1025.1145
1645035341432,1025.1145
1645035341472,1025.1145
1645035341510,1025.1145
1645035341548,1025.1063
1645035341586,1025.1063
1645035341628,1025.1063
1645035341665,1025.1063
1645035341704,1025.1082
1645035341742,1025.1082
1645035341779,1025.1082
1645035341819,1025.1082
1645035341857,1025.0989
1645035341895,1025.0989
1645035341935,1025.0989
1645035341973,1025.0989
1645035342014,1025.0923
1645035342048,1025.0923
1645035342085,1025.0923
1645035342124,1025.0923
1645035342163,1025.087
1645035342201,1025.087
1645035342240,1025.087
1645035342278,1025.087
1645035342317,1025.0912
1645035342354,1025.0912
1645035342397,1025.0912
1645035342450,1025.0912
1645035342472,1025.1045
1645035342509,1025.1045
1645035342546,1025.1045
1645035342585,1025.1045
1645035342629,1025.1127
1645035342666,1025.1127
1645035342701,1025.1127
1645035342741,1025.1127
1645035342777,1025.1139
1645035342817,1025.1139
1645035342856,1025.1139
1645035342950,1025.1139
1645035342951,1025.1168
1645035342993,1025.1168
1645035343085,1025.1168
1645035343086,1025.1168
1645035343086,1025.122
1645035343125,1025.122
1645035343165,1025.122
1645035343201,1025.122
1645035343239,1025.1265
1645035343281,1025.1265
1645035343323,1025.1265
1645035343356,1025.1265
1645035343400,1025.1215
1645035343434,1025.1215
1645035343469,1025.1215
1645035343509,1025.1215
1645035343549,1025.1215
1645035343584,1025.1272
1645035343624,1025.1272
1645035343663,1025.1272
1645035343704,1025.1272
1645035343740,1025.1239
1645035343777,1025.1239
1645035343815,1025.1239
1645035343854,1025.1239
1645035343893,1025.1344
1645035343931,1025.1344
1645035343970,1025.1344
1645035344010,1025.1344
1645035344050,1025.1395
1645035344089,1025.1395
1645035344127,1025.1395
1645035344167,1025.1395
1645035344201,1025.1344
1645035344244,1025.1344
1645035344279,1025.1344
1645035344319,1025.1344
1645035344364,1025.1411
1645035344393,1025.1411
1645035344431,1025.1411
1645035344472,1025.1411
1645035344514,1025.1453
1645035344549,1025.1453
1645035344585,1025.1453
1645035344625,1025.1453
1645035344665,1025.1385
1645035344700,1025.1385
1645035344744,1025.1385
1645035344779,1025.1385
1645035344816,1025.1368
1645035344854,1025.1368
1645035344894,1025.1368
1645035344948,1025.1368
1645035344975,1025.1423
1645035345008,1025.1423
1645035345052,1025.1423
1645035345090,1025.1423
1645035345124,1025.1448
1645035345161,1025.1448
1645035345203,1025.1448
1645035345242,1025.1448
1645035345277,1025.1573
1645035345317,1025.1573
1645035345357,1025.1573
1645035345394,1025.1573
1645035345431,1025.1472
1645035345474,1025.1472
1645035345513,1025.1472
1645035345547,1025.1472
1645035345585,1025.1472
1645035345624,1025.1472
1645035345663,1025.1472
1645035345703,1025.1472
1645035345739,1025.1472
1645035345780,1025.1456
1645035345815,1025.1456
1645035345856,1025.1456
1645035345893,1025.1456
1645035345930,1025.1527
1645035345968,1025.1527
1645035346009,1025.1527
1645035346047,1025.1527
1645035346084,1025.1569
1645035346125,1025.1569
1645035346161,1025.1569
1645035346200,1025.1569
1645035346238,1025.1501
1645035346338,1025.1501
1645035346338,1025.1501
1645035346364,1025.1501
1645035346391,1025.1417
1645035346438,1025.1417
1645035346476,1025.1417
1645035346508,1025.1417
1645035346547,1025.1383
1645035346586,1025.1383
1645035346625,1025.1383
1645035346664,1025.1383
1645035346710,1025.1493
1645035346780,1025.1493
1645035346781,1025.1493
1645035346840,1025.1493
1645035346860,1025.156
1645035346900,1025.156
1645035346959,1025.156
1645035347087,1025.1678
1645035347088,1025.1678
1645035347131,1025.1678
1645035347160,1025.1483
1645035347199,1025.1483
1645035347243,1025.1483
1645035347275,1025.1483
1645035347328,1025.1473
1645035347361,1025.1473
1645035347396,1025.1473
1645035347436,1025.1473
1645035347475,1025.1449
1645035347514,1025.1449
1645035347545,1025.1449
1645035347586,1025.1449
1645035347628,1025.1423
1645035347664,1025.1423
1645035347711,1025.1423
1645035347749,1025.1423
1645035347780,1025.1423
1645035347816,1025.1389
1645035347854,1025.1389
1645035347893,1025.1389
1645035347934,1025.1389
1645035347973,1025.1423
1645035348008,1025.1423
1645035348046,1025.1423
1645035348087,1025.1423
1645035348123,1025.1356
1645035348171,1025.1356
1645035348203,1025.1356
1645035348243,1025.1356
1645035348285,1025.1208
1645035348317,1025.1208
1645035348353,1025.1208
1645035348392,1025.1208
1645035348445,1025.1241
1645035348469,1025.1241
1645035348508,1025.1241
1645035348547,1025.1241
1645035348585,1025.1226
1645035348627,1025.1226
1645035348667,1025.1226
1645035348713,1025.1226
1645035348740,1025.1266
1645035348779,1025.1266
1645035348815,1025.1266
1645035348854,1025.1266
1645035348891,1025.1372
1645035348938,1025.1372
1645035348977,1025.1372
1645035349011,1025.1372
1645035349050,1025.1439
1645035349132,1025.1439
1645035349133,1025.1439
1645035349163,1025.1439
1645035349200,1025.1558
1645035349242,1025.1558
1645035349280,1025.1558
1645035349319,1025.1558
1645035349355,1025.1525
1645035349394,1025.1525
1645035349432,1025.1525
1645035349473,1025.1525
1645035349510,1025.1508
1645035349557,1025.1508
1645035349590,1025.1508
1645035349627,1025.1508
1645035349664,1025.1525
1645035349702,1025.1525
1645035349739,1025.1525
1645035349777,1025.1525
1645035349815,1025.1508
1645035349853,1025.1508
1645035349895,1025.1508
1645035349932,1025.1508
1645035349971,1025.1508
1645035350012,1025.1608
1645035350052,1025.1608
1645035350087,1025.1608
1645035350125,1025.1608
1645035350161,1025.1777
1645035350200,1025.1777
1645035350240,1025.1777
1645035350277,1025.1777
1645035350316,1025.1785
1645035350356,1025.1785
1645035350395,1025.1785
1645035350433,1025.1785
1645035350470,1025.2267
1645035350510,1025.2267
1645035350546,1025.2267
1645035350589,1025.2267
1645035350626,1025.1908
1645035350667,1025.1908
1645035350716,1025.1908
1645035350739,1025.1908
1645035350778,1025.184
1645035350824,1025.184
1645035350865,1025.184
1645035350892,1025.184
1645035350930,1025.1705
1645035350983,1025.1705
1645035351026,1025.1705
1645035351050,1025.1705
1645035351085,1025.1614
1645035351123,1025.1614
1645035351164,1025.1614
1645035351201,1025.1614
1645035351240,1025.1406
1645035351278,1025.1406
1645035351316,1025.1406
1645035351354,1025.1406
1645035351394,1025.1483
1645035351431,1025.1483
1645035351472,1025.1483
1645035351508,1025.1483
1645035351551,1025.1365
1645035351585,1025.1365
1645035351638,1025.1365
1645035351664,1025.1365
1645035351700,1025.1273
1645035351737,1025.1273
1645035351776,1025.1273
1645035351821,1025.1273
1645035351870,1025.1239
1645035351893,1025.1239
1645035351932,1025.1239
1645035351969,1025.1239
1645035352018,1025.1239
1645035352047,1025.1273
1645035352091,1025.1273
1645035352132,1025.1273
1645035352160,1025.1273
1645035352198,1025.1249
1645035352237,1025.1249
1645035352276,1025.1249
1645035352313,1025.1249
1645035352353,1025.1366
1645035352391,1025.1366
1645035352430,1025.1366
1645035352467,1025.1366
1645035352508,1025.1484
1645035352547,1025.1484
1645035352585,1025.1484
1645035352624,1025.1484
1645035352663,1025.1477
1645035352702,1025.1477
1645035352738,1025.1477
1645035352778,1025.1477
1645035352817,1025.1556
1645035352857,1025.1556
1645035352892,1025.1556
1645035352932,1025.1556
1645035352970,1025.1262
1645035353034,1025.1262
1645035353046,1025.1262
1645035353084,1025.1262
1645035353124,1025.1222
1645035353177,1025.1222
1645035353202,1025.1222
1645035353237,1025.1222
1645035353277,1025.12
1645035353316,1025.12
1645035353354,1025.12
1645035353394,1025.12
1645035353453,1025.1227
1645035353475,1025.1227
1645035353508,1025.1227
1645035353550,1025.1227
1645035353587,1025.1339
1645035353625,1025.1339
1645035353663,1025.1339
1645035353699,1025.1339
1645035353740,1025.1256
1645035353777,1025.1256
1645035353816,1025.1256
1645035353859,1025.1256
1645035353895,1025.1289
1645035353931,1025.1289
1645035353969,1025.1289
1645035354007,1025.1289
1645035354046,1025.145
1645035354085,1025.145
1645035354128,1025.145
1645035354161,1025.145
1645035354200,1025.145
1645035354249,1025.122
1645035354279,1025.122
1645035354317,1025.122
1645035354355,1025.122
1645035354393,1025.122
1645035354431,1025.122
1645035354469,1025.122
1645035354511,1025.122
1645035354547,1025.1127
1645035354593,1025.1127
1645035354624,1025.1127
1645035354665,1025.1127
1645035354700,1025.1139
1645035354738,1025.1139
1645035354777,1025.1139
1645035354820,1025.1139
1645035354853,1025.1082
1645035354894,1025.1082
1645035354930,1025.1082
1645035354969,1025.1082
1645035355009,1025.0958
1645035355046,1025.0958
1645035355086,1025.0958
1645035355125,1025.0958
1645035355161,1025.0958
1645035355209,1025.0958
1645035355300,1025.0958
1645035355301,1025.0958
1645035355319,1025.1035
1645035355352,1025.1035
1645035355405,1025.1035
1645035355432,1025.1035
1645035355467,1025.0944
1645035355508,1025.0944
1645035355544,1025.0944
1645035355584,1025.0944
1645035355625,1025.0944
1645035355661,1025.0944
1645035355700,1025.0944
1645035355741,1025.0944
1645035355778,1025.1007
1645035355816,1025.1007
1645035355852,1025.1007
1645035355891,1025.1007
1645035355930,1025.1158
1645035355973,1025.1158
1645035356007,1025.1158
1645035356049,1025.1158
1645035356086,1025.1337
1645035356124,1025.1337
1645035356163,1025.1337
1645035356209,1025.1337
1645035356238,1025.1146
1645035356277,1025.1146
1645035356314,1025.1146
1645035356352,1025.1146
1645035356392,1025.1146
1645035356431,1025.128
1645035356487,1025.128
1645035356506,1025.128
1645035356545,1025.128
1645035356585,1025.123
1645035356629,1025.123
1645035356662,1025.123
1645035356699,1025.123
1645035356740,1025.1129
1645035356775,1025.1129
1645035356816,1025.1129
1645035356855,1025.1129
1645035356891,1025.1122
1645035356929,1025.1122
1645035356969,1025.1122
1645035357007,1025.1122
1645035357046,1025.1199
1645035357086,1025.1199
1645035357127,1025.1199
1645035357162,1025.1199
1645035357203,1025.1161
1645035357238,1025.1161
1645035357276,1025.1161
1645035357315,1025.1161
1645035357353,1025.1228
1645035357392,1025.1228
1645035357430,1025.1228
1645035357468,1025.1228
1645035357513,1025.1312
1645035357545,1025.1312
1645035357603,1025.1312
1645035357626,1025.1312
1645035357660,1025.1237
1645035357697,1025.1237
1645035357737,1025.1237
1645035357780,1025.1237
1645035357823,1025.1283
1645035357853,1025.1283
1645035357891,1025.1283
1645035357932,1025.1283
1645035357969,1025.1039
1645035358006,1025.1039
1645035358047,1025.1039
1645035358086,1025.1039
1645035358123,1025.1124
1645035358162,1025.1124
1645035358200,1025.1124
1645035358239,1025.1124
1645035358275,1025.115
1645035358315,1025.115
1645035358355,1025.115
1645035358392,1025.115
1645035358430,1025.115
1645035358468,1025.1234
1645035358505,1025.1234
1645035358549,1025.1234
1645035358585,1025.1234
1645035358643,1025.128
1645035358683,1025.128
1645035358698,1025.128
1645035358736,1025.128
1645035358775,1025.1382
1645035358815,1025.1382
1645035358854,1025.1382
1645035358893,1025.1382
1645035358940,1025.1466
1645035358966,1025.1466
1645035359006,1025.1466
1645035359043,1025.1466
1645035359083,1025.1172
1645035359123,1025.1172
1645035359160,1025.1172
1645035359198,1025.1172
1645035359236,1025.1256
1645035359276,1025.1256
1645035359315,1025.1256
1645035359353,1025.1256
1645035359393,1025.1234
1645035359428,1025.1234
1645035359469,1025.1234
1645035359507,1025.1234
1645035359546,1025.1335
1645035359583,1025.1335
1645035359622,1025.1335
1645035359661,1025.1335
1645035359698,1025.1345
1645035359737,1025.1345
1645035359776,1025.1345
1645035359817,1025.1345
1645035359853,1025.1412
1645035359890,1025.1412
1645035359929,1025.1412
1645035359995,1025.1412
1645035360021,1025.1412
1645035360043,1025.1412
1645035360082,1025.1412
1645035360120,1025.1412
1645035360160,1025.148
1645035360197,1025.148
1645035360237,1025.148
1645035360279,1025.148
1645035360355,1025.134
1645035360356,1025.134
1645035360388,1025.134
1645035360431,1025.134
1645035360466,1025.1333
1645035360505,1025.1333
1645035360573,1025.1333
1645035360581,1025.1333
1645035360623,1025.1333
1645035360663,1025.1326
1645035360698,1025.1326
1645035360736,1025.1326
1645035360777,1025.1326
1645035360816,1025.1376
1645035360852,1025.1376
1645035360890,1025.1376
1645035360930,1025.1376
1645035360971,1025.1422
1645035361008,1025.1422
1645035361044,1025.1422
1645035361083,1025.1422
1645035361124,1025.1489
1645035361162,1025.1489
1645035361201,1025.1489
1645035361240,1025.1489
1645035361282,1025.1489
1645035361314,1025.1489
1645035361351,1025.1489
1645035361395,1025.1489
1645035361429,1025.1422
1645035361471,1025.1422
1645035361506,1025.1422
1645035361544,1025.1422
1645035361583,1025.1482
1645035361620,1025.1482
1645035361659,1025.1482
1645035361697,1025.1482
1645035361737,1025.1461
1645035361775,1025.1461
1645035361832,1025.1461
1645035361872,1025.1461
1645035361890,1025.1504
1645035361938,1025.1504
1645035361969,1025.1504
1645035362006,1025.1504
1645035362043,1025.1614
1645035362084,1025.1614
1645035362119,1025.1614
1645035362162,1025.1614
1645035362198,1025.1593
1645035362236,1025.1593
1645035362277,1025.1593
1645035362314,1025.1593
1645035362351,1025.1586
1645035362391,1025.1586
1645035362431,1025.1586
1645035362473,1025.1586
1645035362508,1025.1957
1645035362549,1025.1957
1645035362585,1025.1957
1645035362622,1025.1957
1645035362660,1025.1804
1645035362697,1025.1766
1645035362739,1025.1766
1645035362777,1025.1766
1645035362812,1025.1766
1645035362851,1025.1658
1645035362890,1025.1658
1645035362930,1025.1658
1645035362967,1025.1658
1645035363005,1025.1606
1645035363047,1025.1606
1645035363081,1025.1606
1645035363123,1025.1606
1645035363163,1025.1565
1645035363199,1025.1565
1645035363236,1025.1565
1645035363276,1025.1565
1645035363327,1025.1678
1645035363351,1025.1678
1645035363391,1025.1678
1645035363427,1025.1678
1645035363466,1025.1671
1645035363505,1025.1671
1645035363549,1025.1671
1645035363583,1025.1671
1645035363626,1025.1755
1645035363659,1025.1755
1645035363697,1025.1755
1645035363737,1025.1755
1645035363774,1025.1683
1645035363815,1025.1683
1645035363852,1025.1683
1645035363890,1025.1683
1645035363928,1025.1718
1645035363970,1025.1718
1645035364012,1025.1718
1645035364043,1025.1718
1645035364083,1025.1676
1645035364120,1025.1676
1645035364162,1025.1676
1645035364198,1025.1676
1645035364239,1025.1722
1645035364273,1025.1722
1645035364317,1025.1722
1645035364357,1025.1722
1645035364391,1025.1732
1645035364428,1025.1732
1645035364467,1025.1732
1645035364510,1025.1732
1645035364543,1025.1816
1645035364584,1025.1816
1645035364622,1025.1816
1645035364659,1025.1816
1645035364702,1025.1724
1645035364737,1025.1724
1645035364783,1025.1724
1645035364811,1025.1724
1645035364853,1025.1724
1645035364889,1025.1918
1645035364947,1025.1918
1645035364966,1025.1918
1645035365028,1025.1918
1645035365053,1025.1758
1645035365081,1025.1758
1645035365120,1025.1758
1645035365159,1025.1758
1645035365198,1025.177
1645035365235,1025.177
1645035365275,1025.177
1645035365317,1025.177
1645035365352,1025.1787
1645035365390,1025.1787
1645035365467,1025.1787
1645035365468,1025.1787
1645035365506,1025.1787
1645035365544,1025.1787
1645035365583,1025.1787
1645035365621,1025.1787
1645035365679,1025.1923
1645035365696,1025.1923
1645035365735,1025.1923
1645035365779,1025.1923
1645035365813,1025.1898
1645035365851,1025.1898
1645035365888,1025.1898
1645035365928,1025.1898
1645035365968,1025.1948
1645035366008,1025.1948
1645035366043,1025.1948
1645035366107,1025.1948
1645035366120,1025.1813
1645035366160,1025.1813
1645035366197,1025.1813
1645035366236,1025.1813
1645035366274,1025.1813
1645035366315,1025.1813
1645035366350,1025.1813
1645035366389,1025.1813
1645035366429,1025.175
1645035366469,1025.175
1645035366508,1025.175
1645035366544,1025.175
1645035366583,1025.175
1645035366619,1025.175
1645035366661,1025.175
1645035366698,1025.175
1645035366736,1025.1776
1645035366777,1025.1776
1645035366817,1025.1776
1645035366853,1025.1776
1645035366889,1025.1827
1645035366927,1025.1827
1645035366966,1025.1827
1645035367024,1025.1827
1645035367045,1025.1827
1645035367083,1025.1862
1645035367122,1025.1862
1645035367157,1025.1862
1645035367198,1025.1862
1645035367237,1025.2025
1645035367274,1025.2025
1645035367321,1025.2025
1645035367351,1025.2025
1645035367389,1025.1857
1645035367431,1025.1857
1645035367467,1025.1857
1645035367507,1025.1857
1645035367544,1025.2008
1645035367583,1025.2008
1645035367626,1025.2008
1645035367657,1025.2008
1645035367696,1025.2008
1645035367735,1025.2008
1645035367776,1025.2008
1645035367811,1025.2008
1645035367851,1025.1984
1645035367890,1025.1984
1645035367928,1025.1984
1645035367966,1025.1984
1645035368004,1025.1996
1645035368042,1025.1996
1645035368083,1025.1996
1645035368123,1025.1996
1645035368158,1025.2064
1645035368195,1025.2064
1645035368237,1025.2064
1645035368292,1025.2064
1645035368314,1025.1996
1645035368348,1025.1996
1645035368390,1025.1996
1645035368438,1025.1996
1645035368466,1025.2006
1645035368509,1025.2006
1645035368542,1025.2006
1645035368581,1025.2006
1645035368624,1025.1998
1645035368659,1025.1998
1645035368696,1025.1998
1645035368735,1025.1998
1645035368774,1025.1909
1645035368813,1025.1909
1645035368852,1025.1909
1645035368904,1025.1909
1645035368930,1025.1926
1645035368967,1025.1926
1645035369008,1025.1926
1645035369045,1025.1926
1645035369081,1025.1943
1645035369120,1025.1943
1645035369160,1025.1943
1645035369196,1025.1943
1645035369238,1025.1943
1645035369273,1025.1935
1645035369323,1025.1935
1645035369350,1025.1935
1645035369388,1025.1935
1645035369430,1025.2036
1645035369466,1025.2036
1645035369504,1025.2036
1645035369543,1025.2036
1645035369586,1025.1998
1645035369619,1025.1998
1645035369657,1025.1998
1645035369700,1025.1998
1645035369737,1025.2251
1645035369777,1025.2251
1645035369810,1025.2251
1645035369851,1025.2251
1645035369890,1025.215
1645035369929,1025.215
1645035369967,1025.215
1645035370005,1025.215
1645035370042,1025.2177
1645035370081,1025.2177
1645035370144,1025.2177
1645035370161,1025.2177
1645035370196,1025.212
1645035370233,1025.212
1645035370274,1025.212
1645035370319,1025.212
1645035370350,1025.2096
1645035370390,1025.2096
1645035370427,1025.2096
1645035370475,1025.2096
1645035370505,1025.2164
1645035370543,1025.2164
1645035370584,1025.2164
1645035370619,1025.2164
1645035370657,1025.2096
1645035370702,1025.2096
1645035370735,1025.2096
1645035370773,1025.2096
1645035370810,1025.2152
1645035370850,1025.2152
1645035370887,1025.2152
1645035370929,1025.2152
1645035370965,1025.1887
1645035371004,1025.1887
1645035371041,1025.1887
1645035371081,1025.1887
1645035371119,1025.1853
1645035371157,1025.1853
1645035371196,1025.1853
1645035371234,1025.1853
1645035371274,1025.1853
1645035371311,1025.1846
1645035371349,1025.1846
1645035371390,1025.1846
1645035371430,1025.1846
1645035371466,1025.177
1645035371505,1025.177
1645035371544,1025.177
1645035371580,1025.177
1645035371621,1025.1715
1645035371657,1025.1715
1645035371696,1025.1715
1645035371733,1025.1715
1645035371775,1025.1715
1645035371811,1025.1715
1645035371850,1025.1715
1645035371890,1025.1715
1645035371927,1025.1674
1645035371964,1025.1674
1645035372022,1025.1674
1645035372043,1025.1674
1645035372080,1025.1656
1645035372121,1025.1656
1645035372157,1025.1656
1645035372194,1025.1656
1645035372238,1025.1703
1645035372273,1025.1703
1645035372312,1025.1703
1645035372350,1025.1703
1645035372392,1025.1678
1645035372427,1025.1678
1645035372465,1025.1678
1645035372507,1025.1678
1645035372543,1025.1722
1645035372580,1025.1722
1645035372619,1025.1722
1645035372658,1025.1722
1645035372698,1025.179
1645035372746,1025.179
1645035372773,1025.179
1645035372810,1025.179
1645035372851,1025.1785
1645035372886,1025.1785
1645035372926,1025.1785
1645035372967,1025.1785
1645035373001,1025.1777
1645035373045,1025.1777
1645035373081,1025.1777
1645035373118,1025.1777
1645035373157,1025.1755
1645035373196,1025.1755
1645035373235,1025.1755
1645035373273,1025.1755
1645035373312,1025.174
1645035373348,1025.174
1645035373388,1025.174
1645035373426,1025.174
1645035373470,1025.174
1645035373504,1025.1798
1645035373541,1025.1798
1645035373579,1025.1798
1645035373619,1025.1798
1645035373664,1025.1815
1645035373696,1025.1815
1645035373735,1025.1815
1645035373773,1025.1815
1645035373809,1025.1866
1645035373850,1025.1866
1645035373887,1025.1866
1645035373948,1025.1866
1645035373984,1025.198
1645035374002,1025.198
1645035374041,1025.198
1645035374079,1025.198
1645035374120,1025.1938
1645035374158,1025.1938
1645035374196,1025.1938
1645035374234,1025.1938
1645035374275,1025.2268
1645035374309,1025.2268
1645035374349,1025.2268
1645035374388,1025.2268
1645035374426,1025.2133
1645035374466,1025.2133
1645035374503,1025.2133
1645035374540,1025.2133
1645035374579,1025.2133
1645035374620,1025.2133
1645035374656,1025.2133
1645035374697,1025.2133
1645035374735,1025.2062
1645035374773,1025.2062
1645035374823,1025.2062
1645035374850,1025.2062
1645035374887,1025.2037
1645035374926,1025.2037
1645035374965,1025.2037
1645035375004,1025.2037
1645035375041,1025.2037
1645035375081,1025.2037
1645035375118,1025.2037
1645035375156,1025.2037
1645035375195,1025.2025
1645035375236,1025.2025
1645035375275,1025.2025
1645035375312,1025.2025
1645035375348,1025.1984
1645035375389,1025.1984
1645035375429,1025.1984
1645035375463,1025.1984
1645035375503,1025.1984
1645035375539,1025.1776
1645035375581,1025.1776
1645035375647,1025.1776
1645035375664,1025.1776
1645035375697,1025.1752
1645035375733,1025.1752
1645035375771,1025.1752
1645035375810,1025.1752
1645035375849,1025.1759
1645035375889,1025.1759
1645035375930,1025.1759
1645035375964,1025.1759
1645035376002,1025.1776
1645035376039,1025.1776
1645035376079,1025.1776
1645035376130,1025.1776
1645035376156,1025.1752
1645035376196,1025.1752
1645035376234,1025.1752
1645035376287,1025.1752
1645035376312,1025.1735
1645035376351,1025.1735
1645035376389,1025.1735
1645035376426,1025.1735
1645035376463,1025.1786
1645035376502,1025.1786
1645035376538,1025.1786
1645035376579,1025.1786
1645035376621,1025.1752
1645035376660,1025.1752
1645035376698,1025.1752
1645035376734,1025.1752
1645035376771,1025.168
1645035376813,1025.168
1645035376850,1025.168
1645035376886,1025.168
1645035376925,1025.1647
1645035376971,1025.1647
1645035377003,1025.1647
1645035377044,1025.1647
1645035377078,1025.1697
1645035377118,1025.1697
1645035377157,1025.1697
1645035377195,1025.1697
1645035377235,1025.1832
1645035377277,1025.1832
1645035377312,1025.1832
1645035377348,1025.1832
1645035377388,1025.1858
1645035377427,1025.1858
1645035377462,1025.1858
1645035377503,1025.1858
1645035377539,1025.1774
1645035377580,1025.1774
1645035377618,1025.1774
1645035377655,1025.1774
1645035377695,1025.1774
1645035377732,1025.2068
1645035377776,1025.2068
1645035377814,1025.2068
1645035377849,1025.2068
1645035377900,1025.2018
1645035377924,1025.2018
1645035377964,1025.2018
1645035378003,1025.2018
1645035378044,1025.1858
1645035378080,1025.1858
1645035378117,1025.1858
1645035378157,1025.1858
1645035378193,1025.1799
1645035378243,1025.1799
1645035378272,1025.1799
1645035378311,1025.1799
1645035378348,1025.1816
1645035378390,1025.1816
1645035378426,1025.1816
1645035378465,1025.1816
1645035378502,1025.1833
1645035378540,1025.1833
1645035378579,1025.1833
1645035378636,1025.1833
1645035378656,1025.1868
1645035378692,1025.1868
1645035378734,1025.1868
1645035378772,1025.1868
1645035378810,1025.1897
1645035378849,1025.1897
1645035378887,1025.1897
1645035378927,1025.1897
1645035378962,1025.1703
1645035379002,1025.1703
1645035379040,1025.1703
1645035379080,1025.1703
1645035379139,1025.1636
1645035379156,1025.1636
1645035379194,1025.1636
1645035379233,1025.1636
1645035379270,1025.172
1645035379309,1025.172
1645035379348,1025.172
1645035379386,1025.172
1645035379423,1025.1699
1645035379463,1025.1699
1645035379502,1025.1699
1645035379542,1025.1699
1645035379581,1025.1737
1645035379619,1025.1737
1645035379656,1025.1737
1645035379692,1025.1737
1645035379734,1025.167
1645035379775,1025.1632
1645035379808,1025.1632
1645035379846,1025.1632
1645035379888,1025.1632
1645035379923,1025.1632
1645035379964,1025.1632
1645035380002,1025.1632
1645035380039,1025.1632
1645035380085,1025.1776
1645035380116,1025.1776
1645035380156,1025.1776
1645035380194,1025.1776
1645035380240,1025.1675
1645035380270,1025.1675
1645035380311,1025.1675
1645035380352,1025.1675
1645035380389,1025.1691
1645035380425,1025.1691
1645035380462,1025.1691
1645035380500,1025.1691
1645035380541,1025.1683
1645035380577,1025.1683
1645035380622,1025.1683
1645035380656,1025.1683
1645035380695,1025.1683
1645035380731,1025.1683
1645035380769,1025.1683
1645035380819,1025.1683
1645035380848,1025.1616
1645035380887,1025.1616
1645035380924,1025.1616
1645035380965,1025.1616
1645035381000,1025.1663
1645035381039,1025.1663
1645035381078,1025.1663
1645035381117,1025.1663
1645035381155,1025.1747
1645035381193,1025.1747
1645035381233,1025.1747
1645035381269,1025.1747
1645035381309,1025.174
1645035381349,1025.174
1645035381387,1025.174
1645035381430,1025.174
1645035381461,1025.184
1645035381500,1025.184
1645035381541,1025.184
1645035381578,1025.184
1645035381616,1025.1874
1645035381660,1025.1874
1645035381696,1025.1874
1645035381733,1025.1874
1645035381770,1025.1819
1645035381810,1025.1819
1645035381848,1025.1819
1645035381907,1025.1819
1645035381923,1025.1819
1645035381965,1025.1819
1645035382001,1025.1819
1645035382039,1025.1819
1645035382079,1025.1819
1645035382115,1025.1727
1645035382156,1025.1727
1645035382193,1025.1727
1645035382231,1025.1727
1645035382271,1025.171
1645035382336,1025.171
1645035382349,1025.171
1645035382386,1025.171
1645035382424,1025.1334
1645035382470,1025.1334
1645035382504,1025.1334
1645035382540,1025.1334
1645035382577,1025.1385
1645035382616,1025.1385
1645035382656,1025.1385
1645035382692,1025.1385
1645035382733,1025.1344
1645035382790,1025.1344
1645035382815,1025.1344
1645035382850,1025.1344
1645035382888,1025.1537
1645035382928,1025.1537
1645035382964,1025.1537
1645035383001,1025.1537
1645035383040,1025.1588
1645035383080,1025.1588
1645035383117,1025.1588
1645035383156,1025.1588
1645035383192,1025.1631
1645035383232,1025.1631
1645035383273,1025.1631
1645035383308,1025.1631
1645035383349,1025.1664
1645035383388,1025.1664
1645035383424,1025.1664
1645035383461,1025.1664
1645035383528,1025.1724
1645035383554,1025.1724
1645035383584,1025.1724
1645035383616,1025.1724
1645035383658,1025.1758
1645035383692,1025.1758
1645035383732,1025.1758
1645035383770,1025.1758
1645035383808,1025.1753
1645035383846,1025.1753
1645035383905,1025.1753
1645035383927,1025.1753
1645035383962,1025.1753
1645035384000,1025.1669
1645035384040,1025.1669
1645035384077,1025.1669
1645035384118,1025.1669
1645035384154,1025.1652
1645035384194,1025.1652
1645035384232,1025.1652
1645035384270,1025.1652
1645035384309,1025.1543
1645035384348,1025.1543
1645035384386,1025.1543
1645035384422,1025.1543
1645035384463,1025.1438
1645035384503,1025.1438
1645035384539,1025.1438
1645035384577,1025.1438
1645035384615,1025.1387
1645035384657,1025.1387
1645035384693,1025.1387
1645035384734,1025.1387
1645035384770,1025.1337
1645035384809,1025.1337
1645035384847,1025.1337
1645035384889,1025.1337
1645035384924,1025.1194
1645035384961,1025.1194
1645035385013,1025.1194
1645035385041,1025.1194
1645035385075,1025.1295
1645035385118,1025.1295
1645035385154,1025.1295
1645035385191,1025.1295
1645035385231,1025.1144
1645035385270,1025.1144
1645035385308,1025.1144
1645035385346,1025.1144
1645035385392,1025.1051
1645035385426,1025.1051
1645035385463,1025.1051
1645035385499,1025.1051
1645035385546,1025.1068
1645035385578,1025.1068
1645035385614,1025.1068
1645035385655,1025.1068
1645035385692,1025.0984
1645035385730,1025.0984
1645035385770,1025.0984
1645035385808,1025.0984
1645035385848,1025.098
1645035385886,1025.098
1645035385923,1025.098
1645035385965,1025.098
1645035386003,1025.098
1645035386039,1025.0963
1645035386076,1025.0963
1645035386117,1025.0963
1645035386157,1025.0963
1645035386191,1025.0955
1645035386234,1025.0955
1645035386268,1025.0955
1645035386309,1025.0955
1645035386346,1025.0833
1645035386386,1025.0833
1645035386425,1025.0833
1645035386460,1025.0833
1645035386499,1025.0951
1645035386538,1025.0951
1645035386579,1025.0951
1645035386616,1025.0951
1645035386653,1025.1018
1645035386694,1025.1018
1645035386730,1025.1018
1645035386770,1025.1018
1645035386810,1025.1136
1645035386845,1025.1136
1645035386886,1025.1136
1645035386923,1025.1136
1645035386961,1025.128
1645035387004,1025.128
1645035387037,1025.128
1645035387078,1025.128
1645035387117,1025.1313
1645035387155,1025.1313
1645035387194,1025.1313
1645035387230,1025.1313
1645035387271,1025.1323
1645035387311,1025.1323
1645035387351,1025.1323
1645035387385,1025.1323
1645035387425,1025.1643
1645035387465,1025.1643
1645035387500,1025.1643
1645035387538,1025.1643
1645035387578,1025.1559
1645035387616,1025.1559
1645035387655,1025.1559
1645035387695,1025.1559
1645035387732,1025.1571
1645035387770,1025.1571
1645035387808,1025.1571
1645035387851,1025.1571
1645035387886,1025.1571
1645035387925,1025.1571
1645035387963,1025.1571
1645035387998,1025.1571
1645035388036,1025.1593
1645035388078,1025.1593
1645035388116,1025.1593
1645035388160,1025.1593
1645035388195,1025.1593
1645035388228,1025.1644
1645035388268,1025.1644
1645035388308,1025.1644
1645035388347,1025.1644
1645035388385,1025.1644
1645035388424,1025.1644
1645035388460,1025.1644
1645035388498,1025.1644
1645035388538,1025.1729
1645035388577,1025.1729
1645035388618,1025.1729
1645035388653,1025.1729
1645035388693,1025.1534
1645035388730,1025.1534
1645035388768,1025.1534
1645035388807,1025.1534
1645035388848,1025.1497
1645035388886,1025.1497
1645035388923,1025.1497
1645035388961,1025.1497
1645035388997,1025.1464
1645035389038,1025.1464
1645035389077,1025.1464
1645035389114,1025.1464
1645035389157,1025.148
1645035389190,1025.148
1645035389232,1025.148
1645035389267,1025.148
1645035389307,1025.148
1645035389346,1025.148
1645035389386,1025.148
1645035389426,1025.148
1645035389461,1025.143
1645035389499,1025.143
1645035389541,1025.143
1645035389576,1025.143
1645035389615,1025.1447
1645035389653,1025.1447
1645035389692,1025.1447
1645035389729,1025.1447
1645035389768,1025.1472
1645035389808,1025.1472
1645035389847,1025.1472
1645035389908,1025.1472
1645035389924,1025.1506
1645035389960,1025.1506
1645035389999,1025.1506
1645035390038,1025.1506
1645035390076,1025.1785
1645035390113,1025.1785
1645035390153,1025.1785
1645035390211,1025.1785
1645035390232,1025.1646
1645035390268,1025.1646
1645035390306,1025.1646
1645035390344,1025.1646
1645035390384,1025.1646
1645035390420,1025.1646
1645035390461,1025.1646
1645035390514,1025.1646
1645035390535,1025.1646
1645035390575,1025.1696
1645035390614,1025.1696
1645035390650,1025.1696
1645035390688,1025.1696
1645035390728,1025.1621
1645035390766,1025.1621
1645035390807,1025.1621
1645035390845,1025.1621
1645035390885,1025.1604
1645035390920,1025.1604
1645035390960,1025.1604
1645035391000,1025.1604
1645035391038,1025.1385
1645035391076,1025.1385
1645035391115,1025.1385
1645035391152,1025.1385
1645035391195,1025.1346
1645035391230,1025.1346
1645035391268,1025.1346
1645035391309,1025.1346
1645035391346,1025.1313
1645035391383,1025.1313
1645035391427,1025.1313
1645035391460,1025.1313
1645035391499,1025.1289
1645035391537,1025.1289
1645035391576,1025.1289
1645035391613,1025.1289
1645035391651,1025.1305
1645035391690,1025.1305
1645035391730,1025.1305
1645035391768,1025.1305
1645035391807,1025.1373
1645035391844,1025.1373
1645035391885,1025.1373
1645035391923,1025.1373
1645035391961,1025.1322
1645035392003,1025.1322
1645035392036,1025.1322
1645035392076,1025.1322
1645035392116,1025.1727
1645035392151,1025.1727
1645035392192,1025.1727
1645035392229,1025.1727
1645035392268,1025.1525
1645035392309,1025.1525
1645035392348,1025.1525
1645035392397,1025.1525
1645035392426,1025.1525
1645035392461,1025.144
1645035392498,1025.144
1645035392534,1025.144
1645035392576,1025.144
1645035392616,1025.1332
1645035392652,1025.1332
1645035392691,1025.1332
1645035392731,1025.1332
1645035392767,1025.128
1645035392809,1025.128
1645035392844,1025.128
1645035392886,1025.128
1645035392920,1025.1332
1645035392970,1025.1332
1645035392999,1025.1332
1645035393040,1025.1332
1645035393076,1025.1349
1645035393113,1025.1349
1645035393152,1025.1349
1645035393192,1025.1349
1645035393230,1025.1382
1645035393269,1025.1382
1645035393309,1025.1382
1645035393345,1025.1382
1645035393387,1025.1196
1645035393423,1025.1196
1645035393460,1025.1196
1645035393498,1025.1196
1645035393540,1025.123
1645035393576,1025.123
1645035393614,1025.123
1645035393661,1025.123
1645035393690,1025.121
1645035393729,1025.121
1645035393767,1025.121
1645035393808,1025.121
1645035393844,1025.126
1645035393886,1025.126
1645035393921,1025.126
1645035393960,1025.126
1645035393999,1025.1285
1645035394040,1025.1285
1645035394076,1025.1285
1645035394115,1025.1285
1645035394153,1025.1268
1645035394191,1025.1268
1645035394228,1025.1268
1645035394267,1025.1268
1645035394307,1025.1235
1645035394346,1025.1235
1645035394386,1025.1235
1645035394421,1025.1235
1645035394459,1025.1302
1645035394497,1025.1302
1645035394536,1025.1302
1645035394574,1025.1302
1645035394615,1025.1302
1645035394657,1025.132
1645035394694,1025.132
1645035394728,1025.132
1645035394767,1025.132
1645035394805,1025.1265
1645035394847,1025.1265
1645035394882,1025.1265
1645035394924,1025.1265
1645035394959,1025.1282
1645035394997,1025.1282
1645035395037,1025.1282
1645035395077,1025.1282
1645035395114,1025.1298
1645035395151,1025.1298
1645035395191,1025.1298
1645035395230,1025.1298
1645035395265,1025.1383
1645035395308,1025.1383
1645035395344,1025.1383
1645035395386,1025.1383
1645035395425,1025.1517
1645035395459,1025.1517
1645035395496,1025.1517
1645035395535,1025.1517
1645035395574,1025.1392
1645035395614,1025.1392
1645035395653,1025.1392
1645035395689,1025.1392
1645035395728,1025.1476
1645035395767,1025.1476
1645035395805,1025.1476
1645035395844,1025.1476
1645035395882,1025.1283
1645035395922,1025.1283
1645035395959,1025.1283
1645035395998,1025.1283
1645035396037,1025.1249
1645035396075,1025.1249
1645035396114,1025.1249
1645035396159,1025.1249
1645035396191,1025.1249
1645035396228,1025.1249
1645035396267,1025.1249
1645035396306,1025.1249
1645035396344,1025.1283
1645035396384,1025.1283
1645035396419,1025.1283
1645035396458,1025.1283
1645035396500,1025.1211
1645035396537,1025.1211
1645035396574,1025.1211
1645035396614,1025.1211
1645035396652,1025.1211
1645035396689,1025.117
1645035396729,1025.117
1645035396769,1025.117
1645035396804,1025.117
1645035396843,1025.1136
1645035396881,1025.1136
1645035396921,1025.1136
1645035396959,1025.1136
1645035396997,1025.1119
1645035397035,1025.1119
1645035397084,1025.1119
1645035397112,1025.1119
1645035397157,1025.1085
1645035397188,1025.1085
1645035397230,1025.1085
1645035397266,1025.1085
1645035397305,1025.1271
1645035397347,1025.1271
1645035397383,1025.1271
1645035397419,1025.1271
1645035397460,1025.1249
1645035397497,1025.1249
1645035397536,1025.1249
1645035397585,1025.1249
1645035397614,1025.1389
1645035397652,1025.1389
1645035397689,1025.1389
1645035397729,1025.1389
1645035397768,1025.1367
1645035397804,1025.1367
1645035397847,1025.1367
1645035397881,1025.1367
1645035397920,1025.1351
1645035397958,1025.1351
1645035398006,1025.1351
1645035398036,1025.1351
1645035398077,1025.184
1645035398112,1025.184
1645035398152,1025.184
1645035398189,1025.184
1645035398228,1025.1604
1645035398266,1025.1604
1645035398306,1025.1604
1645035398347,1025.1604
1645035398386,1025.1486
1645035398419,1025.1486
1645035398460,1025.1486
1645035398498,1025.1486
1645035398548,1025.1418
1645035398573,1025.1418
1645035398618,1025.1418
1645035398651,1025.1418
1645035398689,1025.1451
1645035398727,1025.1451
1645035398770,1025.1451
1645035398849,1025.1451
1645035398849,1025.1451
1645035398885,1025.1469
1645035398918,1025.1469
1645035398957,1025.1469
1645035399003,1025.1469
1645035399048,1025.136
1645035399076,1025.136
1645035399110,1025.136
1645035399150,1025.136
1645035399188,1025.1427
1645035399228,1025.1427
1645035399266,1025.1427
1645035399303,1025.1427
1645035399342,1025.1187
1645035399381,1025.1187
1645035399427,1025.1187
1645035399457,1025.1187
1645035399506,1025.1276
1645035399540,1025.1276
1645035399572,1025.1276
1645035399611,1025.1276
1645035399655,1025.1221
1645035399687,1025.1221
1645035399725,1025.1221
1645035399768,1025.1221
1645035399809,1025.1238
1645035399842,1025.1238
1645035399890,1025.1238
1645035399919,1025.1238
1645035399957,1025.1129
1645035399997,1025.1129
1645035400038,1025.1129
1645035400126,1025.1129
1645035400126,1025.1078
1645035400149,1025.1078
1645035400189,1025.1078
1645035400229,1025.1078
1645035400271,1025.0994
1645035400303,1025.0994
1645035400341,1025.0994
1645035400382,1025.0994
1645035400419,1025.0919
1645035400458,1025.0919
1645035400497,1025.0919
1645035400536,1025.0919
1645035400576,1025.096
1645035400615,1025.096
1645035400654,1025.096
1645035400692,1025.096
1645035400726,1025.096
1645035400770,1025.096
1645035400804,1025.096
1645035400844,1025.096
1645035400881,1025.096
1645035400921,1025.1011
1645035400959,1025.1011
1645035400997,1025.1011
1645035401036,1025.1011
1645035401078,1025.1129
1645035401113,1025.1129
1645035401149,1025.1129
1645035401190,1025.1129
1645035401228,1025.1155
1645035401269,1025.1155
1645035401303,1025.1155
1645035401342,1025.1155
1645035401380,1025.11
1645035401420,1025.11
1645035401456,1025.11
1645035401500,1025.11
1645035401535,1025.1644
1645035401578,1025.1644
1645035401626,1025.1644
1645035401650,1025.1644
1645035401691,1025.1459
1645035401726,1025.1459
1645035401773,1025.1459
1645035401804,1025.1459
1645035401843,1025.1425
1645035401881,1025.1425
1645035401920,1025.1425
1645035401958,1025.1425
1645035401997,1025.139
1645035402039,1025.139
1645035402076,1025.139
1645035402111,1025.139
1645035402149,1025.137
1645035402189,1025.137
1645035402231,1025.137
1645035402270,1025.137
1645035402304,1025.1353
1645035402343,1025.1353
1645035402383,1025.1353
1645035402419,1025.1353
1645035402458,1025.1302
1645035402496,1025.1302
1645035402535,1025.1302
1645035402581,1025.1302
1645035402611,1025.1268
1645035402650,1025.1268
1645035402687,1025.1268
1645035402727,1025.1268
1645035402768,1025.1007
1645035402807,1025.1007
1645035402843,1025.1007
1645035402879,1025.1007
1645035402926,1025.1058
1645035402960,1025.1058
1645035402995,1025.1058
1645035403035,1025.1058
1645035403074,1025.1058
1645035403110,1025.1053
1645035403151,1025.1053
1645035403188,1025.1053
1645035403227,1025.1053
1645035403265,1025.1105
1645035403314,1025.1105
1645035403342,1025.1105
1645035403381,1025.1105
1645035403419,1025.1122
1645035403469,1025.1122
1645035403497,1025.1122
1645035403534,1025.1122
1645035403596,1025.1046
1645035403610,1025.1046
1645035403650,1025.1046
1645035403687,1025.1046
1645035403726,1025.1155
1645035403765,1025.1155
1645035403805,1025.1155
1645035403844,1025.1155
1645035403878,1025.1097
1645035403919,1025.1097
1645035403959,1025.1097
1645035403998,1025.1097
1645035404040,1025.107
1645035404072,1025.107
1645035404110,1025.107
1645035404149,1025.107
1645035404189,1025.118
1645035404228,1025.118
1645035404264,1025.118
1645035404309,1025.118
1645035404344,1025.1232
1645035404379,1025.1232
1645035404417,1025.1232
1645035404458,1025.1232
1645035404495,1025.1333
1645035404534,1025.1333
1645035404573,1025.1333
1645035404613,1025.1333
1645035404650,1025.1274
1645035404688,1025.1274
1645035404733,1025.1274
1645035404764,1025.1274
1645035404803,1025.1241
1645035404843,1025.1241
1645035404880,1025.1241
1645035404917,1025.1241
1645035404959,1025.1257
1645035404999,1025.1257
1645035405034,1025.1257
1645035405074,1025.1257
1645035405109,1025.1241
1645035405151,1025.1241
1645035405188,1025.1241
1645035405230,1025.1241
1645035405270,1025.1241
1645035405304,1025.1443
1645035405344,1025.1443
1645035405392,1025.1443
1645035405420,1025.1443
1645035405458,1025.1443
1645035405495,1025.1443
1645035405532,1025.1443
1645035405573,1025.1443
1645035405610,1025.1595
1645035405650,1025.1595
1645035405687,1025.1595
1645035405728,1025.1595
1645035405765,1025.1578
1645035405802,1025.1578
1645035405842,1025.1578
1645035405879,1025.1578
1645035405917,1025.1523
1645035405959,1025.1523
1645035405998,1025.1523
1645035406037,1025.1523
1645035406072,1025.1962
1645035406112,1025.1962
1645035406149,1025.1962
1645035406186,1025.1962
1645035406226,1025.1708
1645035406265,1025.1708
1645035406307,1025.1708
1645035406342,1025.1708
1645035406380,1025.1583
1645035406418,1025.1583
1645035406459,1025.1583
1645035406496,1025.1583
1645035406535,1025.1527
1645035406573,1025.1527
1645035406611,1025.1527
1645035406648,1025.1527
1645035406688,1025.1511
1645035406734,1025.1511
1645035406763,1025.1511
1645035406804,1025.1511
1645035406842,1025.1359
1645035406882,1025.1359
1645035406917,1025.1359
1645035406956,1025.1359
1645035406994,1025.1343
1645035407033,1025.1343
1645035407070,1025.1343
1645035407114,1025.1343
1645035407149,1025.1301
1645035407185,1025.1301
1645035407225,1025.1301
1645035407275,1025.1301
1645035407300,1025.1301
1645035407344,1025.1267
1645035407697,1025.1267
1645035407697,1025.1267
1645035407698,1025.1267
1645035407698,1025.1317
1645035407698,1025.1317
1645035407698,1025.1317
1645035407699,1025.1317
1645035407699,1025.1293
1645035407699,1025.1293
1645035407723,1025.1293
1645035407761,1025.1293
1645035407806,1025.1293
1645035407844,1025.1293
1645035407878,1025.1293
1645035407921,1025.1293
1645035407953,1025.1277
1645035407993,1025.1277
1645035408039,1025.1277
1645035408074,1025.1277
1645035408110,1025.126
1645035408149,1025.126
1645035408187,1025.126
1645035408224,1025.126
1645035408263,1025.1255
1645035408303,1025.1255
1645035408342,1025.1255
1645035408380,1025.1255
1645035408417,1025.1349
1645035408517,1025.1349
1645035408518,1025.1349
1645035408533,1025.1349
1645035408570,1025.128
1645035408611,1025.128
1645035408671,1025.128
1645035408692,1025.128
1645035408724,1025.1344
1645035408763,1025.1344
1645035408803,1025.1344
1645035408841,1025.1344
1645035408878,1025.1361
1645035408928,1025.1361
1645035408960,1025.1361
1645035408996,1025.1361
1645035409033,1025.1378
1645035409073,1025.1378
1645035409109,1025.1378
1645035409148,1025.1378
1645035409188,1025.131
1645035409226,1025.131
1645035409265,1025.131
1645035409302,1025.131
1645035409345,1025.131
1645035409380,1025.126
1645035409418,1025.126
1645035409456,1025.126
1645035409495,1025.126
1645035409533,1025.1265
1645035409572,1025.1265
1645035409619,1025.1265
1645035409648,1025.1265
1645035409686,1025.1378
1645035409726,1025.1378
1645035409764,1025.1378
1645035409801,1025.1378
1645035409842,1025.1294
1645035409882,1025.1294
1645035409918,1025.1294
1645035409958,1025.1294
1645035409994,1025.1344
1645035410032,1025.1344
1645035410072,1025.1344
1645035410109,1025.1344
1645035410149,1025.1327
1645035410185,1025.1327
1645035410226,1025.1327
1645035410267,1025.1327
1645035410301,1025.1302
1645035410339,1025.1302
1645035410381,1025.1302
1645035410416,1025.1302
1645035410457,1025.1354
1645035410496,1025.1354
1645035410534,1025.1354
1645035410583,1025.1354
1645035410609,1025.1547
1645035410650,1025.1547
1645035410697,1025.1547
1645035410725,1025.1547
1645035410763,1025.1478
1645035410802,1025.1478
1645035410841,1025.1478
1645035410879,1025.1478
1645035410917,1025.2062
1645035410961,1025.2062
1645035410995,1025.2062
1645035411031,1025.2062
1645035411071,1025.1808
1645035411110,1025.1808
1645035411147,1025.1808
1645035411187,1025.1808
1645035411226,1025.1691
1645035411265,1025.1691
1645035411304,1025.1691
1645035411343,1025.1691
1645035411379,1025.1589
1645035411417,1025.1589
1645035411454,1025.1589
1645035411495,1025.1589
1645035411533,1025.1589
1645035411572,1025.1624
1645035411610,1025.1624
1645035411649,1025.1624
1645035411689,1025.1624
1645035411725,1025.1624
1645035411762,1025.1624
1645035411804,1025.1624
1645035411839,1025.1624
1645035411879,1025.164
1645035411919,1025.164
1645035411956,1025.164
1645035411994,1025.164
1645035412046,1025.1674
1645035412069,1025.1674
1645035412111,1025.1674
1645035412147,1025.1674
1645035412189,1025.1438
1645035412224,1025.1438
1645035412263,1025.1438
1645035412302,1025.1438
1645035412341,1025.1471
1645035412378,1025.1471
1645035412434,1025.1471
1645035412457,1025.1471
1645035412494,1025.1522
1645035412532,1025.1522
1645035412573,1025.1522
1645035412611,1025.1522
1645035412650,1025.1606
1645035412694,1025.1606
1645035412723,1025.1606
1645035412764,1025.1606
1645035412801,1025.1725
1645035412839,1025.1725
1645035412878,1025.1725
1645035412917,1025.1725
1645035412955,1025.1859
1645035412994,1025.1859
1645035413033,1025.1859
1645035413071,1025.1859
1645035413108,1025.1871
1645035413148,1025.1871
1645035413186,1025.1871
1645035413224,1025.1871
1645035413263,1025.2277
1645035413301,1025.2277
1645035413343,1025.2277
1645035413377,1025.2277
1645035413416,1025.2074
1645035413454,1025.2074
1645035413495,1025.2074
1645035413532,1025.2074
1645035413570,1025.2074
1645035413610,1025.205
1645035413649,1025.205
1645035413685,1025.205
1645035413758,1025.205
1645035413772,1025.1965
1645035413803,1025.1965
1645035413838,1025.1965
1645035413878,1025.1965
1645035413916,1025.205
1645035413970,1025.205
1645035413991,1025.205
1645035414031,1025.205
1645035414069,1025.1957
1645035414110,1025.1957
1645035414147,1025.1957
1645035414187,1025.1957
1645035414225,1025.1941
1645035414263,1025.1941
1645035414301,1025.1941
1645035414343,1025.1941
1645035414377,1025.1907
1645035414416,1025.1907
1645035414454,1025.1907
1645035414494,1025.1907
1645035414536,1025.1991
1645035414569,1025.1991
1645035414610,1025.1991
1645035414650,1025.1991
1645035414685,1025.1991
1645035414724,1025.1991
1645035414762,1025.1991
1645035414803,1025.1991
1645035414838,1025.2109
1645035414876,1025.2109
1645035414919,1025.2109
1645035414953,1025.2109
1645035414992,1025.2109
1645035415033,1025.2109
1645035415069,1025.2109
1645035415107,1025.2109
1645035415149,1025.2126
1645035415189,1025.2126
1645035415224,1025.2126
1645035415265,1025.2126
1645035415308,1025.2126
1645035415340,1025.2126
1645035415378,1025.2126
1645035415415,1025.2126
1645035415454,1025.2042
1645035415494,1025.2042
1645035415529,1025.2042
1645035415569,1025.2042
1645035415609,1025.2042
1645035415650,1025.2092
1645035415687,1025.2092
1645035415725,1025.2092
1645035415763,1025.2092
1645035415801,1025.1869
1645035415839,1025.1869
1645035415877,1025.1869
1645035415914,1025.1869
1645035415953,1025.1869
1645035415992,1025.1869
1645035416031,1025.1869
1645035416068,1025.1869
1645035416106,1025.1852
1645035416148,1025.1852
1645035416191,1025.1852
1645035416235,1025.1852
1645035416260,1025.1902
1645035416300,1025.1902
1645035416342,1025.1902
1645035416378,1025.1902
1645035416416,1025.2003
1645035416456,1025.2003
1645035416493,1025.2003
1645035416532,1025.2003
1645035416571,1025.2087
1645035416608,1025.2087
1645035416645,1025.2087
1645035416687,1025.2087
1645035416723,1025.2054
1645035416767,1025.2054
1645035416801,1025.2054
1645035416838,1025.2054
1645035416877,1025.2468
1645035416922,1025.2468
1645035416955,1025.2468
1645035416992,1025.2468
1645035417030,1025.2126
1645035417069,1025.2126
1645035417108,1025.2126
1645035417146,1025.2126
1645035417186,1025.1941
1645035417226,1025.1941
1645035417260,1025.1941
1645035417300,1025.1941
1645035417338,1025.1823
1645035417376,1025.1823
1645035417416,1025.1823
1645035417457,1025.1823
1645035417494,1025.176
1645035417534,1025.176
1645035417570,1025.176
1645035417610,1025.176
1645035417646,1025.181
1645035417690,1025.181
1645035417723,1025.181
1645035417762,1025.181
1645035417801,1025.181
1645035417843,1025.1705
1645035417880,1025.1705
1645035417916,1025.1705
1645035417965,1025.1705
1645035417991,1025.1676
1645035418029,1025.1676
1645035418068,1025.1676
1645035418107,1025.1676
1645035418148,1025.1772
1645035418185,1025.1772
1645035418225,1025.1772
1645035418260,1025.1772
1645035418303,1025.1637
1645035418339,1025.1637
1645035418377,1025.1637
1645035418419,1025.1637
1645035418456,1025.1637
1645035418491,1025.1637
1645035418530,1025.1637
1645035418569,1025.1637
1645035418611,1025.1637
1645035418649,1025.1637
1645035418687,1025.1637
1645035418723,1025.1637
1645035418761,1025.1664
1645035418801,1025.1664
1645035418838,1025.1664
1645035418878,1025.1664
1645035418915,1025.1654
1645035418953,1025.1654
1645035418997,1025.1654
1645035419030,1025.1654
1645035419068,1025.157
1645035419107,1025.157
1645035419150,1025.157
1645035419183,1025.157
1645035419224,1025.1545
1645035419261,1025.1545
1645035419300,1025.1545
1645035419338,1025.1545
1645035419380,1025.1545
1645035419415,1025.1545
1645035419452,1025.1545
1645035419490,1025.1545
1645035419529,1025.1495
1645035419568,1025.1495
1645035419610,1025.1495
1645035419645,1025.1495
1645035419683,1025.1461
1645035419723,1025.1461
1645035419768,1025.1461
1645035419802,1025.1461
1645035419837,1025.1461
1645035419880,1025.1427
1645035419916,1025.1427
1645035419952,1025.1427
1645035419993,1025.1427
1645035420032,1025.137
1645035420067,1025.137
1645035420132,1025.137
1645035420144,1025.137
1645035420181,1025.142
1645035420220,1025.142
1645035420261,1025.142
1645035420339,1025.142
1645035420340,1025.142
1645035420375,1025.142
1645035420414,1025.142
1645035420456,1025.142
1645035420490,1025.1403
1645035420528,1025.1403
1645035420571,1025.1403
1645035420606,1025.1403
1645035420665,1025.1251
1645035420684,1025.1251
1645035420720,1025.1251
1645035420766,1025.1251
1645035420800,1025.1268
1645035420856,1025.1268
1645035420876,1025.1268
1645035420918,1025.1268
1645035420957,1025.1318
1645035420994,1025.1318
1645035421030,1025.1318
1645035421075,1025.1318
1645035421126,1025.1298
1645035421155,1025.1298
1645035421186,1025.1298
1645035421223,1025.1298
1645035421263,1025.1298
1645035421299,1025.1298
1645035421336,1025.1298
1645035421380,1025.1298
1645035421415,1025.1315
1645035421455,1025.1315
1645035421498,1025.1315
1645035421530,1025.1315
1645035421568,1025.1315
1645035421609,1025.1315
1645035421646,1025.1315
1645035421682,1025.1315
1645035421722,1025.1348
1645035421760,1025.1348
1645035421818,1025.1348
1645035421845,1025.1348
1645035421875,1025.1112
1645035421915,1025.1112
1645035421959,1025.1112
1645035421991,1025.1112
1645035422030,1025.1112
1645035422067,1025.1196
1645035422108,1025.1196
1645035422151,1025.1196
1645035422184,1025.1196
1645035422223,1025.1268
1645035422263,1025.1268
1645035422298,1025.1268
1645035422338,1025.1268
1645035422376,1025.1196
1645035422413,1025.1196
1645035422453,1025.1196
1645035422493,1025.1196
1645035422532,1025.1263
1645035422568,1025.1263
1645035422609,1025.1263
1645035422647,1025.1263
1645035422688,1025.1285
1645035422724,1025.1285
1645035422762,1025.1285
1645035422802,1025.1285
1645035422838,1025.1263
1645035422878,1025.1263
1645035422915,1025.1263
1645035422952,1025.1263
1645035422993,1025.1516
1645035423030,1025.1516
1645035423068,1025.1516
1645035423110,1025.1516
1645035423145,1025.1348
1645035423183,1025.1348
1645035423223,1025.1348
1645035423259,1025.1348
1645035423299,1025.1335
1645035423338,1025.1335
1645035423376,1025.1335
1645035423415,1025.1335
1645035423453,1025.1382
1645035423490,1025.1382
1645035423529,1025.1382
1645035423569,1025.1382
1645035423606,1025.1398
1645035423646,1025.1398
1645035423684,1025.1398
1645035423723,1025.1398
1645035423760,1025.133
1645035423799,1025.133
1645035423837,1025.133
1645035423883,1025.133
1645035423913,1025.1246
1645035423954,1025.1246
1645035423990,1025.1246
1645035424030,1025.1246
1645035424068,1025.1246
1645035424106,1025.1246
1645035424144,1025.1246
1645035424182,1025.1246
1645035424235,1025.1246
1645035424260,1025.1129
1645035424301,1025.1129
1645035424338,1025.1129
1645035424384,1025.1129
1645035424414,1025.1179
1645035424453,1025.1179
1645035424490,1025.1179
1645035424530,1025.1179
1645035424572,1025.1129
1645035424608,1025.1129
1645035424644,1025.1129
1645035424683,1025.1129
1645035424720,1025.1229
1645035424764,1025.1229
1645035424799,1025.1229
1645035424837,1025.1229
1645035424876,1025.1213
1645035424917,1025.1213
1645035424954,1025.1213
1645035424992,1025.1213
1645035425030,1025.1246
1645035425067,1025.1246
1645035425109,1025.1246
1645035425144,1025.1246
1645035425183,1025.1229
1645035425229,1025.1229
1645035425258,1025.1229
1645035425302,1025.1229
1645035425337,1025.128
1645035425381,1025.128
1645035425415,1025.128
1645035425451,1025.128
1645035425495,1025.1298
1645035425529,1025.1298
1645035425569,1025.1298
1645035425606,1025.1298
1645035425661,1025.1246
1645035425680,1025.1246
1645035425721,1025.1246
1645035425762,1025.1246
1645035425800,1025.1415
1645035425848,1025.1415
1645035425875,1025.1415
1645035425913,1025.1415
1645035425954,1025.1475
1645035425990,1025.1475
1645035426030,1025.1475
1645035426067,1025.1475
1645035426107,1025.1475
1645035426145,1025.1543
1645035426183,1025.1543
1645035426224,1025.1543
1645035426259,1025.1543
1645035426299,1025.1576
1645035426337,1025.1576
1645035426374,1025.1576
1645035426413,1025.1576
1645035426452,1025.1538
1645035426488,1025.1538
1645035426533,1025.1538
1645035426566,1025.1538
1645035426606,1025.1627
1645035426645,1025.1627
1645035426683,1025.1627
1645035426721,1025.1627
1645035426767,1025.166
1645035426798,1025.166
1645035426842,1025.166
1645035426876,1025.166
1645035426913,1025.161
1645035426951,1025.161
1645035426994,1025.161
1645035427031,1025.161
1645035427067,1025.1593
1645035427108,1025.1593
1645035427144,1025.1593
1645035427183,1025.1593
1645035427222,1025.1677
1645035427260,1025.1677
1645035427309,1025.1677
1645035427336,1025.1677
1645035427374,1025.169
1645035427414,1025.169
1645035427452,1025.169
1645035427495,1025.169
1645035427529,1025.1757
1645035427568,1025.1757
1645035427608,1025.1757
1645035427645,1025.1757
1645035427682,1025.1774
1645035427720,1025.1774
1645035427761,1025.1774
1645035427796,1025.1774
1645035427836,1025.1791
1645035427873,1025.1791
1645035427913,1025.1791
1645035427952,1025.1791
1645035427991,1025.2128
1645035428029,1025.2128
1645035428068,1025.2128
1645035428105,1025.2128
1645035428143,1025.1993
1645035428182,1025.1993
1645035428223,1025.1993
1645035428258,1025.1993
1645035428298,1025.1993
1645035428335,1025.1998
1645035428373,1025.1998
1645035428414,1025.1998
1645035428457,1025.1998
1645035428490,1025.1897
1645035428526,1025.1897
1645035428572,1025.1897
1645035428602,1025.1897
1645035428645,1025.1981
1645035428684,1025.1981
1645035428720,1025.1981
1645035428760,1025.1981
1645035428796,1025.1942
1645035428836,1025.1942
1645035428878,1025.1942
1645035428913,1025.1942
1645035428960,1025.1909
1645035428993,1025.1909
1645035429033,1025.1909
1645035429066,1025.1909
1645035429104,1025.1875
1645035429167,1025.1875
1645035429192,1025.1875
1645035429219,1025.1875
1645035429258,1025.1672
1645035429295,1025.1672
1645035429334,1025.1672
1645035429376,1025.1672
1645035429415,1025.1774
1645035429451,1025.1774
1645035429491,1025.1774
1645035429530,1025.1774
1645035429569,1025.1761
1645035429606,1025.1761
1645035429645,1025.1761
1645035429680,1025.1761
1645035429719,1025.1724
1645035429760,1025.1724
1645035429798,1025.1724
1645035429838,1025.1724
1645035429877,1025.1892
1645035429912,1025.1892
1645035429951,1025.1892
1645035429990,1025.1892
1645035430030,1025.1926
1645035430068,1025.1926
1645035430115,1025.1926
1645035430144,1025.1926
1645035430181,1025.185
1645035430224,1025.185
1645035430267,1025.185
1645035430299,1025.185
1645035430337,1025.185
1645035430374,1025.2347
1645035430413,1025.2347
1645035430450,1025.2347
1645035430489,1025.2347
1645035430529,1025.2026
1645035430566,1025.2026
1645035430606,1025.2026
1645035430643,1025.2026
1645035430681,1025.1918
1645035430719,1025.1918
1645035430759,1025.1918
1645035430800,1025.1918
1645035430837,1025.1901
1645035430875,1025.1901
1645035430915,1025.1901
1645035430950,1025.1901
1645035430990,1025.1821
1645035431030,1025.1821
1645035431069,1025.1821
1645035431105,1025.1821
1645035431143,1025.172
1645035431181,1025.172
1645035431221,1025.172
1645035431276,1025.172
1645035431297,1025.1725
1645035431335,1025.1725
1645035431375,1025.1725
1645035431412,1025.1725
1645035431451,1025.1691
1645035431500,1025.1691
1645035431528,1025.1691
1645035431566,1025.1691
1645035431606,1025.1506
1645035431642,1025.1506
1645035431683,1025.1506
1645035431720,1025.1506
1645035431757,1025.1586
1645035431796,1025.1586
1645035431836,1025.1586
1645035431873,1025.1586
1645035431911,1025.1725
1645035431951,1025.1725
1645035431989,1025.1725
1645035432029,1025.1725
1645035432067,1025.1843
1645035432108,1025.1843
1645035432141,1025.1843
1645035432182,1025.1843
1645035432221,1025.1995
1645035432259,1025.1995
1645035432296,1025.1995
1645035432335,1025.1995
1645035432374,1025.1978
1645035432411,1025.1978
1645035432450,1025.1978
1645035432489,1025.1978
1645035432527,1025.1978
1645035432568,1025.1978
1645035432604,1025.1978
1645035432641,1025.1978
1645035432682,1025.1978
1645035432723,1025.2045
1645035432757,1025.2045
1645035432800,1025.2045
1645035432833,1025.2045
1645035432876,1025.2012
1645035432913,1025.2012
1645035432949,1025.2012
1645035432988,1025.2012
1645035433026,1025.2079
1645035433068,1025.2079
1645035433115,1025.2079
1645035433143,1025.2079
1645035433184,1025.1978
1645035433219,1025.1978
1645035433257,1025.1978
1645035433297,1025.1978
1645035433338,1025.213
1645035433372,1025.213
1645035433413,1025.213
1645035433450,1025.213
1645035433491,1025.2299
1645035433532,1025.2299
1645035433565,1025.2299
1645035433603,1025.2299
1645035433643,1025.2289
1645035433680,1025.2289
1645035433721,1025.2289
1645035433758,1025.2289
1645035433795,1025.2626
1645035433834,1025.2626
1645035433874,1025.2626
1645035433914,1025.2626
1645035433950,1025.2313
1645035433988,1025.2313
1645035434027,1025.2313
1645035434065,1025.2313
1645035434104,1025.2284
1645035434141,1025.2284
1645035434182,1025.2284
1645035434221,1025.2284
1645035434260,1025.2196
1645035434294,1025.2196
1645035434334,1025.2196
1645035434375,1025.2196
1645035434411,1025.207
1645035434451,1025.207
1645035434487,1025.207
1645035434529,1025.207
1645035434564,1025.2029
1645035434604,1025.2029
1645035434644,1025.2029
1645035434680,1025.2029
1645035434719,1025.2029
1645035434757,1025.1969
1645035434796,1025.1969
1645035434835,1025.1969
1645035434877,1025.1969
1645035434913,1025.1935
1645035434950,1025.1935
1645035434987,1025.1935
1645035435030,1025.1935
1645035435064,1025.1901
1645035435104,1025.1901
1645035435143,1025.1901
1645035435179,1025.1901
1645035435219,1025.1766
1645035435256,1025.1766
1645035435295,1025.1766
1645035435333,1025.1766
1645035435372,1025.1833
1645035435412,1025.1833
1645035435454,1025.1833
1645035435488,1025.1833
1645035435532,1025.1757
1645035435566,1025.1757
1645035435604,1025.1757
1645035435644,1025.1757
1645035435680,1025.1825
1645035435718,1025.1825
1645035435756,1025.1825
1645035435798,1025.1825
1645035435834,1025.1942
1645035435874,1025.1942
1645035435910,1025.1942
1645035435949,1025.1942
1645035435986,1025.1858
1645035436032,1025.1858
1645035436068,1025.1858
1645035436103,1025.1858
1645035436141,1025.211
1645035436181,1025.211
1645035436218,1025.211
1645035436258,1025.211
1645035436297,1025.1986
1645035436337,1025.1986
1645035436372,1025.1986
1645035436413,1025.1986
1645035436449,1025.2128
1645035436487,1025.2128
1645035436524,1025.2128
1645035436565,1025.2128
1645035436603,1025.2078
1645035436642,1025.2078
1645035436680,1025.2078
1645035436719,1025.2078
1645035436756,1025.2078
1645035436796,1025.2086
1645035436833,1025.2086
1645035436874,1025.2086
1645035436911,1025.2086
1645035436953,1025.2196
1645035436988,1025.2196
1645035437026,1025.2196
1645035437066,1025.2196
1645035437106,1025.206
1645035437140,1025.206
1645035437179,1025.206
1645035437218,1025.206
1645035437265,1025.201
1645035437294,1025.201
1645035437332,1025.201
1645035437377,1025.201
1645035437409,1025.201
1645035437449,1025.201
1645035437489,1025.201
1645035437529,1025.201
1645035437565,1025.1791
1645035437603,1025.1791
1645035437641,1025.1791
1645035437682,1025.1791
1645035437717,1025.1858
1645035437767,1025.1858
1645035437797,1025.1858
1645035437834,1025.1858
1645035437873,1025.1875
1645035437910,1025.1875
1645035437952,1025.1875
1645035437987,1025.1875
1645035438029,1025.1942
1645035438064,1025.1942
1645035438102,1025.1942
1645035438145,1025.1942
1645035438178,1025.2133
1645035438217,1025.2133
1645035438257,1025.2133
1645035438298,1025.2133
1645035438334,1025.215
1645035438373,1025.215
1645035438409,1025.215
1645035438449,1025.215
1645035438487,1025.2098
1645035438527,1025.2098
1645035438566,1025.2098
1645035438602,1025.2098
1645035438640,1025.2167
1645035438678,1025.2167
1645035438721,1025.2167
1645035438756,1025.2167
1645035438794,1025.193
1645035438830,1025.193
1645035438873,1025.193
1645035438910,1025.193
1645035438947,1025.193
1645035438988,1025.1913
1645035439026,1025.1913
1645035439069,1025.1913
1645035439101,1025.1913
1645035439147,1025.1829
1645035439179,1025.1829
1645035439217,1025.1829
1645035439256,1025.1829
1645035439294,1025.1863
1645035439333,1025.1863
1645035439373,1025.1863
1645035439411,1025.1863
1645035439450,1025.1964
1645035439490,1025.1964
1645035439527,1025.1964
1645035439563,1025.1964
1645035439603,1025.1846
1645035439641,1025.1846
1645035439680,1025.1846
1645035439719,1025.1846
1645035439756,1025.1796
1645035439807,1025.1796
1645035439892,1025.1796
1645035439892,1025.1796
1645035439907,1025.1779
1645035439949,1025.1779
1645035440018,1025.1779
1645035440024,1025.1779
1645035440065,1025.1643
1645035440103,1025.1643
1645035440141,1025.1643
1645035440183,1025.1643
1645035440217,1025.166
1645035440256,1025.166
1645035440297,1025.166
1645035440334,1025.166
1645035440375,1025.1627
1645035440410,1025.1627
1645035440449,1025.1627
1645035440488,1025.1627
1645035440527,1025.1744
1645035440563,1025.1744
1645035440603,1025.1744
1645035440643,1025.1744
1645035440703,1025.1897
1645035440724,1025.1897
1645035440756,1025.1897
1645035440795,1025.1897
1645035440831,1025.188
1645035440872,1025.188
1645035440915,1025.188
1645035440950,1025.188
1645035440986,1025.188
1645035441025,1025.182
1645035441067,1025.182
1645035441102,1025.182
1645035441146,1025.182
1645035441181,1025.2224
1645035441219,1025.2224
1645035441256,1025.2224
1645035441294,1025.2224
1645035441333,1025.2081
1645035441372,1025.2081
1645035441409,1025.2081
1645035441449,1025.2081
1645035441490,1025.1964
1645035441529,1025.1964
1645035441564,1025.1964
1645035441603,1025.1964
1645035441642,1025.187
1645035441683,1025.187
1645035441722,1025.187
1645035441774,1025.187
1645035441793,1025.187
1645035441833,1025.187
1645035441872,1025.187
1645035441910,1025.187
1645035441948,1025.1829
1645035441990,1025.1829
1645035442029,1025.1829
1645035442064,1025.1829
1645035442117,1025.1694
1645035442142,1025.1694
1645035442178,1025.1694
1645035442225,1025.1694
1645035442256,1025.166
1645035442293,1025.166
1645035442332,1025.166
1645035442373,1025.166
1645035442409,1025.1622
1645035442450,1025.1622
1645035442488,1025.1622
1645035442525,1025.1622
1645035442563,1025.1643
1645035442607,1025.1643
1645035442641,1025.1643
1645035442680,1025.1643
1645035442717,1025.1761
1645035442756,1025.1761
1645035442795,1025.1761
1645035442834,1025.1761
1645035442871,1025.1656
1645035442908,1025.1656
1645035442949,1025.1656
1645035442986,1025.1656
1645035443040,1025.1656
1645035443065,1025.1656
1645035443103,1025.1656
1645035443139,1025.1656
1645035443177,1025.1656
1645035443217,1025.1521
1645035443255,1025.1521
1645035443307,1025.1521
1645035443333,1025.1521
1645035443371,1025.1437
1645035443409,1025.1437
1645035443446,1025.1437
1645035443492,1025.1437
1645035443525,1025.1361
1645035443564,1025.1361
1645035443601,1025.1361
1645035443638,1025.1361
1645035443681,1025.1471
1645035443717,1025.1471
1645035443757,1025.1471
1645035443796,1025.1471
1645035443832,1025.1504
1645035443871,1025.1504
1645035443913,1025.1504
1645035443949,1025.1504
1645035443992,1025.1581
1645035444025,1025.1581
1645035444065,1025.1581
1645035444100,1025.1581
1645035444140,1025.1632
1645035444178,1025.1632
1645035444218,1025.1632
1645035444255,1025.1632
1645035444300,1025.1648
1645035444333,1025.1648
1645035444371,1025.1648
1645035444410,1025.1648
1645035444445,1025.1783
1645035444487,1025.1783
1645035444525,1025.1783
1645035444564,1025.1783
1645035444600,1025.18
1645035444640,1025.18
1645035444679,1025.18
1645035444715,1025.18
1645035444759,1025.1808
1645035444793,1025.1808
1645035444831,1025.1808
1645035444871,1025.1808
1645035444917,1025.2162
1645035444947,1025.2162
1645035444990,1025.2162
1645035445024,1025.2162
1645035445061,1025.1842
1645035445105,1025.1842
1645035445138,1025.1842
1645035445178,1025.1842
1645035445219,1025.1842
1645035445254,1025.1846
1645035445295,1025.1846
1645035445336,1025.1846
1645035445370,1025.1846
1645035445409,1025.1791
1645035445446,1025.1791
1645035445488,1025.1791
1645035445524,1025.1791
1645035445561,1025.1808
1645035445599,1025.1808
1645035445650,1025.1808
1645035445688,1025.1808
1645035445715,1025.1715
1645035445755,1025.1715
1645035445793,1025.1715
1645035445841,1025.1715
1645035445871,1025.1791
1645035445913,1025.1791
1645035445947,1025.1791
1645035445987,1025.1791
1645035446055,1025.1757
1645035446075,1025.1757
1645035446098,1025.1757
1645035446141,1025.1757
1645035446177,1025.1808
1645035446215,1025.1808
1645035446253,1025.1808
1645035446293,1025.1808
1645035446330,1025.1796
1645035446370,1025.1796
1645035446416,1025.1796
1645035446447,1025.1796
1645035446485,1025.1842
1645035446528,1025.1842
1645035446562,1025.1842
1645035446604,1025.1842
1645035446640,1025.1715
1645035446685,1025.1715
1645035446720,1025.1715
1645035446755,1025.1715
1645035446793,1025.1732
1645035446833,1025.1732
1645035446871,1025.1732
1645035446908,1025.1732
1645035446946,1025.1868
1645035446985,1025.1868
1645035447023,1025.1868
1645035447062,1025.1868
1645035447100,1025.1901
1645035447140,1025.1901
1645035447180,1025.1901
1645035447218,1025.1901
1645035447254,1025.1901
1645035447303,1025.1868
1645035447332,1025.1868
1645035447369,1025.1868
1645035447408,1025.1868
1645035447448,1025.1624
1645035447484,1025.1624
1645035447524,1025.1624
1645035447568,1025.1624
1645035447622,1025.1641
1645035447640,1025.1641
1645035447682,1025.1641
1645035447716,1025.1641
1645035447755,1025.1534
1645035447792,1025.1534
1645035447831,1025.1534
1645035447870,1025.1534
1645035447911,1025.1519
1645035447948,1025.1519
1645035447996,1025.1519
1645035448022,1025.1519
1645035448064,1025.1708
1645035448100,1025.1708
1645035448163,1025.1708
1645035448188,1025.1708
1645035448219,1025.1725
1645035448256,1025.1725
1645035448290,1025.1725
1645035448332,1025.1725
1645035448369,1025.1725
1645035448407,1025.1725
1645035448454,1025.1725
1645035448485,1025.1725
1645035448524,1025.223
1645035448562,1025.223
1645035448600,1025.223
1645035448638,1025.223
1645035448696,1025.1978
1645035448714,1025.1978
1645035448753,1025.1978
1645035448798,1025.1978
1645035448830,1025.1888
1645035448868,1025.1888
1645035448909,1025.1888
1645035448947,1025.1888
1645035448989,1025.1821
1645035449025,1025.1821
1645035449064,1025.1821
1645035449099,1025.1821
1645035449138,1025.172
1645035449178,1025.172
1645035449219,1025.172
1645035449254,1025.172
1645035449293,1025.167
1645035449331,1025.167
1645035449370,1025.167
1645035449407,1025.167
1645035449446,1025.167
1645035449487,1025.1653
1645035449523,1025.1653
1645035449561,1025.1653
1645035449601,1025.1653
1645035449638,1025.1561
1645035449682,1025.1561
1645035449717,1025.1561
1645035449754,1025.1561
1645035449792,1025.1477
1645035449834,1025.1477
1645035449872,1025.1477
1645035449907,1025.1477
1645035449947,1025.1501
1645035449985,1025.1501
1645035450024,1025.1501
1645035450061,1025.1501
1645035450099,1025.1578
1645035450138,1025.1578
1645035450177,1025.1578
1645035450218,1025.1578
1645035450254,1025.1603
1645035450309,1025.1603
1645035450338,1025.1603
1645035450370,1025.1603
1645035450417,1025.1696
1645035450447,1025.1696
1645035450485,1025.1696
1645035450522,1025.1696
1645035450561,1025.1764
1645035450601,1025.1764
1645035450639,1025.1764
1645035450688,1025.1764
1645035450712,1025.1608
1645035450757,1025.1608
1645035450791,1025.1608
1645035450830,1025.1608
1645035450871,1025.186
1645035450910,1025.186
1645035450958,1025.186
1645035450983,1025.186
1645035451030,1025.1539
1645035451061,1025.1539
1645035451098,1025.1539
1645035451136,1025.1539
1645035451180,1025.1556
1645035451214,1025.1556
1645035451255,1025.1556
1645035451293,1025.1556
1645035451329,1025.1556
1645035451367,1025.1556
1645035451406,1025.1556
1645035451444,1025.1556
1645035451488,1025.1556
1645035451523,1025.1573
1645035451561,1025.1573
1645035451599,1025.1573
1645035451636,1025.1573
1645035451676,1025.1608
1645035451716,1025.1608
1645035451755,1025.1608
1645035451793,1025.1608
1645035451829,1025.1573
1645035451881,1025.1573
1645035451907,1025.1573
1645035451950,1025.1573
1645035451983,1025.1578
1645035452022,1025.1578
1645035452060,1025.1578
1645035452100,1025.1578
1645035452138,1025.1388
1645035452179,1025.1388
1645035452215,1025.1388
1645035452253,1025.1388
1645035452290,1025.1426
1645035452330,1025.1426
1645035452369,1025.1426
1645035452408,1025.1426
1645035452451,1025.1472
1645035452484,1025.1472
1645035452521,1025.1472
1645035452560,1025.1472
1645035452609,1025.1472
1645035452638,1025.1472
1645035452681,1025.1472
1645035452714,1025.1472
1645035452752,1025.1523
1645035452798,1025.1523
1645035452831,1025.1523
1645035452869,1025.1523
1645035452908,1025.1489
1645035452945,1025.1489
1645035453002,1025.1489
1645035453030,1025.1489
1645035453060,1025.1329
1645035453123,1025.1329
1645035453137,1025.1329
1645035453176,1025.1329
1645035453213,1025.1359
1645035453255,1025.1359
1645035453289,1025.1359
1645035453347,1025.1359
1645035453368,1025.1157
1645035453406,1025.1157
1645035453448,1025.1157
1645035453483,1025.1157
1645035453522,1025.1157
1645035453559,1025.119
1645035453600,1025.119
1645035453638,1025.119
1645035453675,1025.119
1645035453714,1025.1241
1645035453760,1025.1241
1645035453796,1025.1241
1645035453832,1025.1241
1645035453868,1025.1259
1645035453910,1025.1259
1645035453946,1025.1259
1645035453983,1025.1259
1645035454024,1025.1368
1645035454060,1025.1368
1645035454098,1025.1368
1645035454140,1025.1368
1645035454178,1025.1267
1645035454218,1025.1267
1645035454258,1025.1267
1645035454289,1025.1267
1645035454330,1025.1233
1645035454371,1025.1233
1645035454406,1025.1233
1645035454447,1025.1233
1645035454482,1025.1453
1645035454522,1025.1453
1645035454562,1025.1453
1645035454600,1025.1453
1645035454652,1025.1233
1645035454676,1025.1233
1645035454713,1025.1233
1645035454751,1025.1233
1645035454796,1025.141
1645035454831,1025.141
1645035454868,1025.141
1645035454906,1025.141
1645035454944,1025.1477
1645035454985,1025.1477
1645035455022,1025.1477
1645035455062,1025.1477
1645035455098,1025.1453
1645035455137,1025.1453
1645035455174,1025.1453
1645035455215,1025.1453
1645035455278,1025.1418
1645035455292,1025.1418
1645035455330,1025.1418
1645035455368,1025.1418
1645035455407,1025.1385
1645035455449,1025.1385
1645035455485,1025.1385
1645035455520,1025.1385
1645035455570,1025.1301
1645035455598,1025.1301
1645035455636,1025.1301
1645035455674,1025.1301
1645035455719,1025.1301
1645035455751,1025.1317
1645035455793,1025.1317
1645035455830,1025.1317
1645035455869,1025.1317
1645035455919,1025.1317
1645035455946,1025.1317
1645035455983,1025.1317
1645035456021,1025.1317
1645035456060,1025.1193
1645035456099,1025.1193
1645035456138,1025.1193
1645035456176,1025.1193
1645035456215,1025.1277
1645035456254,1025.1277
1645035456290,1025.1277
1645035456334,1025.1277
1645035456367,1025.1208
1645035456407,1025.1208
1645035456445,1025.1208
1645035456486,1025.1208
1645035456523,1025.1327
1645035456559,1025.1327
1645035456601,1025.1327
1645035456636,1025.1327
1645035456677,1025.1289
1645035456716,1025.1289
1645035456754,1025.1289
1645035456789,1025.1289
1645035456831,1025.1512
1645035456869,1025.1512
1645035456909,1025.1512
1645035456946,1025.1512
1645035456985,1025.1547
1645035457035,1025.1547
1645035457064,1025.1547
1645035457096,1025.1547
1645035457137,1025.1475
1645035457177,1025.1475
1645035457219,1025.1475
1645035457253,1025.1475
1645035457290,1025.139
1645035457329,1025.139
1645035457376,1025.139
1645035457408,1025.139
1645035457445,1025.144
1645035457483,1025.144
1645035457522,1025.144
1645035457560,1025.144
1645035457597,1025.1534
1645035457639,1025.1534
1645035457676,1025.1534
1645035457715,1025.1534
1645035457756,1025.1534
1645035457790,1025.1584
1645035457827,1025.1584
1645035457870,1025.1584
1645035457907,1025.1584
1645035457946,1025.1517
1645035457982,1025.1517
1645035458021,1025.1517
1645035458076,1025.1517
1645035458104,1025.1534
1645035458135,1025.1534
1645035458175,1025.1534
1645035458214,1025.1534
1645035458257,1025.1483
1645035458290,1025.1483
1645035458328,1025.1483
1645035458368,1025.1483
1645035458410,1025.1483
1645035458450,1025.1483
1645035458485,1025.1483
1645035458521,1025.1483
1645035458561,1025.1534
1645035458598,1025.1534
1645035458640,1025.1534
1645035458674,1025.1534
1645035458734,1025.1534
1645035458753,1025.1534
1645035458790,1025.1534
1645035458829,1025.1534
1645035458867,1025.1584
1645035458910,1025.1584
1645035458947,1025.1584
1645035458982,1025.1584
1645035459021,1025.1567
1645035459063,1025.1567
1645035459098,1025.1567
1645035459139,1025.1567
1645035459174,1025.1483
1645035459213,1025.1483
1645035459251,1025.1483
1645035459289,1025.1483
1645035459329,1025.1382
1645035459366,1025.1382
1645035459408,1025.1382
1645035459442,1025.1382
1645035459484,1025.1382
1645035459519,1025.1382
1645035459559,1025.1382
1645035459602,1025.1382
1645035459641,1025.1344
1645035459678,1025.1344
1645035459711,1025.1344
1645035459750,1025.1344
1645035459789,1025.121
1645035459828,1025.121
1645035459867,1025.121
1645035459906,1025.121
1645035459944,1025.121
1645035459984,1025.1176
1645035460020,1025.1176
1645035460058,1025.1176
1645035460097,1025.1176
1645035460138,1025.1158
1645035460174,1025.1158
1645035460214,1025.1158
1645035460251,1025.1158
1645035460290,1025.1141
1645035460330,1025.1141
1645035460366,1025.1141
1645035460405,1025.1141
1645035460444,1025.1158
1645035460484,1025.1158
1645035460521,1025.1158
1645035460563,1025.1158
1645035460599,1025.1124
1645035460639,1025.1124
1645035460675,1025.1124
1645035460712,1025.1124
1645035460751,1025.121
1645035460791,1025.121
1645035460829,1025.121
1645035460871,1025.121
1645035460905,1025.121
1645035460943,1025.121
1645035460981,1025.121
1645035461025,1025.121
1645035461065,1025.1226
1645035461097,1025.1226
1645035461136,1025.1226
1645035461176,1025.1226
1645035461214,1025.1193
1645035461263,1025.1193
1645035461290,1025.1193
1645035461330,1025.1193
1645035461370,1025.1084
1645035461407,1025.1084
1645035461448,1025.1084
1645035461481,1025.1084
1645035461523,1025.105
1645035461561,1025.105
1645035461619,1025.105
1645035461642,1025.105
1645035461675,1025.1124
1645035461711,1025.1124
1645035461752,1025.1124
1645035461788,1025.1124
1645035461828,1025.1141
1645035461874,1025.1141
1645035461907,1025.1141
1645035461944,1025.1141
1645035461985,1025.1141
1645035462020,1025.1067
1645035462060,1025.1067
1645035462097,1025.1067
1645035462134,1025.1067
1645035462174,1025.1084
1645035462214,1025.1084
1645035462253,1025.1084
1645035462290,1025.1084
1645035462328,1025.1058
1645035462367,1025.1058
1645035462404,1025.1058
1645035462445,1025.1058
1645035462481,1025.105
1645035462520,1025.105
1645035462560,1025.105
1645035462628,1025.105
1645035462646,1025.1033
1645035462675,1025.1033
1645035462775,1025.1033
1645035462776,1025.1033
1645035462796,1025.089
1645035462832,1025.089
1645035462868,1025.089
1645035462965,1025.089
1645035462965,1025.0941
1645035462996,1025.0941
1645035463039,1025.0941
1645035463063,1025.0941
1645035463096,1025.0903
1645035463131,1025.0903
1645035463173,1025.0903
1645035463209,1025.0903
1645035463248,1025.0953
1645035463288,1025.0953
1645035463325,1025.0953
1645035463362,1025.0953
1645035463402,1025.0929
1645035463440,1025.0929
1645035463479,1025.0929
1645035463516,1025.0929
1645035463556,1025.097
1645035463599,1025.097
1645035463635,1025.097
1645035463673,1025.097
1645035463711,1025.0912
1645035463749,1025.0912
1645035463786,1025.0912
1645035463829,1025.0912
1645035463863,1025.0878
1645035463902,1025.0878
1645035463943,1025.0878
1645035463978,1025.0878
1645035464018,1025.0795
1645035464055,1025.0795
1645035464095,1025.0795
1645035464133,1025.0795
1645035464171,1025.0795
1645035464211,1025.0886
1645035464248,1025.0886
1645035464286,1025.0886
1645035464328,1025.0886
1645035464364,1025.0845
1645035464402,1025.0845
1645035464439,1025.0845
1645035464480,1025.0845
1645035464516,1025.0895
1645035464556,1025.0895
1645035464596,1025.0895
1645035464636,1025.0895
1645035464673,1025.0929
1645035464714,1025.0929
1645035464749,1025.0929
1645035464787,1025.0929
1645035464826,1025.0953
1645035464865,1025.0953
1645035464902,1025.0953
1645035464940,1025.0953
1645035464980,1025.0936
1645035465017,1025.0936
1645035465055,1025.0936
1645035465093,1025.0936
1645035465133,1025.0907
1645035465170,1025.0907
1645035465209,1025.0907
1645035465253,1025.0907
1645035465285,1025.0857
1645035465325,1025.0857
1645035465364,1025.0857
1645035465401,1025.0857
1645035465443,1025.079
1645035465478,1025.079
1645035465519,1025.079
1645035465554,1025.079
1645035465593,1025.0763
1645035465638,1025.0763
1645035465675,1025.0763
1645035465709,1025.0763
1645035465746,1025.0754
1645035465787,1025.0754
1645035465825,1025.0754
1645035465863,1025.0754
1645035465902,1025.0809
1645035465942,1025.0809
1645035465978,1025.0809
1645035466016,1025.0809
1645035466064,1025.075
1645035466094,1025.075
1645035466137,1025.075
1645035466172,1025.075
1645035466210,1025.075
1645035466249,1025.0737
1645035466286,1025.0737
1645035466329,1025.0737
1645035466363,1025.0737
1645035466401,1025.0745
1645035466456,1025.0745
1645035466477,1025.0745
1645035466516,1025.0745
1645035466557,1025.0824
1645035466593,1025.0824
1645035466632,1025.0824
1645035466677,1025.0824
1645035466768,1025.0814
1645035466768,1025.0814
1645035466853,1025.0814
1645035466853,1025.0814
1645035466923,1025.0844
1645035466923,1025.0844
1645035466987,1025.0844
1645035466987,1025.0844
1645035467016,1025.0806
1645035467054,1025.0806
1645035467093,1025.0806
1645035467132,1025.0806
1645035467169,1025.0662
1645035467208,1025.0662
1645035467247,1025.0662
1645035467285,1025.0662
1645035467324,1025.0674
1645035467362,1025.0674
1645035467401,1025.0674
1645035467439,1025.0674
1645035467479,1025.0593
1645035467517,1025.0593
1645035467555,1025.0593
1645035467594,1025.0593
1645035467631,1025.0626
1645035467672,1025.0626
1645035467708,1025.0626
1645035467747,1025.0626
1645035467786,1025.0563
1645035467824,1025.0563
1645035467863,1025.0563
1645035467900,1025.0563
1645035467939,1025.0558
1645035467978,1025.0558
1645035468027,1025.0558
1645035468054,1025.0558
1645035468094,1025.0505
