1645035600292,1025.9972
1645035600292,1025.9972
1645035600330,1025.9972
1645035600370,1025.9901
1645035600407,1025.9901
1645035600444,1025.9901
1645035600486,1025.9901
1645035600523,1025.9874
1645035600560,1025.9874
1645035600599,1025.9874
1645035600637,1025.9874
1645035600676,1025.9874
1645035600715,1025.9833
1645035600757,1025.9833
1645035600792,1025.9833
1645035600831,1025.9833
1645035600867,1025.9789
1645035600906,1025.9789
1645035600946,1025.9789
1645035600985,1025.9789
1645035601026,1025.9783
1645035601061,1025.9783
1645035601099,1025.9783
1645035601139,1025.9783
1645035601177,1025.981
1645035601214,1025.981
1645035601253,1025.981
1645035601291,1025.981
1645035601329,1025.9843
1645035601368,1025.9843
1645035601408,1025.9843
1645035601446,1025.9843
1645035601482,1025.9928
1645035601522,1025.9928
1645035601560,1025.9928
1645035601606,1025.9928
1645035601653,1026.0007
1645035601689,1026.0007
1645035601715,1026.0007
1645035601755,1026.0007
1645035601794,1026.0385
1645035601829,1026.0385
1645035601878,1026.0385
1645035601927,1026.0385
1645035601963,1026.114
1645035601985,1026.114
1645035602027,1026.114
1645035602061,1026.114
1645035602108,1026.0453
1645035602196,1026.0453
1645035602196,1026.0453
1645035602328,1025.998
1645035602328,1025.998
1645035602367,1025.998
1645035602408,1025.9979
1645035602448,1025.9979
1645035602484,1025.9979
1645035602534,1025.9979
1645035602561,1026.0007
1645035602600,1026.0007
1645035602637,1026.0007
1645035602683,1026.0007
1645035602723,1025.9915
1645035602757,1025.9915
1645035602794,1025.9915
1645035602833,1025.9915
1645035602869,1025.9915
1645035602907,1025.9972
1645035602949,1025.9972
1645035602987,1025.9972
1645035603029,1025.9972
1645035603063,1026.0051
1645035603100,1026.0051
1645035603140,1026.0051
1645035603176,1026.0051
1645035603218,1025.9983
1645035603260,1025.9983
1645035603293,1025.9983
1645035603334,1025.9983
1645035603376,1026.0088
1645035603408,1026.0088
1645035603448,1026.0088
1645035603489,1026.0088
1645035603523,1026.0099
1645035603563,1026.0099
1645035603600,1026.0099
1645035603637,1026.0099
1645035603675,1026.014
1645035603715,1026.014
1645035603756,1026.014
1645035603794,1026.014
1645035603833,1026.011
1645035603869,1026.011
1645035603906,1026.011
1645035603945,1026.011
1645035603984,1026.0055
1645035604025,1026.0055
1645035604062,1026.0055
1645035604137,1026.0055
1645035604138,1025.9974
1645035604231,1025.9974
1645035604232,1025.9974
1645035604257,1025.9974
1645035604294,1026.002
1645035604378,1026.002
1645035604379,1026.002
1645035604407,1026.002
1645035604446,1026.0116
1645035604485,1026.0116
1645035604522,1026.0116
1645035604562,1026.0116
1645035604602,1026.0095
1645035604638,1026.0095
1645035604676,1026.0095
1645035604714,1026.0095
1645035604752,1025.9984
1645035604795,1025.9984
1645035604831,1025.9984
1645035604869,1025.9984
1645035604906,1025.9984
1645035604945,1025.9803
1645035604986,1025.9803
1645035605025,1025.9803
1645035605062,1025.9803
1645035605100,1025.985
1645035605139,1025.985
1645035605176,1025.985
1645035605216,1025.985
1645035605255,1025.9824
1645035605293,1025.9824
1645035605346,1025.9824
1645035605370,1025.9824
1645035605406,1025.9757
1645035605446,1025.9757
1645035605491,1025.9757
1645035605523,1025.9757
1645035605563,1025.9757
1645035605599,1025.9757
1645035605639,1025.9757
1645035605681,1025.9757
1645035605714,1025.9673
1645035605753,1025.9673
1645035605792,1025.9673
1645035605831,1025.9673
1645035605869,1025.965
1645035605907,1025.965
1645035605946,1025.965
1645035605985,1025.965
1645035606024,1025.965
1645035606063,1025.965
1645035606099,1025.965
1645035606160,1025.965
1645035606206,1025.9548
1645035606303,1025.9548
1645035606304,1025.9548
1645035606305,1025.9548
1645035606358,1025.9448
1645035606377,1025.9448
1645035606408,1025.9448
1645035606445,1025.9448
1645035606486,1025.9369
1645035606522,1025.9369
1645035606562,1025.9369
1645035606609,1025.9369
1645035606645,1025.9294
1645035606676,1025.9294
1645035606713,1025.9294
1645035606754,1025.9294
1645035606793,1025.9379
1645035606830,1025.9379
1645035606868,1025.9379
1645035606907,1025.9379
1645035606946,1025.9379
1645035606984,1025.9327
1645035607024,1025.9327
1645035607065,1025.9327
1645035607099,1025.9327
1645035607139,1025.9307
1645035607177,1025.9307
1645035607216,1025.9307
1645035607252,1025.9307
1645035607293,1025.9147
1645035607332,1025.9147
1645035607367,1025.9147
1645035607405,1025.9147
1645035607444,1025.9143
1645035607482,1025.9143
1645035607520,1025.9143
1645035607559,1025.9143
1645035607597,1025.921
1645035607636,1025.921
1645035607674,1025.921
1645035607719,1025.921
1645035607752,1025.9114
1645035607790,1025.9114
1645035607829,1025.9114
1645035607869,1025.9114
1645035607908,1025.914
1645035607947,1025.914
1645035607987,1025.914
1645035608021,1025.914
1645035608063,1025.9064
1645035608099,1025.9064
1645035608193,1025.9064
1645035608194,1025.9064
1645035608213,1025.911
1645035608254,1025.911
1645035608292,1025.911
1645035608331,1025.911
1645035608371,1025.9064
1645035608409,1025.9064
1645035608446,1025.9064
1645035608484,1025.9064
1645035608522,1025.9149
1645035608561,1025.9149
1645035608602,1025.9149
1645035608638,1025.9149
1645035608676,1025.9054
1645035608716,1025.9054
1645035608753,1025.9054
1645035608791,1025.9054
1645035608829,1025.8949
1645035608868,1025.8949
1645035608912,1025.8949
1645035608946,1025.8949
1645035608987,1025.8949
1645035609023,1025.9012
1645035609061,1025.9012
1645035609100,1025.9012
1645035609141,1025.9012
1645035609177,1025.9135
1645035609215,1025.9135
1645035609275,1025.9135
1645035609297,1025.9135
1645035609329,1025.9105
1645035609366,1025.9105
1645035609407,1025.9105
1645035609446,1025.9105
1645035609484,1025.9047
1645035609521,1025.9047
1645035609563,1025.9047
1645035609601,1025.9047
1645035609638,1025.8984
1645035609677,1025.8984
1645035609733,1025.8984
1645035609754,1025.8984
1645035609789,1025.8859
1645035609828,1025.8859
1645035609868,1025.8859
1645035609906,1025.8859
1645035609944,1025.8745
1645035609987,1025.8745
1645035610022,1025.8745
1645035610062,1025.8745
1645035610099,1025.867
1645035610139,1025.867
1645035610176,1025.867
1645035610215,1025.867
1645035610253,1025.8552
1645035610291,1025.8552
1645035610329,1025.8552
1645035610369,1025.8552
1645035610406,1025.8477
1645035610445,1025.8477
1645035610484,1025.8477
1645035610531,1025.8477
1645035610559,1025.8499
1645035610598,1025.8499
1645035610637,1025.8499
1645035610675,1025.8499
1645035610722,1025.8474
1645035610752,1025.8474
1645035610798,1025.8474
1645035610829,1025.8474
1645035610870,1025.8326
1645035610935,1025.8326
1645035610949,1025.8326
1645035610983,1025.8326
1645035611021,1025.823
1645035611061,1025.823
1645035611098,1025.823
1645035611135,1025.823
1645035611175,1025.823
1645035611214,1025.829
1645035611252,1025.829
1645035611292,1025.829
1645035611330,1025.829
1645035611367,1025.8278
1645035611405,1025.8278
1645035611445,1025.8278
1645035611482,1025.8278
1645035611522,1025.8298
1645035611562,1025.8298
1645035611601,1025.8298
1645035611637,1025.8298
1645035611676,1025.8257
1645035611712,1025.8257
1645035611753,1025.8257
1645035611791,1025.8257
1645035611830,1025.8152
1645035611869,1025.8152
1645035611909,1025.8152
1645035611945,1025.8152
1645035611983,1025.8014
1645035612024,1025.8014
1645035612062,1025.8014
1645035612099,1025.8014
1645035612136,1025.7782
1645035612177,1025.7782
1645035612214,1025.7782
1645035612258,1025.7782
1645035612289,1025.7673
1645035612328,1025.7673
1645035612368,1025.7673
1645035612405,1025.7673
1645035612445,1025.7577
1645035612484,1025.7577
1645035612524,1025.7577
1645035612560,1025.7577
1645035612597,1025.7587
1645035612636,1025.7587
1645035612676,1025.7587
1645035612714,1025.7587
1645035612753,1025.749
1645035612791,1025.749
1645035612828,1025.749
1645035612868,1025.749
1645035612905,1025.7528
1645035612946,1025.7528
1645035612983,1025.7528
1645035613021,1025.7528
1645035613059,1025.7506
1645035613098,1025.7506
1645035613140,1025.7506
1645035613175,1025.7506
1645035613213,1025.7506
1645035613252,1025.7491
1645035613296,1025.7491
1645035613327,1025.7491
1645035613366,1025.7491
1645035613405,1025.7378
1645035613444,1025.7378
1645035613483,1025.7378
1645035613521,1025.7378
1645035613559,1025.7257
1645035613597,1025.7257
1645035613637,1025.7257
1645035613677,1025.7257
1645035613715,1025.7194
1645035613752,1025.7194
1645035613790,1025.7194
1645035613828,1025.7194
1645035613870,1025.7249
1645035613905,1025.7249
1645035613945,1025.7249
1645035613983,1025.7249
1645035614021,1025.7291
1645035614059,1025.7291
1645035614098,1025.7291
1645035614137,1025.7291
1645035614175,1025.7253
1645035614213,1025.7253
1645035614253,1025.7253
1645035614289,1025.7253
1645035614329,1025.7157
1645035614369,1025.7157
1645035614407,1025.7157
1645035614444,1025.7157
1645035614482,1025.7178
1645035614523,1025.7178
1645035614577,1025.7178
1645035614597,1025.7178
1645035614636,1025.7213
1645035614675,1025.7213
1645035614712,1025.7213
1645035614751,1025.7213
1645035614790,1025.7218
1645035614829,1025.7218
1645035614867,1025.7218
1645035614908,1025.7218
1645035614946,1025.7273
1645035614981,1025.7273
1645035615019,1025.7273
1645035615059,1025.7273
1645035615098,1025.7294
1645035615137,1025.7294
1645035615195,1025.7294
1645035615213,1025.7294
1645035615251,1025.7294
1645035615289,1025.7264
1645035615326,1025.7264
1645035615368,1025.7264
1645035615406,1025.7264
1645035615443,1025.7266
1645035615482,1025.7266
1645035615526,1025.7266
1645035615569,1025.7266
1645035615597,1025.7203
1645035615637,1025.7203
1645035615675,1025.7203
1645035615715,1025.7203
1645035615754,1025.704
1645035615790,1025.704
1645035615829,1025.704
1645035615869,1025.704
1645035615916,1025.6951
1645035615942,1025.6951
1645035615981,1025.6951
1645035616021,1025.6951
1645035616059,1025.6885
1645035616097,1025.6885
1645035616135,1025.6885
1645035616174,1025.6885
1645035616216,1025.685
1645035616250,1025.685
1645035616290,1025.685
1645035616327,1025.685
1645035616367,1025.6835
1645035616405,1025.6835
1645035616442,1025.6835
1645035616484,1025.6835
1645035616521,1025.6713
1645035616559,1025.6713
1645035616599,1025.6713
1645035616635,1025.6713
1645035616675,1025.6666
1645035616714,1025.6666
1645035616752,1025.6666
1645035616788,1025.6666
1645035616830,1025.6592
1645035616865,1025.6592
1645035616906,1025.6592
1645035616945,1025.6592
1645035616981,1025.6512
1645035617024,1025.6512
1645035617062,1025.6512
1645035617097,1025.6512
1645035617135,1025.6437
1645035617175,1025.6437
1645035617214,1025.6437
1645035617251,1025.6437
1645035617290,1025.6416
1645035617327,1025.6416
1645035617366,1025.6416
1645035617405,1025.6416
1645035617443,1025.6416
1645035617482,1025.6442
1645035617519,1025.6442
1645035617560,1025.6442
1645035617596,1025.6442
1645035617636,1025.6564
1645035617673,1025.6564
1645035617712,1025.6564
1645035617750,1025.6564
1645035617789,1025.6467
1645035617828,1025.6467
1645035617868,1025.6467
1645035617905,1025.6467
1645035617944,1025.6337
1645035617983,1025.6337
1645035618020,1025.6337
1645035618058,1025.6337
1645035618116,1025.6271
1645035618135,1025.6271
1645035618177,1025.6271
1645035618212,1025.6271
1645035618252,1025.6149
1645035618289,1025.6149
1645035618329,1025.6149
1645035618366,1025.6149
1645035618404,1025.6124
1645035618449,1025.6124
1645035618481,1025.6124
1645035618521,1025.6124
1645035618558,1025.6112
1645035618597,1025.6112
1645035618644,1025.6112
1645035618673,1025.6112
1645035618711,1025.6188
1645035618752,1025.6188
1645035618789,1025.6188
1645035618828,1025.6188
1645035618867,1025.6244
1645035618905,1025.6244
1645035618948,1025.6244
1645035618982,1025.6244
1645035619019,1025.6272
1645035619057,1025.6272
1645035619098,1025.6272
1645035619135,1025.6272
1645035619173,1025.624
1645035619212,1025.624
1645035619254,1025.624
1645035619288,1025.624
1645035619329,1025.6202
1645035619365,1025.6202
1645035619404,1025.6202
1645035619444,1025.6202
1645035619481,1025.6202
1645035619520,1025.6038
1645035619559,1025.6038
1645035619609,1025.6038
1645035619634,1025.6038
1645035619675,1025.5895
1645035619713,1025.5895
1645035619750,1025.5895
1645035619801,1025.5895
1645035619827,1025.5765
1645035619867,1025.5765
1645035619903,1025.5765
1645035619942,1025.5765
1645035619981,1025.5719
1645035620023,1025.5719
1645035620058,1025.5719
1645035620096,1025.5719
1645035620134,1025.5712
1645035620175,1025.5712
1645035620211,1025.5712
1645035620249,1025.5712
1645035620288,1025.5741
1645035620327,1025.5741
1645035620365,1025.5741
1645035620405,1025.5741
1645035620442,1025.5717
1645035620483,1025.5717
1645035620524,1025.5717
1645035620557,1025.5717
1645035620597,1025.5679
1645035620634,1025.5679
1645035620672,1025.5679
1645035620716,1025.5679
1645035620756,1025.5616
1645035620786,1025.5616
1645035620826,1025.5616
1645035620865,1025.5616
1645035620904,1025.5486
1645035620944,1025.5486
1645035620980,1025.5486
1645035621021,1025.5486
1645035621059,1025.5457
1645035621097,1025.5457
1645035621136,1025.5457
1645035621173,1025.5457
1645035621213,1025.5449
1645035621249,1025.5449
1645035621288,1025.5449
1645035621326,1025.5449
1645035621365,1025.5403
1645035621404,1025.5403
1645035621443,1025.5403
1645035621479,1025.5403
1645035621519,1025.5403
1645035621559,1025.5425
1645035621599,1025.5425
1645035621636,1025.5425
1645035621684,1025.5425
1645035621711,1025.545
1645035621751,1025.545
1645035621787,1025.545
1645035621829,1025.545
1645035621864,1025.5446
1645035621903,1025.5446
1645035621942,1025.5446
1645035621992,1025.5446
1645035622019,1025.5295
1645035622059,1025.5295
1645035622095,1025.5295
1645035622134,1025.5295
1645035622172,1025.5342
1645035622210,1025.5342
1645035622249,1025.5342
1645035622290,1025.5342
1645035622326,1025.5278
1645035622367,1025.5278
1645035622403,1025.5278
1645035622446,1025.5278
1645035622480,1025.5262
1645035622520,1025.5262
1645035622557,1025.5262
1645035622599,1025.5262
1645035622633,1025.5292
1645035622672,1025.5292
1645035622712,1025.5292
1645035622750,1025.5292
1645035622788,1025.5302
1645035622827,1025.5302
1645035622867,1025.5302
1645035622912,1025.5302
1645035622942,1025.5364
1645035622992,1025.5364
1645035623018,1025.5364
1645035623058,1025.5364
1645035623095,1025.5289
1645035623135,1025.5289
1645035623172,1025.5289
1645035623212,1025.5289
1645035623250,1025.5546
1645035623288,1025.5546
1645035623326,1025.5546
1645035623363,1025.5546
1645035623403,1025.5303
1645035623442,1025.5303
1645035623479,1025.5303
1645035623519,1025.5303
1645035623558,1025.5303
1645035623597,1025.5138
1645035623633,1025.5138
1645035623673,1025.5138
1645035623712,1025.5138
1645035623751,1025.5117
1645035623788,1025.5117
1645035623828,1025.5117
1645035623867,1025.5117
1645035623903,1025.5076
1645035623940,1025.5076
1645035623980,1025.5076
1645035624019,1025.5076
1645035624065,1025.5084
1645035624097,1025.5084
1645035624134,1025.5084
1645035624173,1025.5084
1645035624211,1025.5029
1645035624253,1025.5029
1645035624291,1025.5029
1645035624324,1025.5029
1645035624365,1025.4933
1645035624404,1025.4933
1645035624443,1025.4933
1645035624482,1025.4933
1645035624521,1025.501
1645035624557,1025.501
1645035624597,1025.501
1645035624632,1025.501
1645035624672,1025.475
1645035624712,1025.475
1645035624749,1025.475
1645035624788,1025.475
1645035624826,1025.4648
1645035624869,1025.4648
1645035624903,1025.4648
1645035624941,1025.4648
1645035624979,1025.4535
1645035625018,1025.4535
1645035625056,1025.4535
1645035625096,1025.4535
1645035625135,1025.453
1645035625171,1025.453
1645035625210,1025.453
1645035625267,1025.453
1645035625287,1025.4557
1645035625325,1025.4557
1645035625363,1025.4557
1645035625403,1025.4557
1645035625440,1025.4359
1645035625484,1025.4359
1645035625517,1025.4359
1645035625556,1025.4359
1645035625594,1025.4258
1645035625634,1025.4258
1645035625672,1025.4258
1645035625710,1025.4258
1645035625755,1025.4258
1645035625785,1025.4149
1645035625827,1025.4149
1645035625863,1025.4149
1645035625905,1025.4149
1645035625950,1025.3951
1645035625978,1025.3951
1645035626019,1025.3951
1645035626055,1025.3951
1645035626093,1025.3872
1645035626134,1025.3872
1645035626175,1025.3872
1645035626210,1025.3872
1645035626247,1025.383
1645035626288,1025.383
1645035626325,1025.383
1645035626364,1025.383
1645035626403,1025.3818
1645035626443,1025.3818
1645035626479,1025.3818
1645035626517,1025.3818
1645035626556,1025.383
1645035626596,1025.383
1645035626634,1025.383
1645035626674,1025.383
1645035626712,1025.3789
1645035626748,1025.3789
1645035626786,1025.3789
1645035626827,1025.3789
1645035626888,1025.3693
1645035626923,1025.3693
1645035626940,1025.3693
1645035626978,1025.3693
1645035627017,1025.371
1645035627056,1025.371
1645035627095,1025.371
1645035627134,1025.371
1645035627173,1025.3608
1645035627211,1025.3608
1645035627248,1025.3608
1645035627286,1025.3608
1645035627325,1025.355
1645035627363,1025.355
1645035627416,1025.355
1645035627441,1025.355
1645035627478,1025.3488
1645035627517,1025.3488
1645035627569,1025.3488
1645035627596,1025.3488
1645035627631,1025.3533
1645035627670,1025.3533
1645035627719,1025.3533
1645035627748,1025.3533
1645035627786,1025.3533
1645035627826,1025.3593
1645035627862,1025.3593
1645035627900,1025.3593
1645035627940,1025.3593
1645035627980,1025.3602
1645035628018,1025.3602
1645035628055,1025.3602
1645035628095,1025.3602
1645035628135,1025.3656
1645035628172,1025.3656
1645035628210,1025.3656
1645035628249,1025.3656
1645035628288,1025.3585
1645035628326,1025.3585
1645035628365,1025.3585
1645035628401,1025.3585
1645035628441,1025.3577
1645035628478,1025.3577
1645035628517,1025.3577
1645035628555,1025.3577
1645035628606,1025.3586
1645035628633,1025.3586
1645035628669,1025.3586
1645035628709,1025.3586
1645035628747,1025.348
1645035628788,1025.348
1645035628824,1025.348
1645035628866,1025.348
1645035628901,1025.3389
1645035628941,1025.3389
1645035628979,1025.3389
1645035629018,1025.3389
1645035629057,1025.3351
1645035629094,1025.3351
1645035629142,1025.3351
1645035629173,1025.3351
1645035629209,1025.3376
1645035629247,1025.3376
1645035629286,1025.3376
1645035629325,1025.3376
1645035629363,1025.3368
1645035629405,1025.3368
1645035629440,1025.3368
1645035629481,1025.3368
1645035629518,1025.3347
1645035629556,1025.3347
1645035629594,1025.3347
1645035629633,1025.3347
1645035629672,1025.349
1645035629714,1025.349
1645035629749,1025.349
1645035629787,1025.349
1645035629825,1025.349
1645035629864,1025.3502
1645035629903,1025.3502
1645035629939,1025.3502
1645035629980,1025.3502
1645035630017,1025.3452
1645035630074,1025.3452
1645035630094,1025.3452
1645035630134,1025.3452
1645035630173,1025.3411
1645035630208,1025.3411
1645035630247,1025.3411
1645035630285,1025.3411
1645035630325,1025.3403
1645035630364,1025.3403
1645035630401,1025.3403
1645035630442,1025.3403
1645035630480,1025.3433
1645035630518,1025.3433
1645035630556,1025.3433
1645035630596,1025.3433
1645035630633,1025.3441
1645035630676,1025.3441
1645035630711,1025.3441
1645035630755,1025.3441
1645035630785,1025.3436
1645035630825,1025.3436
1645035630866,1025.3436
1645035630901,1025.3436
1645035630941,1025.3446
1645035630979,1025.3446
1645035631016,1025.3446
1645035631055,1025.3446
1645035631096,1025.3374
1645035631133,1025.3374
1645035631179,1025.3374
1645035631214,1025.3374
1645035631247,1025.3229
1645035631285,1025.3229
1645035631322,1025.3229
1645035631367,1025.3229
1645035631400,1025.3086
1645035631439,1025.3086
1645035631481,1025.3086
1645035631517,1025.3086
1645035631557,1025.2997
1645035631596,1025.2997
1645035631631,1025.2997
1645035631670,1025.2997
1645035631709,1025.2997
1645035631747,1025.2997
1645035631788,1025.2997
1645035631824,1025.2997
1645035631865,1025.2997
1645035631902,1025.299
1645035631949,1025.299
1645035631979,1025.299
1645035632018,1025.299
1645035632054,1025.2968
1645035632093,1025.2968
1645035632132,1025.2968
1645035632171,1025.2968
1645035632219,1025.29
1645035632250,1025.29
1645035632284,1025.29
1645035632323,1025.29
1645035632362,1025.2876
1645035632401,1025.2876
1645035632439,1025.2876
1645035632479,1025.2876
1645035632516,1025.2767
1645035632556,1025.2767
1645035632592,1025.2767
1645035632634,1025.2767
1645035632671,1025.2695
1645035632708,1025.2695
1645035632746,1025.2695
1645035632800,1025.2695
1645035632823,1025.2637
1645035632861,1025.2637
1645035632903,1025.2637
1645035632938,1025.2637
1645035632977,1025.2599
1645035633018,1025.2599
1645035633056,1025.2599
1645035633093,1025.2599
1645035633131,1025.2659
1645035633170,1025.2659
1645035633210,1025.2659
1645035633247,1025.2659
1645035633285,1025.2583
1645035633326,1025.2583
1645035633360,1025.2583
1645035633400,1025.2583
1645035633439,1025.2583
1645035633478,1025.2583
1645035633516,1025.2583
1645035633555,1025.2583
1645035633592,1025.2595
1645035633632,1025.2595
1645035633668,1025.2595
1645035633707,1025.2595
1645035633748,1025.2461
1645035633787,1025.2461
1645035633825,1025.2461
1645035633862,1025.2461
1645035633899,1025.2461
1645035633938,1025.2318
1645035633979,1025.2318
1645035634017,1025.2318
1645035634054,1025.2318
1645035634093,1025.2196
1645035634131,1025.2196
1645035634173,1025.2196
1645035634207,1025.2196
1645035634248,1025.2189
1645035634287,1025.2189
1645035634323,1025.2189
1645035634361,1025.2189
1645035634403,1025.2155
1645035634440,1025.2155
1645035634478,1025.2155
1645035634515,1025.2155
1645035634555,1025.2092
1645035634592,1025.2092
1645035634630,1025.2092
1645035634669,1025.2092
1645035634708,1025.1984
1645035634748,1025.1984
1645035634785,1025.1984
1645035634824,1025.1984
1645035634866,1025.2142
1645035634901,1025.2142
1645035634939,1025.2142
1645035634978,1025.2142
1645035635017,1025.2017
1645035635055,1025.2017
1645035635092,1025.2017
1645035635130,1025.2017
1645035635169,1025.1895
1645035635209,1025.1895
1645035635247,1025.1895
1645035635285,1025.1895
1645035635323,1025.1844
1645035635363,1025.1844
1645035635404,1025.1844
1645035635438,1025.1844
1645035635477,1025.1719
1645035635517,1025.1719
1645035635555,1025.1719
1645035635594,1025.1719
1645035635634,1025.1685
1645035635669,1025.1685
1645035635709,1025.1685
1645035635752,1025.1685
1645035635784,1025.16
1645035635824,1025.16
1645035635865,1025.16
1645035635901,1025.16
1645035635941,1025.1613
1645035635977,1025.1613
1645035636059,1025.1613
1645035636059,1025.1613
1645035636093,1025.1613
1645035636131,1025.253
1645035636168,1025.253
1645035636206,1025.253
1645035636245,1025.253
1645035636286,1025.2109
1645035636324,1025.2109
1645035636360,1025.2109
1645035636403,1025.2109
1645035636438,1025.2069
1645035636476,1025.2069
1645035636517,1025.2069
1645035636552,1025.2069
1645035636597,1025.2186
1645035636633,1025.2186
1645035636668,1025.2186
1645035636709,1025.2186
1645035636745,1025.2653
1645035636785,1025.2653
1645035636825,1025.2653
1645035636866,1025.2653
1645035636901,1025.1584
1645035636940,1025.1584
1645035636976,1025.1584
1645035637013,1025.1584
1645035637052,1025.1215
1645035637097,1025.1215
1645035637133,1025.1215
1645035637169,1025.1215
1645035637207,1025.0845
1645035637254,1025.0845
1645035637284,1025.0845
1645035637356,1025.0845
1645035637366,1025.0537
1645035637400,1025.0537
1645035637442,1025.0537
1645035637477,1025.0537
1645035637514,1025.0614
1645035637551,1025.0614
1645035637591,1025.0614
1645035637630,1025.0614
1645035637669,1025.0463
1645035637708,1025.0463
1645035637764,1025.0463
1645035637786,1025.0463
1645035637823,1025.0394
1645035637863,1025.0394
1645035637900,1025.0394
1645035637938,1025.0394
1645035637976,1025.0404
1645035638015,1025.0404
1645035638055,1025.0404
1645035638096,1025.0404
1645035638131,1025.0404
1645035638169,1025.0471
1645035638209,1025.0471
1645035638247,1025.0471
1645035638284,1025.0471
1645035638322,1025.0483
1645035638377,1025.0483
1645035638406,1025.0483
1645035638439,1025.0483
1645035638482,1025.0442
1645035638518,1025.0442
1645035638553,1025.0442
1645035638593,1025.0442
1645035638630,1025.0476
1645035638668,1025.0476
1645035638749,1025.0476
1645035638754,1025.0476
1645035638783,1025.0488
1645035638827,1025.0488
1645035638863,1025.0488
1645035638899,1025.0488
1645035638936,1025.0531
1645035638985,1025.0531
1645035639019,1025.0531
1645035639053,1025.0531
1645035639090,1025.0548
1645035639128,1025.0548
1645035639168,1025.0548
1645035639204,1025.0548
1645035639243,1025.0615
1645035639281,1025.0615
1645035639321,1025.0615
1645035639358,1025.0615
1645035639398,1025.056
1645035639468,1025.056
1645035639479,1025.056
1645035639564,1025.056
1645035639564,1025.0569
1645035639628,1025.0569
1645035639629,1025.0569
1645035639674,1025.0569
1645035639705,1025.0619
1645035639742,1025.0619
1645035639781,1025.0619
1645035639822,1025.0619
1645035639858,1025.0629
1645035639897,1025.0629
1645035639935,1025.0629
1645035639974,1025.0629
1645035640013,1025.0645
1645035640050,1025.0645
1645035640090,1025.0645
1645035640128,1025.0645
1645035640166,1025.0645
1645035640205,1025.0696
1645035640243,1025.0696
1645035640282,1025.0696
1645035640322,1025.0696
1645035640359,1025.0691
1645035640398,1025.0691
1645035684116,1025.9703
1645035684117,1025.9703
1645035684158,1025.9703
1645035684194,1025.9703
1645035684232,1025.9636
1645035684271,1025.9636
1645035684309,1025.9636
1645035684347,1025.9636
1645035684387,1025.9628
1645035684428,1025.9628
1645035684464,1025.9628
1645035684502,1025.9628
1645035684541,1025.9597
1645035684584,1025.9597
1645035684621,1025.9597
1645035684657,1025.9597
1645035684695,1025.9656
1645035684735,1025.9656
1645035684771,1025.9656
1645035684810,1025.9656
1645035684848,1025.971
1645035684887,1025.971
1645035684925,1025.971
1645035684963,1025.971
1645035685002,1025.9764
1645035685043,1025.9764
1645035685078,1025.9764
1645035685117,1025.9764
1645035685155,1025.9814
1645035685194,1025.9814
1645035685234,1025.9814
1645035685271,1025.9814
1645035685309,1025.9915
1645035685347,1025.9915
1645035685385,1025.9915
1645035685427,1025.9915
1645035685464,1025.9994
1645035685501,1025.9994
1645035685571,1025.9994
1645035685590,1025.9994
1645035685616,1026.0023
1645035685655,1026.0023
1645035685694,1026.0023
1645035685732,1026.0023
1645035685770,1026.0111
1645035685816,1026.0111
1645035685855,1026.0111
1645035685893,1026.0111
1645035685988,1026.0099
1645035685989,1026.0099
1645035686009,1026.0099
1645035686080,1026.0099
1645035686089,1026.0061
1645035686127,1026.0061
1645035686154,1026.0061
1645035686311,1025.9924
1645035686312,1025.9924
1645035686388,1025.9924
1645035686388,1025.9924
1645035686428,1025.9946
1645035686462,1025.9946
1645035686503,1025.9946
1645035686541,1025.9946
1645035686582,1026.0194
1645035686619,1026.0194
1645035686656,1026.0194
1645035686698,1026.0194
1645035686732,1026.021
1645035686771,1026.021
1645035686810,1026.021
1645035686852,1026.021
1645035686894,1026.0205
1645035686927,1026.0205
1645035686972,1026.0205
1645035687001,1026.0205
1645035687053,1026.016
1645035687078,1026.016
1645035687120,1026.016
1645035687159,1026.016
1645035687194,1026.015
1645035687235,1026.015
1645035687271,1026.015
1645035687309,1026.015
1645035687351,1026.0071
1645035687387,1026.0071
1645035687428,1026.0071
1645035687464,1026.0071
1645035687504,1025.9995
1645035687539,1025.9995
1645035687580,1025.9995
1645035687618,1025.9995
1645035687658,1026.007
1645035687701,1026.007
1645035687738,1026.007
1645035687770,1026.007
1645035687809,1025.9856
1645035687848,1025.9856
1645035687940,1025.9856
1645035687941,1025.9856
1645035688040,1025.9863
1645035688040,1025.9863
1645035688041,1025.9863
1645035688077,1025.9863
1645035688118,1025.983
1645035688155,1025.983
1645035688194,1025.983
1645035688232,1025.983
1645035688269,1025.983
1645035688309,1025.9918
1645035688347,1025.9918
1645035688428,1025.9918
1645035688429,1025.9918
1645035688463,1025.9708
1645035688503,1025.9708
1645035688541,1025.9708
1645035688580,1025.9708
1645035688618,1025.9564
1645035688656,1025.9564
1645035688694,1025.9564
1645035688735,1025.9564
1645035688771,1025.9401
1645035688810,1025.9401
1645035688849,1025.9401
1645035688887,1025.9401
1645035688929,1025.9425
1645035688970,1025.9425
1645035689005,1025.9425
1645035689047,1025.9425
1645035689079,1025.9274
1645035689117,1025.9274
1645035689156,1025.9274
1645035689195,1025.9274
1645035689233,1025.9224
1645035689272,1025.9224
1645035689308,1025.9224
1645035689347,1025.9224
1645035689386,1025.9088
1645035689428,1025.9088
1645035689463,1025.9088
1645035689502,1025.9088
1645035689540,1025.9098
1645035689579,1025.9098
1645035689617,1025.9098
1645035689656,1025.9098
1645035689696,1025.9009
1645035689734,1025.9009
1645035689780,1025.9009
1645035689808,1025.9009
1645035689851,1025.8907
1645035689887,1025.8907
1645035689958,1025.8907
1645035689987,1025.8907
1645035690042,1025.898
1645035690043,1025.898
1645035690078,1025.898
1645035690117,1025.898
1645035690158,1025.9064
1645035690195,1025.9064
1645035690233,1025.9064
1645035690271,1025.9064
1645035690310,1025.9064
1645035690349,1025.8962
1645035690386,1025.8962
1645035690426,1025.8962
1645035690464,1025.8962
1645035690503,1025.8907
1645035690540,1025.8907
1645035690595,1025.8907
1645035690617,1025.8907
1645035690654,1025.8934
1645035690694,1025.8934
1645035690733,1025.8934
1645035690771,1025.8934
1645035690815,1025.8934
1645035690850,1025.8934
1645035690885,1025.8934
1645035690926,1025.8934
1645035690964,1025.8859
1645035691005,1025.8859
1645035691042,1025.8859
1645035691079,1025.8859
1645035691117,1025.8909
1645035691156,1025.8909
1645035691197,1025.8909
1645035691246,1025.8909
1645035691272,1025.896
1645035691311,1025.896
1645035691347,1025.896
1645035691386,1025.896
1645035691424,1025.9005
1645035691464,1025.9005
1645035691500,1025.9005
1645035691539,1025.9005
1645035691577,1025.8779
1645035691615,1025.8779
1645035691655,1025.8779
1645035691694,1025.8779
1645035691731,1025.8666
1645035691771,1025.8666
1645035691808,1025.8666
1645035691846,1025.8666
1645035691885,1025.8674
1645035691924,1025.8674
1645035691970,1025.8674
1645035692001,1025.8674
1645035692039,1025.891
1645035692080,1025.891
1645035692117,1025.891
1645035692155,1025.891
1645035692193,1025.8989
1645035692233,1025.8989
1645035692271,1025.8989
1645035692318,1025.8989
1645035692347,1025.8989
1645035692387,1025.8809
1645035692425,1025.8809
1645035692463,1025.8809
1645035692500,1025.8809
1645035692546,1025.8674
1645035692578,1025.8674
1645035692617,1025.8674
1645035692655,1025.8674
1645035692693,1025.8885
1645035692733,1025.8885
1645035692770,1025.8885
1645035692809,1025.8885
1645035692846,1025.8645
1645035692886,1025.8645
1645035692924,1025.8645
1645035692963,1025.8645
1645035693002,1025.8519
1645035693068,1025.8519
1645035693085,1025.8519
1645035693119,1025.8519
1645035693154,1025.8445
1645035693193,1025.8445
1645035693232,1025.8445
1645035693272,1025.8445
1645035693309,1025.8373
1645035693348,1025.8373
1645035693385,1025.8373
1645035693425,1025.8373
1645035693471,1025.8163
1645035693499,1025.8163
1645035693540,1025.8163
1645035693578,1025.8163
1645035693614,1025.8057
1645035693655,1025.8057
1645035693698,1025.8057
1645035693734,1025.8057
1645035693771,1025.7965
1645035693808,1025.7965
1645035693847,1025.7965
1645035693885,1025.7965
1645035693934,1025.775
1645035693960,1025.775
1645035694000,1025.775
1645035694039,1025.775
1645035694077,1025.7784
1645035694119,1025.7784
1645035694161,1025.7784
1645035694193,1025.7784
1645035694233,1025.7705
1645035694271,1025.7705
1645035694308,1025.7705
1645035694346,1025.7705
1645035694385,1025.7705
1645035694424,1025.7681
1645035694463,1025.7681
1645035694502,1025.7681
1645035694540,1025.7681
1645035694578,1025.7832
1645035694616,1025.7832
1645035694655,1025.7832
1645035694695,1025.7832
1645035694731,1025.7706
1645035694771,1025.7706
1645035694807,1025.7706
1645035694847,1025.7706
1645035694886,1025.761
1645035694922,1025.761
1645035694962,1025.761
1645035694999,1025.761
1645035695038,1025.7504
1645035695077,1025.7504
1645035695116,1025.7504
1645035695160,1025.7504
1645035695194,1025.7369
1645035695231,1025.7369
1645035695271,1025.7369
1645035695307,1025.7369
1645035695346,1025.7345
1645035695385,1025.7345
1645035695426,1025.7345
1645035695462,1025.7345
1645035695500,1025.7256
1645035695539,1025.7256
1645035695578,1025.7256
1645035695616,1025.7256
1645035695655,1025.7181
1645035695693,1025.7181
1645035695731,1025.7181
1645035695769,1025.7181
1645035695816,1025.7316
1645035695850,1025.7316
1645035695891,1025.7316
1645035695923,1025.7316
1645035695965,1025.7391
1645035696003,1025.7391
1645035696040,1025.7391
1645035696076,1025.7391
1645035696116,1025.7522
1645035696156,1025.7522
1645035696205,1025.7522
1645035696231,1025.7522
1645035696268,1025.7472
1645035696309,1025.7472
1645035696348,1025.7472
1645035696386,1025.7472
1645035696425,1025.7472
1645035696464,1025.7468
1645035696501,1025.7468
1645035696539,1025.7468
1645035696577,1025.7468
1645035696617,1025.7186
1645035696674,1025.7186
1645035696700,1025.7186
1645035696731,1025.7186
1645035696769,1025.706
1645035696808,1025.706
1645035696846,1025.706
1645035696886,1025.706
1645035696924,1025.6938
1645035696963,1025.6938
1645035697002,1025.6938
1645035697039,1025.6938
1645035697078,1025.7006
1645035697116,1025.7006
1645035697155,1025.7006
1645035697199,1025.7006
1645035697232,1025.6906
1645035697268,1025.6906
1645035697306,1025.6906
1645035697364,1025.6906
1645035697384,1025.6776
1645035697422,1025.6776
1645035697462,1025.6776
1645035697500,1025.6776
1645035697538,1025.6754
1645035697578,1025.6754
1645035697616,1025.6754
1645035697653,1025.6754
1645035697692,1025.678
1645035697730,1025.678
1645035697769,1025.678
1645035697807,1025.678
1645035697850,1025.6776
1645035697890,1025.6776
1645035697924,1025.6776
1645035697962,1025.6776
1645035698002,1025.6768
1645035698038,1025.6768
1645035698079,1025.6768
1645035698117,1025.6768
1645035698155,1025.6827
1645035698191,1025.6827
1645035698232,1025.6827
1645035698284,1025.6827
1645035698307,1025.6798
1645035698349,1025.6798
1645035698385,1025.6798
1645035698423,1025.6798
1645035698462,1025.6798
1645035698500,1025.6781
1645035698541,1025.6781
1645035698577,1025.6781
1645035698617,1025.6781
1645035698654,1025.6735
1645035698696,1025.6735
1645035698731,1025.6735
1645035698769,1025.6735
1645035698808,1025.6812
1645035698845,1025.6812
1645035698896,1025.6812
1645035698925,1025.6812
1645035698961,1025.6774
1645035698999,1025.6774
1645035699058,1025.6774
1645035699076,1025.6774
1645035699122,1025.6849
1645035699153,1025.6849
1645035699193,1025.6849
1645035699237,1025.6849
1645035699271,1025.6827
1645035699306,1025.6827
1645035699346,1025.6827
1645035699383,1025.6827
1645035699421,1025.6879
1645035699462,1025.6879
1645035699500,1025.6879
1645035699541,1025.6879
1645035699576,1025.6929
1645035699615,1025.6929
1645035699656,1025.6929
1645035699694,1025.6929
1645035699730,1025.6904
1645035699770,1025.6904
1645035699813,1025.6904
1645035699846,1025.6904
1645035699884,1025.6897
1645035699926,1025.6897
1645035699961,1025.6897
1645035700007,1025.6897
1645035700036,1025.6884
1645035700076,1025.6884
1645035700113,1025.6884
1645035700151,1025.6884
1645035700192,1025.6796
1645035700232,1025.6796
1645035700269,1025.6796
1645035700311,1025.6796
1645035700345,1025.6703
1645035700386,1025.6703
1645035700422,1025.6703
1645035700461,1025.6703
1645035700512,1025.6703
1645035700547,1025.659
1645035700580,1025.659
1645035700617,1025.659
1645035700655,1025.659
1645035700692,1025.68
1645035700730,1025.68
1645035700770,1025.68
1645035700806,1025.68
1645035700846,1025.6713
1645035700883,1025.6713
1645035700922,1025.6713
1645035700960,1025.6713
1645035701000,1025.652
1645035701038,1025.652
1645035701076,1025.652
1645035701115,1025.652
1645035701152,1025.6716
1645035701192,1025.6716
1645035701250,1025.6716
1645035701272,1025.6716
1645035701306,1025.6464
1645035701344,1025.6464
1645035701383,1025.6464
1645035701424,1025.6464
1645035701460,1025.6263
1645035701501,1025.6263
1645035701537,1025.6263
1645035701576,1025.6263
1645035701615,1025.6141
1645035701653,1025.6141
1645035701692,1025.6141
1645035701739,1025.6141
1645035701769,1025.6107
1645035701807,1025.6107
1645035701848,1025.6107
1645035701885,1025.6107
1645035701928,1025.5864
1645035701966,1025.5864
1645035701998,1025.5864
1645035702037,1025.5864
1645035702078,1025.5725
1645035702121,1025.5725
1645035702152,1025.5725
1645035702189,1025.5725
1645035702231,1025.5592
1645035702267,1025.5592
1645035702324,1025.5592
1645035702352,1025.5592
1645035702386,1025.5436
1645035702420,1025.5436
1645035702460,1025.5436
1645035702498,1025.5436
1645035702538,1025.5436
1645035702579,1025.5377
1645035702617,1025.5377
1645035702652,1025.5377
1645035702692,1025.5377
1645035702729,1025.5411
1645035702772,1025.5411
1645035702812,1025.5411
1645035702845,1025.5411
1645035702891,1025.5457
1645035702921,1025.5457
1645035702962,1025.5457
1645035702998,1025.5457
1645035703042,1025.5327
1645035703076,1025.5327
1645035703116,1025.5327
1645035703152,1025.5327
1645035703191,1025.5276
1645035703229,1025.5276
1645035703270,1025.5276
1645035703319,1025.5276
1645035703347,1025.5209
1645035703383,1025.5209
1645035703424,1025.5209
1645035703460,1025.5209
1645035703500,1025.5083
1645035703540,1025.5083
1645035703574,1025.5083
1645035703614,1025.5083
1645035703652,1025.5059
1645035703693,1025.5059
1645035703730,1025.5059
1645035703768,1025.5059
1645035703807,1025.4979
1645035703848,1025.4979
1645035703883,1025.4979
1645035703921,1025.4979
1645035703959,1025.5012
1645035704003,1025.5012
1645035704037,1025.5012
1645035704079,1025.5012
1645035704114,1025.5109
1645035704156,1025.5109
1645035704192,1025.5109
1645035704228,1025.5109
1645035704267,1025.4991
1645035704307,1025.4991
1645035704349,1025.4991
1645035704385,1025.4991
1645035704422,1025.4841
1645035704460,1025.4841
1645035704519,1025.4841
1645035704536,1025.4841
1645035704575,1025.4841
1645035704614,1025.4807
1645035704656,1025.4807
1645035704691,1025.4807
1645035704730,1025.4807
1645035704773,1025.4904
1645035704807,1025.4904
1645035704851,1025.4904
1645035704883,1025.4904
1645035704920,1025.4762
1645035704961,1025.4762
1645035705014,1025.4762
1645035705042,1025.4762
1645035705074,1025.4681
1645035705114,1025.4681
1645035705157,1025.4681
1645035705190,1025.4681
1645035705231,1025.4631
1645035705269,1025.4631
1645035705305,1025.4631
1645035705344,1025.4631
1645035705410,1025.4607
1645035705425,1025.4607
1645035705458,1025.4607
1645035705497,1025.4607
1645035705538,1025.4568
1645035705574,1025.4568
1645035705615,1025.4568
1645035705652,1025.4568
1645035705691,1025.456
1645035705729,1025.456
1645035705768,1025.456
1645035705806,1025.456
1645035705844,1025.4594
1645035705882,1025.4594
1645035705923,1025.4594
1645035705959,1025.4594
1645035705997,1025.4421
1645035706037,1025.4421
1645035706085,1025.4421
1645035706113,1025.4421
1645035706153,1025.4414
1645035706190,1025.4414
1645035706229,1025.4414
1645035706266,1025.4414
1645035706305,1025.4406
1645035706344,1025.4406
1645035706383,1025.4406
1645035706426,1025.4406
1645035706458,1025.4452
1645035706496,1025.4452
1645035706537,1025.4452
1645035706575,1025.4452
1645035706619,1025.4452
1645035706653,1025.4569
1645035706694,1025.4569
1645035706728,1025.4569
1645035706768,1025.4569
1645035706810,1025.4646
1645035706847,1025.4646
1645035706883,1025.4646
1645035706927,1025.4646
1645035706959,1025.4574
1645035706996,1025.4574
1645035707036,1025.4574
1645035707076,1025.4574
1645035707121,1025.4473
1645035707152,1025.4473
1645035707190,1025.4473
1645035707228,1025.4473
1645035707267,1025.4347
1645035707304,1025.4347
1645035707344,1025.4347
1645035707383,1025.4347
1645035707423,1025.4342
1645035707460,1025.4342
1645035707500,1025.4342
1645035707539,1025.4342
1645035707576,1025.4292
1645035707614,1025.4292
1645035707653,1025.4292
1645035707689,1025.4292
1645035707729,1025.4342
1645035707780,1025.4342
1645035707804,1025.4342
1645035707848,1025.4342
1645035707882,1025.4426
1645035707922,1025.4426
1645035707959,1025.4426
1645035707999,1025.4426
1645035708036,1025.4318
1645035708074,1025.4318
1645035708114,1025.4318
1645035708152,1025.4318
1645035708192,1025.4268
1645035708227,1025.4268
1645035708267,1025.4268
1645035708306,1025.4268
1645035708345,1025.4293
1645035708382,1025.4293
1645035708422,1025.4293
1645035708459,1025.4293
1645035708499,1025.4092
1645035708537,1025.4092
1645035708575,1025.4092
1645035708615,1025.4092
1645035708651,1025.4092
1645035708690,1025.399
1645035708730,1025.399
1645035708766,1025.399
1645035708811,1025.399
1645035708843,1025.3885
1645035708881,1025.3885
1645035708923,1025.3885
1645035708970,1025.3885
1645035709008,1025.3986
1645035709036,1025.3986
1645035709073,1025.3986
1645035709112,1025.3986
1645035709155,1025.3927
1645035709191,1025.3927
1645035709230,1025.3927
1645035709267,1025.3927
1645035709308,1025.3856
1645035709344,1025.3856
1645035709388,1025.3856
1645035709420,1025.3856
1645035709459,1025.3738
1645035709504,1025.3738
1645035709535,1025.3738
1645035709574,1025.3738
1645035709613,1025.3815
1645035709651,1025.3815
1645035709691,1025.3815
1645035709729,1025.3815
1645035709769,1025.3629
1645035709805,1025.3629
1645035709843,1025.3629
1645035709899,1025.3629
1645035709920,1025.3605
1645035709959,1025.3605
1645035709997,1025.3605
1645035710037,1025.3605
1645035710074,1025.3538
1645035710111,1025.3538
1645035710150,1025.3538
1645035710188,1025.3538
1645035710233,1025.35
1645035710265,1025.35
1645035710306,1025.35
1645035710343,1025.35
1645035710380,1025.3307
1645035710422,1025.3307
1645035710459,1025.3307
1645035710496,1025.3307
1645035710534,1025.3223
1645035710573,1025.3223
1645035710617,1025.3223
1645035710666,1025.3223
1645035710692,1025.3104
1645035710728,1025.3104
1645035710764,1025.3104
1645035710808,1025.3104
1645035710842,1025.3104
1645035710883,1025.2831
1645035710924,1025.2831
1645035710959,1025.2831
1645035710998,1025.2831
1645035711034,1025.2903
1645035711078,1025.2903
1645035711112,1025.2903
1645035711151,1025.2903
1645035711190,1025.2881
1645035711229,1025.2881
1645035711265,1025.2881
1645035711306,1025.2881
1645035711345,1025.2932
1645035711383,1025.2932
1645035711419,1025.2932
1645035711459,1025.2932
1645035711506,1025.2975
1645035711534,1025.2975
1645035711573,1025.2975
1645035711612,1025.2975
1645035711651,1025.2874
1645035711690,1025.2874
1645035711732,1025.2874
1645035711766,1025.2874
1645035711804,1025.2832
1645035711842,1025.2832
1645035711882,1025.2832
1645035711918,1025.2832
1645035711958,1025.2815
1645035711997,1025.2815
1645035712033,1025.2815
1645035712076,1025.2815
1645035712114,1025.3016
1645035712150,1025.3016
1645035712195,1025.3016
1645035712228,1025.3016
1645035712266,1025.2777
1645035712307,1025.2777
1645035712343,1025.2777
1645035712383,1025.2777
1645035712423,1025.2777
1645035712459,1025.2777
1645035712496,1025.2777
1645035712535,1025.2777
1645035712575,1025.2827
1645035712611,1025.2827
1645035712650,1025.2827
1645035712688,1025.2827
1645035712727,1025.2827
1645035712765,1025.2853
1645035712804,1025.2853
1645035712847,1025.2853
1645035712880,1025.2853
1645035712920,1025.2782
1645035712957,1025.2782
1645035712996,1025.2782
1645035713035,1025.2782
1645035713074,1025.2706
1645035713113,1025.2706
1645035713158,1025.2706
1645035713188,1025.2706
1645035713226,1025.2672
1645035713265,1025.2672
1645035713310,1025.2672
1645035713342,1025.2672
1645035713381,1025.2689
1645035713419,1025.2689
1645035713457,1025.2689
1645035713496,1025.2689
1645035713534,1025.2656
1645035713573,1025.2656
1645035713611,1025.2656
1645035713650,1025.2656
1645035713687,1025.2589
1645035713728,1025.2589
1645035713766,1025.2589
1645035713805,1025.2589
1645035713858,1025.2639
1645035713880,1025.2639
1645035713919,1025.2639
1645035713960,1025.2639
1645035713997,1025.2622
1645035714036,1025.2622
1645035714074,1025.2622
1645035714136,1025.2622
1645035714158,1025.2668
1645035714188,1025.2668
1645035714230,1025.2668
1645035714267,1025.2668
1645035714305,1025.2672
1645035714343,1025.2672
1645035714380,1025.2672
1645035714418,1025.2672
1645035714457,1025.287
1645035714496,1025.287
1645035714535,1025.287
1645035714573,1025.287
1645035714616,1025.298
1645035714649,1025.298
1645035714688,1025.298
1645035714736,1025.298
1645035714766,1025.298
1645035714805,1025.2853
1645035714843,1025.2853
1645035714896,1025.2853
1645035714919,1025.2853
1645035714958,1025.2533
1645035714995,1025.2533
1645035715034,1025.2533
1645035715074,1025.2533
1645035715110,1025.25
1645035715162,1025.25
1645035715188,1025.25
1645035715228,1025.25
1645035715266,1025.245
1645035715303,1025.245
1645035715342,1025.245
1645035715379,1025.245
1645035715418,1025.2454
1645035715457,1025.2454
1645035715495,1025.2454
1645035715536,1025.2454
1645035715573,1025.2012
1645035715610,1025.2012
1645035715650,1025.2012
1645035715689,1025.2012
1645035715726,1025.1793
1645035715765,1025.1793
1645035715804,1025.1793
1645035715842,1025.1793
1645035715881,1025.1776
1645035715928,1025.1776
1645035715966,1025.1776
1645035715996,1025.1776
1645035716037,1025.19
1645035716072,1025.19
1645035716127,1025.19
1645035716151,1025.19
1645035716189,1025.158
1645035716229,1025.158
1645035716265,1025.158
1645035716304,1025.158
1645035716342,1025.144
1645035716413,1025.144
1645035716429,1025.144
1645035716457,1025.144
1645035716499,1025.1642
1645035716565,1025.1642
1645035716575,1025.1642
1645035716612,1025.1642
1645035716649,1025.223
1645035716687,1025.223
1645035716762,1025.223
1645035716763,1025.223
1645035716801,1025.223
1645035716841,1025.1827
1645035716883,1025.1827
1645035716918,1025.1827
1645035716958,1025.1827
1645035716996,1025.1255
1645035717034,1025.1255
1645035717072,1025.1255
1645035717113,1025.1255
1645035717149,1025.1138
1645035717189,1025.1138
1645035717229,1025.1138
1645035717263,1025.1138
1645035717306,1025.1198
1645035717341,1025.1198
1645035717380,1025.1198
1645035717422,1025.1198
1645035717456,1025.1322
1645035717494,1025.1322
1645035717533,1025.1322
1645035717572,1025.1322
1645035717612,1025.1298
1645035717651,1025.1298
1645035717687,1025.1298
1645035717727,1025.1298
1645035717771,1025.1315
1645035717803,1025.1315
1645035717842,1025.1315
1645035717880,1025.1315
1645035717918,1025.1315
1645035717958,1025.1315
1645035717996,1025.1315
1645035718035,1025.1315
1645035718072,1025.128
1645035718112,1025.128
1645035718150,1025.128
1645035718190,1025.128
1645035718251,1025.1223
1645035718262,1025.1223
1645035718329,1025.1223
1645035718340,1025.1223
1645035718440,1025.1105
1645035718441,1025.1105
1645035718536,1025.1105
1645035718536,1025.1105
1645035718537,1025.1129
1645035718605,1025.1129
1645035718608,1025.1129
1645035718646,1025.1129
1645035718690,1025.102
1645035718724,1025.102
1645035718762,1025.102
1645035718800,1025.102
1645035718838,1025.102
1645035718878,1025.0898
1645035718917,1025.0898
1645035718959,1025.0898
1645035719023,1025.0898
1645035719066,1025.0781
1645035719124,1025.0781
1645035719124,1025.0781
1645035719166,1025.0781
1645035719191,1025.0697
1645035719223,1025.0697
1645035719263,1025.0697
1645035719300,1025.0697
1645035719340,1025.0646
1645035719378,1025.0646
1645035719416,1025.0646
1645035719455,1025.0646
1645035719494,1025.0579
1645035719533,1025.0579
1645035719570,1025.0579
1645035719613,1025.0579
1645035719647,1025.0537
1645035719685,1025.0537
1645035719724,1025.0537
1645035719762,1025.0537
1645035719802,1025.0494
1645035719840,1025.0494
1645035719878,1025.0494
1645035719916,1025.0494
1645035719959,1025.0453
1645035719995,1025.0453
1645035720032,1025.0453
1645035720069,1025.0453
1645035720109,1025.0403
1645035770980,1025.9095
1645035770980,1025.9095
1645035771019,1025.9095
1645035771057,1025.9095
1645035771095,1025.928
1645035771135,1025.928
1645035771173,1025.928
1645035771211,1025.928
1645035771249,1025.9354
1645035771288,1025.9354
1645035771327,1025.9354
1645035771367,1025.9354
1645035771411,1025.9441
1645035771443,1025.9441
1645035771481,1025.9441
1645035771521,1025.9441
1645035771558,1025.9469
1645035771596,1025.9469
1645035771635,1025.9469
1645035771677,1025.9469
1645035771714,1025.9519
1645035771751,1025.9519
1645035771790,1025.9519
1645035771827,1025.9519
1645035771865,1025.9506
1645035771911,1025.9506
1645035771942,1025.9506
1645035771980,1025.9506
1645035772018,1025.9594
1645035772058,1025.9594
1645035772095,1025.9594
1645035772134,1025.9594
1645035772177,1025.9791
1645035772219,1025.9791
1645035772253,1025.9791
1645035772287,1025.9791
1645035772365,1025.9694
1645035772366,1025.9694
1645035772453,1025.9694
1645035772453,1025.9694
1645035772479,1025.9731
1645035772518,1025.9731
1645035772556,1025.9731
1645035772601,1025.9731
1645035772663,1025.974
1645035772691,1025.974
1645035772711,1025.974
1645035772751,1025.974
1645035772826,1025.9823
1645035772859,1025.9823
1645035772913,1025.9823
1645035772914,1025.9823
1645035773057,1025.9795
1645035773057,1025.9795
1645035773095,1025.9795
1645035773137,1025.9785
1645035773174,1025.9785
1645035773213,1025.9785
1645035773252,1025.9785
1645035773291,1025.9785
1645035773328,1025.9785
1645035773366,1025.9785
1645035773405,1025.9785
1645035773443,1025.971
1645035773483,1025.971
1645035773523,1025.971
1645035773569,1025.971
1645035773601,1025.9725
1645035773635,1025.9725
1645035773673,1025.9725
1645035773715,1025.9725
1645035773753,1025.9742
1645035773792,1025.9742
1645035773828,1025.9742
1645035773866,1025.9742
1645035773904,1025.9675
1645035773942,1025.9675
1645035773982,1025.9675
1645035774023,1025.9675
1645035774075,1025.963
1645035774097,1025.963
1645035774134,1025.963
1645035774172,1025.963
1645035774211,1025.9474
1645035774251,1025.9474
1645035774294,1025.9474
1645035774332,1025.9474
1645035774367,1025.9507
1645035774408,1025.9507
1645035774442,1025.9507
1645035774480,1025.9507
1645035774521,1025.9491
1645035774560,1025.9491
1645035774599,1025.9491
1645035774637,1025.9491
1645035774673,1025.9457
1645035774711,1025.9457
1645035774748,1025.9457
1645035774832,1025.9457
1645035774832,1025.9474
1645035774912,1025.9474
1645035774912,1025.9474
1645035774977,1025.9474
1645035774981,1025.9432
1645035775018,1025.9432
1645035775060,1025.9432
1645035775156,1025.9432
1645035775156,1025.9432
1645035775177,1025.9432
1645035775211,1025.9432
1645035775252,1025.9432
1645035775295,1025.9432
1645035775329,1025.9264
1645035775366,1025.9264
1645035775405,1025.9264
1645035775445,1025.9264
1645035775483,1025.9214
1645035775519,1025.9214
1645035775559,1025.9214
1645035775597,1025.9214
1645035775635,1025.9078
1645035775676,1025.9078
1645035775712,1025.9078
1645035775750,1025.9078
1645035775792,1025.9037
1645035775829,1025.9037
1645035775865,1025.9037
1645035775907,1025.9037
1645035775943,1025.9076
1645035775982,1025.9076
1645035776019,1025.9076
1645035776064,1025.9076
1645035776095,1025.9155
1645035776134,1025.9155
1645035776174,1025.9155
1645035776213,1025.9155
1645035776253,1025.9215
1645035776290,1025.9215
1645035776326,1025.9215
1645035776365,1025.9215
1645035776405,1025.9365
1645035776443,1025.9365
1645035776481,1025.9365
1645035776521,1025.9365
1645035776558,1025.9308
1645035776597,1025.9308
1645035776635,1025.9308
1645035776674,1025.9308
1645035776713,1025.932
1645035776751,1025.932
1645035776788,1025.932
1645035776844,1025.932
1645035776881,1025.9346
1645035776942,1025.9346
1645035776943,1025.9346
1645035776997,1025.9346
1645035777018,1025.9425
1645035777057,1025.9425
1645035777096,1025.9425
1645035777137,1025.9425
1645035777188,1025.9492
1645035777231,1025.9451
1645035777249,1025.9451
1645035777289,1025.9451
1645035777326,1025.9451
1645035777365,1025.9468
1645035777405,1025.9468
1645035777442,1025.9468
1645035777480,1025.9468
1645035777519,1025.9413
1645035777559,1025.9413
1645035777596,1025.9413
1645035777636,1025.9413
1645035777674,1025.9414
1645035777712,1025.9414
1645035777751,1025.9414
1645035777790,1025.9414
1645035777826,1025.9233
1645035777867,1025.9233
1645035777904,1025.9233
1645035777943,1025.9233
1645035777989,1025.93
1645035778018,1025.93
1645035778059,1025.93
1645035778100,1025.93
1645035778133,1025.922
1645035778171,1025.922
1645035778210,1025.922
1645035778248,1025.922
1645035778286,1025.9263
1645035778326,1025.9263
1645035778364,1025.9263
1645035778402,1025.9263
1645035778440,1025.9183
1645035778481,1025.9183
1645035778519,1025.9183
1645035778564,1025.9183
1645035778597,1025.9111
1645035778633,1025.9111
1645035778678,1025.9111
1645035778714,1025.9111
1645035778749,1025.9104
1645035778787,1025.9104
1645035778838,1025.9104
1645035778863,1025.9104
1645035778901,1025.8923
1645035778940,1025.8923
1645035778978,1025.8923
1645035779017,1025.8923
1645035779057,1025.883
1645035779095,1025.883
1645035779135,1025.883
1645035779173,1025.883
1645035779213,1025.8827
1645035779252,1025.8827
1645035779287,1025.8827
1645035779328,1025.8827
1645035779367,1025.8827
1645035779403,1025.8853
1645035779442,1025.8853
1645035779481,1025.8853
1645035779518,1025.8853
1645035779558,1025.8672
1645035779598,1025.8672
1645035779635,1025.8672
1645035779673,1025.8672
1645035779711,1025.8563
1645035779749,1025.8563
1645035779788,1025.8563
1645035779836,1025.8563
1645035779869,1025.8483
1645035779906,1025.8483
1645035779943,1025.8483
1645035779979,1025.8483
1645035780024,1025.8411
1645035780080,1025.8411
1645035780108,1025.8411
1645035780135,1025.8411
1645035780171,1025.8379
1645035780211,1025.8379
1645035780260,1025.8379
1645035780343,1025.8379
1645035780343,1025.8407
1645035780366,1025.8407
1645035780407,1025.8407
1645035780441,1025.8407
1645035780481,1025.8484
1645035780522,1025.8484
1645035780560,1025.8484
1645035780596,1025.8484
1645035780636,1025.8353
1645035780673,1025.8353
1645035780710,1025.8353
1645035780749,1025.8353
1645035780789,1025.8329
1645035780827,1025.8329
1645035780867,1025.8329
1645035780904,1025.8329
1645035780941,1025.8307
1645035780981,1025.8307
1645035781018,1025.8307
1645035781059,1025.8307
1645035781098,1025.83
1645035781135,1025.83
1645035781171,1025.83
1645035781213,1025.83
1645035781250,1025.8278
1645035781289,1025.8278
1645035781327,1025.8278
1645035781368,1025.8278
1645035781404,1025.8278
1645035781443,1025.8265
1645035781481,1025.8265
1645035781519,1025.8265
1645035781557,1025.8265
1645035781596,1025.8258
1645035781635,1025.8258
1645035781673,1025.8258
1645035781710,1025.8258
1645035781751,1025.8234
1645035781791,1025.8234
1645035781825,1025.8234
1645035781864,1025.8234
1645035781903,1025.8254
1645035781943,1025.8254
1645035781980,1025.8254
1645035782018,1025.8254
1645035782057,1025.8254
1645035782097,1025.8254
1645035782135,1025.8254
1645035782173,1025.8254
1645035782212,1025.8108
1645035782260,1025.8108
1645035782287,1025.8108
1645035782327,1025.8108
1645035782364,1025.8082
1645035782402,1025.8082
1645035782443,1025.8082
1645035782479,1025.8082
1645035782519,1025.796
1645035782557,1025.796
1645035782596,1025.796
1645035782634,1025.796
1645035782673,1025.7965
1645035782710,1025.7965
1645035782748,1025.7965
1645035782793,1025.7965
1645035782828,1025.7974
1645035782864,1025.7974
1645035782903,1025.7974
1645035782942,1025.7974
1645035782981,1025.8016
1645035783017,1025.8016
1645035783055,1025.8016
1645035783095,1025.8016
1645035783133,1025.7915
1645035783173,1025.7915
1645035783211,1025.7915
1645035783249,1025.7915
1645035783288,1025.7924
1645035783349,1025.7924
1645035783365,1025.7924
1645035783408,1025.7924
1645035783440,1025.7924
1645035783479,1025.7802
1645035783518,1025.7802
1645035783556,1025.7802
1645035783594,1025.7802
1645035783636,1025.7811
1645035783671,1025.7811
1645035783710,1025.7811
1645035783747,1025.7811
1645035783789,1025.7786
1645035783830,1025.7786
1645035783862,1025.7786
1645035783900,1025.7786
1645035783940,1025.7765
1645035783979,1025.7765
1645035784023,1025.7765
1645035784054,1025.7765
1645035784094,1025.784
1645035784134,1025.784
1645035784171,1025.784
1645035784210,1025.784
1645035784250,1025.7971
1645035784288,1025.7971
1645035784325,1025.7971
1645035784365,1025.7971
1645035784403,1025.7904
1645035784440,1025.7904
1645035784480,1025.7904
1645035784517,1025.7904
1645035784557,1025.7833
1645035784595,1025.7833
1645035784635,1025.7833
1645035784674,1025.7833
1645035784712,1025.7551
1645035784752,1025.7551
1645035784788,1025.7551
1645035784826,1025.7551
1645035784869,1025.7408
1645035784901,1025.7408
1645035784941,1025.7408
1645035784978,1025.7408
1645035785018,1025.73
1645035785056,1025.73
1645035785095,1025.73
1645035785133,1025.73
1645035785173,1025.7295
1645035785211,1025.7295
1645035785247,1025.7295
1645035785286,1025.7295
1645035785324,1025.725
1645035785364,1025.725
1645035785402,1025.725
1645035785440,1025.725
1645035785478,1025.725
1645035785517,1025.7107
1645035785555,1025.7107
1645035785595,1025.7107
1645035785633,1025.7107
1645035785675,1025.7032
1645035785709,1025.7032
1645035785748,1025.7032
1645035785786,1025.7032
1645035785828,1025.7036
1645035785863,1025.7036
1645035785901,1025.7036
1645035785945,1025.7036
1645035785980,1025.6796
1645035786020,1025.6796
1645035786056,1025.6796
1645035786098,1025.6796
1645035786136,1025.6704
1645035786172,1025.6704
1645035786210,1025.6704
1645035786249,1025.6704
1645035786286,1025.6582
1645035786326,1025.6582
1645035786362,1025.6582
1645035786400,1025.6582
1645035786440,1025.6523
1645035786478,1025.6523
1645035786518,1025.6523
1645035786579,1025.6523
1645035786595,1025.6482
1645035786640,1025.6482
1645035786671,1025.6482
1645035786709,1025.6482
1645035786749,1025.636
1645035786787,1025.636
1645035786824,1025.636
1645035786863,1025.636
1645035786900,1025.6301
1645035786941,1025.6301
1645035786982,1025.6301
1645035787017,1025.6301
1645035787059,1025.6078
1645035787093,1025.6078
1645035787132,1025.6078
1645035787172,1025.6078
1645035787210,1025.5919
1645035787249,1025.5919
1645035787286,1025.5919
1645035787325,1025.5919
1645035787366,1025.5878
1645035787401,1025.5878
1645035787441,1025.5878
1645035787481,1025.5878
1645035787518,1025.5878
1645035787557,1025.5878
1645035787593,1025.5878
1645035787633,1025.5878
1645035787672,1025.5878
1645035787709,1025.589
1645035787781,1025.589
1645035787796,1025.589
1645035787824,1025.589
1645035787862,1025.5814
1645035787902,1025.5814
1645035787941,1025.5814
1645035787979,1025.5814
1645035788016,1025.5702
1645035788054,1025.5702
1645035788094,1025.5702
1645035788132,1025.5702
1645035788181,1025.56
1645035788208,1025.56
1645035788246,1025.56
1645035788287,1025.56
1645035788324,1025.547
1645035788362,1025.547
1645035788403,1025.547
1645035788440,1025.547
1645035788478,1025.5378
1645035788516,1025.5378
1645035788559,1025.5378
1645035788609,1025.5378
1645035788632,1025.5408
1645035788669,1025.5408
1645035788707,1025.5408
1645035788746,1025.5408
1645035788787,1025.5416
1645035788826,1025.5416
1645035788864,1025.5416
1645035788901,1025.5416
1645035788942,1025.5353
1645035788979,1025.5353
1645035789018,1025.5353
1645035789057,1025.5353
1645035789095,1025.5286
1645035789135,1025.5286
1645035789170,1025.5286
1645035789209,1025.5286
1645035789246,1025.5139
1645035789286,1025.5139
1645035789324,1025.5139
1645035789362,1025.5139
1645035789400,1025.5072
1645035789438,1025.5072
1645035789479,1025.5072
1645035789518,1025.5072
1645035789559,1025.5072
1645035789593,1025.4824
1645035789631,1025.4824
1645035789671,1025.4824
1645035789708,1025.4824
1645035789747,1025.4749
1645035789786,1025.4749
1645035789825,1025.4749
1645035789864,1025.4749
1645035789901,1025.4749
1645035789939,1025.4749
1645035789977,1025.4749
1645035790016,1025.4749
1645035790055,1025.4741
1645035790094,1025.4741
1645035790132,1025.4741
1645035790170,1025.4741
1645035790214,1025.4686
1645035790259,1025.4686
1645035790286,1025.4686
1645035790324,1025.4686
1645035790361,1025.4703
1645035790401,1025.4703
1645035790440,1025.4703
1645035790477,1025.4703
1645035790522,1025.4846
1645035790555,1025.4846
1645035790593,1025.4846
1645035790634,1025.4846
1645035790669,1025.47
1645035790709,1025.47
1645035790748,1025.47
1645035790785,1025.47
1645035790825,1025.4733
1645035790863,1025.4733
1645035790900,1025.4733
1645035790938,1025.4733
1645035790978,1025.4641
1645035791018,1025.4641
1645035791058,1025.4641
1645035791093,1025.4641
1645035791133,1025.4595
1645035791169,1025.4595
1645035791208,1025.4595
1645035791248,1025.4595
1645035791286,1025.4662
1645035791325,1025.4662
1645035791361,1025.4662
1645035791399,1025.4662
1645035791455,1025.4532
1645035791477,1025.4532
1645035791516,1025.4532
1645035791555,1025.4532
1645035791594,1025.4532
1645035791633,1025.4448
1645035791672,1025.4448
1645035791709,1025.4448
1645035791767,1025.4448
1645035791798,1025.4323
1645035791826,1025.4323
1645035791863,1025.4323
1645035791900,1025.4323
1645035791938,1025.4315
1645035791979,1025.4315
1645035792017,1025.4315
1645035792055,1025.4315
1645035792092,1025.4307
1645035792132,1025.4307
1645035792169,1025.4307
1645035792208,1025.4307
1645035792256,1025.4319
1645035792285,1025.4319
1645035792323,1025.4319
1645035792360,1025.4319
1645035792401,1025.4277
1645035792441,1025.4277
1645035792476,1025.4277
1645035792516,1025.4277
1645035792555,1025.429
1645035792592,1025.429
1645035792631,1025.429
1645035792672,1025.429
1645035792710,1025.4147
1645035792747,1025.4147
1645035792786,1025.4147
1645035792823,1025.4147
1645035792867,1025.4392
1645035792899,1025.4392
1645035792938,1025.4392
1645035792977,1025.4392
1645035793017,1025.4102
1645035793055,1025.4102
1645035793093,1025.4102
1645035793132,1025.4102
1645035793171,1025.4017
1645035793207,1025.4017
1645035793248,1025.4017
1645035793285,1025.4017
1645035793324,1025.4009
1645035793361,1025.4009
1645035793402,1025.4009
1645035793439,1025.4009
1645035793478,1025.3921
1645035793515,1025.3921
1645035793554,1025.3921
1645035793593,1025.3921
1645035793631,1025.3921
1645035793670,1025.3785
1645035793710,1025.3785
1645035793747,1025.3785
1645035793785,1025.3785
1645035793821,1025.377
1645035793863,1025.377
1645035793900,1025.377
1645035793940,1025.377
1645035793976,1025.3644
1645035794019,1025.3644
1645035794052,1025.3644
1645035794090,1025.3644
1645035794130,1025.351
1645035794171,1025.351
1645035794208,1025.351
1645035794248,1025.351
1645035794284,1025.3485
1645035794326,1025.3485
1645035794363,1025.3485
1645035794400,1025.3485
1645035794438,1025.3396
1645035794478,1025.3396
1645035794514,1025.3396
1645035794555,1025.3396
1645035794594,1025.3446
1645035794633,1025.3446
1645035794670,1025.3446
1645035794708,1025.3446
1645035794746,1025.3513
1645035794785,1025.3513
1645035794823,1025.3513
1645035794862,1025.3513
1645035794900,1025.3489
1645035794938,1025.3489
1645035794976,1025.3489
1645035795014,1025.3489
1645035795054,1025.3456
1645035795092,1025.3456
1645035795133,1025.3456
1645035795167,1025.3456
1645035795214,1025.3506
1645035795245,1025.3506
1645035795285,1025.3506
1645035795323,1025.3506
1645035795380,1025.332
1645035795398,1025.332
1645035795438,1025.332
1645035795476,1025.332
1645035795516,1025.3165
1645035795554,1025.3165
1645035795596,1025.3165
1645035795629,1025.3165
1645035795669,1025.3165
1645035795706,1025.3148
1645035795745,1025.3148
1645035795786,1025.3148
1645035795824,1025.3148
1645035795861,1025.3131
1645035795901,1025.3131
1645035795939,1025.3131
1645035795977,1025.3131
1645035796018,1025.3198
1645035796057,1025.3198
1645035796093,1025.3198
1645035796133,1025.3198
1645035796168,1025.3124
1645035796208,1025.3124
1645035796245,1025.3124
1645035796285,1025.3124
1645035796324,1025.3018
1645035796366,1025.3018
1645035796416,1025.3018
1645035796444,1025.3018
1645035796485,1025.2985
1645035796513,1025.2985
1645035796552,1025.2985
1645035796592,1025.2985
1645035796632,1025.2833
1645035796668,1025.2833
1645035796709,1025.2833
1645035796747,1025.2833
1645035796786,1025.2775
1645035796823,1025.2775
1645035796862,1025.2775
1645035796901,1025.2775
1645035796938,1025.2657
1645035796978,1025.2657
1645035797015,1025.2657
1645035797055,1025.2657
1645035797091,1025.2657
1645035797129,1025.2657
1645035797167,1025.2657
1645035797207,1025.2657
1645035797247,1025.2649
1645035797283,1025.2649
1645035797323,1025.2649
1645035797360,1025.2649
1645035797400,1025.2666
1645035797439,1025.2666
1645035797475,1025.2666
1645035797514,1025.2666
1645035797553,1025.2502
1645035797590,1025.2502
1645035797629,1025.2502
1645035797669,1025.2502
1645035797710,1025.2502
1645035797746,1025.2604
1645035797784,1025.2604
1645035797827,1025.2604
1645035797859,1025.2604
1645035797898,1025.2452
1645035797936,1025.2452
1645035797975,1025.2452
1645035798023,1025.2452
1645035798057,1025.2435
1645035798092,1025.2435
1645035798131,1025.2435
1645035798167,1025.2435
1645035798209,1025.2465
1645035798245,1025.2465
1645035798283,1025.2465
1645035798330,1025.2465
1645035798362,1025.2465
1645035798399,1025.2465
1645035798438,1025.2465
1645035798476,1025.2465
1645035798515,1025.2439
1645035798553,1025.2439
1645035798590,1025.2439
1645035798631,1025.2439
1645035798666,1025.254
1645035798707,1025.254
1645035798745,1025.254
1645035798783,1025.254
1645035798824,1025.2432
1645035798862,1025.2432
1645035798900,1025.2432
1645035798941,1025.2432
1645035798980,1025.2377
1645035799015,1025.2377
1645035799052,1025.2377
1645035799091,1025.2377
1645035799129,1025.205
1645035799167,1025.205
1645035799208,1025.205
1645035799246,1025.205
1645035799284,1025.2032
1645035799325,1025.2032
1645035799360,1025.2032
1645035799399,1025.2032
1645035799436,1025.1965
1645035799477,1025.1965
1645035799514,1025.1965
1645035799552,1025.1965
1645035799589,1025.1982
1645035799630,1025.1982
1645035799668,1025.1982
1645035799706,1025.1982
1645035799744,1025.1948
1645035799785,1025.191
1645035799825,1025.191
1645035799860,1025.191
1645035799898,1025.191
1645035799938,1025.1876
1645035799978,1025.1876
1645035800014,1025.1876
1645035800053,1025.1876
1645035800091,1025.1802
1645035800129,1025.1802
1645035800167,1025.1802
1645035800219,1025.1802
1645035800245,1025.1919
1645035800284,1025.1919
1645035800321,1025.1919
1645035800360,1025.1919
1645035800399,1025.1768
1645035800436,1025.1768
1645035800475,1025.1768
1645035800513,1025.1768
1645035800554,1025.1683
1645035800591,1025.1683
1645035800629,1025.1683
1645035800667,1025.1683
1645035800707,1025.1742
1645035800745,1025.1742
1645035800784,1025.1742
1645035800823,1025.1742
1645035800860,1025.1826
1645035800898,1025.1826
1645035800936,1025.1826
1645035800977,1025.1826
1645035801014,1025.1718
1645035801051,1025.1718
1645035801095,1025.1718
1645035801129,1025.1718
1645035801170,1025.175
1645035801205,1025.175
1645035801245,1025.175
1645035801288,1025.175
1645035801324,1025.1969
1645035801360,1025.1969
1645035801397,1025.1969
1645035801441,1025.1969
1645035801474,1025.2037
1645035801514,1025.2037
1645035801553,1025.2037
1645035801591,1025.2037
1645035801632,1025.1877
1645035801667,1025.1877
1645035801707,1025.1877
1645035801745,1025.1877
1645035801783,1025.1625
1645035801820,1025.1625
1645035801860,1025.1625
1645035801898,1025.1625
1645035801941,1025.1625
1645035801974,1025.176
1645035802015,1025.176
1645035802053,1025.176
1645035802091,1025.176
1645035802128,1025.2046
1645035802169,1025.2046
1645035802209,1025.2046
1645035802244,1025.2046
1645035802287,1025.1726
1645035802320,1025.1726
1645035802359,1025.1726
1645035802398,1025.1726
1645035802438,1025.1709
1645035802475,1025.1709
1645035802513,1025.1709
1645035802553,1025.1709
1645035802589,1025.152
1645035802629,1025.152
1645035802668,1025.152
1645035802706,1025.152
1645035802745,1025.0907
1645035802785,1025.0907
1645035802820,1025.0907
1645035802860,1025.0907
1645035802898,1025.0587
1645035802935,1025.0587
1645035802978,1025.0587
1645035803014,1025.0587
1645035803050,1025.0319
1645035803092,1025.0319
1645035803130,1025.0319
1645035803167,1025.0319
1645035803205,1025.047
1645035803255,1025.047
1645035803292,1025.047
1645035803321,1025.047
1645035803359,1025.047
1645035803398,1025.047
1645035803437,1025.047
1645035803476,1025.047
1645035803514,1025.0117
1645035803553,1025.0117
1645035803593,1025.0117
1645035803629,1025.0117
1645035803679,1024.9949
1645035803706,1024.9949
1645035803755,1024.9949
1645035803781,1024.9949
1645035803865,1025.0066
1645035803915,1025.0066
1645035803915,1025.0066
1645035803945,1025.0066
1645035803974,1025.0066
1645035804019,1025.0078
1645035804053,1025.0078
1645035804091,1025.0078
1645035804131,1025.0078
1645035804178,1025.0184
1645035804220,1025.0184
1645035804241,1025.0184
1645035804280,1025.0184
1645035804318,1025.0184
1645035804356,1025.0184
1645035804397,1025.0184
1645035804433,1025.0184
1645035804472,1025.0319
1645035804513,1025.0319
1645035804548,1025.0319
1645035804587,1025.0319
1645035804630,1025.0297
1645035804665,1025.0297
1645035804702,1025.0297
1645035804740,1025.0297
1645035804783,1025.0247
1645035804819,1025.0247
1645035804856,1025.0247
1645035804898,1025.0247
1645035804939,1025.0172
1645035804973,1025.0172
1645035805010,1025.0172
1645035805051,1025.0172
1645035805089,1025.0264
1645035805128,1025.0264
1645035805165,1025.0264
1645035805203,1025.0264
1645035805240,1025.0255
1645035805281,1025.0255
1645035805320,1025.0255
1645035805357,1025.0255
1645035805400,1025.0356
1645035805441,1025.0356
1645035805472,1025.0356
1645035805510,1025.0356
1645035805555,1025.0267
1645035805588,1025.0267
1645035805626,1025.0267
1645035805669,1025.0267
1645035805704,1025.0217
1645035805742,1025.0217
1645035805779,1025.0217
1645035805821,1025.0217
1645035805860,1025.0092
1645035805895,1025.0092
1645035805956,1025.0092
1645035805994,1025.0092
1645035806084,1025.0092
1645035806084,1025.0143
1645035806115,1025.0143
1645035806152,1025.0143
1645035806164,1025.0143
1645035806204,1025.0159
1645035806240,1025.0159
1645035806280,1025.0159
1645035806318,1025.0159
1645035806356,1025.0226
1645035806398,1025.0226
1645035806433,1025.0226
1645035806477,1025.0226
1645035806510,1025.0243
1645035806549,1025.0243
1645035806588,1025.0243
1645035806625,1025.0243
1645035806664,1025.0277
1645035806702,1025.0277
1645035806740,1025.0277
1645035852924,1025.8341
1645035852924,1025.8341
1645035852961,1025.8341
1645035852999,1025.8341
1645035853038,1025.8474
1645035853079,1025.8474
1645035853115,1025.8474
1645035853153,1025.8474
1645035853194,1025.8502
1645035853233,1025.8502
1645035853270,1025.8502
1645035853306,1025.8502
1645035853349,1025.8607
1645035853386,1025.8607
1645035853422,1025.8607
1645035853463,1025.8607
1645035853500,1025.8484
1645035853539,1025.8484
1645035853578,1025.8484
1645035853620,1025.8484
1645035853654,1025.8324
1645035853694,1025.8324
1645035853730,1025.8324
1645035853768,1025.8324
1645035853810,1025.7883
1645035853849,1025.7883
1645035853888,1025.7883
1645035853923,1025.7883
1645035853963,1025.7811
1645035854005,1025.7811
1645035854038,1025.7811
1645035854076,1025.7811
1645035854115,1025.8046
1645035854154,1025.8046
1645035854192,1025.8046
1645035854231,1025.8046
1645035854269,1025.8046
1645035854307,1025.81
1645035854346,1025.81
1645035854391,1025.81
1645035854421,1025.81
1645035854461,1025.8226
1645035854499,1025.8226
1645035854540,1025.8226
1645035854580,1025.8226
1645035854615,1025.8348
1645035854655,1025.8348
1645035854693,1025.8348
1645035854749,1025.8348
1645035854792,1025.8365
1645035854811,1025.8365
1645035854845,1025.8365
1645035854883,1025.8365
1645035854923,1025.8483
1645035854960,1025.8483
1645035854999,1025.8483
1645035855037,1025.8483
1645035855075,1025.871
1645035855113,1025.871
1645035855151,1025.871
1645035855192,1025.871
1645035855228,1025.876
1645035855267,1025.876
1645035855306,1025.876
1645035855343,1025.876
1645035855383,1025.8802
1645035855422,1025.8802
1645035855490,1025.8802
1645035855512,1025.8802
1645035855539,1025.8832
1645035855574,1025.8832
1645035855615,1025.8832
1645035855651,1025.8832
1645035855692,1025.8932
1645035855776,1025.8932
1645035855776,1025.8932
1645035855819,1025.8932
1645035855891,1025.9152
1645035855891,1025.9152
1645035855960,1025.9152
1645035855960,1025.9152
1645035856005,1025.911
1645035856038,1025.911
1645035856078,1025.911
1645035856126,1025.911
1645035856267,1025.9087
1645035856267,1025.9087
1645035856312,1025.9087
1645035856344,1025.9087
1645035856383,1025.8868
1645035856421,1025.8868
1645035856478,1025.8868
1645035856499,1025.8868
1645035856536,1025.8868
1645035856577,1025.8868
1645035856617,1025.8868
1645035856664,1025.8868
1645035856691,1025.887
1645035856736,1025.887
1645035856803,1025.887
1645035856857,1025.887
1645035856858,1025.8865
1645035856891,1025.8865
1645035856951,1025.8865
1645035856960,1025.8865
1645035856999,1025.8835
1645035857037,1025.8835
1645035857077,1025.8835
1645035857115,1025.8835
1645035857163,1025.8752
1645035857190,1025.8752
1645035857228,1025.8752
1645035857267,1025.8752
1645035857306,1025.8749
1645035857344,1025.8749
1645035857387,1025.8749
1645035857433,1025.8749
1645035857465,1025.8774
1645035857497,1025.8774
1645035857549,1025.8774
1645035857579,1025.8774
1645035857685,1025.8651
1645035857685,1025.8651
1645035857691,1025.8651
1645035857728,1025.8651
1645035857767,1025.8552
1645035857807,1025.8552
1645035857843,1025.8552
1645035857882,1025.8552
1645035857921,1025.8602
1645035857958,1025.8602
1645035857997,1025.8602
1645035858036,1025.8602
1645035858074,1025.864
1645035858112,1025.864
1645035858150,1025.864
1645035858189,1025.864
1645035858230,1025.864
1645035858267,1025.8702
1645035858313,1025.8702
1645035858344,1025.8702
1645035858385,1025.8702
1645035858467,1025.8678
1645035858467,1025.8678
1645035858517,1025.8678
1645035858547,1025.8678
1645035858610,1025.8774
1645035858624,1025.8774
1645035858658,1025.8774
1645035858689,1025.8774
1645035858729,1025.8574
1645035858767,1025.8574
1645035858805,1025.8574
1645035858844,1025.8574
1645035858882,1025.8394
1645035858920,1025.8394
1645035858959,1025.8394
1645035858998,1025.8394
1645035859036,1025.8287
1645035859074,1025.8287
1645035859115,1025.8287
1645035859152,1025.8287
1645035859189,1025.8203
1645035859229,1025.8203
1645035859267,1025.8203
1645035859305,1025.8203
1645035859346,1025.8094
1645035859382,1025.8094
1645035859423,1025.8094
1645035859459,1025.8094
1645035859499,1025.7948
1645035859536,1025.7948
1645035859574,1025.7948
1645035859613,1025.7948
1645035859651,1025.7906
1645035859690,1025.7906
1645035859729,1025.7906
1645035859767,1025.7906
1645035859805,1025.7826
1645035859843,1025.7826
1645035859882,1025.7826
1645035859922,1025.7826
1645035859959,1025.7886
1645035859999,1025.7886
1645035860037,1025.7886
1645035860076,1025.7886
1645035860145,1025.802
1645035860151,1025.802
1645035860189,1025.802
1645035860227,1025.802
1645035860272,1025.802
1645035860304,1025.8082
1645035860343,1025.8082
1645035860382,1025.8082
1645035860421,1025.8082
1645035860459,1025.8104
1645035860507,1025.8104
1645035860537,1025.8104
1645035860573,1025.8104
1645035860614,1025.808
1645035860705,1025.808
1645035860706,1025.808
1645035860757,1025.808
1645035860765,1025.8055
1645035860805,1025.8055
1645035860842,1025.8055
1645035860883,1025.8055
1645035860920,1025.8131
1645035861044,1025.8131
1645035861045,1025.8131
1645035861045,1025.8131
1645035861115,1025.819
1645035861116,1025.819
1645035861151,1025.819
1645035861202,1025.819
1645035861344,1025.781
1645035861344,1025.781
1645035861755,1025.781
1645035861755,1025.7836
1645035861756,1025.7836
1645035861756,1025.7836
1645035861756,1025.7836
1645035861756,1025.7803
1645035861757,1025.7803
1645035861757,1025.7803
1645035861757,1025.7803
1645035861757,1025.7803
1645035861774,1025.7913
1645035861805,1025.7913
1645035861847,1025.7913
1645035861884,1025.7913
1645035861922,1025.7921
1645035861958,1025.7921
1645035862000,1025.7921
1645035862040,1025.7921
1645035862079,1025.7968
1645035862113,1025.7968
1645035862151,1025.7968
1645035862190,1025.7968
1645035862227,1025.801
1645035862273,1025.801
1645035862310,1025.801
1645035862351,1025.801
1645035862389,1025.7887
1645035862424,1025.7887
1645035862461,1025.7887
1645035862498,1025.7887
1645035862538,1025.7778
1645035862576,1025.7778
1645035862624,1025.7778
1645035862650,1025.7778
1645035862689,1025.767
1645035862729,1025.767
1645035862770,1025.767
1645035862819,1025.767
1645035862844,1025.7649
1645035862887,1025.7649
1645035862933,1025.7649
1645035862958,1025.7649
1645035862998,1025.7692
1645035863037,1025.7692
1645035863079,1025.7692
1645035863119,1025.7692
1645035863153,1025.7754
1645035863188,1025.7754
1645035863228,1025.7754
1645035863269,1025.7754
1645035863305,1025.7611
1645035863350,1025.7611
1645035863392,1025.7611
1645035863422,1025.7611
1645035863459,1025.7788
1645035863502,1025.7788
1645035863535,1025.7788
1645035863574,1025.7788
1645035863613,1025.7532
1645035863705,1025.7532
1645035863705,1025.7532
1645035863728,1025.7532
1645035863769,1025.7532
1645035863807,1025.7372
1645035863844,1025.7372
1645035863883,1025.7372
1645035863924,1025.7372
1645035863960,1025.7322
1645035863998,1025.7322
1645035864038,1025.7322
1645035864074,1025.7322
1645035864115,1025.7334
1645035864153,1025.7334
1645035864192,1025.7334
1645035864229,1025.7334
1645035864268,1025.7351
1645035864305,1025.7351
1645035864345,1025.7351
1645035864389,1025.7351
1645035864422,1025.7343
1645035864461,1025.7343
1645035864499,1025.7343
1645035864537,1025.7343
1645035864577,1025.7288
1645035864615,1025.7288
1645035864669,1025.7288
1645035864694,1025.7288
1645035864728,1025.7449
1645035864767,1025.7449
1645035864805,1025.7449
1645035864842,1025.7449
1645035864882,1025.7205
1645035864924,1025.7205
1645035864960,1025.7205
1645035864999,1025.7205
1645035865038,1025.7083
1645035865078,1025.7083
1645035865116,1025.7083
1645035865159,1025.7083
1645035865191,1025.7075
1645035865229,1025.7075
1645035865267,1025.7075
1645035865304,1025.7075
1645035865344,1025.7137
1645035865384,1025.7137
1645035865421,1025.7137
1645035865460,1025.7137
1645035865497,1025.7197
1645035865546,1025.7197
1645035865573,1025.7197
1645035865621,1025.7197
1645035865653,1025.7156
1645035865689,1025.7156
1645035865731,1025.7156
1645035865768,1025.7156
1645035865805,1025.7156
1645035865843,1025.7084
1645035865883,1025.7084
1645035865920,1025.7084
1645035865960,1025.7084
1645035865998,1025.7244
1645035866037,1025.7244
1645035866077,1025.7244
1645035866114,1025.7244
1645035866154,1025.707
1645035866190,1025.707
1645035866230,1025.707
1645035866267,1025.707
1645035866309,1025.6904
1645035866383,1025.6904
1645035866384,1025.6904
1645035866418,1025.6904
1645035866457,1025.6849
1645035866495,1025.6849
1645035866534,1025.6849
1645035866574,1025.6849
1645035866615,1025.6841
1645035866653,1025.6841
1645035866688,1025.6841
1645035866726,1025.6841
1645035866765,1025.6862
1645035866805,1025.6862
1645035866843,1025.6862
1645035866881,1025.6862
1645035866920,1025.6774
1645035866959,1025.6774
1645035866999,1025.6774
1645035867036,1025.6774
1645035867077,1025.6656
1645035867114,1025.6656
1645035867152,1025.6656
1645035867191,1025.6656
1645035867241,1025.7224
1645035867268,1025.7224
1645035867304,1025.7224
1645035867348,1025.7224
1645035867385,1025.6813
1645035867420,1025.6813
1645035867458,1025.6813
1645035867499,1025.6813
1645035867537,1025.6724
1645035867573,1025.6724
1645035867614,1025.6724
1645035867651,1025.6724
1645035867691,1025.6665
1645035867730,1025.6665
1645035867766,1025.6665
1645035867806,1025.6665
1645035867847,1025.6665
1645035867881,1025.6641
1645035867934,1025.6641
1645035867960,1025.6641
1645035867998,1025.6641
1645035868035,1025.6678
1645035868074,1025.6678
1645035868115,1025.6678
1645035868151,1025.6678
1645035868190,1025.6792
1645035868230,1025.6792
1645035868267,1025.6792
1645035868308,1025.6792
1645035868345,1025.6809
1645035868381,1025.6809
1645035868424,1025.6809
1645035868462,1025.6809
1645035868507,1025.6797
1645035868536,1025.6797
1645035868574,1025.6797
1645035868611,1025.6797
1645035868651,1025.6692
1645035868690,1025.6692
1645035868730,1025.6692
1645035868769,1025.6692
1645035868808,1025.6616
1645035868855,1025.6616
1645035868881,1025.6616
1645035868921,1025.6616
1645035868958,1025.6486
1645035869000,1025.6486
1645035869035,1025.6486
1645035869074,1025.6486
1645035869112,1025.6528
1645035869154,1025.6528
1645035869195,1025.6528
1645035869232,1025.6528
1645035869268,1025.6575
1645035869305,1025.6575
1645035869343,1025.6575
1645035869382,1025.6575
1645035869421,1025.6549
1645035869461,1025.6549
1645035869511,1025.6549
1645035869534,1025.6549
1645035869575,1025.6561
1645035869610,1025.6561
1645035869655,1025.6561
1645035869688,1025.6561
1645035869735,1025.6495
1645035869769,1025.6495
1645035869803,1025.6495
1645035869842,1025.6495
1645035869882,1025.6495
1645035869921,1025.6423
1645035869959,1025.6423
1645035869998,1025.6423
1645035870037,1025.6423
1645035870074,1025.6378
1645035870115,1025.6378
1645035870150,1025.6378
1645035870205,1025.6378
1645035870227,1025.6387
1645035870268,1025.6387
1645035870304,1025.6387
1645035870350,1025.6387
1645035870381,1025.637
1645035870420,1025.637
1645035870458,1025.637
1645035870498,1025.637
1645035870534,1025.6307
1645035870575,1025.6307
1645035870612,1025.6307
1645035870654,1025.6307
1645035870703,1025.6273
1645035870727,1025.6273
1645035870766,1025.6273
1645035870805,1025.6273
1645035870845,1025.6361
1645035870882,1025.6361
1645035870921,1025.6361
1645035870959,1025.6361
1645035870996,1025.6168
1645035871037,1025.6168
1645035871075,1025.6168
1645035871112,1025.6168
1645035871152,1025.5955
1645035871190,1025.5955
1645035871229,1025.5955
1645035871268,1025.5955
1645035871336,1025.5846
1645035871364,1025.5846
1645035871380,1025.5846
1645035871419,1025.5846
1645035871462,1025.5808
1645035871498,1025.5808
1645035871537,1025.5808
1645035871577,1025.5808
1645035871612,1025.561
1645035871670,1025.561
1645035871690,1025.561
1645035871726,1025.561
1645035871769,1025.5569
1645035871804,1025.5569
1645035871842,1025.5569
1645035871880,1025.5569
1645035871920,1025.5569
1645035871957,1025.556
1645035871997,1025.556
1645035872047,1025.556
1645035872074,1025.556
1645035872113,1025.549
1645035872154,1025.549
1645035872189,1025.549
1645035872228,1025.549
1645035872269,1025.5464
1645035872304,1025.5464
1645035872343,1025.5464
1645035872387,1025.5464
1645035872420,1025.5376
1645035872456,1025.5376
1645035872497,1025.5376
1645035872536,1025.5376
1645035872574,1025.5367
1645035872611,1025.5367
1645035872651,1025.5367
1645035872691,1025.5367
1645035872726,1025.546
1645035872771,1025.546
1645035872808,1025.546
1645035872843,1025.546
1645035872881,1025.5415
1645035872920,1025.5415
1645035872958,1025.5415
1645035872996,1025.5415
1645035873037,1025.536
1645035873074,1025.536
1645035873112,1025.536
1645035873152,1025.536
1645035873188,1025.5352
1645035873251,1025.5352
1645035873267,1025.5352
1645035873304,1025.5352
1645035873341,1025.507
1645035873380,1025.507
1645035873420,1025.507
1645035873460,1025.507
1645035873497,1025.4844
1645035873540,1025.4844
1645035873574,1025.4844
1645035873612,1025.4844
1645035873651,1025.4772
1645035873688,1025.4772
1645035873726,1025.4772
1645035873769,1025.4772
1645035873804,1025.4697
1645035873840,1025.4697
1645035873881,1025.4697
1645035873920,1025.4697
1645035873959,1025.4697
1645035874000,1025.4675
1645035874034,1025.4675
1645035874072,1025.4675
1645035874111,1025.4675
1645035874150,1025.4684
1645035874189,1025.4684
1645035874229,1025.4684
1645035874267,1025.4684
1645035874304,1025.4778
1645035874343,1025.4778
1645035874380,1025.4778
1645035874419,1025.4778
1645035874457,1025.4689
1645035874498,1025.4689
1645035874535,1025.4689
1645035874573,1025.4689
1645035874612,1025.4597
1645035874651,1025.4597
1645035874688,1025.4597
1645035874726,1025.4597
1645035874767,1025.4491
1645035874806,1025.4491
1645035874850,1025.4491
1645035874883,1025.4491
1645035874919,1025.4484
1645035874958,1025.4484
1645035875002,1025.4484
1645035875034,1025.4484
1645035875072,1025.4454
1645035875110,1025.4454
1645035875152,1025.4454
1645035875188,1025.4454
1645035875239,1025.4471
1645035875264,1025.4471
1645035875305,1025.4471
1645035875342,1025.4471
1645035875381,1025.4413
1645035875420,1025.4413
1645035875457,1025.4413
1645035875497,1025.4413
1645035875535,1025.4291
1645035875573,1025.4291
1645035875614,1025.4291
1645035875649,1025.4291
1645035875688,1025.4316
1645035875727,1025.4316
1645035875765,1025.4316
1645035875803,1025.4316
1645035875842,1025.4325
1645035875882,1025.4325
1645035875918,1025.4325
1645035875958,1025.4325
1645035875997,1025.4325
1645035876035,1025.4253
1645035876073,1025.4253
1645035876115,1025.4253
1645035876150,1025.4253
1645035876189,1025.4224
1645035876232,1025.4224
1645035876266,1025.4224
1645035876307,1025.4224
1645035876339,1025.4258
1645035876381,1025.4258
1645035876419,1025.4258
1645035876461,1025.4258
1645035876495,1025.4261
1645035876532,1025.4261
1645035876575,1025.4261
1645035876613,1025.4261
1645035876649,1025.4153
1645035876688,1025.4153
1645035876726,1025.4153
1645035876765,1025.4153
1645035876803,1025.3951
1645035876842,1025.3951
1645035876881,1025.3951
1645035876919,1025.3951
1645035876957,1025.3927
1645035876997,1025.3927
1645035877034,1025.3927
1645035877073,1025.3927
1645035877110,1025.3893
1645035877149,1025.3893
1645035877187,1025.3893
1645035877225,1025.3893
1645035877264,1025.3905
1645035877318,1025.3905
1645035877343,1025.3905
1645035877379,1025.3905
1645035877418,1025.3842
1645035877455,1025.3842
1645035877495,1025.3842
1645035877537,1025.3842
1645035877573,1025.3893
1645035877609,1025.3893
1645035877650,1025.3893
1645035877689,1025.3893
1645035877725,1025.3936
1645035877765,1025.3936
1645035877809,1025.3936
1645035877841,1025.3936
1645035877880,1025.3894
1645035877918,1025.3894
1645035877960,1025.3894
1645035877996,1025.3894
1645035878035,1025.3894
1645035878072,1025.3738
1645035878135,1025.3738
1645035878150,1025.3738
1645035878186,1025.3738
1645035878226,1025.3604
1645035878275,1025.3604
1645035878307,1025.3604
1645035878343,1025.3604
1645035878378,1025.3478
1645035878420,1025.3478
1645035878458,1025.3478
1645035878494,1025.3478
1645035878533,1025.3444
1645035878571,1025.3444
1645035878612,1025.3444
1645035878649,1025.3444
1645035878690,1025.3448
1645035878728,1025.3448
1645035878770,1025.3448
1645035878804,1025.3448
1645035878839,1025.37
1645035878879,1025.37
1645035878924,1025.37
1645035878957,1025.37
1645035878994,1025.3436
1645035879038,1025.3436
1645035879129,1025.3436
1645035879130,1025.3436
1645035879146,1025.3276
1645035879187,1025.3276
1645035879224,1025.3276
1645035879271,1025.3276
1645035879316,1025.3109
1645035879341,1025.3109
1645035879378,1025.3109
1645035879416,1025.3109
1645035879455,1025.3025
1645035879495,1025.3025
1645035879534,1025.3025
1645035879574,1025.3025
1645035879610,1025.2953
1645035879648,1025.2953
1645035879686,1025.2953
1645035879725,1025.2953
1645035879765,1025.2953
1645035879804,1025.2953
1645035879841,1025.2953
1645035879879,1025.2953
1645035879917,1025.2979
1645035879957,1025.2979
1645035879993,1025.2979
1645035880033,1025.2979
1645035880075,1025.2979
1645035880114,1025.2894
1645035880149,1025.2894
1645035880186,1025.2894
1645035880225,1025.2894
1645035880262,1025.2822
1645035880307,1025.2822
1645035880353,1025.2822
1645035880434,1025.2822
1645035880435,1025.2755
1645035880466,1025.2755
1645035880492,1025.2755
1645035880536,1025.2755
1645035880572,1025.2445
1645035880607,1025.2445
1645035880649,1025.2445
1645035880687,1025.2445
1645035880728,1025.2354
1645035880764,1025.2354
1645035880804,1025.2354
1645035880842,1025.2354
1645035880880,1025.2349
1645035880917,1025.2349
1645035880958,1025.2349
1645035880994,1025.2349
1645035881034,1025.2382
1645035881072,1025.2382
1645035881113,1025.2382
1645035881148,1025.2382
1645035881187,1025.2374
1645035881226,1025.2374
1645035881266,1025.2374
1645035881299,1025.2374
1645035881340,1025.2441
1645035881377,1025.2441
1645035881416,1025.2441
1645035881453,1025.2441
1645035881492,1025.2386
1645035881535,1025.2386
1645035881570,1025.2386
1645035881608,1025.2386
1645035881646,1025.2345
1645035881688,1025.2345
1645035881724,1025.2345
1645035881760,1025.2345
1645035881802,1025.2345
1645035881838,1025.2345
1645035881877,1025.2345
1645035881916,1025.2345
1645035881957,1025.237
1645035881994,1025.237
1645035882036,1025.237
1645035882071,1025.237
1645035882110,1025.237
1645035882150,1025.2286
1645035882186,1025.2286
1645035882226,1025.2286
1645035882264,1025.2286
1645035882304,1025.2249
1645035882343,1025.2249
1645035882379,1025.2249
1645035882419,1025.2249
1645035882456,1025.2249
1645035882492,1025.2249
1645035882533,1025.2249
1645035882571,1025.2249
1645035882610,1025.2207
1645035882678,1025.2207
1645035882690,1025.2207
1645035882724,1025.2207
1645035882763,1025.2224
1645035882802,1025.2224
1645035882841,1025.2224
1645035882878,1025.2224
1645035882916,1025.2252
1645035882957,1025.2252
1645035882995,1025.2252
1645035883036,1025.2252
1645035883071,1025.2219
1645035883113,1025.2219
1645035883151,1025.2219
1645035883187,1025.2219
1645035883226,1025.2202
1645035883269,1025.2202
1645035883303,1025.2202
1645035883341,1025.2202
1645035883377,1025.2102
1645035883417,1025.2102
1645035883457,1025.2102
1645035883494,1025.2102
1645035883534,1025.2043
1645035883576,1025.2043
1645035883607,1025.2043
1645035883653,1025.2043
1645035883689,1025.211
1645035883731,1025.211
1645035883762,1025.211
1645035883803,1025.211
1645035883842,1025.2086
1645035883879,1025.2086
1645035883916,1025.2086
1645035883955,1025.2086
1645035883996,1025.2153
1645035884037,1025.2153
1645035884070,1025.2153
1645035884107,1025.2153
1645035884152,1025.2153
1645035884186,1025.2198
1645035884225,1025.2198
1645035884263,1025.2198
1645035884303,1025.2198
1645035884341,1025.2166
1645035884378,1025.2166
1645035884416,1025.2166
1645035884456,1025.2166
1645035884494,1025.2098
1645035884535,1025.2098
1645035884569,1025.2098
1645035884609,1025.2098
1645035884648,1025.2006
1645035884704,1025.2006
1645035884722,1025.2006
1645035884762,1025.2006
1645035884800,1025.1816
1645035884839,1025.1816
1645035884879,1025.1816
1645035884917,1025.1816
1645035884956,1025.1749
1645035884995,1025.1749
1645035885033,1025.1749
1645035885073,1025.1749
1645035885111,1025.1749
1645035885147,1025.1749
1645035885188,1025.1749
1645035885231,1025.1749
1645035885263,1025.1766
1645035885305,1025.1766
1645035885338,1025.1766
1645035885377,1025.1766
1645035885417,1025.1901
1645035885454,1025.1901
1645035885494,1025.1901
1645035885531,1025.1901
1645035885571,1025.1842
1645035885609,1025.1842
1645035885647,1025.1842
1645035885690,1025.1842
1645035885725,1025.1691
1645035885764,1025.1691
1645035885799,1025.1691
1645035885839,1025.1691
1645035885879,1025.1758
1645035885918,1025.1758
1645035885968,1025.1758
1645035885992,1025.1758
1645035886032,1025.1599
1645035886072,1025.1599
1645035886109,1025.1599
1645035886146,1025.1599
1645035886186,1025.1599
1645035886224,1025.141
1645035886262,1025.141
1645035886306,1025.141
1645035886344,1025.141
1645035886378,1025.1393
1645035886414,1025.1393
1645035886453,1025.1393
1645035886493,1025.1393
1645035886534,1025.1448
1645035886571,1025.1448
1645035886611,1025.1448
1645035886647,1025.1448
1645035886687,1025.1532
1645035886723,1025.1532
1645035886764,1025.1532
1645035886801,1025.1532
1645035886840,1025.151
1645035886883,1025.151
1645035886916,1025.151
1645035886955,1025.151
1645035886994,1025.1443
1645035887034,1025.1443
1645035887069,1025.1443
1645035887109,1025.1443
1645035887146,1025.1594
1645035887185,1025.1594
1645035887227,1025.1594
1645035887283,1025.1594
1645035887308,1025.1351
1645035887341,1025.1351
1645035887377,1025.1351
1645035887417,1025.1351
1645035887455,1025.1217
1645035887493,1025.1217
1645035887531,1025.1217
1645035887570,1025.1217
1645035887608,1025.1128
1645035887647,1025.1128
1645035887686,1025.1128
1645035887723,1025.1128
1645035887762,1025.1112
1645035887802,1025.1112
1645035887839,1025.1112
1645035887878,1025.1112
1645035887916,1025.1104
1645035887956,1025.1104
1645035887995,1025.1104
1645035888041,1025.1104
1645035888074,1025.0952
1645035888107,1025.0952
1645035888150,1025.0952
1645035888186,1025.0952
1645035888223,1025.0952
1645035888263,1025.1272
1645035888300,1025.1272
1645035888339,1025.1272
1645035888377,1025.1272
1645035888414,1025.0931
1645035888458,1025.0931
1645035888492,1025.0931
1645035888531,1025.0931
1645035888569,1025.1154
1645035888608,1025.1154
1645035888646,1025.1154
1645035888686,1025.1154
1645035888724,1025.078
1645035888762,1025.078
1645035888801,1025.078
1645035888838,1025.078
1645035888876,1025.0377
1645035888923,1025.0377
1645035888953,1025.0377
1645035888991,1025.0377
1645035889029,1025.0142
1645035889068,1025.0142
1645035889106,1025.0142
1645035889146,1025.0142
1645035889187,1025.0057
1645035889223,1025.0057
1645035889264,1025.0057
1645035889626,1025.0057
1645035889626,1025.0057
1645035889626,1025.0057
1645035889627,1025.0057
1645035889627,1025.0057
1645035889627,1024.999
1645035889627,1024.999
1645035889627,1024.999
1645035889628,1024.999
1645035889643,1025.0511
1645035889688,1025.0511
1645035889730,1025.0511
1645035889771,1025.0511
1645035889820,1025.0234
1645035889863,1025.0234
1645035889875,1025.0234
1645035889914,1025.0234
1645035889958,1024.9462
1645035890034,1024.9462
1645035890059,1024.9462
1645035890069,1024.9462
1645035890114,1024.952
1645035890156,1024.952
1645035890182,1024.952
1645035890223,1024.952
1645035890258,1024.952
1645035890296,1024.9503
1645035890335,1024.9503
1645035890374,1024.9503
1645035890413,1024.9503
1645035890453,1024.9604
1645035890490,1024.9604
1645035890528,1024.9604
1645035890575,1024.9604
1645035890617,1024.9663
1645035890663,1024.9663
1645035890752,1024.9663
1645035890752,1024.9663
1645035890786,1024.9663
1645035890796,1024.9663
1645035890837,1024.9663
1645035890873,1024.9663
1645035890913,1024.9723
1645035890950,1024.9723
1645035890998,1024.9723
1645035891028,1024.9723
1645035891066,1024.9751
1645035891105,1024.9751
1645035891144,1024.9751
1645035891185,1024.9751
1645035891220,1024.979
1645035891260,1024.979
1645035891298,1024.979
1645035891335,1024.979
1645035891374,1024.9773
1645035891415,1024.9773
1645035891451,1024.9773
