1645035560916,1025.0573
1645035560916,1025.0573
1645035560957,1025.0573
1645035560993,1025.0573
1645035561032,1025.0618
1645035561073,1025.0618
1645035561111,1025.0618
1645035561148,1025.0618
1645035561188,1025.057
1645035561225,1025.057
1645035561266,1025.057
1645035561301,1025.057
1645035561347,1025.0575
1645035561378,1025.0575
1645035561417,1025.0575
1645035561456,1025.0575
1645035561493,1025.0588
1645035561534,1025.0588
1645035561572,1025.0588
1645035561612,1025.0588
1645035561648,1025.0485
1645035561686,1025.0485
1645035561726,1025.0485
1645035561766,1025.0485
1645035561801,1025.0315
1645035561842,1025.0315
1645035561880,1025.0315
1645035561921,1025.0315
1645035561956,1024.9977
1645035561995,1024.9977
1645035562032,1024.9977
1645035562071,1024.9977
1645035562116,1024.9932
1645035562150,1024.9932
1645035562186,1024.9932
1645035562226,1024.9932
1645035562266,1025.0338
1645035562305,1025.0338
1645035562342,1025.0338
1645035562382,1025.0338
1645035562424,1025.0566
1645035562458,1025.0566
1645035562494,1025.0566
1645035562532,1025.0566
1645035562571,1025.0566
1645035562611,1025.0782
1645035562649,1025.0782
1645035562688,1025.0782
1645035562768,1025.0782
1645035562788,1025.093
1645035562870,1025.093
1645035562870,1025.093
1645035562890,1025.093
1645035562918,1025.1171
1645035562955,1025.1171
1645035562993,1025.1171
1645035563038,1025.1171
1645035563070,1025.121
1645035563109,1025.121
1645035563150,1025.121
1645035563188,1025.121
1645035563224,1025.123
1645035563265,1025.123
1645035563301,1025.123
1645035563340,1025.123
1645035563378,1025.1357
1645035563417,1025.1357
1645035563454,1025.1357
1645035563495,1025.1357
1645035563532,1025.1404
1645035563573,1025.1404
1645035563612,1025.1404
1645035563648,1025.1404
1645035563687,1025.1371
1645035563725,1025.1371
1645035563764,1025.1371
1645035563802,1025.1371
1645035563860,1025.1469
1645035563885,1025.1469
1645035563923,1025.1469
1645035563957,1025.1469
1645035563994,1025.1742
1645035564034,1025.1742
1645035564071,1025.1742
1645035564111,1025.1742
1645035564148,1025.1785
1645035564189,1025.1785
1645035564227,1025.1785
1645035564264,1025.1785
1645035564304,1025.184
1645035564342,1025.184
1645035564379,1025.184
1645035564418,1025.184
1645035564460,1025.1917
1645035564495,1025.1917
1645035564532,1025.1917
1645035564574,1025.1917
1645035564609,1025.1917
1645035564648,1025.2013
1645035564687,1025.2013
1645035564725,1025.2013
1645035564782,1025.2013
1645035564812,1025.2102
1645035564843,1025.2102
1645035564877,1025.2102
1645035564915,1025.2102
1645035564955,1025.2162
1645035564994,1025.2162
1645035565032,1025.2162
1645035565106,1025.2162
1645035565109,1025.225
1645035565149,1025.225
1645035565184,1025.225
1645035565223,1025.225
1645035565264,1025.2435
1645035565300,1025.2435
1645035565339,1025.2435
1645035565378,1025.2435
1645035565415,1025.2478
1645035565455,1025.2478
1645035565494,1025.2478
1645035565535,1025.2478
1645035565569,1025.2457
1645035565610,1025.2457
1645035565648,1025.2457
1645035565687,1025.2457
1645035565722,1025.2601
1645035565762,1025.2601
1645035565801,1025.2601
1645035565838,1025.2601
1645035565877,1025.2421
1645035565920,1025.2421
1645035565956,1025.2421
1645035565992,1025.2421
1645035566032,1025.2446
1645035566069,1025.2446
1645035566107,1025.2446
1645035566149,1025.2446
1645035566184,1025.2465
1645035566224,1025.2465
1645035566262,1025.2465
1645035566304,1025.2465
1645035566430,1025.2659
1645035566431,1025.2659
1645035566431,1025.2659
1645035566469,1025.2659
1645035566494,1025.2604
1645035566530,1025.2604
1645035566568,1025.2604
1645035566614,1025.2604
1645035566654,1025.2688
1645035566690,1025.2688
1645035566738,1025.2688
1645035566763,1025.2688
1645035566799,1025.2688
1645035566839,1025.281
1645035566876,1025.281
1645035566923,1025.281
1645035567380,1025.2719
1645035567380,1025.2719
1645035567381,1025.2719
1645035567381,1025.2719
1645035567381,1025.3016
1645035567381,1025.3016
1645035567382,1025.3016
1645035567382,1025.3016
1645035567382,1025.2976
1645035567383,1025.2976
1645035567383,1025.2976
1645035567415,1025.2976
1645035567454,1025.2964
1645035567493,1025.2964
1645035567535,1025.2964
1645035567569,1025.2964
1645035567612,1025.2883
1645035567646,1025.2883
1645035567685,1025.2883
1645035567723,1025.2883
1645035567764,1025.2817
1645035567804,1025.2817
1645035567841,1025.2817
1645035567880,1025.2817
1645035567916,1025.283
1645035567953,1025.283
1645035567993,1025.283
1645035568046,1025.283
1645035568074,1025.297
1645035568108,1025.297
1645035568147,1025.297
1645035568184,1025.297
1645035568222,1025.292
1645035568268,1025.292
1645035568306,1025.292
1645035568342,1025.292
1645035568381,1025.2966
1645035568415,1025.2966
1645035568456,1025.2966
1645035568491,1025.2966
1645035568532,1025.2975
1645035568572,1025.2975
1645035568608,1025.2975
1645035568646,1025.2975
1645035568696,1025.3014
1645035568722,1025.3014
1645035568761,1025.3014
1645035568803,1025.3014
1645035568851,1025.3014
1645035568877,1025.3093
1645035568916,1025.3093
1645035568954,1025.3093
1645035568994,1025.3093
1645035569044,1025.3186
1645035569070,1025.3186
1645035569107,1025.3186
1645035569147,1025.3186
1645035569185,1025.3158
1645035569268,1025.3158
1645035569268,1025.3158
1645035569299,1025.3158
1645035569339,1025.3469
1645035569398,1025.3469
1645035569417,1025.3469
1645035569455,1025.3469
1645035569492,1025.3466
1645035569531,1025.3466
1645035569569,1025.3466
1645035569612,1025.3466
1645035569646,1025.3524
1645035569685,1025.3524
1645035569743,1025.3524
1645035569769,1025.3524
1645035569801,1025.3584
1645035569838,1025.3584
1645035569880,1025.3584
1645035569921,1025.3584
1645035569957,1025.3505
1645035569998,1025.3505
1645035570031,1025.3505
1645035570069,1025.3505
1645035570110,1025.3467
1645035570147,1025.3467
1645035570189,1025.3467
1645035570224,1025.3467
1645035570265,1025.3627
1645035570302,1025.3627
1645035570341,1025.3627
1645035570378,1025.3627
1645035570416,1025.3687
1645035570454,1025.3687
1645035570493,1025.3687
1645035570536,1025.3687
1645035570570,1025.3699
1645035570608,1025.3699
1645035570646,1025.3699
1645035570688,1025.3699
1645035570726,1025.3687
1645035570760,1025.3687
1645035570801,1025.3687
1645035570837,1025.3687
1645035570877,1025.3687
1645035570917,1025.3763
1645035570954,1025.3763
1645035570992,1025.3763
1645035571038,1025.3763
1645035571070,1025.3856
1645035571108,1025.3856
1645035571144,1025.3856
1645035571185,1025.3856
1645035571222,1025.3818
1645035571264,1025.3818
1645035571301,1025.3818
1645035571339,1025.3818
1645035571378,1025.3928
1645035571414,1025.3928
1645035571455,1025.3928
1645035571492,1025.3928
1645035571530,1025.395
1645035571569,1025.395
1645035571608,1025.395
1645035571647,1025.395
1645035571684,1025.3978
1645035571723,1025.3978
1645035571762,1025.3978
1645035571800,1025.3978
1645035571842,1025.4207
1645035571880,1025.4207
1645035571918,1025.4207
1645035571955,1025.4207
1645035571997,1025.4229
1645035572030,1025.4229
1645035572074,1025.4229
1645035572108,1025.4229
1645035572146,1025.4406
1645035572182,1025.4406
1645035572222,1025.4406
1645035572261,1025.4406
1645035572306,1025.446
1645035572336,1025.446
1645035572376,1025.446
1645035572415,1025.446
1645035572455,1025.4386
1645035572491,1025.4386
1645035572531,1025.4386
1645035572568,1025.4386
1645035572608,1025.4634
1645035572645,1025.4634
1645035572685,1025.4634
1645035572723,1025.4634
1645035572760,1025.4639
1645035572798,1025.4639
1645035572839,1025.4639
1645035572877,1025.4639
1645035572922,1025.4672
1645035572955,1025.4589
1645035572991,1025.4589
1645035573030,1025.4589
1645035573070,1025.4589
1645035573112,1025.445
1645035573146,1025.445
1645035573183,1025.445
1645035573224,1025.445
1645035573261,1025.4623
1645035573301,1025.4623
1645035573356,1025.4623
1645035573376,1025.4623
1645035573416,1025.4678
1645035573452,1025.4678
1645035573493,1025.4678
1645035573532,1025.4678
1645035573569,1025.473
1645035573608,1025.473
1645035573646,1025.473
1645035573687,1025.473
1645035573726,1025.4937
1645035573760,1025.4937
1645035573808,1025.4937
1645035573839,1025.4937
1645035573875,1025.4982
1645035573917,1025.4982
1645035573953,1025.4982
1645035573996,1025.4982
1645035574030,1025.5026
1645035574081,1025.5026
1645035574108,1025.5026
1645035574145,1025.5026
1645035574182,1025.5181
1645035574230,1025.5181
1645035574263,1025.5181
1645035574300,1025.5181
1645035574336,1025.5275
1645035574376,1025.5275
1645035574416,1025.5275
1645035574464,1025.5275
1645035574492,1025.5347
1645035574530,1025.5347
1645035574569,1025.5347
1645035574616,1025.5347
1645035574645,1025.535
1645035574685,1025.535
1645035574726,1025.535
1645035574778,1025.535
1645035574800,1025.5529
1645035574838,1025.5529
1645035574875,1025.5529
1645035574926,1025.5529
1645035574956,1025.5499
1645035574992,1025.5499
1645035575031,1025.5499
1645035575068,1025.5499
1645035575106,1025.5499
1645035575146,1025.5494
1645035575184,1025.5494
1645035575223,1025.5494
1645035575262,1025.5494
1645035575298,1025.542
1645035575337,1025.542
1645035575376,1025.542
1645035575420,1025.542
1645035575452,1025.5479
1645035575493,1025.5479
1645035575530,1025.5479
1645035575571,1025.5479
1645035575607,1025.5433
1645035575645,1025.5433
1645035575692,1025.5433
1645035575722,1025.5433
1645035575760,1025.5479
1645035575802,1025.5479
1645035575839,1025.5479
1645035575885,1025.5479
1645035575915,1025.5437
1645035575956,1025.5437
1645035575991,1025.5437
1645035576031,1025.5437
1645035576069,1025.538
1645035576105,1025.538
1645035576144,1025.538
1645035576184,1025.538
1645035576221,1025.534
1645035576262,1025.534
1645035576299,1025.534
1645035576336,1025.534
1645035576375,1025.5311
1645035576415,1025.5311
1645035576453,1025.5311
1645035576492,1025.5311
1645035576530,1025.5321
1645035576570,1025.5321
1645035576607,1025.5321
1645035576646,1025.5321
1645035576684,1025.5314
1645035576724,1025.5314
1645035576760,1025.5314
1645035576798,1025.5314
1645035576836,1025.5292
1645035576875,1025.5292
1645035576913,1025.5292
1645035576950,1025.5292
1645035576994,1025.5228
1645035577029,1025.5228
1645035577067,1025.5228
1645035577111,1025.5228
1645035577150,1025.5228
1645035577183,1025.5322
1645035577221,1025.5322
1645035577262,1025.5322
1645035577298,1025.5322
1645035577337,1025.5166
1645035577376,1025.5166
1645035577412,1025.5166
1645035577451,1025.5166
1645035577493,1025.5251
1645035577530,1025.5251
1645035577569,1025.5251
1645035577605,1025.5251
1645035577647,1025.5399
1645035577682,1025.5399
1645035577723,1025.5399
1645035577760,1025.5399
1645035577808,1025.547
1645035577844,1025.547
1645035577878,1025.547
1645035577914,1025.547
1645035577955,1025.5547
1645035577990,1025.5547
1645035578036,1025.5547
1645035578068,1025.5547
1645035578106,1025.5674
1645035578146,1025.5674
1645035578184,1025.5674
1645035578224,1025.5674
1645035578268,1025.5736
1645035578297,1025.5736
1645035578336,1025.5736
1645035578376,1025.5736
1645035578414,1025.564
1645035578452,1025.564
1645035578490,1025.564
1645035578529,1025.564
1645035578569,1025.57
1645035578607,1025.57
1645035578651,1025.57
1645035578682,1025.57
1645035578723,1025.5771
1645035578759,1025.5771
1645035578797,1025.5771
1645035578837,1025.5771
1645035578876,1025.5948
1645035578915,1025.5948
1645035578954,1025.5948
1645035578994,1025.5948
1645035579028,1025.5945
1645035579069,1025.5945
1645035579106,1025.5945
1645035579145,1025.5945
1645035579183,1025.5945
1645035579222,1025.597
1645035579261,1025.597
1645035579297,1025.597
1645035579336,1025.597
1645035579375,1025.605
1645035579413,1025.605
1645035579456,1025.605
1645035579491,1025.605
1645035579531,1025.6008
1645035579567,1025.6008
1645035579606,1025.6008
1645035579645,1025.6008
1645035579684,1025.613
1645035579742,1025.613
1645035579759,1025.613
1645035579800,1025.613
1645035579836,1025.619
1645035579875,1025.619
1645035579913,1025.619
1645035579953,1025.619
1645035579995,1025.6279
1645035580029,1025.6279
1645035580067,1025.6279
1645035580106,1025.6279
1645035580146,1025.6396
1645035580184,1025.6396
1645035580223,1025.6396
1645035580258,1025.6396
1645035580298,1025.6506
1645035580337,1025.6506
1645035580375,1025.6506
1645035580415,1025.6506
1645035580454,1025.652
1645035580491,1025.652
1645035580529,1025.652
1645035580568,1025.652
1645035580606,1025.6343
1645035580668,1025.6343
1645035580685,1025.6343
1645035580722,1025.6343
1645035580759,1025.6516
1645035580798,1025.6516
1645035580837,1025.6516
1645035580874,1025.6516
1645035580913,1025.6592
1645035580951,1025.6592
1645035580992,1025.6592
1645035581030,1025.6592
1645035581070,1025.6647
1645035581104,1025.6647
1645035581146,1025.6647
1645035581183,1025.6647
1645035581219,1025.671
1645035581258,1025.671
1645035581301,1025.671
1645035581337,1025.671
1645035581375,1025.671
1645035581416,1025.6862
1645035581451,1025.6862
1645035581489,1025.6862
1645035581528,1025.6862
1645035581567,1025.6954
1645035581606,1025.6954
1645035581647,1025.6954
1645035581683,1025.6954
1645035581720,1025.7048
1645035581758,1025.7048
1645035581797,1025.7048
1645035581837,1025.7048
1645035581874,1025.7145
1645035581912,1025.7145
1645035581951,1025.7145
1645035581990,1025.7145
1645035582029,1025.7262
1645035582066,1025.7262
1645035582106,1025.7262
1645035582143,1025.7262
1645035582183,1025.7339
1645035582223,1025.7339
1645035582260,1025.7339
1645035582297,1025.7339
1645035582335,1025.7368
1645035582375,1025.7368
1645035582412,1025.7368
1645035582451,1025.7368
1645035582492,1025.7406
1645035582528,1025.7406
1645035582568,1025.7406
1645035582604,1025.7406
1645035582644,1025.733
1645035582684,1025.733
1645035582723,1025.733
1645035582759,1025.733
1645035582799,1025.734
1645035582836,1025.734
1645035582873,1025.734
1645035582918,1025.734
1645035582951,1025.7554
1645035582990,1025.7554
1645035583028,1025.7554
1645035583066,1025.7554
1645035583104,1025.7512
1645035583143,1025.7512
1645035583183,1025.7512
1645035583227,1025.7512
1645035583260,1025.7579
1645035583297,1025.7579
1645035583337,1025.7579
1645035583375,1025.7579
1645035583412,1025.7579
1645035583451,1025.7643
1645035583489,1025.7643
1645035583529,1025.7643
1645035583567,1025.7643
1645035583605,1025.7627
1645035583647,1025.7627
1645035583681,1025.7627
1645035583720,1025.7627
1645035583761,1025.7488
1645035583797,1025.7488
1645035583835,1025.7488
1645035583875,1025.7488
1645035583913,1025.7429
1645035583950,1025.7429
1645035583989,1025.7429
1645035584028,1025.7429
1645035584078,1025.761
1645035584106,1025.761
1645035584143,1025.761
1645035584185,1025.761
1645035584220,1025.741
1645035584260,1025.741
1645035584296,1025.741
1645035584334,1025.741
1645035584377,1025.7606
1645035584413,1025.7606
1645035584450,1025.7606
1645035584489,1025.7606
1645035584527,1025.7633
1645035584566,1025.7633
1645035584605,1025.7633
1645035584643,1025.7633
1645035584698,1025.7712
1645035584724,1025.7712
1645035584758,1025.7712
1645035584795,1025.7712
1645035584835,1025.7654
1645035584874,1025.7654
1645035584916,1025.7654
1645035584950,1025.7654
1645035584989,1025.7599
1645035585045,1025.7599
1645035585066,1025.7599
1645035585104,1025.7599
1645035585146,1025.7776
1645035585182,1025.7776
1645035585220,1025.7776
1645035585258,1025.7776
1645035585296,1025.7903
1645035585336,1025.7903
1645035585375,1025.7903
1645035585413,1025.7903
1645035585452,1025.7903
1645035585489,1025.7887
1645035585528,1025.7887
1645035585572,1025.7887
1645035585605,1025.7887
1645035585643,1025.7815
1645035585686,1025.7815
1645035585718,1025.7815
1645035585758,1025.7815
1645035585798,1025.7891
1645035585836,1025.7891
1645035585886,1025.7891
1645035585911,1025.7891
1645035585952,1025.7937
1645035585988,1025.7937
1645035586030,1025.7937
1645035586067,1025.7937
1645035586105,1025.782
1645035586142,1025.782
1645035586180,1025.782
1645035586220,1025.782
1645035586258,1025.7955
1645035586296,1025.7955
1645035586335,1025.7955
1645035586374,1025.7955
1645035586411,1025.8018
1645035586452,1025.8018
1645035586489,1025.8018
1645035586530,1025.8018
1645035586565,1025.811
1645035586605,1025.811
1645035586643,1025.811
1645035586680,1025.811
1645035586720,1025.8229
1645035586758,1025.8229
1645035586797,1025.8229
1645035586835,1025.8229
1645035586873,1025.8246
1645035586912,1025.8246
1645035586949,1025.8246
1645035586990,1025.8246
1645035587028,1025.8358
1645035587067,1025.8358
1645035587105,1025.8358
1645035587145,1025.8358
1645035587181,1025.846
1645035587218,1025.846
1645035587258,1025.846
1645035587296,1025.846
1645035587336,1025.8705
1645035587374,1025.8705
1645035587411,1025.8705
1645035587451,1025.8705
1645035587490,1025.8705
1645035587526,1025.899
1645035587567,1025.899
1645035587629,1025.899
1645035587647,1025.899
1645035587680,1025.8351
1645035587718,1025.8351
1645035587756,1025.8351
1645035587795,1025.8351
1645035587837,1025.8351
1645035587874,1025.8351
1645035587911,1025.8351
1645035587957,1025.8351
1645035587988,1025.8553
1645035588028,1025.8553
1645035588067,1025.8553
1645035588104,1025.8553
1645035588142,1025.868
1645035588179,1025.868
1645035588217,1025.868
1645035588257,1025.868
1645035588296,1025.8574
1645035588335,1025.8574
1645035588372,1025.8574
1645035588411,1025.8574
1645035588451,1025.8456
1645035588489,1025.8456
1645035588528,1025.8456
1645035588587,1025.8456
1645035588605,1025.8776
1645035588642,1025.8776
1645035588680,1025.8776
1645035588719,1025.8776
1645035588757,1025.9028
1645035588795,1025.9028
1645035588836,1025.9028
1645035588873,1025.9028
1645035588911,1025.8937
1645035588952,1025.8937
1645035588988,1025.8937
1645035589028,1025.8937
1645035589066,1025.8903
1645035589104,1025.8903
1645035589142,1025.8903
1645035589180,1025.8903
1645035589218,1025.8949
1645035589262,1025.8949
1645035589301,1025.8949
1645035589334,1025.8949
1645035589374,1025.9202
1645035589414,1025.9202
1645035589453,1025.9202
1645035589488,1025.9202
1645035589527,1025.9202
1645035589567,1025.9083
1645035589626,1025.9083
1645035589644,1025.9083
1645035589680,1025.9083
1645035589718,1025.8983
1645035589757,1025.8983
1645035589797,1025.8983
1645035589834,1025.8983
1645035589872,1025.8907
1645035589912,1025.8907
1645035589951,1025.8907
1645035589988,1025.8907
1645035590027,1025.9025
1645035590066,1025.9025
1645035590113,1025.9025
1645035590140,1025.9025
1645035590180,1025.9021
1645035590217,1025.9021
1645035590260,1025.9021
1645035590296,1025.9021
1645035590335,1025.9105
1645035590386,1025.9105
1645035590413,1025.9105
1645035590452,1025.9105
1645035590487,1025.9071
1645035590529,1025.9071
1645035590572,1025.9071
1645035590603,1025.9071
1645035590643,1025.903
1645035590681,1025.903
1645035590718,1025.903
1645035590757,1025.903
1645035590795,1025.9114
1645035590834,1025.9114
1645035590870,1025.9114
1645035590924,1025.9114
1645035590949,1025.9106
1645035590990,1025.9106
1645035591026,1025.9106
1645035591065,1025.9106
1645035591103,1025.9022
1645035591141,1025.9022
1645035591181,1025.9022
1645035591219,1025.9022
1645035591257,1025.9017
1645035591297,1025.9017
1645035591336,1025.9017
1645035591372,1025.9017
1645035591412,1025.9
1645035591450,1025.9
1645035591488,1025.9
1645035591527,1025.9
1645035591566,1025.9
1645035591603,1025.8959
1645035591641,1025.8959
1645035591680,1025.8959
1645035591718,1025.8959
1645035591757,1025.8976
1645035591794,1025.8976
1645035591857,1025.8976
1645035591874,1025.8976
1645035591911,1025.901
1645035591948,1025.901
1645035591993,1025.901
1645035592026,1025.901
1645035592065,1025.9817
1645035592105,1025.9817
1645035592141,1025.9817
1645035592188,1025.9817
1645035592219,1025.9363
1645035592256,1025.9363
1645035592295,1025.9363
1645035592334,1025.9363
1645035592373,1025.9072
1645035592410,1025.9072
1645035592449,1025.9072
1645035592487,1025.9072
1645035592525,1025.9191
1645035592563,1025.9191
1645035592603,1025.9191
1645035592639,1025.9191
1645035592685,1025.935
1645035592719,1025.935
1645035592757,1025.935
1645035592795,1025.935
1645035592835,1025.9316
1645035592874,1025.9316
1645035592911,1025.9316
1645035592948,1025.9316
1645035593017,1025.9368
1645035593027,1025.9368
1645035593079,1025.9368
1645035593102,1025.9368
1645035593141,1025.9418
1645035593179,1025.9418
1645035593221,1025.9418
1645035593259,1025.9418
1645035593299,1025.9478
1645035593333,1025.9478
1645035593397,1025.9478
1645035593420,1025.9478
1645035593451,1025.9465
1645035593507,1025.9465
1645035593545,1025.9465
1645035593596,1025.9465
1645035593619,1025.9465
1645035593639,1025.9583
1645035593677,1025.9583
1645035593723,1025.9583
1645035593761,1025.9583
1645035593800,1025.9612
1645035593892,1025.9612
1645035593892,1025.9612
1645035593909,1025.9612
1645035593953,1025.9746
1645035593990,1025.9746
1645035594025,1025.9746
1645035594061,1025.9746
1645035594106,1025.983
1645035594140,1025.983
1645035594177,1025.983
1645035594218,1025.983
1645035594254,1025.9857
1645035594308,1025.9857
1645035594381,1025.9857
1645035594381,1025.9857
1645035594420,1025.9957
1645035594460,1025.9957
1645035594488,1025.9957
1645035594523,1025.9957
1645035594562,1025.9991
1645035594604,1025.9991
1645035594642,1025.9991
1645035594678,1025.9991
1645035594717,1026.0042
1645035594754,1026.0042
1645035594792,1026.0042
1645035594830,1026.0042
1645035594869,1026.0034
1645035594909,1026.0034
1645035594947,1026.0034
1645035594985,1026.0034
1645035595024,1025.9967
1645035595062,1025.9967
1645035595100,1025.9967
1645035595139,1025.9967
1645035595177,1026.0
1645035595215,1026.0
1645035595255,1026.0
1645035595294,1026.0
1645035595331,1025.9979
1645035595370,1025.9979
1645035595408,1025.9979
1645035595446,1025.9979
1645035595485,1026.0062
1645035595524,1026.0062
1645035595562,1026.0062
1645035595601,1026.0062
1645035595644,1026.0062
1645035595682,1026.0046
1645035595717,1026.0046
1645035644472,1025.0546
1645035644472,1025.0546
1645035644512,1025.0546
1645035644553,1025.0546
1645035644589,1025.0487
1645035644626,1025.0487
1645035644667,1025.0487
1645035644703,1025.0487
1645035644742,1025.0499
1645035644784,1025.0499
1645035644821,1025.0499
1645035644859,1025.0499
1645035644902,1025.0452
1645035644938,1025.0452
1645035644973,1025.0452
1645035645011,1025.0452
1645035645051,1025.0438
1645035645089,1025.0438
1645035645129,1025.0438
1645035645166,1025.0438
1645035645205,1025.035
1645035645245,1025.035
1645035645283,1025.035
1645035645322,1025.035
1645035645359,1025.0328
1645035645397,1025.0328
1645035645437,1025.0328
1645035645476,1025.0328
1645035645512,1025.029
1645035645551,1025.029
1645035645590,1025.029
1645035645632,1025.029
1645035645667,1025.0286
1645035645704,1025.0286
1645035645742,1025.0286
1645035645781,1025.0286
1645035645820,1025.0369
1645035645858,1025.0369
1645035645899,1025.0369
1645035645935,1025.0369
1645035645977,1025.0482
1645035646013,1025.0482
1645035646054,1025.0482
1645035646090,1025.0482
1645035646128,1025.0453
1645035646166,1025.0453
1645035646209,1025.0453
1645035646278,1025.0453
1645035646303,1025.0503
1645035646334,1025.0503
1645035646360,1025.0503
1645035646396,1025.0503
1645035646433,1025.0503
1645035646475,1025.0524
1645035646512,1025.0524
1645035646550,1025.0524
1645035646589,1025.0524
1645035646627,1025.0615
1645035646665,1025.0615
1645035646703,1025.0615
1645035646743,1025.0615
1645035646782,1025.0721
1645035646818,1025.0721
1645035646856,1025.0721
1645035646895,1025.0721
1645035646936,1025.0939
1645035646986,1025.0939
1645035647026,1025.0939
1645035647052,1025.0939
1645035647087,1025.1102
1645035647125,1025.1102
1645035647164,1025.1102
1645035647203,1025.1102
1645035647241,1025.1309
1645035647368,1025.1309
1645035647368,1025.1309
1645035647368,1025.1309
1645035647400,1025.1216
1645035647438,1025.1216
1645035647472,1025.1216
1645035647511,1025.1216
1645035647554,1025.1097
1645035647587,1025.1097
1645035647703,1025.1144
1645035647703,1025.1144
1645035647747,1025.1144
1645035647787,1025.1144
1645035648131,1025.1711
1645035648131,1025.1711
1645035648132,1025.1711
1645035648132,1025.1711
1645035648132,1025.1652
1645035648132,1025.1652
1645035648133,1025.1652
1645035648133,1025.1652
1645035648133,1025.1467
1645035648166,1025.1467
1645035648204,1025.1467
1645035648248,1025.1467
1645035648316,1025.1556
1645035648349,1025.1556
1645035648393,1025.1556
1645035648396,1025.1556
1645035648435,1025.1556
1645035648477,1025.137
1645035648513,1025.137
1645035648553,1025.137
1645035648594,1025.137
1645035648626,1025.1504
1645035648665,1025.1504
1645035648710,1025.1504
1645035648747,1025.1504
1645035648781,1025.1373
1645035648822,1025.1373
1645035648863,1025.1373
1645035648897,1025.1373
1645035648935,1025.1516
1645035648975,1025.1516
1645035649016,1025.1516
1645035649052,1025.1516
1645035649089,1025.1571
1645035649127,1025.1571
1645035649169,1025.1571
1645035649203,1025.1571
1645035649248,1025.1613
1645035649283,1025.1613
1645035649327,1025.1613
1645035649361,1025.1613
1645035649396,1025.1864
1645035649434,1025.1864
1645035649472,1025.1864
1645035649534,1025.1864
1645035649556,1025.1797
1645035649589,1025.1797
1645035649626,1025.1797
1645035649664,1025.1797
1645035649703,1025.1906
1645035649741,1025.1906
1645035649784,1025.1906
1645035649820,1025.1906
1645035649863,1025.2079
1645035649906,1025.2079
1645035649933,1025.2079
1645035649973,1025.2079
1645035650013,1025.2162
1645035650092,1025.2162
1645035650093,1025.2162
1645035650126,1025.2162
1645035650166,1025.2238
1645035650204,1025.2238
1645035650246,1025.2238
1645035650329,1025.2238
1645035650329,1025.2355
1645035650421,1025.2355
1645035650422,1025.2355
1645035650440,1025.2355
1645035650472,1025.2355
1645035650512,1025.2377
1645035650552,1025.2377
1645035650590,1025.2377
1645035650627,1025.2377
1645035650676,1025.231
1645035650702,1025.231
1645035650743,1025.231
1645035650783,1025.231
1645035650819,1025.2394
1645035650857,1025.2394
1645035650902,1025.2394
1645035650937,1025.2394
1645035650975,1025.2478
1645035651011,1025.2478
1645035651050,1025.2478
1645035651091,1025.2478
1645035651128,1025.2587
1645035651168,1025.2587
1645035651204,1025.2587
1645035651245,1025.2587
1645035651280,1025.262
1645035651320,1025.262
1645035651359,1025.262
1645035651395,1025.262
1645035651436,1025.3024
1645035651473,1025.3024
1645035651515,1025.3024
1645035651552,1025.3024
1645035651589,1025.3125
1645035651643,1025.3125
1645035651672,1025.3125
1645035651708,1025.3125
1645035651744,1025.3091
1645035651785,1025.3091
1645035651819,1025.3091
1645035651859,1025.3091
1645035651897,1025.2991
1645035651934,1025.2991
1645035651975,1025.2991
1645035652013,1025.2991
1645035652049,1025.3075
1645035652088,1025.3075
1645035652131,1025.3075
1645035652167,1025.3075
1645035652205,1025.3108
1645035652246,1025.3108
1645035652283,1025.3108
1645035652363,1025.3108
1645035652363,1025.3158
1645035652396,1025.3158
1645035652435,1025.3158
1645035652474,1025.3158
1645035652514,1025.3158
1645035652549,1025.3108
1645035652589,1025.3108
1645035652630,1025.3108
1645035652665,1025.3108
1645035652704,1025.2974
1645035652740,1025.2974
1645035652782,1025.2974
1645035652819,1025.2974
1645035652856,1025.2965
1645035652895,1025.2965
1645035652933,1025.2965
1645035652972,1025.2965
1645035653010,1025.3033
1645035653049,1025.3033
1645035653086,1025.3033
1645035653127,1025.3033
1645035653167,1025.3016
1645035653202,1025.3016
1645035653241,1025.3016
1645035653279,1025.3016
1645035653319,1025.3033
1645035653357,1025.3033
1645035653398,1025.3033
1645035653436,1025.3033
1645035653476,1025.2999
1645035653511,1025.2999
1645035653550,1025.2999
1645035653588,1025.2999
1645035653630,1025.2994
1645035653670,1025.2994
1645035653705,1025.2994
1645035653741,1025.2994
1645035653779,1025.302
1645035653819,1025.302
1645035653857,1025.302
1645035653895,1025.302
1645035653935,1025.3016
1645035653974,1025.3016
1645035654012,1025.3016
1645035654050,1025.3016
1645035654088,1025.3682
1645035654128,1025.3682
1645035654178,1025.3682
1645035654203,1025.3682
1645035654244,1025.358
1645035654280,1025.358
1645035654318,1025.358
1645035654357,1025.358
1645035654397,1025.3458
1645035654436,1025.3458
1645035654474,1025.3458
1645035654512,1025.3458
1645035654550,1025.3458
1645035654596,1025.3542
1645035654628,1025.3542
1645035654672,1025.3542
1645035654702,1025.3542
1645035654741,1025.358
1645035654781,1025.358
1645035654818,1025.358
1645035654857,1025.358
1645035654895,1025.3475
1645035654934,1025.3475
1645035654972,1025.3475
1645035655013,1025.3475
1645035655052,1025.3683
1645035655090,1025.3683
1645035655130,1025.3683
1645035655165,1025.3683
1645035655206,1025.3456
1645035655242,1025.3456
1645035655280,1025.3456
1645035655319,1025.3456
1645035655357,1025.3607
1645035655397,1025.3607
1645035655433,1025.3607
1645035655471,1025.3607
1645035655511,1025.3607
1645035655552,1025.3607
1645035655587,1025.3607
1645035655627,1025.3607
1645035655664,1025.3586
1645035655727,1025.3586
1645035655742,1025.3586
1645035655784,1025.3586
1645035655820,1025.3708
1645035655856,1025.3708
1645035655895,1025.3708
1645035655933,1025.3708
1645035655973,1025.3788
1645035656016,1025.3788
1645035656050,1025.3788
1645035656087,1025.3788
1645035656127,1025.3932
1645035656166,1025.3932
1645035656205,1025.3932
1645035656251,1025.3932
1645035656280,1025.3759
1645035656318,1025.3759
1645035656358,1025.3759
1645035656396,1025.3759
1645035656435,1025.3944
1645035656470,1025.3944
1645035656514,1025.3944
1645035656549,1025.3944
1645035656589,1025.3944
1645035656655,1025.3977
1645035656666,1025.3977
1645035656704,1025.3977
1645035656741,1025.3977
1645035656780,1025.4028
1645035656817,1025.4028
1645035656858,1025.4028
1645035656895,1025.4028
1645035656934,1025.4088
1645035656978,1025.4088
1645035657012,1025.4088
1645035657049,1025.4088
1645035657087,1025.4171
1645035657163,1025.4171
1645035657164,1025.4171
1645035657203,1025.4171
1645035657240,1025.4248
1645035657281,1025.4248
1645035657319,1025.4248
1645035657356,1025.4248
1645035657404,1025.4164
1645035657434,1025.4164
1645035657473,1025.4164
1645035657511,1025.4164
1645035657553,1025.421
1645035657586,1025.421
1645035657625,1025.421
1645035657665,1025.421
1645035657709,1025.4379
1645035657740,1025.4379
1645035657777,1025.4379
1645035657816,1025.4379
1645035657855,1025.4471
1645035657906,1025.4471
1645035657934,1025.4471
1645035657987,1025.4471
1645035658009,1025.4539
1645035658048,1025.4539
1645035658086,1025.4539
1645035658129,1025.4539
1645035658163,1025.4685
1645035658203,1025.4685
1645035658244,1025.4685
1645035658279,1025.4685
1645035658318,1025.4752
1645035658355,1025.4752
1645035658394,1025.4752
1645035658436,1025.4752
1645035658474,1025.4795
1645035658513,1025.4795
1645035658552,1025.4795
1645035658594,1025.4795
1645035658627,1025.4795
1645035658669,1025.4779
1645035658703,1025.4779
1645035658741,1025.4779
1645035658780,1025.4779
1645035658822,1025.4846
1645035658870,1025.4846
1645035658896,1025.4846
1645035658935,1025.4846
1645035658971,1025.4998
1645035659012,1025.4998
1645035659048,1025.4998
1645035659091,1025.4998
1645035659126,1025.5006
1645035659165,1025.5006
1645035659203,1025.5006
1645035659240,1025.5006
1645035659280,1025.5242
1645035659317,1025.5242
1645035659357,1025.5242
1645035659396,1025.5242
1645035659433,1025.5204
1645035659473,1025.5204
1645035659512,1025.5204
1645035659548,1025.5204
1645035659605,1025.5128
1645035659635,1025.5128
1645035659666,1025.5128
1645035659702,1025.5128
1645035659742,1025.5145
1645035659780,1025.5145
1645035659819,1025.5145
1645035659856,1025.5145
1645035659896,1025.5208
1645035659933,1025.5208
1645035659972,1025.5208
1645035660015,1025.5208
1645035660057,1025.5292
1645035660095,1025.5292
1645035660185,1025.5292
1645035660185,1025.5292
1645035660205,1025.5275
1645035660243,1025.5275
1645035660278,1025.5275
1645035660318,1025.5275
1645035660390,1025.5275
1645035660394,1025.5275
1645035660434,1025.5275
1645035660474,1025.5275
1645035660511,1025.5352
1645035660549,1025.5352
1645035660588,1025.5352
1645035660627,1025.5352
1645035660664,1025.525
1645035660701,1025.525
1645035660740,1025.525
1645035660778,1025.525
1645035660817,1025.525
1645035660858,1025.5195
1645035660895,1025.5195
1645035660931,1025.5195
1645035660970,1025.5195
1645035661009,1025.5037
1645035661047,1025.5037
1645035661089,1025.5037
1645035661124,1025.5037
1645035661163,1025.5002
1645035661202,1025.5002
1645035661241,1025.5002
1645035661279,1025.5002
1645035661318,1025.5171
1645035661355,1025.5171
1645035661394,1025.5171
1645035661435,1025.5171
1645035661474,1025.5154
1645035661511,1025.5154
1645035661550,1025.5154
1645035661587,1025.5154
1645035661625,1025.518
1645035661663,1025.518
1645035661704,1025.518
1645035661740,1025.518
1645035661780,1025.5344
1645035661816,1025.5344
1645035661855,1025.5344
1645035661895,1025.5344
1645035661934,1025.5109
1645035661971,1025.5109
1645035662013,1025.5109
1645035662050,1025.5109
1645035662086,1025.5117
1645035662126,1025.5117
1645035662164,1025.5117
1645035662223,1025.5117
1645035662242,1025.518
1645035662279,1025.518
1645035662316,1025.518
1645035662357,1025.518
1645035662393,1025.5315
1645035662433,1025.5315
1645035662471,1025.5315
1645035662509,1025.5315
1645035662550,1025.5408
1645035662586,1025.5408
1645035662623,1025.5408
1645035662665,1025.5408
1645035662704,1025.5466
1645035662741,1025.5466
1645035662780,1025.5466
1645035662816,1025.5466
1645035662854,1025.5466
1645035662893,1025.5677
1645035662945,1025.5677
1645035662970,1025.5677
1645035663010,1025.5677
1645035663046,1025.5643
1645035663086,1025.5643
1645035663123,1025.5643
1645035663165,1025.5643
1645035663206,1025.5619
1645035663240,1025.5619
1645035663278,1025.5619
1645035663315,1025.5619
1645035663356,1025.577
1645035663394,1025.577
1645035663435,1025.577
1645035663470,1025.577
1645035663509,1025.59
1645035663550,1025.59
1645035663588,1025.59
1645035663625,1025.59
1645035663663,1025.5858
1645035663704,1025.5858
1645035663739,1025.5858
1645035663778,1025.5858
1645035663816,1025.5892
1645035663858,1025.5892
1645035663895,1025.5892
1645035663933,1025.5892
1645035663971,1025.5972
1645035664014,1025.5972
1645035664047,1025.5972
1645035664114,1025.5972
1645035664131,1025.6049
1645035664164,1025.6049
1645035664202,1025.6049
1645035664238,1025.6049
1645035664281,1025.6166
1645035664317,1025.6166
1645035664357,1025.6166
1645035664394,1025.6166
1645035664434,1025.6233
1645035664470,1025.6233
1645035664508,1025.6233
1645035664552,1025.6233
1645035664587,1025.6226
1645035664628,1025.6226
1645035664664,1025.6226
1645035664700,1025.6226
1645035664740,1025.6351
1645035664776,1025.6351
1645035664815,1025.6351
1645035664854,1025.6351
1645035664893,1025.6351
1645035664934,1025.6427
1645035664971,1025.6427
1645035665018,1025.6427
1645035665046,1025.6427
1645035665085,1025.6561
1645035665124,1025.6561
1645035665162,1025.6561
1645035665201,1025.6561
1645035665239,1025.663
1645035665279,1025.663
1645035665317,1025.663
1645035665354,1025.663
1645035665393,1025.6692
1645035665433,1025.6692
1645035665471,1025.6692
1645035665508,1025.6692
1645035665550,1025.6759
1645035665587,1025.6759
1645035665624,1025.6759
1645035665663,1025.6759
1645035665700,1025.6826
1645035665738,1025.6826
1645035665778,1025.6826
1645035665820,1025.6826
1645035665856,1025.7054
1645035665894,1025.7054
1645035665932,1025.7054
1645035665973,1025.7054
1645035666008,1025.6987
1645035666047,1025.6987
1645035666089,1025.6987
1645035666125,1025.6987
1645035666162,1025.6953
1645035666223,1025.6953
1645035666239,1025.6953
1645035666277,1025.6953
1645035666317,1025.6886
1645035666354,1025.6886
1645035666393,1025.6886
1645035666432,1025.6886
1645035666472,1025.6898
1645035666508,1025.6898
1645035666547,1025.6898
1645035666586,1025.6898
1645035666625,1025.6907
1645035666661,1025.6907
1645035666701,1025.6907
1645035666739,1025.6907
1645035666778,1025.6991
1645035666818,1025.6991
1645035666855,1025.6991
1645035666895,1025.6991
1645035666960,1025.6991
1645035666970,1025.6823
1645035667010,1025.6823
1645035667048,1025.6823
1645035667087,1025.6823
1645035667124,1025.6785
1645035667160,1025.6785
1645035667200,1025.6785
1645035667237,1025.6785
1645035667278,1025.6802
1645035667316,1025.6802
1645035667354,1025.6802
1645035667391,1025.6802
1645035667433,1025.6869
1645035667468,1025.6869
1645035667539,1025.6869
1645035667553,1025.6869
1645035667584,1025.6879
1645035667622,1025.6879
1645035667663,1025.6879
1645035667700,1025.6879
1645035667749,1025.703
1645035667777,1025.703
1645035667815,1025.703
1645035667855,1025.703
1645035667894,1025.7039
1645035667932,1025.7039
1645035667970,1025.7039
1645035668009,1025.7039
1645035668049,1025.7072
1645035668084,1025.7072
1645035668126,1025.7072
1645035668163,1025.7072
1645035668200,1025.7101
1645035668240,1025.7101
1645035668277,1025.7101
1645035668315,1025.7101
1645035668353,1025.7084
1645035668391,1025.7084
1645035668433,1025.7084
1645035668471,1025.7084
1645035668507,1025.8019
1645035668546,1025.8019
1645035668585,1025.8019
1645035668623,1025.8019
1645035668662,1025.7917
1645035668704,1025.7917
1645035668739,1025.7917
1645035668777,1025.7917
1645035668814,1025.7677
1645035668853,1025.7677
1645035668892,1025.7677
1645035668933,1025.7677
1645035668970,1025.7677
1645035669009,1025.7778
1645035669047,1025.7778
1645035669084,1025.7778
1645035669126,1025.7778
1645035669164,1025.7661
1645035669201,1025.7661
1645035669239,1025.7661
1645035669282,1025.7661
1645035669315,1025.756
1645035669353,1025.756
1645035669395,1025.756
1645035669432,1025.756
1645035669470,1025.7778
1645035669508,1025.7778
1645035669546,1025.7778
1645035669583,1025.7778
1645035669623,1025.7761
1645035669664,1025.7761
1645035669700,1025.7761
1645035669740,1025.7761
1645035669779,1025.7761
1645035669815,1025.7761
1645035669854,1025.7761
1645035669893,1025.7761
1645035669932,1025.767
1645035669970,1025.767
1645035670008,1025.767
1645035670048,1025.767
1645035670090,1025.7694
1645035670123,1025.7694
1645035670163,1025.7694
1645035670199,1025.7694
1645035670237,1025.767
1645035670278,1025.767
1645035670316,1025.767
1645035670354,1025.767
1645035670393,1025.768
1645035670432,1025.768
1645035670468,1025.768
1645035670508,1025.768
1645035670547,1025.7712
1645035670585,1025.7712
1645035670623,1025.7712
1645035670661,1025.7712
1645035670698,1025.7606
1645035670736,1025.7606
1645035670779,1025.7606
1645035670816,1025.7606
1645035670855,1025.7573
1645035670893,1025.7573
1645035670932,1025.7573
1645035670970,1025.7573
1645035671011,1025.7742
1645035671054,1025.7742
1645035671083,1025.7742
1645035671125,1025.7742
1645035671160,1025.7742
1645035671198,1025.791
1645035671241,1025.791
1645035671278,1025.791
1645035671317,1025.791
1645035671355,1025.801
1645035671394,1025.801
1645035671432,1025.801
1645035671468,1025.801
1645035671508,1025.796
1645035671546,1025.796
1645035671584,1025.796
1645035671628,1025.796
1645035671660,1025.8053
1645035671701,1025.8053
1645035671736,1025.8053
1645035671778,1025.8053
1645035671828,1025.8171
1645035671853,1025.8171
1645035671893,1025.8171
1645035671929,1025.8171
1645035671969,1025.815
1645035672010,1025.815
1645035672050,1025.815
1645035672096,1025.815
1645035672123,1025.8221
1645035672163,1025.8221
1645035672197,1025.8221
1645035672238,1025.8221
1645035672276,1025.8356
1645035672317,1025.8356
1645035672353,1025.8356
1645035672390,1025.8356
1645035672432,1025.8516
1645035672472,1025.8516
1645035672509,1025.8516
1645035672547,1025.8516
1645035672594,1025.8667
1645035672622,1025.8667
1645035672659,1025.8667
1645035672698,1025.8667
1645035672739,1025.8953
1645035672777,1025.8953
1645035672815,1025.8953
1645035672852,1025.8953
1645035672893,1025.9323
1645035672930,1025.9323
1645035672968,1025.9323
1645035673015,1025.9323
1645035673047,1025.9542
1645035673084,1025.9542
1645035673120,1025.9542
1645035673159,1025.9542
1645035673201,1025.9542
1645035673239,1025.9293
1645035673278,1025.9293
1645035673314,1025.9293
1645035673353,1025.9293
1645035673392,1025.9417
1645035673428,1025.9417
1645035673469,1025.9417
1645035673506,1025.9417
1645035673546,1025.934
1645035673583,1025.934
1645035673623,1025.934
1645035673661,1025.934
1645035673698,1025.9391
1645035673738,1025.9391
1645035673775,1025.9391
1645035673813,1025.9391
1645035673857,1025.9491
1645035673891,1025.9491
1645035673933,1025.9491
1645035673970,1025.9491
1645035674007,1025.929
1645035674044,1025.929
1645035674084,1025.929
1645035674123,1025.929
1645035674160,1025.8667
1645035674201,1025.8667
1645035674238,1025.8667
1645035674275,1025.8667
1645035674313,1025.8583
1645035674353,1025.8583
1645035674391,1025.8583
1645035674429,1025.8583
1645035674469,1025.865
1645035674507,1025.865
1645035674545,1025.865
1645035674587,1025.865
1645035674621,1025.8575
1645035674663,1025.8575
1645035674700,1025.8575
1645035674736,1025.8575
1645035674775,1025.8289
1645035674816,1025.8289
1645035674855,1025.8289
1645035674890,1025.8289
1645035674929,1025.8094
1645035674972,1025.8094
1645035675008,1025.8094
1645035675044,1025.8094
1645035675083,1025.8053
1645035675122,1025.8053
1645035675161,1025.8053
1645035675202,1025.8053
1645035675235,1025.8053
1645035675286,1025.8221
1645035675354,1025.8221
1645035675354,1025.8221
1645035675390,1025.8221
1645035675431,1025.8323
1645035675467,1025.8323
1645035675540,1025.8323
1645035675544,1025.8323
1645035675580,1025.8347
1645035675621,1025.8347
1645035675661,1025.8347
1645035675699,1025.8347
1645035675736,1025.8466
1645035675777,1025.8466
1645035675815,1025.8466
1645035675852,1025.8466
1645035675892,1025.8499
1645035675933,1025.8499
1645035675967,1025.8499
1645035676011,1025.8499
1645035676044,1025.86
1645035676084,1025.86
1645035676124,1025.86
1645035676161,1025.86
1645035676197,1025.8625
1645035676236,1025.8625
1645035676273,1025.8625
1645035676316,1025.8625
1645035676354,1025.8655
1645035676393,1025.8655
1645035676430,1025.8655
1645035676466,1025.8655
1645035676507,1025.8822
1645035676544,1025.8822
1645035676583,1025.8822
1645035676620,1025.8822
1645035676660,1025.8789
1645035676699,1025.8789
1645035676736,1025.8789
1645035676775,1025.8789
1645035676815,1025.8773
1645035676854,1025.8773
1645035676893,1025.8773
1645035676929,1025.8773
1645035676969,1025.8875
1645035677007,1025.8875
1645035677046,1025.8875
1645035677084,1025.8875
1645035677123,1025.884
1645035677161,1025.884
1645035677199,1025.884
1645035677238,1025.884
1645035677276,1025.884
1645035677313,1025.8857
1645035677353,1025.8857
1645035677390,1025.8857
1645035677427,1025.8857
1645035677466,1025.8937
1645035677518,1025.8937
1645035677546,1025.8937
1645035677583,1025.8937
1645035677620,1025.9038
1645035677658,1025.9038
1645035677698,1025.9038
1645035677737,1025.9038
1645035677786,1025.9155
1645035677814,1025.9155
1645035677851,1025.9155
1645035677899,1025.9155
1645035677950,1025.9198
1645035677969,1025.9198
1645035678004,1025.9198
1645035678045,1025.9198
1645035678088,1025.9413
1645035678124,1025.9413
1645035678163,1025.9413
1645035678199,1025.9413
1645035678266,1025.9463
1645035678274,1025.9463
1645035678310,1025.9463
1645035678348,1025.9463
1645035678387,1025.9564
1645035678425,1025.9564
1645035678464,1025.9564
1645035678503,1025.9564
1645035678541,1025.964
1645035678580,1025.964
1645035678639,1025.964
1645035678707,1025.964
1645035678723,1025.9707
1645035678798,1025.9707
1645035678799,1025.9707
1645035678852,1025.9707
1645035678852,1025.9552
1645035678887,1025.9552
1645035678925,1025.9552
1645035678966,1025.9552
1645035679003,1025.9543
1645035679043,1025.9543
1645035679083,1025.9543
1645035679119,1025.9543
1645035679158,1025.9586
1645035679196,1025.9586
1645035679234,1025.9586
1645035679273,1025.9586
1645035679310,1025.9586
1645035679348,1025.9586
1645035679387,1025.9586
1645035679427,1025.9586
1645035679469,1025.9586
1645035679505,1025.9653
1645035728336,1025.0343
1645035728337,1025.0343
1645035728375,1025.0343
1645035728413,1025.0343
1645035728452,1025.0309
1645035728495,1025.0309
1645035728530,1025.0309
1645035728567,1025.0309
1645035728607,1025.0258
1645035728644,1025.0258
1645035728683,1025.0258
1645035728723,1025.0258
1645035728762,1025.0189
1645035728802,1025.0189
1645035728840,1025.0189
1645035728876,1025.0189
1645035728915,1025.0122
1645035728953,1025.0122
1645035728991,1025.0122
1645035729029,1025.0122
1645035729068,1025.0184
1645035729108,1025.0184
1645035729144,1025.0184
1645035729183,1025.0184
1645035729222,1025.0234
1645035729261,1025.0234
1645035729299,1025.0234
1645035729337,1025.0234
1645035729375,1025.03
1645035729414,1025.03
1645035729482,1025.03
1645035729540,1025.03
1645035729540,1025.0431
1645035729570,1025.0431
1645035729605,1025.0431
1645035729644,1025.0431
1645035729684,1025.0519
1645035729736,1025.0519
1645035729760,1025.0519
1645035729798,1025.0519
1645035729921,1025.0627
1645035729921,1025.0627
1645035729924,1025.0627
1645035729952,1025.0627
1645035729994,1025.0679
1645035730032,1025.0679
1645035730070,1025.0679
1645035730226,1025.0804
1645035730226,1025.0804
1645035730278,1025.0804
1645035730297,1025.0674
1645035730336,1025.0674
1645035730376,1025.0674
1645035730414,1025.0674
1645035730454,1025.0691
1645035730492,1025.0691
1645035730529,1025.0691
1645035730568,1025.0691
1645035730609,1025.0691
1645035730651,1025.0691
1645035730685,1025.0691
1645035730723,1025.0691
1645035730761,1025.0691
1645035730799,1025.0934
1645035730838,1025.0934
1645035730876,1025.0934
1645035730920,1025.0934
1645035730953,1025.0956
1645035730990,1025.0956
1645035731030,1025.0956
1645035731069,1025.0956
1645035731107,1025.1013
1645035731146,1025.1013
1645035731193,1025.1013
1645035731228,1025.1013
1645035731261,1025.104
1645035731299,1025.104
1645035731337,1025.104
1645035731376,1025.104
1645035731421,1025.0956
1645035731454,1025.0956
1645035731490,1025.0956
1645035731530,1025.0956
1645035731567,1025.114
1645035731606,1025.114
1645035731649,1025.114
1645035731685,1025.114
1645035731722,1025.1119
1645035731761,1025.1119
1645035731800,1025.1119
1645035731837,1025.1119
1645035731875,1025.1276
1645035731915,1025.1276
1645035731961,1025.1276
1645035731992,1025.1276
1645035732032,1025.1207
1645035732072,1025.1207
1645035732107,1025.1207
1645035732159,1025.1207
1645035732234,1025.1343
1645035732235,1025.1343
1645035732274,1025.1343
1645035732316,1025.1343
1645035732339,1025.1536
1645035732379,1025.1536
1645035732415,1025.1536
1645035732452,1025.1536
1645035732492,1025.1603
1645035732531,1025.1603
1645035732568,1025.1603
1645035732606,1025.1603
1645035732646,1025.1653
1645035732687,1025.1653
1645035732724,1025.1653
1645035732762,1025.1653
1645035732801,1025.1653
1645035732837,1025.183
1645035732875,1025.183
1645035732916,1025.183
1645035732976,1025.183
1645035732991,1025.1797
1645035733028,1025.1797
1645035733070,1025.1797
1645035733107,1025.1797
1645035733172,1025.1809
1645035733188,1025.1809
1645035733222,1025.1809
1645035733261,1025.1809
1645035733300,1025.1909
1645035733337,1025.1909
1645035733387,1025.1909
1645035733417,1025.1909
1645035733455,1025.1876
1645035733490,1025.1876
1645035733529,1025.1876
1645035733569,1025.1876
1645035733609,1025.1986
1645035733649,1025.1986
1645035733685,1025.1986
1645035733722,1025.1986
1645035733760,1025.212
1645035733801,1025.212
1645035733849,1025.212
1645035733876,1025.212
1645035733915,1025.2167
1645035733954,1025.2167
1645035733992,1025.2167
1645035734029,1025.2167
1645035734068,1025.2217
1645035734134,1025.2217
1645035734148,1025.2217
1645035734230,1025.2217
1645035734230,1025.2242
1645035734271,1025.2242
1645035734298,1025.2242
1645035734338,1025.2242
1645035734375,1025.2335
1645035734415,1025.2335
1645035734453,1025.2335
1645035734490,1025.2335
1645035734538,1025.2352
1645035734572,1025.2352
1645035734605,1025.2352
1645035734647,1025.2352
1645035734686,1025.2432
1645035734724,1025.2432
1645035734759,1025.2432
1645035734798,1025.2432
1645035734838,1025.2432
1645035734876,1025.2449
1645035734915,1025.2449
1645035734953,1025.2449
1645035734990,1025.2449
1645035735031,1025.2504
1645035735068,1025.2504
1645035735107,1025.2504
1645035735146,1025.2504
1645035735190,1025.2479
1645035735223,1025.2479
1645035735265,1025.2479
1645035735304,1025.2479
1645035735337,1025.2428
1645035735374,1025.2428
1645035735413,1025.2428
1645035735451,1025.2428
1645035735503,1025.2421
1645035735527,1025.2421
1645035735565,1025.2421
1645035735606,1025.2421
1645035735645,1025.24
1645035735685,1025.24
1645035735723,1025.24
1645035735761,1025.24
1645035735801,1025.2408
1645035735837,1025.2408
1645035735875,1025.2408
1645035735915,1025.2408
1645035735956,1025.2505
1645035735991,1025.2505
1645035736033,1025.2505
1645035736067,1025.2505
1645035736105,1025.2471
1645035736142,1025.2471
1645035736189,1025.2471
1645035736219,1025.2471
1645035736261,1025.2446
1645035736317,1025.2446
1645035736347,1025.2446
1645035736375,1025.2446
1645035736421,1025.2408
1645035736451,1025.2408
1645035736494,1025.2408
1645035736531,1025.2408
1645035736569,1025.2417
1645035736607,1025.2417
1645035736647,1025.2417
1645035736683,1025.2417
1645035736721,1025.2451
1645035736761,1025.2451
1645035736798,1025.2451
1645035736837,1025.2451
1645035736876,1025.2451
1645035736916,1025.2544
1645035736952,1025.2544
1645035736992,1025.2544
1645035737032,1025.2544
1645035737067,1025.2712
1645035737109,1025.2712
1645035737146,1025.2712
1645035737183,1025.2712
1645035737221,1025.2725
1645035737260,1025.2725
1645035737300,1025.2725
1645035737336,1025.2725
1645035737375,1025.2809
1645035737418,1025.2809
1645035737469,1025.2809
1645035737489,1025.2809
1645035737529,1025.2902
1645035737569,1025.2902
1645035737609,1025.2902
1645035737645,1025.2902
1645035737684,1025.2695
1645035737722,1025.2695
1645035737759,1025.2695
1645035737799,1025.2695
1645035737837,1025.2998
1645035737875,1025.2998
1645035737915,1025.2998
1645035737953,1025.2998
1645035737992,1025.3024
1645035738036,1025.3024
1645035738066,1025.3024
1645035738114,1025.3024
1645035738143,1025.2999
1645035738184,1025.2999
1645035738221,1025.2999
1645035738260,1025.2999
1645035738298,1025.3049
1645035738352,1025.3049
1645035738376,1025.3049
1645035738416,1025.3049
1645035738450,1025.3146
1645035738491,1025.3146
1645035738530,1025.3146
1645035738569,1025.3146
1645035738607,1025.3264
1645035738645,1025.3264
1645035738685,1025.3264
1645035738722,1025.3264
1645035738760,1025.3264
1645035738799,1025.3264
1645035738843,1025.3264
1645035738876,1025.3264
1645035738913,1025.3264
1645035738955,1025.3323
1645035738990,1025.3323
1645035739030,1025.3323
1645035739068,1025.3323
1645035739109,1025.3575
1645035739146,1025.3575
1645035739184,1025.3575
1645035739237,1025.3575
1645035739273,1025.3622
1645035739298,1025.3622
1645035739337,1025.3622
1645035739374,1025.3622
1645035739424,1025.3563
1645035739451,1025.3563
1645035739490,1025.3563
1645035739528,1025.3563
1645035739568,1025.3723
1645035739605,1025.3723
1645035739644,1025.3723
1645035739683,1025.3723
1645035739723,1025.3857
1645035739761,1025.3857
1645035739797,1025.3857
1645035739837,1025.3857
1645035739873,1025.3842
1645035739914,1025.3842
1645035739956,1025.3842
1645035739988,1025.3842
1645035740028,1025.3887
1645035740069,1025.3887
1645035740115,1025.3887
1645035740145,1025.3887
1645035740182,1025.4055
1645035740225,1025.4055
1645035740257,1025.4055
1645035740297,1025.4055
1645035740337,1025.4098
1645035740377,1025.4098
1645035740412,1025.4098
1645035740461,1025.4098
1645035740489,1025.4127
1645035740527,1025.4127
1645035740568,1025.4127
1645035740606,1025.4127
1645035740644,1025.4177
1645035740682,1025.4177
1645035740727,1025.4177
1645035740758,1025.4177
1645035740812,1025.4001
1645035740836,1025.4001
1645035740875,1025.4001
1645035740913,1025.4001
1645035740951,1025.4001
1645035740990,1025.4282
1645035741029,1025.4282
1645035741068,1025.4282
1645035741105,1025.4282
1645035741147,1025.4434
1645035741180,1025.4434
1645035741219,1025.4434
1645035741264,1025.4434
1645035741300,1025.4528
1645035741337,1025.4528
1645035741376,1025.4528
1645035741412,1025.4528
1645035741452,1025.451
1645035741489,1025.451
1645035741530,1025.451
1645035741569,1025.451
1645035741611,1025.4502
1645035741645,1025.4502
1645035741683,1025.4502
1645035741720,1025.4502
1645035741764,1025.4531
1645035741797,1025.4531
1645035741835,1025.4531
1645035741884,1025.4531
1645035741912,1025.4414
1645035741952,1025.4414
1645035741989,1025.4414
1645035742027,1025.4414
1645035742067,1025.4498
1645035742104,1025.4498
1645035742147,1025.4498
1645035742184,1025.4498
1645035742223,1025.4507
1645035742257,1025.4507
1645035742298,1025.4507
1645035742341,1025.4507
1645035742374,1025.4519
1645035742418,1025.4519
1645035742450,1025.4519
1645035742490,1025.4519
1645035742528,1025.4528
1645035742566,1025.4528
1645035742609,1025.4528
1645035742644,1025.4528
1645035742680,1025.4486
1645035742720,1025.4486
1645035742759,1025.4486
1645035742799,1025.4486
1645035742834,1025.4756
1645035742874,1025.4756
1645035742914,1025.4756
1645035742952,1025.4756
1645035742990,1025.4756
1645035743027,1025.4567
1645035743068,1025.4567
1645035743106,1025.4567
1645035743142,1025.4567
1645035743183,1025.4692
1645035743229,1025.4692
1645035743260,1025.4692
1645035743297,1025.4692
1645035743336,1025.4587
1645035743376,1025.4587
1645035743415,1025.4587
1645035743452,1025.4587
1645035743492,1025.463
1645035743527,1025.463
1645035743566,1025.463
1645035743605,1025.463
1645035743670,1025.4764
1645035743687,1025.4764
1645035743720,1025.4764
1645035743763,1025.4764
1645035743795,1025.4814
1645035743836,1025.4814
1645035743875,1025.4814
1645035743913,1025.4814
1645035743952,1025.484
1645035743990,1025.484
1645035744028,1025.484
1645035744067,1025.484
1645035744105,1025.4904
1645035744144,1025.4904
1645035744183,1025.4904
1645035744220,1025.4904
1645035744258,1025.4971
1645035744296,1025.4971
1645035744335,1025.4971
1645035744376,1025.4971
1645035744414,1025.4937
1645035744451,1025.4937
1645035744491,1025.4937
1645035744540,1025.4937
1645035744570,1025.5148
1645035744609,1025.5148
1645035744643,1025.5148
1645035744680,1025.5148
1645035744738,1025.5093
1645035744757,1025.5093
1645035744798,1025.5093
1645035744835,1025.5093
1645035744873,1025.5101
1645035744911,1025.5101
1645035744953,1025.5101
1645035744988,1025.5101
1645035745027,1025.5371
1645035745070,1025.5371
1645035745112,1025.5371
1645035745144,1025.5371
1645035745181,1025.5371
1645035745223,1025.5148
1645035745259,1025.5148
1645035745309,1025.5148
1645035745338,1025.5148
1645035745373,1025.5349
1645035745418,1025.5349
1645035745464,1025.5349
1645035745493,1025.5349
1645035745527,1025.55
1645035745567,1025.55
1645035745606,1025.55
1645035745644,1025.55
1645035745680,1025.5594
1645035745721,1025.5594
1645035745757,1025.5594
1645035745796,1025.5594
1645035745835,1025.5687
1645035745873,1025.5687
1645035745919,1025.5687
1645035745949,1025.5687
1645035745987,1025.575
1645035746027,1025.575
1645035746068,1025.575
1645035746104,1025.575
1645035746143,1025.5894
1645035746181,1025.5894
1645035746217,1025.5894
1645035746262,1025.5894
1645035746296,1025.5809
1645035746336,1025.5809
1645035746373,1025.5809
1645035746411,1025.5809
1645035746456,1025.5876
1645035746490,1025.5876
1645035746530,1025.5876
1645035746568,1025.5876
1645035746612,1025.5922
1645035746642,1025.5922
1645035746683,1025.5922
1645035746719,1025.5922
1645035746758,1025.6057
1645035746804,1025.6057
1645035746836,1025.6057
1645035746873,1025.6057
1645035746918,1025.61
1645035746951,1025.61
1645035746996,1025.61
1645035747027,1025.61
1645035747067,1025.6293
1645035747103,1025.6293
1645035747142,1025.6293
1645035747179,1025.6293
1645035747218,1025.6293
1645035747258,1025.6344
1645035747298,1025.6344
1645035747333,1025.6344
1645035747372,1025.6344
1645035747411,1025.6356
1645035747449,1025.6356
1645035747487,1025.6356
1645035747528,1025.6356
1645035747566,1025.6432
1645035747604,1025.6432
1645035747642,1025.6432
1645035747682,1025.6432
1645035747720,1025.66
1645035747758,1025.66
1645035747796,1025.66
1645035747834,1025.66
1645035747874,1025.6702
1645035747912,1025.6702
1645035747971,1025.6702
1645035747991,1025.6702
1645035748027,1025.6802
1645035748066,1025.6802
1645035748103,1025.6802
1645035748143,1025.6802
1645035748182,1025.6764
1645035748220,1025.6764
1645035748332,1025.6764
1645035748332,1025.6764
1645035748358,1025.6807
1645035748372,1025.6807
1645035748410,1025.6807
1645035748449,1025.6807
1645035748488,1025.6866
1645035748542,1025.6866
1645035748571,1025.6866
1645035748615,1025.6866
1645035748641,1025.6882
1645035748678,1025.6882
1645035748717,1025.6882
1645035748756,1025.6882
1645035748794,1025.6975
1645035748839,1025.6975
1645035748875,1025.6975
1645035748913,1025.6975
1645035748948,1025.6882
1645035748987,1025.6882
1645035749025,1025.6882
1645035749065,1025.6882
1645035749101,1025.6827
1645035749141,1025.6827
1645035749185,1025.6827
1645035749219,1025.6827
1645035749256,1025.6827
1645035749295,1025.6803
1645035749335,1025.6803
1645035749371,1025.6803
1645035749417,1025.6803
1645035749454,1025.6803
1645035749503,1025.6803
1645035749533,1025.6803
1645035749591,1025.6803
1645035749600,1025.6832
1645035749640,1025.6832
1645035749680,1025.6832
1645035749718,1025.6832
1645035749783,1025.6882
1645035749797,1025.6882
1645035749833,1025.6882
1645035749872,1025.6882
1645035749911,1025.6975
1645035749950,1025.6975
1645035749988,1025.6975
1645035750025,1025.6975
1645035750065,1025.6975
1645035750102,1025.6975
1645035750141,1025.6975
1645035750180,1025.6975
1645035750218,1025.7042
1645035750258,1025.7042
1645035750300,1025.7042
1645035750335,1025.7042
1645035750371,1025.7004
1645035750418,1025.7004
1645035750451,1025.7004
1645035750488,1025.7004
1645035750526,1025.7384
1645035750580,1025.7384
1645035750604,1025.7384
1645035750641,1025.7384
1645035750679,1025.7316
1645035750729,1025.7316
1645035750757,1025.7316
1645035750796,1025.7316
1645035750834,1025.7333
1645035750872,1025.7333
1645035750910,1025.7333
1645035750949,1025.7333
1645035750989,1025.7274
1645035751026,1025.7274
1645035751065,1025.7274
1645035751101,1025.7274
1645035751143,1025.7203
1645035751185,1025.7203
1645035751218,1025.7203
1645035751256,1025.7203
1645035751295,1025.7203
1645035751332,1025.7274
1645035751370,1025.7274
1645035751412,1025.7274
1645035751448,1025.7274
1645035751504,1025.7253
1645035751531,1025.7253
1645035751567,1025.7253
1645035751602,1025.7253
1645035751641,1025.727
1645035751679,1025.727
1645035751717,1025.727
1645035751757,1025.727
1645035751799,1025.7413
1645035751833,1025.7413
1645035751872,1025.7413
1645035751910,1025.7413
1645035751948,1025.7548
1645035751987,1025.7548
1645035752027,1025.7548
1645035752066,1025.7548
1645035752112,1025.7632
1645035752140,1025.7632
1645035752188,1025.7632
1645035752216,1025.7632
1645035752257,1025.7594
1645035752298,1025.7594
1645035752344,1025.7594
1645035752372,1025.7594
1645035752410,1025.778
1645035752450,1025.778
1645035752487,1025.778
1645035752527,1025.778
1645035752563,1025.7972
1645035752601,1025.7972
1645035752640,1025.7972
1645035752679,1025.7972
1645035752718,1025.794
1645035752755,1025.794
1645035752795,1025.794
1645035752833,1025.794
1645035752871,1025.8057
1645035752909,1025.8057
1645035752950,1025.8057
1645035752987,1025.8057
1645035753026,1025.8134
1645035753073,1025.8134
1645035753102,1025.8134
1645035753143,1025.8134
1645035753177,1025.8234
1645035753218,1025.8234
1645035753256,1025.8234
1645035753316,1025.8234
1645035753345,1025.8234
1645035753371,1025.8251
1645035753410,1025.8251
1645035753447,1025.8251
1645035753488,1025.8251
1645035753530,1025.8503
1645035753564,1025.8503
1645035753605,1025.8503
1645035753639,1025.8503
1645035753679,1025.8823
1645035753717,1025.8823
1645035753756,1025.8823
1645035753796,1025.8823
1645035753833,1025.8839
1645035753873,1025.8839
1645035753910,1025.8839
1645035753948,1025.8839
1645035753995,1025.889
1645035754026,1025.889
1645035754062,1025.889
1645035754105,1025.889
1645035754139,1025.8903
1645035754179,1025.8903
1645035754218,1025.8903
1645035754257,1025.8903
1645035754298,1025.8903
1645035754332,1025.8903
1645035754373,1025.8903
1645035754410,1025.8903
1645035754449,1025.8936
1645035754486,1025.8936
1645035754527,1025.8936
1645035754566,1025.8936
1645035754602,1025.8961
1645035754641,1025.8961
1645035754679,1025.8961
1645035754719,1025.8961
1645035754756,1025.8928
1645035754796,1025.8928
1645035754893,1025.8928
1645035754894,1025.8928
1645035754912,1025.9045
1645035754948,1025.9045
1645035754986,1025.9045
1645035755028,1025.9045
1645035755065,1025.8956
1645035755103,1025.8956
1645035755142,1025.8956
1645035755178,1025.8956
1645035755217,1025.9008
1645035755255,1025.9008
1645035755305,1025.9008
1645035755332,1025.9008
1645035755375,1025.9008
1645035755410,1025.9008
1645035755452,1025.9008
1645035755487,1025.9008
1645035755527,1025.9008
1645035755565,1025.8882
1645035755604,1025.8882
1645035755642,1025.8882
1645035755678,1025.8882
1645035755717,1025.8882
1645035755757,1025.8882
1645035755795,1025.8882
1645035755833,1025.8882
1645035755872,1025.8798
1645035755909,1025.8798
1645035755948,1025.8798
1645035755987,1025.8798
1645035756025,1025.8622
1645035756063,1025.8622
1645035756104,1025.8622
1645035756141,1025.8622
1645035756179,1025.8723
1645035756217,1025.8723
1645035756258,1025.8723
1645035756295,1025.8723
1645035756333,1025.9508
1645035756372,1025.9508
1645035756411,1025.9508
1645035756447,1025.9508
1645035756486,1025.9585
1645035756528,1025.9585
1645035756564,1025.9585
1645035756601,1025.9585
1645035756641,1025.9004
1645035756679,1025.9004
1645035756717,1025.9004
1645035756756,1025.9004
1645035756794,1025.8718
1645035756837,1025.8718
1645035756871,1025.8718
1645035756911,1025.8718
1645035756974,1025.9525
1645035756993,1025.9525
1645035757024,1025.9525
1645035757061,1025.9525
1645035757104,1025.8835
1645035757139,1025.8835
1645035757177,1025.8835
1645035757216,1025.8835
1645035757256,1025.8684
1645035757300,1025.8684
1645035757332,1025.8684
1645035757374,1025.8684
1645035757411,1025.8684
1645035757447,1025.8583
1645035757484,1025.8583
1645035757525,1025.8583
1645035757562,1025.8583
1645035757599,1025.8365
1645035757640,1025.8365
1645035758022,1025.8365
1645035758022,1025.8365
1645035758022,1025.8818
1645035758023,1025.8818
1645035758023,1025.8818
1645035758023,1025.8818
1645035758023,1025.9272
1645035758023,1025.9272
1645035758023,1025.9272
1645035758024,1025.9272
1645035758082,1025.8453
1645035758133,1025.8453
1645035758138,1025.8453
1645035758180,1025.8453
1645035758215,1025.8004
1645035758260,1025.8004
1645035758329,1025.8004
1645035758338,1025.8004
1645035758369,1025.8156
1645035758411,1025.8156
1645035758447,1025.8156
1645035758509,1025.8156
1645035758522,1025.8185
1645035758560,1025.8185
1645035758603,1025.8185
1645035758641,1025.8185
1645035758675,1025.8319
1645035758714,1025.8319
1645035758753,1025.8319
1645035758793,1025.8319
1645035758830,1025.847
1645035758868,1025.847
1645035758906,1025.847
1645035758944,1025.847
1645035758988,1025.8588
1645035759086,1025.8588
1645035759087,1025.8588
1645035759197,1025.8588
1645035759197,1025.8639
1645035759197,1025.8639
1645035759232,1025.8639
1645035759252,1025.8639
1645035759291,1025.8739
1645035759329,1025.8739
1645035759369,1025.8739
1645035759408,1025.8739
1645035759445,1025.8732
1645035759484,1025.8732
1645035759521,1025.8732
1645035759560,1025.8732
1645035759600,1025.8732
1645035759637,1025.8765
1645035759677,1025.8765
1645035759717,1025.8765
1645035759752,1025.8765
1645035759791,1025.8727
1645035759829,1025.8727
1645035759873,1025.8727
1645035759907,1025.8727
1645035759946,1025.8844
1645035759986,1025.8844
1645035812048,1025.0277
1645035812048,1025.0277
1645035812087,1025.0277
1645035812124,1025.0214
1645035812162,1025.0214
1645035812200,1025.0214
1645035812239,1025.0214
1645035812279,1025.018
1645035812318,1025.018
1645035812358,1025.018
1645035812395,1025.018
1645035812433,1025.0195
1645035812473,1025.0195
1645035812510,1025.0195
1645035812547,1025.0195
1645035812586,1025.0195
1645035812624,1025.0156
1645035812665,1025.0156
1645035812703,1025.0156
1645035812741,1025.0156
1645035812781,1025.0164
1645035812820,1025.0164
1645035812861,1025.0164
1645035812897,1025.0164
1645035812934,1025.0189
1645035812974,1025.0189
1645035813013,1025.0189
1645035813047,1025.0189
1645035813085,1025.0233
1645035813126,1025.0233
1645035813163,1025.0233
1645035813204,1025.0233
1645035813239,1025.0237
1645035813277,1025.0237
1645035813316,1025.0237
1645035813355,1025.0237
1645035813393,1025.0308
1645035813432,1025.0308
1645035813470,1025.0308
1645035813508,1025.0308
1645035813547,1025.032
1645035813585,1025.032
1645035813645,1025.032
1645035813666,1025.032
1645035813715,1025.042
1645035813746,1025.042
1645035813778,1025.042
1645035813833,1025.042
1645035813985,1025.0752
1645035813985,1025.0752
1645035813985,1025.0752
1645035813986,1025.0752
1645035814121,1025.1144
1645035814121,1025.1144
1645035814123,1025.1144
1645035814124,1025.1144
1645035814199,1025.1243
1645035814200,1025.1243
1645035814241,1025.1243
1645035814354,1025.1239
1645035814354,1025.1239
1645035814397,1025.1239
1645035814431,1025.1239
1645035814470,1025.0957
1645035814516,1025.0957
1645035814546,1025.0957
1645035814588,1025.0957
1645035814627,1025.1251
1645035814675,1025.1251
1645035814700,1025.1251
1645035814740,1025.1251
1645035814783,1025.1146
1645035814819,1025.1146
1645035814857,1025.1146
1645035814893,1025.1146
1645035814932,1025.1146
1645035814970,1025.1069
1645035815016,1025.1069
1645035815050,1025.1069
1645035815086,1025.1069
1645035815129,1025.1343
1645035815163,1025.1343
1645035815204,1025.1343
1645035815240,1025.1343
1645035815283,1025.1486
1645035815321,1025.1486
1645035815360,1025.1486
1645035815394,1025.1486
1645035815431,1025.1284
1645035815472,1025.1284
1645035815508,1025.1284
1645035815560,1025.1284
1645035815606,1025.1221
1645035815627,1025.1221
1645035815664,1025.1221
1645035815702,1025.1221
1645035815738,1025.1212
1645035815777,1025.1212
1645035815815,1025.1212
1645035815876,1025.1212
1645035815916,1025.1271
1645035815934,1025.1271
1645035815970,1025.1271
1645035816008,1025.1271
1645035816052,1025.114
1645035816099,1025.114
1645035816128,1025.114
1645035816164,1025.114
1645035816203,1025.1157
1645035816239,1025.1157
1645035816277,1025.1157
1645035816316,1025.1157
1645035816358,1025.13
1645035816448,1025.13
1645035816448,1025.13
1645035816472,1025.13
1645035816509,1025.1422
1645035816548,1025.1422
1645035816589,1025.1422
1645035816625,1025.1422
1645035816674,1025.1439
1645035816731,1025.1439
1645035816739,1025.1439
1645035816778,1025.1439
1645035816817,1025.1422
1645035816856,1025.1422
1645035816894,1025.1422
1645035816974,1025.1422
1645035816974,1025.1422
1645035817009,1025.1506
1645035817048,1025.1506
1645035817086,1025.1506
1645035817133,1025.1506
1645035817162,1025.1564
1645035817202,1025.1564
1645035817243,1025.1564
1645035817279,1025.1564
1645035817318,1025.1682
1645035817356,1025.1682
1645035817396,1025.1682
1645035817453,1025.1682
1645035817469,1025.1766
1645035817509,1025.1766
1645035817549,1025.1766
1645035817588,1025.1766
1645035817624,1025.1808
1645035817678,1025.1808
1645035817703,1025.1808
1645035817739,1025.1808
1645035817780,1025.2042
1645035817817,1025.2042
1645035817880,1025.2042
1645035817930,1025.2042
1645035817983,1025.2126
1645035817984,1025.2126
1645035818010,1025.2126
1645035818048,1025.2126
1645035818085,1025.2076
1645035818126,1025.2076
1645035818167,1025.2076
1645035818205,1025.2076
1645035818239,1025.2052
1645035818278,1025.2052
1645035818319,1025.2052
1645035818355,1025.2052
1645035818393,1025.2345
1645035818432,1025.2345
1645035818470,1025.2345
1645035818509,1025.2345
1645035818550,1025.1875
1645035818585,1025.1875
1645035818625,1025.1875
1645035818662,1025.1875
1645035818700,1025.1447
1645035818743,1025.1447
1645035818783,1025.1447
1645035818818,1025.1447
1645035818853,1025.1077
1645035818895,1025.1077
1645035818932,1025.1077
1645035818971,1025.1077
1645035819009,1025.1077
1645035819053,1025.1094
1645035819084,1025.1094
1645035819129,1025.1094
1645035819163,1025.1094
1645035819207,1025.1396
1645035819240,1025.1396
1645035819278,1025.1396
1645035819329,1025.1396
1645035819356,1025.1699
1645035819395,1025.1699
1645035819430,1025.1699
1645035819469,1025.1699
1645035819508,1025.2136
1645035819545,1025.2136
1645035819585,1025.2136
1645035819622,1025.2136
1645035819662,1025.2069
1645035819700,1025.2069
1645035819738,1025.2069
1645035819778,1025.2069
1645035819817,1025.2069
1645035819867,1025.2069
1645035819891,1025.2069
1645035819930,1025.2069
1645035819969,1025.227
1645035820009,1025.227
1645035820047,1025.227
1645035820086,1025.227
1645035820126,1025.243
1645035820163,1025.243
1645035820200,1025.243
1645035820238,1025.243
1645035820278,1025.2549
1645035820316,1025.2549
1645035820354,1025.2549
1645035820392,1025.2549
1645035820430,1025.2544
1645035820473,1025.2544
1645035820510,1025.2544
1645035820547,1025.2544
1645035820585,1025.2805
1645035820626,1025.2805
1645035820665,1025.2805
1645035820700,1025.2805
1645035820739,1025.3175
1645035820777,1025.3175
1645035820819,1025.3175
1645035820854,1025.3175
1645035820892,1025.3344
1645035820934,1025.3344
1645035820969,1025.3344
1645035821008,1025.3344
1645035821047,1025.3344
1645035821084,1025.3309
1645035821128,1025.3309
1645035821184,1025.3309
1645035821201,1025.3309
1645035821246,1025.3287
1645035821276,1025.3287
1645035821315,1025.3287
1645035821356,1025.3287
1645035821395,1025.3287
1645035821431,1025.3287
1645035821469,1025.3287
1645035821509,1025.3287
1645035821548,1025.322
1645035821587,1025.322
1645035821625,1025.322
1645035821662,1025.322
1645035821700,1025.3287
1645035821739,1025.3287
1645035821777,1025.3287
1645035821816,1025.3287
1645035821854,1025.317
1645035821894,1025.317
1645035821932,1025.317
1645035821970,1025.317
1645035822020,1025.328
1645035822064,1025.328
1645035822085,1025.328
1645035822123,1025.328
1645035822162,1025.3448
1645035822203,1025.3448
1645035822240,1025.3448
1645035822278,1025.3448
1645035822317,1025.36
1645035822355,1025.36
1645035822397,1025.36
1645035822430,1025.36
1645035822469,1025.3457
1645035822508,1025.3457
1645035822547,1025.3457
1645035822586,1025.3457
1645035822624,1025.3608
1645035822661,1025.3608
1645035822703,1025.3608
1645035822738,1025.3608
1645035822777,1025.376
1645035822815,1025.376
1645035822870,1025.376
1645035822894,1025.376
1645035822932,1025.3739
1645035822971,1025.3739
1645035823008,1025.3739
1645035823049,1025.3739
1645035823085,1025.3739
1645035823123,1025.3705
1645035823162,1025.3705
1645035823202,1025.3705
1645035823240,1025.3705
1645035823278,1025.3798
1645035823316,1025.3798
1645035823354,1025.3798
1645035823392,1025.3798
1645035823431,1025.3849
1645035823469,1025.3849
1645035823508,1025.3849
1645035823548,1025.3849
1645035823585,1025.3861
1645035823623,1025.3861
1645035823661,1025.3861
1645035823700,1025.3861
1645035823739,1025.4
1645035823777,1025.4
1645035823816,1025.4
1645035823854,1025.4
1645035823893,1025.4
1645035823931,1025.4
1645035823970,1025.4
1645035824009,1025.4
1645035824047,1025.4147
1645035824084,1025.4147
1645035824125,1025.4147
1645035824161,1025.4147
1645035824202,1025.4214
1645035824239,1025.4214
1645035824278,1025.4214
1645035824317,1025.4214
1645035824354,1025.424
1645035824391,1025.424
1645035824431,1025.424
1645035824469,1025.424
1645035824507,1025.429
1645035824545,1025.429
1645035824583,1025.429
1645035824624,1025.429
1645035824662,1025.4274
1645035824702,1025.4274
1645035824739,1025.4274
1645035824780,1025.4274
1645035824814,1025.4185
1645035824855,1025.4185
1645035824894,1025.4185
1645035824931,1025.4185
1645035824969,1025.4244
1645035825018,1025.4244
1645035825046,1025.4244
1645035825084,1025.4244
1645035825122,1025.4244
1645035825162,1025.4236
1645035825199,1025.4236
1645035825243,1025.4236
1645035825278,1025.4236
1645035825316,1025.4248
1645035825357,1025.4248
1645035825392,1025.4248
1645035825433,1025.4248
1645035825468,1025.4248
1645035825510,1025.4248
1645035825546,1025.4248
1645035825585,1025.4248
1645035825624,1025.4332
1645035825661,1025.4332
1645035825700,1025.4332
1645035825738,1025.4332
1645035825776,1025.4265
1645035825815,1025.4265
1645035825853,1025.4265
1645035825892,1025.4265
1645035825931,1025.4467
1645035825981,1025.4467
1645035826008,1025.4467
1645035826045,1025.4467
1645035826087,1025.4257
1645035826121,1025.4257
1645035826161,1025.4257
1645035826199,1025.4257
1645035826237,1025.4437
1645035826276,1025.4437
1645035826315,1025.4437
1645035826355,1025.4437
1645035826392,1025.4459
1645035826430,1025.4459
1645035826471,1025.4459
1645035826506,1025.4459
1645035826546,1025.442
1645035826584,1025.442
1645035826622,1025.442
1645035826662,1025.442
1645035826699,1025.4346
1645035826739,1025.4346
1645035826779,1025.4346
1645035826814,1025.4346
1645035826854,1025.4362
1645035826893,1025.4362
1645035826930,1025.4362
1645035826968,1025.4362
1645035827009,1025.4254
1645035827047,1025.4254
1645035827084,1025.4254
1645035827123,1025.4254
1645035827162,1025.4254
1645035827202,1025.4287
1645035827238,1025.4287
1645035827276,1025.4287
1645035827319,1025.4287
1645035827376,1025.4203
1645035827391,1025.4203
1645035827429,1025.4203
1645035827468,1025.4203
1645035827507,1025.4287
1645035827547,1025.4287
1645035827584,1025.4287
1645035827622,1025.4287
1645035827660,1025.4366
1645035827699,1025.4366
1645035827737,1025.4366
1645035827778,1025.4366
1645035827814,1025.4552
1645035827854,1025.4552
1645035827892,1025.4552
1645035827932,1025.4552
1645035827969,1025.4568
1645035828007,1025.4568
1645035828045,1025.4568
1645035828084,1025.4568
1645035828122,1025.4803
1645035828160,1025.4803
1645035828214,1025.4803
1645035828238,1025.4803
1645035828274,1025.4652
1645035828313,1025.4652
1645035828352,1025.4652
1645035828393,1025.4652
1645035828430,1025.4736
1645035828467,1025.4736
1645035828507,1025.4736
1645035828546,1025.4736
1645035828584,1025.4803
1645035828620,1025.4803
1645035828659,1025.4803
1645035828700,1025.4803
1645035828736,1025.4905
1645035828776,1025.4905
1645035828838,1025.4905
1645035828854,1025.4905
1645035828892,1025.4938
1645035828929,1025.4938
1645035828968,1025.4938
1645035829006,1025.4938
1645035829046,1025.4965
1645035829083,1025.4965
1645035829121,1025.4965
1645035829164,1025.4965
1645035829199,1025.4965
1645035829238,1025.514
1645035829276,1025.514
1645035829313,1025.514
1645035829353,1025.514
1645035829392,1025.5132
1645035829429,1025.5132
1645035829468,1025.5132
1645035829506,1025.5132
1645035829545,1025.5149
1645035829586,1025.5149
1645035829620,1025.5149
1645035829661,1025.5149
1645035829697,1025.5345
1645035829739,1025.5345
1645035829775,1025.5345
1645035829814,1025.5345
1645035829852,1025.5372
1645035829890,1025.5372
1645035829930,1025.5372
1645035829970,1025.5372
1645035830006,1025.5524
1645035830045,1025.5524
1645035830084,1025.5524
1645035830122,1025.5524
1645035830160,1025.5616
1645035830199,1025.5616
1645035830239,1025.5616
1645035830275,1025.5616
1645035830315,1025.5532
1645035830353,1025.5532
1645035830392,1025.5532
1645035830429,1025.5532
1645035830468,1025.5696
1645035830513,1025.5696
1645035830545,1025.5696
1645035830584,1025.5696
1645035830624,1025.5789
1645035830660,1025.5789
1645035830697,1025.5789
1645035830738,1025.5789
1645035830777,1025.5851
1645035830815,1025.5851
1645035830853,1025.5851
1645035830900,1025.5851
1645035830931,1025.5809
1645035830967,1025.5809
1645035831008,1025.5809
1645035831047,1025.5809
1645035831084,1025.5952
1645035831120,1025.5952
1645035831177,1025.5952
1645035831200,1025.5952
1645035831238,1025.5952
1645035831274,1025.6036
1645035831314,1025.6036
1645035831354,1025.6036
1645035831391,1025.6036
1645035831436,1025.6028
1645035831476,1025.6028
1645035831506,1025.6028
1645035831543,1025.6028
1645035831582,1025.6095
1645035831621,1025.6095
1645035831662,1025.6095
1645035831697,1025.6095
1645035831736,1025.6095
1645035831780,1025.6095
1645035831814,1025.6095
1645035831852,1025.6095
1645035831890,1025.6129
1645035831929,1025.6129
1645035831969,1025.6129
1645035832020,1025.6129
1645035832047,1025.6088
1645035832081,1025.6088
1645035832120,1025.6088
1645035832159,1025.6088
1645035832199,1025.6129
1645035832235,1025.6129
1645035832276,1025.6129
1645035832315,1025.6129
1645035832351,1025.6155
1645035832392,1025.6155
1645035832430,1025.6155
1645035832478,1025.6155
1645035832505,1025.6003
1645035832544,1025.6003
1645035832587,1025.6003
1645035832621,1025.6003
1645035832658,1025.6399
1645035832698,1025.6399
1645035832735,1025.6399
1645035832776,1025.6399
1645035832815,1025.6887
1645035832852,1025.6887
1645035832892,1025.6887
1645035832929,1025.6887
1645035832968,1025.6853
1645035833007,1025.6853
1645035833043,1025.6853
1645035833082,1025.6853
1645035833121,1025.6779
1645035833159,1025.6779
1645035833198,1025.6779
1645035833236,1025.6779
1645035833274,1025.6779
1645035833313,1025.6285
1645035833351,1025.6285
1645035833391,1025.6285
1645035833428,1025.6285
1645035833468,1025.6218
1645035833507,1025.6218
1645035833544,1025.6218
1645035833581,1025.6218
1645035833619,1025.6084
1645035833658,1025.6084
1645035833699,1025.6084
1645035833754,1025.6084
1645035833786,1025.6454
1645035833813,1025.6454
1645035833851,1025.6454
1645035833889,1025.6454
1645035833932,1025.6581
1645035833968,1025.6581
1645035834006,1025.6581
1645035834043,1025.6581
1645035834082,1025.671
1645035834119,1025.671
1645035834160,1025.671
1645035834197,1025.671
1645035834235,1025.7085
1645035834275,1025.7085
1645035834313,1025.7085
1645035834352,1025.7085
1645035834391,1025.6514
1645035834429,1025.6514
1645035834466,1025.6514
1645035834506,1025.6514
1645035834544,1025.6261
1645035834584,1025.6261
1645035834619,1025.6261
1645035834659,1025.6261
1645035834698,1025.6278
1645035834736,1025.6278
1645035834774,1025.6278
1645035834813,1025.6278
1645035834850,1025.6509
1645035834889,1025.6509
1645035834928,1025.6509
1645035834967,1025.6509
1645035835011,1025.6761
1645035835042,1025.6761
1645035835083,1025.6761
1645035835121,1025.6761
1645035835160,1025.6602
1645035835200,1025.6602
1645035835235,1025.6602
1645035835275,1025.6602
1645035835314,1025.6602
1645035835352,1025.677
1645035835389,1025.677
1645035835429,1025.677
1645035835466,1025.677
1645035835505,1025.6669
1645035835544,1025.6669
1645035835582,1025.6669
1645035835620,1025.6669
1645035835659,1025.677
1645035835697,1025.677
1645035835741,1025.677
1645035835776,1025.677
1645035835812,1025.6787
1645035835852,1025.6787
1645035835892,1025.6787
1645035835928,1025.6787
1645035835966,1025.6813
1645035836009,1025.6813
1645035836045,1025.6813
1645035836084,1025.6813
1645035836119,1025.6913
1645035836160,1025.6913
1645035836198,1025.6913
1645035836235,1025.6913
1645035836274,1025.7098
1645035836315,1025.7098
1645035836352,1025.7098
1645035836394,1025.7098
1645035836428,1025.7838
1645035836466,1025.7838
1645035836505,1025.7838
1645035836543,1025.7838
1645035836585,1025.7565
1645035836621,1025.7565
1645035836659,1025.7565
1645035836698,1025.7565
1645035836740,1025.7783
1645035836780,1025.7783
1645035836816,1025.7783
1645035836850,1025.7783
1645035836890,1025.7565
1645035836926,1025.7565
1645035836968,1025.7565
1645035837006,1025.7565
1645035837044,1025.706
1645035837082,1025.706
1645035837120,1025.706
1645035837158,1025.706
1645035837199,1025.6918
1645035837236,1025.6918
1645035837273,1025.6918
1645035837313,1025.6918
1645035837350,1025.6918
1645035837389,1025.7064
1645035837440,1025.7064
1645035837470,1025.7064
1645035837505,1025.7064
1645035837544,1025.7098
1645035837580,1025.7098
1645035837621,1025.7098
1645035837658,1025.7098
1645035837698,1025.7216
1645035837737,1025.7216
1645035837775,1025.7216
1645035837813,1025.7216
1645035837853,1025.7518
1645035837888,1025.7518
1645035837929,1025.7518
1645035837966,1025.7518
1645035838004,1025.7283
1645035838044,1025.7283
1645035838083,1025.7283
1645035838120,1025.7283
1645035838157,1025.7216
1645035838197,1025.7216
1645035838236,1025.7216
1645035838274,1025.7216
1645035838312,1025.7208
1645035838350,1025.7208
1645035838388,1025.7208
1645035838428,1025.7208
1645035838489,1025.7333
1645035838504,1025.7333
1645035838542,1025.7333
1645035838630,1025.7333
1645035838630,1025.7343
1645035838720,1025.7343
1645035838721,1025.7343
1645035838739,1025.7343
1645035838772,1025.741
1645035838815,1025.741
1645035838848,1025.741
1645035838947,1025.741
1645035838947,1025.7385
1645035838974,1025.7385
1645035839003,1025.7385
1645035839052,1025.7385
1645035839079,1025.7435
1645035839118,1025.7435
1645035839157,1025.7435
1645035839194,1025.7435
1645035839232,1025.7418
1645035839273,1025.7418
1645035839309,1025.7418
1645035839348,1025.7418
1645035839387,1025.7418
1645035839427,1025.7435
1645035839463,1025.7435
1645035839503,1025.7435
1645035839540,1025.7435
1645035839580,1025.7498
1645035839618,1025.7498
1645035839659,1025.7498
1645035839695,1025.7498
1645035839734,1025.7532
1645035839773,1025.7532
1645035839812,1025.7532
1645035839848,1025.7532
1645035839888,1025.7523
1645035839927,1025.7523
1645035839967,1025.7523
1645035840002,1025.7523
1645035840044,1025.7599
1645035840083,1025.7599
1645035840117,1025.7599
1645035840156,1025.7599
1645035840194,1025.7709
1645035840232,1025.7709
1645035840271,1025.7709
1645035840355,1025.7709
1645035840355,1025.7666
1645035840471,1025.7666
1645035840471,1025.7666
1645035840472,1025.7666
1645035840505,1025.7592
1645035840544,1025.7592
1645035840578,1025.7592
1645035840619,1025.7592
1645035840655,1025.7607
1645035840695,1025.7607
1645035840733,1025.7607
1645035840771,1025.7607
1645035840809,1025.7726
1645035840848,1025.7726
1645035840886,1025.7726
1645035840924,1025.7726
1645035840964,1025.7709
1645035841002,1025.7709
1645035841041,1025.7709
1645035841079,1025.7709
1645035841117,1025.786
1645035841156,1025.786
1645035841194,1025.786
1645035841234,1025.786
1645035841272,1025.7877
1645035841311,1025.7877
1645035841348,1025.7877
1645035841386,1025.7877
1645035841425,1025.7877
1645035841464,1025.7927
1645035841502,1025.7927
1645035841541,1025.7927
1645035841579,1025.7927
1645035841623,1025.7994
1645035841655,1025.7994
1645035841697,1025.7994
1645035841733,1025.7994
1645035841773,1025.7905
1645035841810,1025.7905
1645035841849,1025.7905
1645035841887,1025.7905
1645035841924,1025.7927
1645035841963,1025.7927
1645035842004,1025.7927
1645035842040,1025.7927
1645035842080,1025.7952
1645035842118,1025.7952
1645035842156,1025.7952
1645035842194,1025.7952
1645035842238,1025.7919
1645035842271,1025.7919
1645035842309,1025.7919
1645035842349,1025.7919
1645035842387,1025.7919
1645035842426,1025.7919
1645035842467,1025.7919
1645035842502,1025.7919
1645035842540,1025.799
1645035842580,1025.799
1645035842619,1025.799
1645035842655,1025.799
1645035842696,1025.8065
1645035842734,1025.8065
1645035842772,1025.8065
1645035842811,1025.8065
1645035842853,1025.8141
1645035842887,1025.8141
1645035842927,1025.8141
1645035842965,1025.8141
