1645035953897,1024.9551
1645035953897,1024.9551
1645035953935,1024.9551
1645035953975,1024.9363
1645035954014,1024.9363
1645035954050,1024.9363
1645035954090,1024.9363
1645035954128,1024.9178
1645035954166,1024.9178
1645035954205,1024.9178
1645035954244,1024.9178
1645035954282,1024.9178
1645035954322,1024.9156
1645035954361,1024.9156
1645035954397,1024.9156
1645035954436,1024.9156
1645035954476,1024.9143
1645035954513,1024.9143
1645035954553,1024.9143
1645035954591,1024.9143
1645035954629,1024.9097
1645035954666,1024.9097
1645035954706,1024.9097
1645035954745,1024.9097
1645035954783,1024.9122
1645035954822,1024.9122
1645035954859,1024.9122
1645035954899,1024.9122
1645035954939,1024.915
1645035954975,1024.915
1645035955013,1024.915
1645035955052,1024.915
1645035955091,1024.9259
1645035955130,1024.9259
1645035955167,1024.9259
1645035955207,1024.9259
1645035955244,1024.925
1645035955282,1024.925
1645035955323,1024.925
1645035955359,1024.925
1645035955407,1024.93
1645035955435,1024.93
1645035955474,1024.93
1645035955511,1024.93
1645035955551,1024.922
1645035955590,1024.922
1645035955628,1024.922
1645035955684,1024.922
1645035955718,1024.9194
1645035955743,1024.9194
1645035955785,1024.9194
1645035955824,1024.9194
1645035955858,1024.924
1645035955897,1024.924
1645035955937,1024.924
1645035955975,1024.924
1645035956014,1024.9264
1645035956054,1024.9264
1645035956089,1024.9264
1645035956130,1024.9264
1645035956166,1024.92
1645035956206,1024.92
1645035956242,1024.92
1645035956283,1024.92
1645035956321,1024.92
1645035956359,1024.9226
1645035956399,1024.9226
1645035956436,1024.9226
1645035956474,1024.9226
1645035956512,1024.9203
1645035956552,1024.9203
1645035956592,1024.9203
1645035956630,1024.9203
1645035956667,1024.912
1645035956713,1024.912
1645035956742,1024.912
1645035956782,1024.912
1645035956822,1024.9148
1645035956859,1024.9148
1645035956898,1024.9148
1645035956936,1024.9148
1645035956976,1024.919
1645035957014,1024.919
1645035957050,1024.919
1645035957091,1024.919
1645035957128,1024.9181
1645035957167,1024.9181
1645035957205,1024.9181
1645035957244,1024.9181
1645035957282,1024.9202
1645035957322,1024.9202
1645035957358,1024.9202
1645035957397,1024.9202
1645035957437,1024.9193
1645035957474,1024.9193
1645035957512,1024.9193
1645035957553,1024.9193
1645035957589,1024.9254
1645035957629,1024.9254
1645035957666,1024.9254
1645035957721,1024.9254
1645035957769,1024.9354
1645035957791,1024.9354
1645035957820,1024.9354
1645035957863,1024.9354
1645035957897,1024.9447
1645035957934,1024.9447
1645035957974,1024.9447
1645035958017,1024.9447
1645035958050,1024.9539
1645035958088,1024.9539
1645035958131,1024.9539
1645035958167,1024.9539
1645035958205,1024.9489
1645035958246,1024.9689
1645035958282,1024.9689
1645035958320,1024.9689
1645035958357,1024.9689
1645035958397,1024.9751
1645035958436,1024.9751
1645035958475,1024.9751
1645035958513,1024.9751
1645035958551,1024.9894
1645035958589,1024.9894
1645035958627,1024.9894
1645035958667,1024.9894
1645035958704,1025.0002
1645035958744,1025.0002
1645035958786,1025.0002
1645035958820,1025.0002
1645035958857,1025.0149
1645035958898,1025.0149
1645035958938,1025.0149
1645035958973,1025.0149
1645035959012,1025.0186
1645035959051,1025.0186
1645035959090,1025.0186
1645035959128,1025.0186
1645035959166,1025.0361
1645035959209,1025.0361
1645035959245,1025.0361
1645035959282,1025.0361
1645035959323,1025.0546
1645035959363,1025.0546
1645035959401,1025.0546
1645035959435,1025.0546
1645035959494,1025.0706
1645035959515,1025.0706
1645035959550,1025.0706
1645035959591,1025.0706
1645035959626,1025.0873
1645035959665,1025.0873
1645035959732,1025.0873
1645035959755,1025.0873
1645035959803,1025.1018
1645035959822,1025.1018
1645035959857,1025.1018
1645035959895,1025.1018
1645035959934,1025.1178
1645035959973,1025.1178
1645035960012,1025.1178
1645035960050,1025.1178
1645035960088,1025.1332
1645035960127,1025.1332
1645035960165,1025.1332
1645035960206,1025.1332
1645035960243,1025.1332
1645035960280,1025.15
1645035960318,1025.15
1645035960357,1025.15
1645035960395,1025.15
1645035960434,1025.1659
1645035960474,1025.1659
1645035960512,1025.1659
1645035960551,1025.1659
1645035960590,1025.1843
1645035960627,1025.1843
1645035960667,1025.1843
1645035960704,1025.1843
1645035960746,1025.1973
1645035960781,1025.1973
1645035960819,1025.1973
1645035960862,1025.1973
1645035960898,1025.2085
1645035960934,1025.2085
1645035960985,1025.2085
1645035961015,1025.2085
1645035961050,1025.2268
1645035961088,1025.2268
1645035961127,1025.2268
1645035961169,1025.2268
1645035961205,1025.2394
1645035961244,1025.2394
1645035961280,1025.2394
1645035961319,1025.2394
1645035961359,1025.2554
1645035961396,1025.2554
1645035961436,1025.2554
1645035961474,1025.2554
1645035961514,1025.2675
1645035961550,1025.2675
1645035961588,1025.2675
1645035961627,1025.2675
1645035961667,1025.2745
1645035961706,1025.2745
1645035961749,1025.2745
1645035961781,1025.2745
1645035961819,1025.2905
1645035961857,1025.2905
1645035961898,1025.2905
1645035961935,1025.2905
1645035961975,1025.305
1645035962011,1025.305
1645035962052,1025.305
1645035962087,1025.305
1645035962127,1025.3126
1645035962166,1025.3126
1645035962204,1025.3126
1645035962241,1025.3126
1645035962280,1025.3126
1645035962320,1025.3336
1645035962356,1025.3336
1645035962395,1025.3336
1645035962435,1025.3336
1645035962475,1025.3516
1645035962515,1025.3516
1645035962552,1025.3516
1645035962589,1025.3516
1645035962628,1025.3733
1645035962668,1025.3733
1645035962705,1025.3733
1645035962744,1025.3733
1645035962785,1025.3926
1645035962819,1025.3926
1645035962859,1025.3926
1645035962895,1025.3926
1645035962935,1025.4127
1645035962973,1025.4127
1645035963011,1025.4127
1645035963051,1025.4127
1645035963091,1025.4248
1645035963127,1025.4248
1645035963165,1025.4248
1645035963206,1025.4248
1645035963243,1025.4391
1645035963282,1025.4391
1645035963319,1025.4391
1645035963362,1025.4391
1645035963395,1025.4563
1645035963437,1025.4563
1645035963484,1025.4563
1645035963518,1025.4563
1645035963548,1025.4739
1645035963587,1025.4739
1645035963628,1025.4739
1645035963665,1025.4739
1645035963704,1025.4847
1645035963750,1025.4847
1645035963780,1025.4847
1645035963818,1025.4847
1645035963858,1025.4952
1645035963900,1025.4952
1645035963934,1025.4952
1645035963971,1025.4952
1645035964011,1025.5098
1645035964049,1025.5098
1645035964088,1025.5098
1645035964130,1025.5098
1645035964169,1025.529
1645035964204,1025.529
1645035964242,1025.529
1645035964281,1025.529
1645035964318,1025.529
1645035964359,1025.5438
1645035964395,1025.5438
1645035964435,1025.5438
1645035964472,1025.5438
1645035964511,1025.5631
1645035964549,1025.5631
1645035964589,1025.5631
1645035964626,1025.5631
1645035964664,1025.5702
1645035964703,1025.5702
1645035964743,1025.5702
1645035964781,1025.5702
1645035964820,1025.5881
1645035964856,1025.5881
1645035964895,1025.5881
1645035964936,1025.5881
1645035964973,1025.6024
1645035965014,1025.6024
1645035965050,1025.6024
1645035965088,1025.6024
1645035965128,1025.6128
1645035965166,1025.6128
1645035965207,1025.6128
1645035965243,1025.6128
1645035965279,1025.6246
1645035965318,1025.6246
1645035965357,1025.6246
1645035965395,1025.6246
1645035965435,1025.6393
1645035965474,1025.6393
1645035965511,1025.6393
1645035965549,1025.6393
1645035965588,1025.6467
1645035965626,1025.6467
1645035965665,1025.6467
1645035965704,1025.6467
1645035965740,1025.6572
1645035965780,1025.6572
1645035965819,1025.6572
1645035965858,1025.6572
1645035965894,1025.6602
1645035965934,1025.6602
1645035965973,1025.6602
1645035966013,1025.6602
1645035966050,1025.6621
1645035966088,1025.6621
1645035966126,1025.6621
1645035966165,1025.6621
1645035966203,1025.659
1645035966242,1025.659
1645035966281,1025.659
1645035966319,1025.659
1645035966357,1025.659
1645035966394,1025.6418
1645035966434,1025.6418
1645035966472,1025.6418
1645035966510,1025.6418
1645035966550,1025.6246
1645035966589,1025.6246
1645035966625,1025.6246
1645035966665,1025.6246
1645035966702,1025.6182
1645035966742,1025.6182
1645035966779,1025.6182
1645035966817,1025.6182
