1645036459273,1024.9775
1645036459274,1024.9775
1645036459312,1024.9775
1645036459350,1024.9775
1645036459391,1025.1786
1645036459427,1025.1786
1645036459468,1025.1786
1645036459506,1025.1786
1645036459543,1025.3325
1645036459583,1025.3325
1645036459620,1025.3325
1645036459659,1025.3325
1645036459697,1025.4452
1645036459737,1025.4452
1645036459778,1025.4452
1645036459812,1025.4452
1645036459852,1025.5336
1645036459891,1025.5336
1645036459929,1025.5336
1645036459966,1025.5336
1645036460007,1025.6075
1645036460045,1025.6075
1645036460083,1025.6075
1645036460123,1025.6075
1645036460161,1025.6619
1645036460211,1025.6619
1645036460235,1025.6619
1645036460274,1025.6619
1645036460314,1025.6619
1645036460354,1025.7013
1645036460390,1025.7013
1645036460428,1025.7013
1645036460467,1025.7013
1645036460506,1025.7245
1645036460546,1025.7245
1645036460584,1025.7245
1645036460622,1025.7245
1645036460664,1025.7496
1645036460697,1025.7496
1645036460736,1025.7496
1645036460774,1025.7496
1645036460814,1025.765
1645036460852,1025.765
1645036460891,1025.765
1645036460928,1025.765
1645036460966,1025.7728
1645036461006,1025.7728
1645036461042,1025.7728
1645036461081,1025.7728
1645036461120,1025.7833
1645036461158,1025.7833
1645036461197,1025.7833
1645036461237,1025.7833
1645036461275,1025.7606
1645036461312,1025.7606
1645036461350,1025.7606
1645036461388,1025.7606
1645036461428,1025.7618
1645036461468,1025.7618
1645036461504,1025.7618
1645036461545,1025.7618
1645036461581,1025.755
1645036461619,1025.755
1645036461706,1025.755
1645036461706,1025.755
1645036461736,1025.7533
1645036461800,1025.7533
1645036461817,1025.7533
1645036461849,1025.7533
1645036461889,1025.7654
1645036461960,1025.7654
1645036461967,1025.7654
1645036462051,1025.7654
1645036462052,1025.7632
1645036462317,1025.7632
1645036462317,1025.7632
1645036462318,1025.7632
1645036462318,1025.7632
1645036462318,1025.7699
1645036462319,1025.7699
1645036462319,1025.7699
1645036462352,1025.7699
1645036462464,1025.8022
1645036462465,1025.8022
1645036462519,1025.8022
1645036462541,1025.8022
1645036462581,1025.8206
1645036462620,1025.8206
1645036462658,1025.8206
1645036462697,1025.8206
1645036462736,1025.8016
1645036462773,1025.8016
1645036462812,1025.8016
1645036462851,1025.8016
1645036462893,1025.7992
1645036462927,1025.7992
1645036462965,1025.7992
1645036463004,1025.7992
1645036463044,1025.7804
1645036463100,1025.7804
1645036463139,1025.7804
1645036463160,1025.7804
1645036463197,1025.7982
1645036463235,1025.7982
1645036463274,1025.7982
1645036463311,1025.7982
1645036463356,1025.7982
1645036463389,1025.7983
1645036463426,1025.7983
1645036463466,1025.7983
1645036463504,1025.7983
1645036463542,1025.8104
1645036463580,1025.8104
1645036463629,1025.8104
1645036463659,1025.8104
1645036463697,1025.8232
1645036463734,1025.8232
1645036463774,1025.8232
1645036463811,1025.8232
1645036463850,1025.8141
1645036463891,1025.8141
1645036463926,1025.8141
1645036463965,1025.8141
1645036464004,1025.7986
1645036464043,1025.7986
1645036464080,1025.7986
1645036464119,1025.7986
1645036464160,1025.8181
1645036464199,1025.8181
1645036464239,1025.8181
1645036464274,1025.8181
1645036464312,1025.8207
1645036464352,1025.8207
1645036464390,1025.8207
1645036464428,1025.8207
1645036464480,1025.8252
1645036464570,1025.8252
1645036464570,1025.8252
1645036464580,1025.8252
1645036464621,1025.8085
1645036464660,1025.8085
1645036464697,1025.8085
1645036464736,1025.8085
1645036464776,1025.7804
1645036464814,1025.7804
1645036464853,1025.7804
1645036464894,1025.7804
1645036464929,1025.769
1645036464968,1025.769
1645036465008,1025.769
1645036465046,1025.769
1645036465093,1025.7794
1645036465154,1025.7794
1645036465158,1025.7794
1645036465201,1025.7794
1645036465237,1025.7794
1645036465276,1025.7798
1645036465313,1025.7798
1645036465369,1025.7798
1645036465395,1025.7798
1645036465432,1025.7906
1645036465466,1025.7906
1645036465506,1025.7906
1645036465543,1025.7906
1645036465584,1025.776
1645036465624,1025.776
1645036465659,1025.776
1645036465698,1025.776
1645036465737,1025.7664
1645036465775,1025.7664
1645036465813,1025.7664
1645036465859,1025.7664
1645036465890,1025.7839
1645036465932,1025.7839
1645036465968,1025.7839
1645036466005,1025.7839
1645036466045,1025.7726
1645036466082,1025.7726
1645036466122,1025.7726
1645036466169,1025.7726
1645036466198,1025.8105
1645036466235,1025.8105
1645036466280,1025.8105
1645036466313,1025.8105
1645036466354,1025.8092
1645036466395,1025.8092
1645036466428,1025.8092
1645036466465,1025.8092
1645036466506,1025.8035
1645036466544,1025.8035
1645036466583,1025.8035
1645036466627,1025.8035
1645036466658,1025.7982
1645036466704,1025.7982
1645036466748,1025.7982
1645036466773,1025.7982
1645036466812,1025.7832
1645036466851,1025.7832
1645036466889,1025.7832
1645036466927,1025.7832
1645036466968,1025.7653
1645036467008,1025.7653
1645036467044,1025.7653
1645036467137,1025.7653
1645036467138,1025.7653
1645036467157,1025.7522
1645036467195,1025.7522
1645036467250,1025.7522
1645036467283,1025.7522
1645036467313,1025.7667
1645036467349,1025.7667
1645036467386,1025.7667
1645036467426,1025.7667
1645036467464,1025.7412
1645036467503,1025.7412
1645036467541,1025.7412
1645036467579,1025.7412
1645036467617,1025.7905
1645036467657,1025.7905
1645036467699,1025.7905
1645036467734,1025.7905
1645036467773,1025.7943
1645036467811,1025.7943
1645036467849,1025.7943
1645036467887,1025.7943
1645036467926,1025.78
1645036467967,1025.78
1645036468004,1025.78
1645036468043,1025.78
1645036468083,1025.7587
1645036468132,1025.7587
1645036468158,1025.7587
1645036468197,1025.7587
1645036468236,1025.7657
1645036468274,1025.7657
1645036468312,1025.7657
1645036468353,1025.7657
1645036468392,1025.7494
1645036468428,1025.7494
1645036468468,1025.7494
1645036468510,1025.7494
1645036468543,1025.7368
1645036468583,1025.7368
1645036468627,1025.7368
1645036468659,1025.7368
1645036468697,1025.7439
1645036468736,1025.7439
1645036468773,1025.7439
1645036468834,1025.7439
1645036468853,1025.7301
1645036468892,1025.7301
1645036468926,1025.7301
1645036468968,1025.7301
1645036469006,1025.7301
1645036469044,1025.7562
1645036469089,1025.7562
1645036469124,1025.7562
1645036469158,1025.7562
1645036469199,1025.7366
1645036469234,1025.7366
1645036469273,1025.7366
1645036469312,1025.7366
1645036469351,1025.7115
1645036469389,1025.7115
1645036469428,1025.7115
1645036469489,1025.7115
1645036469504,1025.7161
1645036469543,1025.7161
1645036469581,1025.7161
1645036469623,1025.7161
1645036469660,1025.708
1645036469697,1025.708
1645036469736,1025.708
1645036469774,1025.708
1645036469812,1025.6914
1645036469859,1025.6914
1645036469896,1025.6914
1645036469928,1025.6914
1645036469966,1025.6716
1645036470003,1025.6716
1645036470044,1025.6716
1645036470087,1025.6716
1645036470126,1025.6729
1645036470161,1025.6729
1645036470196,1025.6729
1645036470238,1025.6729
1645036470277,1025.6787
1645036470314,1025.6787
1645036470352,1025.6787
1645036470389,1025.6787
1645036470428,1025.6707
1645036470481,1025.6707
1645036470507,1025.6707
1645036470543,1025.6707
1645036470581,1025.6832
1645036470619,1025.6832
1645036470659,1025.6832
1645036470698,1025.6832
1645036470735,1025.6869
1645036470775,1025.6869
1645036470813,1025.6869
1645036470852,1025.6869
1645036470889,1025.6869
1645036470930,1025.7081
1645036470968,1025.7081
1645036471007,1025.7081
1645036471043,1025.7081
1645036471083,1025.7358
1645036471120,1025.7358
1645036471186,1025.7358
1645036471198,1025.7358
1645036471236,1025.7517
1645036471274,1025.7517
1645036471311,1025.7517
1645036471349,1025.7517
1645036471388,1025.7712
1645036471427,1025.7712
1645036471466,1025.7712
1645036471507,1025.7712
1645036471545,1025.7783
1645036471582,1025.7783
1645036471621,1025.7783
1645036471658,1025.7783
1645036471697,1025.8168
1645036471734,1025.8168
1645036471797,1025.8168
1645036471810,1025.8168
1645036471848,1025.8263
1645036471888,1025.8263
1645036471927,1025.8263
1645036471965,1025.8263
1645036472004,1025.83
1645036472043,1025.83
1645036472084,1025.83
1645036472120,1025.83
1645036472157,1025.8492
1645036472224,1025.8492
1645036472237,1025.8492
1645036472272,1025.8492
1645036472309,1025.8856
1645036472349,1025.8856
1645036472387,1025.8856
1645036472425,1025.8856
1645036472467,1025.8915
1645036472504,1025.8915
1645036472543,1025.8915
1645036472581,1025.8915
1645036472617,1025.8856
1645036472659,1025.8856
1645036472697,1025.8856
1645036472734,1025.8856
1645036472774,1025.9152
1645036472811,1025.9152
1645036472851,1025.9152
1645036472890,1025.9152
1645036472926,1025.9152
1645036472965,1025.9286
1645036473006,1025.9286
1645036473041,1025.9286
1645036473082,1025.9286
1645036473119,1025.9305
1645036473157,1025.9305
1645036473197,1025.9305
1645036473235,1025.9305
1645036473273,1025.9464
1645036473311,1025.9464
1645036473351,1025.9464
1645036473387,1025.9464
1645036473438,1025.9474
1645036473465,1025.9474
1645036473502,1025.9474
1645036473542,1025.9474
1645036473579,1025.9443
1645036473619,1025.9443
1645036473661,1025.9443
1645036473695,1025.9443
1645036473735,1025.9572
1645036473774,1025.9572
1645036473812,1025.9572
1645036473850,1025.9572
1645036473892,1025.9581
1645036473925,1025.9581
1645036473965,1025.9581
1645036474005,1025.9581
1645036474043,1025.9865
1645036474080,1025.9865
1645036474119,1025.9865
1645036474159,1025.9865
1645036474195,1025.9823
1645036474235,1025.9823
1645036474272,1025.9823
1645036474311,1025.9823
1645036474351,1025.964
1645036474395,1025.964
1645036474425,1025.964
1645036474464,1025.964
1645036474502,1025.9735
1645036474552,1025.9735
1645036474582,1025.9735
1645036474617,1025.9735
1645036474663,1025.9694
1645036474695,1025.9694
1645036474735,1025.9694
1645036474773,1025.9694
1645036474813,1025.9694
1645036474850,1025.9559
1645036474887,1025.9559
1645036474925,1025.9559
1645036474973,1025.9559
1645036475002,1025.9504
1645036475041,1025.9504
1645036475089,1025.9504
1645036475124,1025.9504
1645036475156,1025.9303
1645036475199,1025.9303
1645036475234,1025.9303
1645036475272,1025.9303
1645036475312,1025.9296
1645036475351,1025.9296
1645036475389,1025.9296
1645036475430,1025.9296
1645036475464,1025.9529
1645036475506,1025.9529
1645036475553,1025.9529
1645036475579,1025.9529
1645036475619,1025.9529
1645036475654,1025.9529
1645036475695,1025.9529
1645036475734,1025.9529
1645036475775,1025.9521
1645036475836,1025.9521
1645036475851,1025.9521
1645036475888,1025.9521
1645036475949,1025.97
1645036475966,1025.97
1645036476004,1025.97
1645036476040,1025.97
1645036476079,1025.97
1645036476118,1025.97
1645036476156,1025.97
1645036476195,1025.97
1645036476235,1025.9767
1645036476275,1025.9767
1645036476310,1025.9767
1645036476347,1025.9767
1645036476387,1025.9525
1645036476426,1025.9525
1645036476468,1025.9525
1645036476502,1025.9525
1645036476543,1025.9575
1645036476580,1025.9575
1645036476625,1025.9575
1645036476657,1025.9575
1645036476696,1025.9575
1645036476738,1025.9753
1645036476773,1025.9753
1645036476810,1025.9753
1645036476851,1025.9753
1645036476888,1025.9536
1645036476928,1025.9536
1645036476964,1025.9536
1645036477003,1025.9536
1645036477041,1025.9269
1645036477086,1025.9269
1645036477119,1025.9269
1645036477157,1025.9269
1645036477197,1025.9093
1645036477235,1025.9093
1645036477275,1025.9093
1645036477312,1025.9093
1645036477350,1025.9027
1645036477387,1025.9027
1645036477429,1025.9027
1645036477465,1025.9027
1645036477501,1025.9102
1645036477541,1025.9102
1645036477579,1025.9102
1645036477620,1025.9102
1645036477664,1025.9386
1645036477697,1025.9386
1645036477734,1025.9386
1645036477771,1025.9386
1645036477811,1025.9194
1645036477848,1025.9194
1645036477892,1025.9194
1645036477926,1025.9194
1645036477967,1025.9227
1645036478002,1025.9227
1645036478042,1025.9227
1645036478080,1025.9227
1645036478121,1025.9294
1645036478159,1025.9294
1645036478195,1025.9294
1645036478234,1025.9294
1645036478273,1025.926
1645036478312,1025.926
1645036478349,1025.926
1645036478387,1025.926
1645036478428,1025.9122
1645036478465,1025.9122
1645036478513,1025.9122
1645036478541,1025.9122
1645036478579,1025.9122
1645036478619,1025.9088
1645036478656,1025.9088
1645036478695,1025.9088
1645036478734,1025.9088
1645036478772,1025.893
1645036478812,1025.893
1645036478848,1025.893
1645036478886,1025.893
1645036478927,1025.8997
1645036478963,1025.8997
1645036479003,1025.8997
1645036479041,1025.8997
1645036479079,1025.8964
1645036479119,1025.8964
1645036479157,1025.8964
1645036479197,1025.8964
1645036479235,1025.888
1645036479275,1025.888
1645036479311,1025.888
1645036479348,1025.888
1645036479388,1025.8721
1645036479428,1025.8721
1645036479491,1025.8721
1645036479508,1025.8721
1645036479541,1025.8871
1645036479579,1025.8871
1645036479617,1025.8871
1645036479656,1025.8871
1645036479693,1025.8805
1645036479732,1025.8805
1645036479775,1025.8805
1645036479812,1025.8805
1645036479847,1025.8649
1645036479888,1025.8649
1645036479925,1025.8649
1645036479964,1025.8649
1645036480003,1025.8792
1645036480043,1025.8792
1645036480079,1025.8792
1645036480116,1025.8792
1645036480156,1025.8766
1645036480195,1025.8766
1645036480233,1025.8766
1645036480271,1025.8766
1645036480315,1025.8883
1645036480347,1025.8883
1645036480388,1025.8883
1645036480427,1025.8883
1645036480465,1025.8883
1645036480503,1025.8925
1645036480543,1025.8925
1645036480582,1025.8925
1645036480619,1025.8925
1645036480659,1025.8854
1645036480695,1025.8854
1645036480733,1025.8854
1645036480773,1025.8854
1645036480810,1025.872
1645036480847,1025.872
1645036480886,1025.872
1645036480926,1025.872
1645036480968,1025.892
1645036481002,1025.892
1645036481041,1025.892
1645036481079,1025.892
1645036481117,1025.8904
1645036481156,1025.8904
1645036481194,1025.8904
1645036481232,1025.8904
1645036481275,1025.882
1645036481309,1025.882
1645036481347,1025.882
1645036481388,1025.882
1645036481425,1025.9137
1645036481463,1025.9137
1645036481501,1025.9137
1645036481539,1025.9137
1645036481578,1025.8954
1645036481627,1025.8954
1645036481660,1025.8954
1645036481696,1025.8954
1645036481736,1025.8904
1645036481770,1025.8904
1645036481811,1025.8904
1645036481848,1025.8904
1645036481886,1025.887
1645036481938,1025.887
1645036481966,1025.887
1645036482001,1025.887
1645036482044,1025.8737
1645036482080,1025.8737
1645036482117,1025.8737
1645036482156,1025.8737
1645036482193,1025.859
1645036482254,1025.859
1645036482270,1025.859
1645036482309,1025.859
1645036482348,1025.859
1645036482389,1025.87
1645036482424,1025.87
1645036482464,1025.87
1645036482502,1025.87
1645036482539,1025.8679
1645036482577,1025.8679
1645036482616,1025.8679
1645036482653,1025.8679
1645036482693,1025.881
1645036482731,1025.881
1645036482768,1025.881
1645036482808,1025.881
1645036482851,1025.9006
1645036482888,1025.9006
1645036482923,1025.9006
1645036482964,1025.9006
1645036482999,1025.8813
1645036483039,1025.8813
1645036483078,1025.8813
1645036483115,1025.8813
1645036483153,1025.8835
1645036483192,1025.8835
1645036483230,1025.8835
1645036483269,1025.8835
1645036483308,1025.894
1645036483346,1025.894
1645036483385,1025.894
1645036483423,1025.894
1645036483461,1025.8921
1645036483499,1025.8921
1645036483539,1025.8921
1645036483579,1025.8921
1645036483615,1025.8774
1645036483654,1025.8774
1645036483696,1025.8774
1645036483729,1025.8774
1645036483772,1025.8914
1645036483811,1025.8914
1645036483847,1025.8914
1645036483887,1025.8914
1645036483925,1025.9056
1645036483963,1025.9056
1645036484023,1025.9056
1645036484039,1025.9056
1645036484079,1025.8969
1645036484115,1025.8969
1645036484154,1025.8969
1645036484195,1025.8969
1645036484233,1025.8969
1645036484270,1025.9188
1645036484310,1025.9188
1645036484347,1025.9188
1645036484388,1025.9188
1645036484425,1025.8983
1645036484468,1025.8983
1645036484513,1025.8983
1645036484541,1025.8983
1645036484576,1025.8876
1645036484617,1025.8876
1645036484657,1025.8876
1645036484692,1025.8876
1645036484731,1025.9011
1645036484768,1025.9011
1645036484809,1025.9011
1645036484847,1025.9011
1645036484886,1025.9037
1645036484924,1025.9037
1645036484963,1025.9037
1645036485002,1025.9037
1645036485038,1025.8921
1645036485077,1025.8921
1645036485119,1025.8921
1645036485155,1025.8921
1645036485194,1025.8989
1645036485231,1025.8989
1645036485270,1025.8989
1645036485308,1025.8989
1645036485348,1025.9036
1645036485403,1025.9036
1645036485440,1025.9036
1645036485461,1025.9036
1645036485499,1025.8774
1645036485711,1025.8774
1645036485711,1025.8774
1645036485714,1025.8774
1645036485714,1025.9054
1645036485714,1025.9054
1645036485813,1025.9054
1645036485814,1025.9054
1645036485829,1025.8927
1645036485846,1025.8927
1645036485916,1025.8927
1645036485926,1025.8927
1645036485959,1025.8777
1645036485999,1025.8777
1645036486037,1025.8777
1645036486138,1025.8777
1645036486138,1025.8777
1645036486153,1025.9012
1645036486192,1025.9012
1645036486232,1025.9012
1645036486272,1025.9012
1645036486309,1025.8938
1645036486347,1025.8938
1645036486389,1025.8938
1645036486423,1025.8938
1645036486462,1025.886
1645036486500,1025.886
1645036486541,1025.886
1645036486586,1025.886
1645036486615,1025.8842
1645036486653,1025.8842
1645036486693,1025.8842
1645036486732,1025.8842
1645036486771,1025.8792
1645036486810,1025.8792
1645036486849,1025.8792
1645036486890,1025.8792
1645036486926,1025.8651
1645036486961,1025.8651
1645036486999,1025.8651
1645036487042,1025.8651
1645036487092,1025.8468
1645036487117,1025.8468
1645036487151,1025.8468
1645036487193,1025.8468
1645036487230,1025.8407
1645036487269,1025.8407
1645036487309,1025.8407
1645036487349,1025.8407
1645036487387,1025.8348
1645036487426,1025.8348
1645036487461,1025.8348
1645036487503,1025.8348
1645036487539,1025.8856
1645036487577,1025.8856
1645036487614,1025.8856
1645036487654,1025.8856
1645036487693,1025.8907
1645036487741,1025.8907
1645036487768,1025.8907
1645036487809,1025.8907
1645036487848,1025.88
1645036487885,1025.88
1645036487925,1025.88
1645036487962,1025.88
1645036488010,1025.88
1645036488040,1025.8817
1645036488081,1025.8817
1645036488115,1025.8817
1645036488153,1025.8817
1645036488190,1025.889
1645036488231,1025.889
1645036488269,1025.889
1645036488307,1025.889
1645036488350,1025.8804
1645036488384,1025.8804
1645036488440,1025.8804
1645036488463,1025.8804
1645036488499,1025.8705
1645036488539,1025.8705
1645036488577,1025.8705
1645036488616,1025.8705
1645036488654,1025.8639
1645036488693,1025.8639
1645036488731,1025.8639
1645036488768,1025.8639
1645036488809,1025.8656
1645036488855,1025.8656
1645036488885,1025.8656
1645036488925,1025.8656
1645036488960,1025.9326
1645036489003,1025.9326
1645036489039,1025.9326
1645036489077,1025.9326
1645036489116,1025.9286
1645036489154,1025.9286
1645036489195,1025.9286
1645036489230,1025.9286
1645036489270,1025.9156
1645036489307,1025.9156
1645036489346,1025.9156
1645036489386,1025.9156
1645036489421,1025.9086
1645036489462,1025.9086
1645036489501,1025.9086
1645036489540,1025.9086
1645036489582,1025.9003
1645036489616,1025.9003
1645036489655,1025.9003
1645036489691,1025.9003
1645036489731,1025.8865
1645036489771,1025.8865
1645036489828,1025.8865
1645036489851,1025.8865
1645036489892,1025.8816
1645036489922,1025.8816
1645036489960,1025.8816
1645036490001,1025.8816
1645036490038,1025.8816
1645036490079,1025.8788
1645036490116,1025.8788
1645036490155,1025.8788
1645036490194,1025.8788
1645036490237,1025.8717
1645036490271,1025.8717
1645036490316,1025.8717
1645036490346,1025.8717
1645036490385,1025.8917
1645036490423,1025.8917
1645036490459,1025.8917
1645036490498,1025.8917
1645036490546,1025.9014
1645036490575,1025.9014
1645036490613,1025.9014
1645036490654,1025.9014
1645036490691,1025.8776
1645036490730,1025.8776
1645036490778,1025.8776
1645036490827,1025.8776
1645036490847,1025.8689
1645036490885,1025.8689
1645036490922,1025.8689
1645036490960,1025.8689
1645036490997,1025.8646
1645036491038,1025.8646
1645036491076,1025.8646
1645036491115,1025.8646
1645036491155,1025.8644
1645036491192,1025.8644
1645036491232,1025.8644
1645036491278,1025.8644
1645036491307,1025.8632
1645036491347,1025.8632
1645036491384,1025.8632
1645036491424,1025.8632
1645036491462,1025.8807
1645036491501,1025.8807
1645036491538,1025.8807
1645036491579,1025.8807
1645036491614,1025.8832
1645036491652,1025.8832
1645036491690,1025.8832
1645036491732,1025.8832
1645036491773,1025.8632
1645036491813,1025.8632
1645036491847,1025.8632
1645036491884,1025.8632
1645036491923,1025.8632
1645036491960,1025.8798
1645036492004,1025.8798
1645036492039,1025.8798
1645036492076,1025.8798
1645036492116,1025.8748
1645036492151,1025.8748
1645036492193,1025.8748
1645036492231,1025.8748
1645036492279,1025.8804
1645036492308,1025.8804
1645036492344,1025.8804
1645036492385,1025.8804
1645036492422,1025.8804
1645036492460,1025.8804
1645036492498,1025.8804
1645036492544,1025.8804
1645036492576,1025.8787
1645036492623,1025.8787
1645036492652,1025.8787
1645036492691,1025.8787
1645036492730,1025.8711
1645036492771,1025.8711
1645036492807,1025.8711
1645036492848,1025.8711
1645036492890,1025.8652
1645036492919,1025.8652
1645036492959,1025.8652
1645036492998,1025.8652
1645036493036,1025.8597
1645036493075,1025.8597
1645036493113,1025.8597
1645036493152,1025.8597
1645036493191,1025.9049
1645036493228,1025.9049
1645036493266,1025.9049
1645036493305,1025.9049
1645036493343,1025.9233
1645036493384,1025.9233
1645036493421,1025.9233
1645036493458,1025.9233
1645036493500,1025.9108
1645036493535,1025.9108
1645036493574,1025.9108
1645036493611,1025.9108
1645036493651,1025.9075
1645036493702,1025.9075
1645036493730,1025.9075
1645036493767,1025.9075
1645036493809,1025.9075
1645036493843,1025.9142
1645036493881,1025.9142
1645036493923,1025.9142
1645036493964,1025.9142
1645036493999,1025.8949
1645036494035,1025.8949
1645036494076,1025.8949
1645036494116,1025.8949
1645036494153,1025.881
1645036494190,1025.881
1645036494233,1025.881
1645036494267,1025.881
1645036494307,1025.887
1645036494346,1025.887
1645036494385,1025.887
1645036494425,1025.887
1645036494459,1025.8889
1645036494498,1025.8889
1645036494537,1025.8889
1645036494579,1025.8889
1645036494621,1025.8701
1645036494656,1025.8701
1645036494692,1025.8701
1645036494734,1025.8701
1645036494770,1025.891
1645036494809,1025.891
1645036494846,1025.891
1645036494885,1025.891
1645036494921,1025.8684
1645036494961,1025.8684
1645036494998,1025.8684
1645036495044,1025.8684
1645036495076,1025.8605
1645036495114,1025.8605
1645036495153,1025.8605
1645036495191,1025.8605
1645036495240,1025.8633
1645036495269,1025.8633
1645036495306,1025.8633
1645036495346,1025.8633
1645036495383,1025.8624
1645036495421,1025.8624
1645036495460,1025.8624
1645036495498,1025.8624
1645036495536,1025.8433
1645036495575,1025.8433
1645036495619,1025.8433
1645036495649,1025.8433
1645036495703,1025.8433
1645036495728,1025.8545
1645036495767,1025.8545
1645036495806,1025.8545
1645036495846,1025.8545
1645036495885,1025.8553
1645036495923,1025.8553
1645036495961,1025.8553
1645036496010,1025.8553
1645036496041,1025.8682
1645036496076,1025.8682
1645036496112,1025.8682
1645036496151,1025.8682
1645036496195,1025.8749
1645036496230,1025.8749
1645036496272,1025.8749
1645036496309,1025.8749
1645036496343,1025.8644
1645036496383,1025.8644
1645036496422,1025.8644
1645036496460,1025.8644
1645036496498,1025.8552
1645036496546,1025.8552
1645036496574,1025.8552
1645036496613,1025.8552
1645036496654,1025.8615
1645036496689,1025.8615
1645036496729,1025.8615
1645036496768,1025.8615
1645036496807,1025.8656
1645036496848,1025.8656
1645036496883,1025.8656
1645036496922,1025.8656
1645036496958,1025.861
1645036496996,1025.861
1645036497037,1025.861
1645036497074,1025.861
1645036497112,1025.8702
1645036497153,1025.8702
1645036497191,1025.8702
1645036497229,1025.8702
1645036497268,1025.8605
1645036497314,1025.8605
1645036497345,1025.8605
1645036497384,1025.8605
1645036497420,1025.8617
1645036497461,1025.8617
1645036497504,1025.8617
1645036497538,1025.8617
1645036497578,1025.8617
1645036497615,1025.8751
1645036497650,1025.8751
1645036497690,1025.8751
1645036497747,1025.8751
1645036497768,1025.8488
1645036497806,1025.8488
1645036497844,1025.8488
1645036497883,1025.8488
1645036497921,1025.8516
1645036497966,1025.8516
1645036497998,1025.8516
1645036498036,1025.8516
1645036498075,1025.86
1645036498113,1025.86
1645036498166,1025.86
1645036498191,1025.86
1645036498229,1025.8503
1645036498268,1025.8503
1645036498305,1025.8503
1645036498345,1025.8503
1645036498383,1025.8473
1645036498422,1025.8473
1645036498459,1025.8473
1645036498498,1025.8473
1645036498567,1025.8477
1645036498576,1025.8477
1645036498612,1025.8477
1645036498651,1025.8477
1645036498690,1025.8463
1645036498730,1025.8463
1645036498767,1025.8463
1645036498808,1025.8463
1645036498843,1025.8756
1645036498881,1025.8756
1645036498923,1025.8756
1645036498959,1025.8756
1645036498997,1025.8873
1645036499036,1025.8873
1645036499077,1025.8873
1645036499114,1025.8873
1645036499151,1025.856
1645036499189,1025.856
1645036499230,1025.856
1645036499268,1025.856
1645036499305,1025.8546
1645036499345,1025.8546
1645036499383,1025.8546
1645036499420,1025.8546
1645036499458,1025.8546
1645036499498,1025.8584
1645036499537,1025.8584
1645036499576,1025.8584
1645036499612,1025.8584
1645036499654,1025.8467
1645036499688,1025.8467
1645036499729,1025.8467
1645036499766,1025.8467
1645036499807,1025.837
1645036499844,1025.837
1645036499882,1025.837
1645036499928,1025.837
1645036499957,1025.8516
1645036499998,1025.8516
1645036500037,1025.8516
1645036500076,1025.8516
1645036500144,1025.865
1645036500149,1025.865
1645036500190,1025.865
1645036500233,1025.865
1645036500266,1025.8645
1645036500362,1025.8645
1645036500362,1025.8645
1645036500379,1025.8645
1645036500418,1025.9005
1645036500467,1025.9005
1645036500497,1025.9005
1645036500535,1025.9005
1645036500573,1025.8607
1645036500613,1025.8607
1645036500655,1025.8607
1645036500689,1025.8607
1645036500728,1025.8568
1645036500768,1025.8568
1645036500803,1025.8568
1645036500844,1025.8568
1645036500880,1025.8561
1645036500920,1025.8561
1645036500958,1025.8561
1645036500997,1025.8561
1645036501044,1025.8547
1645036501074,1025.8547
1645036501113,1025.8547
1645036501151,1025.8547
1645036501190,1025.8417
1645036501228,1025.8417
1645036501267,1025.8417
1645036501304,1025.8417
1645036501342,1025.8534
1645036501380,1025.8492
1645036501419,1025.8492
1645036501460,1025.8492
1645036501498,1025.8492
1645036501535,1025.858
1645036501573,1025.858
1645036501613,1025.858
1645036501649,1025.858
1645036501688,1025.8567
1645036501753,1025.8567
1645036501775,1025.8567
1645036501809,1025.8567
1645036501845,1025.8868
1645036501891,1025.8868
1645036501932,1025.8868
1645036501958,1025.8868
1645036501998,1025.8588
1645036502036,1025.8588
1645036502073,1025.8588
1645036502111,1025.8588
1645036502150,1025.844
1645036502192,1025.844
1645036502227,1025.844
1645036502267,1025.844
1645036502306,1025.8552
1645036502342,1025.8552
1645036502384,1025.8552
1645036502421,1025.8552
1645036502459,1025.8561
1645036502496,1025.8561
1645036502534,1025.8561
1645036502575,1025.8561
1645036502613,1025.8519
1645036502650,1025.8519
1645036502690,1025.8519
1645036502747,1025.8519
1645036502767,1025.8615
1645036502805,1025.8615
1645036502843,1025.8615
1645036502880,1025.8615
1645036502919,1025.8518
1645036502960,1025.8518
1645036502997,1025.8518
1645036503036,1025.8518
1645036503077,1025.8987
1645036503114,1025.8987
1645036503156,1025.8987
1645036503187,1025.8987
1645036503227,1025.8973
1645036503267,1025.8973
1645036503304,1025.8973
1645036503346,1025.8973
1645036503380,1025.8973
1645036503421,1025.8777
1645036503458,1025.8777
1645036503498,1025.8777
1645036503537,1025.8777
1645036503574,1025.8718
1645036503611,1025.8718
1645036503666,1025.8718
1645036503687,1025.8718
1645036503727,1025.8818
1645036503766,1025.8818
1645036503805,1025.8818
1645036503845,1025.8818
1645036503884,1025.8588
1645036503919,1025.8588
1645036503959,1025.8588
1645036504018,1025.8588
1645036504047,1025.855
1645036504073,1025.855
1645036504115,1025.855
1645036504151,1025.855
1645036504198,1025.8424
1645036504228,1025.8424
1645036504266,1025.8424
1645036504304,1025.8424
1645036504344,1025.8378
1645036504386,1025.8378
1645036504419,1025.8378
1645036504458,1025.8378
1645036504497,1025.9105
1645036504538,1025.9105
1645036504574,1025.9105
1645036504610,1025.9105
1645036504649,1025.8992
1645036504687,1025.8992
1645036504725,1025.8992
1645036504764,1025.8992
1645036504804,1025.8887
1645036504842,1025.8887
1645036504878,1025.8887
1645036504922,1025.8887
1645036504957,1025.8812
1645036504996,1025.8812
1645036505037,1025.8812
1645036505071,1025.8812
1645036505112,1025.8887
1645036505150,1025.8887
1645036505189,1025.8887
1645036505227,1025.8887
1645036505268,1025.8887
1645036505304,1025.8682
1645036505342,1025.8682
1645036505379,1025.8682
1645036505432,1025.8682
1645036505457,1025.8702
1645036505501,1025.8702
1645036505534,1025.8702
1645036505574,1025.8702
1645036505612,1025.8577
1645036505649,1025.8577
1645036505686,1025.8577
1645036505726,1025.8577
1645036505770,1025.8568
1645036505803,1025.8568
1645036505844,1025.8568
1645036505931,1025.8568
1645036505934,1025.8739
1645036505962,1025.8739
1645036506000,1025.8739
1645036506034,1025.8739
1645036506073,1025.8734
1645036506112,1025.8734
1645036506153,1025.8734
1645036506191,1025.8734
1645036506228,1025.8751
1645036506264,1025.8751
1645036506305,1025.8751
1645036506342,1025.8751
1645036506382,1025.876
1645036506420,1025.876
1645036506459,1025.876
1645036506498,1025.876
1645036506533,1025.8763
1645036506574,1025.8763
1645036506638,1025.8763
1645036506656,1025.8763
1645036506691,1025.8605
1645036506734,1025.8605
1645036506764,1025.8605
1645036506804,1025.8605
1645036506842,1025.8416
1645036506882,1025.8416
1645036506920,1025.8416
1645036506957,1025.8416
1645036506999,1025.8474
1645036507033,1025.8474
1645036507072,1025.8474
1645036507124,1025.8474
1645036507150,1025.8474
1645036507187,1025.8491
1645036507227,1025.8491
1645036507265,1025.8491
1645036507302,1025.8491
1645036507342,1025.8561
1645036507379,1025.8561
1645036507420,1025.8561
1645036507457,1025.8561
1645036507498,1025.8766
1645036507531,1025.8766
1645036507571,1025.8766
1645036507617,1025.8766
1645036507650,1025.859
1645036507686,1025.859
1645036507727,1025.859
1645036507764,1025.859
1645036507803,1025.8444
1645036507842,1025.8444
1645036507882,1025.8444
1645036507917,1025.8444
1645036507957,1025.8427
1645036507996,1025.8427
1645036508036,1025.8427
1645036508074,1025.8427
1645036508110,1025.8418
1645036508150,1025.8418
1645036508187,1025.8418
1645036508226,1025.8418
1645036508264,1025.8322
1645036508303,1025.8322
1645036508343,1025.8322
1645036508387,1025.8322
1645036508417,1025.8317
1645036508456,1025.8317
1645036508495,1025.8317
1645036508533,1025.8317
1645036508577,1025.8225
1645036508610,1025.8225
1645036508652,1025.8225
1645036508686,1025.8225
1645036508739,1025.815
1645036508768,1025.815
1645036508803,1025.815
1645036508840,1025.815
1645036508879,1025.8429
1645036508917,1025.8429
1645036508960,1025.8429
1645036509010,1025.8429
1645036509034,1025.8429
1645036509072,1025.822
1645036509111,1025.822
1645036509148,1025.822
1645036509196,1025.822
1645036509225,1025.8131
1645036509265,1025.8131
1645036509306,1025.8131
1645036509343,1025.8131
1645036509386,1025.8135
1645036509419,1025.8135
1645036509457,1025.8135
1645036509498,1025.8135
1645036509535,1025.8002
1645036509576,1025.8002
1645036509611,1025.8002
1645036509649,1025.8002
1645036509689,1025.8043
1645036509727,1025.8043
1645036509767,1025.8043
1645036509805,1025.8043
1645036509840,1025.8181
1645036509880,1025.8181
1645036509921,1025.8181
1645036509955,1025.8181
1645036509998,1025.8307
1645036510037,1025.8307
1645036510070,1025.8307
1645036510110,1025.8307
1645036510152,1025.8318
1645036510193,1025.8318
1645036510228,1025.8318
1645036510263,1025.8318
1645036510305,1025.8728
1645036510339,1025.8728
1645036510379,1025.8728
1645036510420,1025.8728
1645036510458,1025.8435
1645036510494,1025.8435
1645036510534,1025.8435
1645036510586,1025.8435
1645036510610,1025.8369
1645036510648,1025.8369
1645036510689,1025.8369
1645036510726,1025.8369
1645036510764,1025.8263
1645036510801,1025.8263
1645036510841,1025.8263
1645036510884,1025.8263
1645036510917,1025.8263
1645036510957,1025.8171
1645036510995,1025.8171
1645036511036,1025.8171
1645036511071,1025.8171
1645036511110,1025.8108
1645036511152,1025.8108
1645036511187,1025.8108
1645036511228,1025.8108
1645036511264,1025.8217
1645036511303,1025.8217
1645036511340,1025.8217
1645036511381,1025.8217
1645036511417,1025.8062
1645036511457,1025.8062
1645036511498,1025.8062
1645036511535,1025.8062
1645036511571,1025.8146
1645036511614,1025.8146
1645036511721,1025.8146
1645036511722,1025.8146
1645036511743,1025.8472
1645036511761,1025.8472
1645036511806,1025.8472
1645036511840,1025.8472
1645036511878,1025.8555
1645036511916,1025.8555
1645036511954,1025.8555
1645036512006,1025.8555
1645036512035,1025.855
1645036512071,1025.855
1645036512111,1025.855
1645036512146,1025.855
1645036512187,1025.8575
1645036512226,1025.8575
1645036512263,1025.8575
1645036512302,1025.8575
1645036512345,1025.8721
1645036512378,1025.8721
1645036512417,1025.8721
1645036512455,1025.8721
1645036512494,1025.8712
1645036512535,1025.8712
1645036512574,1025.8712
1645036512610,1025.8712
1645036512651,1025.8872
1645036512684,1025.8872
1645036512725,1025.8872
1645036512764,1025.8872
1645036512800,1025.8883
1645036512850,1025.8883
1645036512878,1025.8883
1645036512927,1025.8883
1645036512980,1025.8883
1645036512992,1025.9243
1645036513031,1025.9243
1645036513077,1025.9243
1645036513141,1025.9243
1645036513150,1025.9445
1645036513184,1025.9445
1645036513222,1025.9445
1645036513264,1025.9445
1645036513301,1025.9255
1645036513339,1025.9255
1645036513379,1025.9255
1645036513419,1025.9255
1645036513456,1025.9397
1645036513493,1025.9397
1645036513534,1025.9397
1645036513571,1025.9397
1645036513610,1025.9498
1645036513653,1025.9498
1645036513688,1025.9498
1645036513726,1025.9498
1645036513778,1025.9355
1645036513804,1025.9355
1645036513839,1025.9355
1645036513881,1025.9355
1645036513917,1025.9368
1645036513955,1025.9368
1645036513995,1025.9368
1645036514032,1025.9368
1645036514070,1025.9326
1645036514108,1025.9326
1645036514148,1025.9326
1645036514186,1025.9326
1645036514229,1025.9154
1645036514262,1025.9154
1645036514303,1025.9154
1645036514338,1025.9154
1645036514379,1025.9497
1645036514415,1025.9497
1645036514461,1025.9497
1645036514493,1025.9497
1645036514534,1025.9539
1645036514568,1025.9539
1645036514607,1025.9539
1645036514645,1025.9539
1645036514693,1025.9354
1645036514727,1025.9354
1645036514782,1025.9354
1645036514798,1025.9354
1645036514837,1025.9354
1645036514878,1025.9174
1645036514916,1025.9174
1645036514956,1025.9174
1645036515013,1025.9174
1645036515035,1025.9153
1645036515070,1025.9153
1645036515112,1025.9153
1645036515149,1025.9153
1645036515189,1025.9077
1645036515224,1025.9077
1645036515262,1025.9077
1645036515304,1025.9077
1645036515337,1025.9089
1645036515377,1025.9089
1645036515415,1025.9089
1645036515456,1025.9089
1645036515492,1025.929
1645036515552,1025.929
1645036515569,1025.929
1645036515608,1025.929
1645036515648,1025.9198
1645036515685,1025.9198
1645036515724,1025.9198
1645036515761,1025.9198
1645036515856,1025.8948
1645036515858,1025.8948
1645036515906,1025.8948
1645036515915,1025.8948
1645036515955,1025.9198
1645036515994,1025.9198
1645036516030,1025.9198
1645036516073,1025.9198
1645036516109,1025.9022
1645036516148,1025.9022
1645036516185,1025.9022
1645036516223,1025.9022
1645036516263,1025.901
1645036516301,1025.901
1645036516347,1025.901
1645036516379,1025.901
1645036516415,1025.9076
1645036516458,1025.9076
1645036516492,1025.9076
1645036516533,1025.9076
1645036516569,1025.8988
1645036516609,1025.8988
1645036516648,1025.8988
1645036516687,1025.8988
1645036516732,1025.8988
1645036516761,1025.8912
1645036516803,1025.8912
1645036516839,1025.8912
1645036516878,1025.8912
1645036516916,1025.9038
1645036516954,1025.9038
1645036517006,1025.9038
1645036517034,1025.9038
1645036517071,1025.905
1645036517108,1025.905
1645036517148,1025.905
1645036517186,1025.905
1645036517225,1025.869
1645036517263,1025.869
1645036517307,1025.869
1645036517339,1025.869
1645036517377,1025.882
1645036517414,1025.882
1645036517455,1025.882
1645036517496,1025.882
1645036517530,1025.8828
1645036517568,1025.8828
1645036517606,1025.8828
1645036517650,1025.8828
1645036517686,1025.902
1645036517750,1025.902
1645036517761,1025.902
1645036517798,1025.902
1645036517841,1025.9099
1645036517876,1025.9099
1645036517918,1025.9099
1645036517955,1025.9099
1645036517992,1025.9132
1645036518031,1025.9132
1645036518070,1025.9132
1645036518109,1025.9132
1645036518147,1025.9008
1645036518185,1025.9008
1645036518225,1025.9008
1645036518263,1025.9008
1645036518299,1025.9225
1645036518338,1025.9225
1645036518377,1025.9225
1645036518444,1025.9225
1645036518473,1025.927
1645036518493,1025.927
1645036518530,1025.927
1645036518568,1025.927
1645036518608,1025.927
1645036518647,1025.9144
1645036518685,1025.9144
1645036518726,1025.9144
1645036518761,1025.9144
1645036518800,1025.9072
1645036518838,1025.9072
1645036518876,1025.9072
1645036518915,1025.9072
1645036518959,1025.9065
1645036518992,1025.9065
1645036519030,1025.9065
1645036519071,1025.9065
1645036519107,1025.9232
1645036519148,1025.9232
1645036519186,1025.9232
1645036519227,1025.9232
1645036519263,1025.9341
1645036519302,1025.9341
1645036519339,1025.9341
1645036519377,1025.9341
1645036519417,1025.9135
1645036519454,1025.9135
1645036519494,1025.9135
1645036519534,1025.9135
1645036519571,1025.891
1645036519610,1025.891
1645036519668,1025.891
1645036519685,1025.891
1645036519725,1025.9005
1645036519762,1025.9005
1645036519799,1025.9005
1645036519838,1025.9005
1645036519875,1025.8988
1645036519918,1025.8988
1645036519956,1025.8988
1645036520023,1025.8988
1645036520044,1025.9247
1645036520068,1025.9247
1645036520105,1025.9247
1645036520147,1025.9247
1645036520186,1025.924
1645036520224,1025.924
1645036520264,1025.924
1645036520299,1025.924
1645036520337,1025.9117
1645036520376,1025.9117
1645036520414,1025.9117
1645036520456,1025.9117
1645036520493,1025.9167
1645036520533,1025.9167
1645036520571,1025.9167
1645036520609,1025.9167
1645036520648,1025.9167
1645036520683,1025.9083
1645036520724,1025.9083
1645036520759,1025.9083
1645036520804,1025.9083
1645036520840,1025.89
1645036520876,1025.89
1645036520945,1025.89
1645036520976,1025.89
1645036520993,1025.8624
1645036521031,1025.8624
1645036521069,1025.8624
1645036521121,1025.8624
1645036521145,1025.872
1645036521189,1025.872
1645036521223,1025.872
1645036521263,1025.872
1645036521306,1025.8685
1645036521337,1025.8685
1645036521388,1025.8685
1645036521416,1025.8685
1645036521456,1025.8995
1645036521490,1025.8995
1645036521532,1025.8995
1645036521568,1025.8995
1645036521608,1025.9045
1645036521648,1025.9045
1645036521687,1025.9045
1645036521722,1025.9045
1645036521763,1025.8971
1645036521799,1025.8971
1645036521838,1025.8971
1645036521905,1025.8971
1645036521916,1025.9099
1645036521955,1025.9099
1645036521990,1025.9099
1645036522031,1025.9099
1645036522077,1025.9125
1645036522107,1025.9125
1645036522147,1025.9125
1645036522184,1025.9125
1645036522223,1025.8785
1645036522265,1025.8785
1645036522299,1025.8785
1645036522338,1025.8785
1645036522377,1025.8534
1645036522417,1025.8534
1645036522458,1025.8534
1645036522495,1025.8534
1645036522532,1025.8534
1645036522571,1025.8668
1645036522607,1025.8668
1645036522647,1025.8668
1645036522684,1025.8668
1645036522724,1025.8727
1645036522760,1025.8727
1645036522800,1025.8727
1645036522840,1025.8727
1645036522889,1025.9039
1645036522914,1025.9039
1645036522955,1025.9039
1645036522993,1025.9039
1645036523033,1025.8905
1645036523067,1025.8905
1645036523109,1025.8905
1645036523147,1025.8905
1645036523187,1025.8864
1645036523227,1025.8864
1645036523260,1025.8864
1645036523300,1025.8864
1645036523337,1025.8956
1645036523379,1025.8956
1645036523415,1025.8956
1645036523456,1025.8956
1645036523491,1025.8917
1645036523532,1025.8917
1645036523567,1025.8917
1645036523607,1025.8917
1645036523647,1025.8634
1645036523683,1025.8634
1645036523738,1025.8634
1645036523762,1025.8634
1645036523799,1025.8575
1645036523837,1025.8575
1645036523879,1025.8575
1645036523913,1025.8575
1645036523953,1025.8553
1645036523992,1025.8553
1645036524036,1025.8553
1645036524069,1025.8553
1645036524112,1025.8586
1645036524147,1025.8586
1645036524185,1025.8586
1645036524224,1025.8586
1645036524259,1025.8478
1645036524299,1025.8478
1645036524336,1025.8478
1645036524376,1025.8478
1645036524416,1025.8478
1645036524454,1025.847
1645036524491,1025.847
1645036524530,1025.847
1645036524569,1025.847
1645036524606,1025.8604
1645036524647,1025.8604
1645036524684,1025.8604
1645036524733,1025.8604
1645036524758,1025.8721
1645036524799,1025.8721
1645036524841,1025.8721
1645036524876,1025.8721
1645036524916,1025.8716
1645036524951,1025.8716
1645036524990,1025.8716
1645036525030,1025.8716
1645036525069,1025.844
1645036525106,1025.844
1645036525161,1025.844
1645036525189,1025.844
1645036525222,1025.8774
1645036525261,1025.8774
1645036525300,1025.8774
1645036525338,1025.8774
1645036525375,1025.8636
1645036525413,1025.8636
1645036525456,1025.8636
1645036525490,1025.8636
1645036525538,1025.8619
1645036525571,1025.8619
1645036525616,1025.8619
1645036525644,1025.8619
1645036525684,1025.8628
1645036525722,1025.8628
1645036525764,1025.8628
1645036525808,1025.8628
1645036525836,1025.8594
1645036525879,1025.8594
1645036525914,1025.8594
1645036525954,1025.8594
1645036525991,1025.8619
1645036526030,1025.8619
1645036526068,1025.8619
1645036526106,1025.8619
1645036526146,1025.8654
1645036526186,1025.8654
1645036526224,1025.8654
1645036526260,1025.8654
1645036526298,1025.8654
1645036526344,1025.8665
1645036526376,1025.8665
1645036526416,1025.8665
1645036526452,1025.8665
1645036526491,1025.8364
1645036526529,1025.8364
1645036526567,1025.8364
1645036526605,1025.8364
1645036526646,1025.8423
1645036526698,1025.8423
1645036526725,1025.8423
1645036526761,1025.8423
1645036526800,1025.8334
1645036526837,1025.8334
1645036526874,1025.8334
1645036526914,1025.8334
1645036526953,1025.8373
1645036526993,1025.8373
1645036527030,1025.8373
1645036527066,1025.8373
1645036527118,1025.8978
1645036527143,1025.8978
1645036527183,1025.8978
1645036527221,1025.8978
1645036527263,1025.8861
1645036527300,1025.8861
1645036527337,1025.8861
1645036527376,1025.8861
1645036527413,1025.8718
1645036527451,1025.8718
1645036527496,1025.8718
1645036527530,1025.8718
1645036527566,1025.868
1645036527611,1025.868
1645036527645,1025.868
1645036527713,1025.868
1645036527738,1025.8698
1645036527763,1025.8698
1645036527797,1025.8698
1645036527839,1025.8698
1645036527875,1025.8546
1645036527915,1025.8546
1645036527953,1025.8546
1645036527991,1025.8546
1645036528031,1025.8496
1645036528068,1025.8496
1645036528107,1025.8496
1645036528149,1025.8496
1645036528185,1025.8496
1645036528223,1025.848
1645036528264,1025.848
1645036528299,1025.848
1645036528337,1025.848
1645036528373,1025.8405
1645036528413,1025.8405
1645036528453,1025.8405
1645036528493,1025.8405
1645036528527,1025.8433
1645036528567,1025.8433
1645036528606,1025.8433
1645036528660,1025.8433
1645036528686,1025.84
1645036528722,1025.84
1645036528760,1025.84
1645036528798,1025.84
1645036528837,1025.84
1645036528877,1025.84
1645036528913,1025.84
1645036528950,1025.84
1645036529001,1025.8441
1645036529030,1025.8441
1645036529067,1025.8441
1645036529105,1025.8441
1645036529145,1025.8453
1645036529183,1025.8453
1645036529223,1025.8453
1645036529259,1025.8453
1645036529300,1025.8303
1645036529337,1025.8303
1645036529376,1025.8303
1645036529414,1025.8303
1645036529464,1025.8336
1645036529497,1025.8336
1645036529528,1025.8336
1645036529567,1025.8336
1645036529606,1025.8412
1645036529648,1025.8412
1645036529684,1025.8412
1645036529722,1025.8412
1645036529758,1025.8395
1645036529804,1025.8395
1645036529839,1025.8395
1645036529872,1025.8395
1645036529914,1025.8788
1645036529953,1025.8788
1645036529989,1025.8788
1645036530030,1025.8788
1645036530066,1025.8788
1645036530114,1025.8788
1645036530142,1025.8788
1645036530181,1025.8788
1645036530221,1025.8788
1645036530260,1025.8633
1645036530297,1025.8633
1645036530339,1025.8633
1645036530375,1025.8633
1645036530413,1025.8641
1645036530451,1025.8641
1645036530497,1025.8641
1645036530532,1025.8641
1645036530567,1025.8607
1645036530606,1025.8607
1645036530645,1025.8607
1645036530691,1025.8607
1645036530720,1025.8469
1645036530759,1025.8469
1645036530797,1025.8469
1645036530837,1025.8469
1645036530873,1025.8302
1645036530913,1025.8302
1645036530953,1025.8302
1645036531011,1025.8302
1645036531031,1025.8376
1645036531068,1025.8376
1645036531104,1025.8376
1645036531144,1025.8376
1645036531182,1025.8344
1645036531224,1025.8344
1645036531257,1025.8344
1645036531298,1025.8344
1645036531336,1025.8619
1645036531374,1025.8619
1645036531412,1025.8619
1645036531453,1025.8619
1645036531493,1025.8665
1645036531527,1025.8665
1645036531567,1025.8665
1645036531603,1025.8665
1645036531648,1025.8447
1645036531684,1025.8447
1645036531720,1025.8447
1645036531758,1025.8447
1645036531796,1025.8289
1645036531836,1025.8289
1645036531876,1025.8289
1645036531914,1025.8289
1645036531951,1025.8306
1645036531991,1025.8306
1645036532027,1025.8306
1645036532066,1025.8306
1645036532106,1025.8306
1645036532144,1025.8251
1645036532183,1025.8251
1645036532221,1025.8251
1645036532257,1025.8251
1645036532298,1025.7975
1645036532369,1025.7975
1645036532378,1025.7975
1645036532415,1025.7975
1645036532452,1025.8025
1645036532488,1025.8025
1645036532527,1025.8025
1645036532569,1025.8025
1645036532605,1025.7992
1645036532643,1025.7992
1645036532690,1025.7992
1645036532721,1025.7992
1645036532757,1025.8234
1645036532796,1025.8234
1645036532836,1025.8234
1645036532877,1025.8234
1645036532912,1025.8246
1645036532953,1025.8246
1645036532995,1025.8246
1645036533028,1025.8246
1645036533070,1025.8179
1645036533106,1025.8179
1645036533143,1025.8179
1645036533181,1025.8179
1645036533219,1025.8304
1645036533260,1025.8304
1645036533297,1025.8304
1645036533335,1025.8304
1645036533374,1025.8422
1645036533412,1025.8422
1645036533464,1025.8422
1645036533490,1025.8422
1645036533527,1025.8148
1645036533566,1025.8148
1645036533604,1025.8148
1645036533644,1025.8148
1645036533680,1025.7998
1645036533720,1025.7998
1645036533758,1025.7998
1645036533799,1025.7998
1645036533842,1025.7982
1645036533873,1025.7982
1645036533912,1025.7982
1645036533948,1025.7982
1645036533989,1025.7982
1645036534028,1025.7998
1645036534070,1025.7998
1645036534104,1025.7998
1645036534144,1025.7998
1645036534180,1025.8391
1645036534236,1025.8391
1645036534258,1025.8391
1645036534296,1025.8391
1645036534334,1025.8375
1645036534372,1025.8375
1645036534411,1025.8375
1645036534451,1025.8375
1645036534489,1025.8278
1645036534528,1025.8278
1645036534566,1025.8278
1645036534604,1025.8278
1645036534642,1025.8345
1645036534682,1025.8345
1645036534720,1025.8345
1645036534757,1025.8345
1645036534796,1025.8362
1645036534855,1025.8362
1645036534885,1025.8362
1645036534919,1025.8362
1645036534949,1025.8127
1645036534988,1025.8127
1645036535026,1025.8127
1645036535066,1025.8127
1645036535102,1025.7952
1645036535151,1025.7952
1645036535180,1025.7952
1645036535310,1025.7952
1645036535310,1025.7897
1645036535310,1025.7897
1645036535332,1025.7897
1645036535371,1025.7897
1645036535451,1025.7888
1645036535451,1025.7888
1645036535490,1025.7888
1645036535528,1025.7888
1645036535566,1025.809
1645036535605,1025.809
1645036535642,1025.809
1645036535681,1025.809
1645036535719,1025.805
1645036535758,1025.805
1645036535837,1025.805
1645036535838,1025.805
1645036535872,1025.805
1645036535911,1025.8118
1645036535967,1025.8118
1645036535986,1025.8118
1645036536026,1025.8118
1645036536070,1025.8297
1645036536105,1025.8297
1645036536147,1025.8297
1645036536182,1025.8297
1645036536219,1025.8464
1645036536258,1025.8464
1645036536297,1025.8464
1645036536335,1025.8464
1645036536394,1025.8121
1645036536413,1025.8121
1645036536459,1025.8121
1645036536489,1025.8121
1645036536538,1025.8623
1645036536567,1025.8623
1645036536603,1025.8623
1645036536644,1025.8623
1645036536680,1025.8451
1645036536719,1025.8451
1645036536760,1025.8451
1645036536796,1025.8451
1645036536834,1025.8418
1645036536873,1025.8418
1645036536911,1025.8418
1645036536956,1025.8418
1645036536992,1025.8514
1645036537028,1025.8514
1645036537066,1025.8514
1645036537104,1025.8514
1645036537158,1025.8531
1645036537181,1025.8531
1645036537217,1025.8531
1645036537257,1025.8531
1645036537297,1025.8632
1645036537337,1025.8632
1645036537374,1025.8632
1645036537412,1025.8632
1645036537452,1025.8783
1645036537488,1025.8783
1645036537528,1025.8783
1645036537566,1025.8783
1645036537604,1025.8766
1645036537647,1025.8766
1645036537683,1025.8766
1645036537720,1025.8766
1645036537758,1025.8766
1645036537803,1025.8392
1645036537834,1025.8392
1645036537872,1025.8392
1645036537910,1025.8392
1645036537948,1025.8777
1645036537989,1025.8777
1645036538027,1025.8777
1645036538067,1025.8777
1645036538104,1025.8568
1645036538142,1025.8568
1645036538182,1025.8568
1645036538220,1025.8568
1645036538258,1025.8502
1645036538298,1025.8502
1645036538340,1025.8502
1645036538374,1025.8502
1645036538409,1025.8497
1645036538449,1025.8497
1645036538489,1025.8497
1645036538528,1025.8497
1645036538576,1025.8396
1645036538603,1025.8396
1645036538644,1025.8396
1645036538681,1025.8396
1645036538717,1025.8354
1645036538759,1025.8354
1645036538825,1025.8354
1645036538851,1025.8354
1645036538873,1025.8422
1645036538909,1025.8422
1645036538950,1025.8422
1645036538988,1025.8422
1645036539027,1025.8584
1645036539064,1025.8584
1645036539104,1025.8584
1645036539154,1025.8584
1645036539180,1025.825
1645036539222,1025.825
1645036539257,1025.825
1645036539296,1025.825
1645036539333,1025.8667
1645036539373,1025.8667
1645036539411,1025.8667
1645036539449,1025.8667
1645036539489,1025.8391
1645036539528,1025.8391
1645036539566,1025.8391
1645036539603,1025.8391
1645036539644,1025.8391
1645036539678,1025.8333
1645036539717,1025.8333
1645036539756,1025.8333
1645036539798,1025.8333
1645036539833,1025.8434
1645036539872,1025.8434
1645036539935,1025.8434
1645036539950,1025.8434
1645036539987,1025.835
1645036540026,1025.835
1645036540064,1025.835
1645036540102,1025.835
1645036540141,1025.8275
1645036540180,1025.8275
1645036540216,1025.8275
1645036540256,1025.8275
1645036540292,1025.8241
1645036540332,1025.8241
1645036540375,1025.8241
1645036540412,1025.8241
1645036540449,1025.83
1645036540487,1025.83
1645036540524,1025.83
1645036540573,1025.83
1645036540604,1025.8384
1645036540641,1025.8384
1645036540683,1025.8384
1645036540717,1025.8384
1645036540756,1025.9069
1645036540797,1025.9069
1645036540835,1025.9069
1645036540872,1025.9069
1645036540910,1025.8562
1645036540949,1025.8562
1645036541009,1025.8562
1645036541031,1025.8562
1645036541065,1025.8438
1645036541103,1025.8438
1645036541142,1025.8438
1645036541181,1025.8438
1645036541217,1025.842
1645036541255,1025.842
1645036541295,1025.842
1645036541334,1025.842
1645036541375,1025.8265
1645036541411,1025.8265
1645036541448,1025.8265
1645036541487,1025.8265
1645036541527,1025.8265
1645036541566,1025.8173
1645036541604,1025.8173
1645036541641,1025.8173
1645036541681,1025.8173
1645036541720,1025.7955
1645036541757,1025.7955
1645036541794,1025.7955
1645036541835,1025.7955
1645036541873,1025.7596
1645036541910,1025.7596
1645036541947,1025.7596
1645036541987,1025.7596
1645036542027,1025.7424
1645036542076,1025.7424
1645036542102,1025.7424
1645036542139,1025.7424
1645036542180,1025.7776
1645036542217,1025.7776
1645036542258,1025.7776
1645036542295,1025.7776
1645036542333,1025.745
1645036542372,1025.745
1645036542410,1025.745
1645036542447,1025.745
1645036542486,1025.7383
1645036542532,1025.7383
1645036542563,1025.7383
1645036542601,1025.7383
1645036542639,1025.7333
1645036542684,1025.7333
1645036542717,1025.7333
1645036542755,1025.7333
1645036542795,1025.7411
1645036542844,1025.7411
1645036542870,1025.7411
1645036542912,1025.7411
1645036542948,1025.752
1645036542987,1025.752
1645036543027,1025.752
1645036543068,1025.752
1645036543102,1025.7621
1645036543141,1025.7621
1645036543180,1025.7621
1645036543216,1025.7621
1645036543257,1025.7445
1645036543296,1025.7445
1645036543332,1025.7445
1645036543371,1025.7445
1645036543410,1025.7445
1645036543448,1025.7269
1645036543486,1025.7269
1645036543526,1025.7269
1645036543561,1025.7269
1645036543601,1025.8114
1645036543646,1025.8114
1645036543678,1025.8114
1645036543718,1025.8114
1645036543755,1025.774
1645036543794,1025.774
1645036543831,1025.774
1645036543870,1025.774
1645036543909,1025.7499
1645036543948,1025.7499
1645036543989,1025.7499
1645036544025,1025.7499
1645036544067,1025.7477
1645036544117,1025.7477
1645036544143,1025.7477
1645036544178,1025.7477
1645036544219,1025.7277
1645036544257,1025.7277
1645036544294,1025.7277
1645036544331,1025.7277
1645036544369,1025.7185
1645036544410,1025.7185
1645036544448,1025.7185
1645036544488,1025.7185
1645036544540,1025.716
1645036544571,1025.716
1645036544605,1025.716
1645036544639,1025.716
1645036544678,1025.7113
1645036544717,1025.7113
1645036544755,1025.7113
1645036544794,1025.7113
1645036544831,1025.7054
1645036544878,1025.7054
1645036544910,1025.7054
1645036544955,1025.7054
1645036544986,1025.7465
1645036545026,1025.7465
1645036545065,1025.7465
1645036545102,1025.7465
1645036545141,1025.7397
1645036545179,1025.7397
1645036545216,1025.7397
1645036545256,1025.7397
1645036545295,1025.7397
1645036545333,1025.7313
1645036545371,1025.7313
1645036545408,1025.7313
1645036545448,1025.7313
1645036545506,1025.7191
1645036545525,1025.7191
1645036545564,1025.7191
1645036545604,1025.7191
1645036545639,1025.6782
1645036545680,1025.6782
1645036545716,1025.6782
1645036545756,1025.6782
1645036545806,1025.6744
1645036545833,1025.6744
1645036545870,1025.6744
1645036545908,1025.6744
1645036545949,1025.6844
1645036545986,1025.6844
1645036546025,1025.6844
1645036546065,1025.6844
1645036546101,1025.6686
1645036546140,1025.6686
1645036546178,1025.6686
1645036546223,1025.6686
1645036546257,1025.717
1645036546292,1025.717
1645036546336,1025.717
1645036546369,1025.717
1645036546408,1025.7346
1645036546448,1025.7346
1645036546486,1025.7346
1645036546527,1025.7346
1645036546565,1025.7023
1645036546603,1025.7023
1645036546639,1025.7023
1645036546681,1025.7023
1645036546715,1025.6864
1645036546758,1025.6864
1645036546793,1025.6864
1645036546834,1025.6864
1645036546873,1025.6848
1645036546915,1025.6848
1645036546947,1025.6848
1645036546986,1025.6848
1645036547025,1025.6809
1645036547063,1025.6809
1645036547100,1025.6809
1645036547141,1025.6809
1645036547179,1025.6809
1645036547215,1025.6843
1645036547256,1025.6843
1645036547295,1025.6843
1645036547331,1025.6843
1645036547375,1025.6826
1645036547411,1025.6826
1645036547447,1025.6826
1645036547489,1025.6826
1645036547525,1025.6969
1645036547566,1025.6969
1645036547601,1025.6969
1645036547637,1025.6969
1645036547677,1025.7595
1645036547727,1025.7595
1645036547754,1025.7595
1645036547792,1025.7595
1645036547832,1025.7673
1645036547881,1025.7673
1645036547908,1025.7673
1645036547947,1025.7673
1645036547987,1025.7506
1645036548026,1025.7506
1645036548076,1025.7506
1645036548101,1025.7506
1645036548139,1025.7399
1645036548176,1025.7399
1645036548216,1025.7399
1645036548254,1025.7399
1645036548294,1025.7399
1645036548331,1025.7399
1645036548373,1025.7399
1645036548409,1025.7399
1645036548449,1025.7314
1645036548487,1025.7314
1645036548526,1025.7314
1645036548562,1025.7314
1645036548609,1025.7177
1645036548640,1025.7177
1645036548689,1025.7177
1645036548716,1025.7177
1645036548756,1025.7218
1645036548794,1025.7218
1645036548834,1025.7218
1645036548870,1025.7218
1645036548909,1025.7101
1645036548960,1025.7101
1645036548984,1025.7101
1645036549023,1025.7101
1645036549064,1025.7101
1645036549105,1025.7598
1645036549139,1025.7598
1645036549178,1025.7598
1645036549218,1025.7598
1645036549257,1025.7823
1645036549295,1025.7823
1645036549331,1025.7823
1645036549370,1025.7823
1645036549409,1025.7681
1645036549446,1025.7681
1645036549484,1025.7681
1645036549522,1025.7681
1645036549561,1025.7443
1645036549602,1025.7443
1645036549641,1025.7443
1645036549678,1025.7443
1645036549739,1025.7593
1645036549754,1025.7593
1645036549792,1025.7593
1645036549832,1025.7593
1645036549870,1025.7601
1645036549908,1025.7601
1645036549947,1025.7601
1645036549985,1025.7601
1645036550026,1025.7534
1645036550068,1025.7534
1645036550101,1025.7534
1645036550141,1025.7534
1645036550177,1025.7651
1645036550234,1025.7651
1645036550260,1025.7651
1645036550293,1025.7651
1645036550331,1025.763
1645036550368,1025.763
1645036550408,1025.763
1645036550446,1025.763
1645036550490,1025.7822
1645036550527,1025.7822
1645036550563,1025.7822
1645036550602,1025.7822
1645036550637,1025.7847
1645036550677,1025.7847
1645036550715,1025.7847
1645036550753,1025.7847
1645036550794,1025.7542
1645036550830,1025.7542
1645036550869,1025.7542
1645036550914,1025.7542
1645036550947,1025.7542
1645036550986,1025.7299
1645036551026,1025.7299
1645036551066,1025.7299
1645036551099,1025.7299
1645036551138,1025.7144
1645036551179,1025.7144
1645036551215,1025.7144
1645036551253,1025.7144
1645036551298,1025.701
1645036551330,1025.701
1645036551367,1025.701
1645036551407,1025.701
1645036551447,1025.7102
1645036551484,1025.7102
1645036551524,1025.7102
1645036551561,1025.7102
1645036551601,1025.7026
1645036551640,1025.7026
1645036551678,1025.7026
1645036551717,1025.7026
1645036551754,1025.6671
1645036551792,1025.6671
1645036551830,1025.6671
1645036551867,1025.6671
1645036551911,1025.7021
1645036551948,1025.7021
1645036551997,1025.7021
1645036552025,1025.7021
1645036552062,1025.6971
1645036552099,1025.6971
1645036552138,1025.6971
1645036552176,1025.6971
1645036552215,1025.6913
1645036552257,1025.6913
1645036552292,1025.6913
1645036552330,1025.6913
1645036552372,1025.6658
1645036552408,1025.6658
1645036552468,1025.6658
1645036552483,1025.6658
1645036552523,1025.6649
1645036552562,1025.6649
1645036552601,1025.6649
1645036552638,1025.6649
1645036552679,1025.6415
1645036552715,1025.6415
1645036552771,1025.6415
1645036552795,1025.6415
1645036552832,1025.6642
1645036552868,1025.6642
1645036552907,1025.6642
1645036552953,1025.6642
1645036552985,1025.6642
1645036553026,1025.5968
1645036553064,1025.5968
1645036553099,1025.5968
1645036553139,1025.5968
1645036553177,1025.5751
1645036553215,1025.5751
1645036553255,1025.5751
1645036553295,1025.5751
1645036553329,1025.5742
1645036553369,1025.5742
1645036553407,1025.5742
1645036553445,1025.5742
1645036553486,1025.552
1645036553524,1025.552
1645036553562,1025.552
1645036553599,1025.552
1645036553638,1025.5653
1645036553677,1025.5653
1645036553718,1025.5653
1645036553754,1025.5653
1645036553793,1025.5922
1645036553830,1025.5922
1645036553870,1025.5922
1645036553907,1025.5922
1645036553946,1025.6063
1645036553985,1025.6063
1645036554024,1025.6063
1645036554062,1025.6063
1645036554099,1025.6176
1645036554138,1025.6176
1645036554181,1025.6176
1645036554215,1025.6176
1645036554251,1025.6359
1645036554291,1025.6359
1645036554331,1025.6359
1645036554369,1025.6359
1645036554409,1025.6217
1645036554444,1025.6217
1645036554482,1025.6217
1645036554522,1025.6217
1645036554562,1025.5991
1645036554605,1025.5991
1645036554653,1025.5991
1645036554677,1025.5991
1645036554715,1025.6208
1645036554754,1025.6208
1645036554797,1025.6208
1645036554831,1025.6208
1645036554867,1025.6208
1645036554910,1025.6158
1645036554944,1025.6158
1645036554985,1025.6158
1645036555025,1025.6158
1645036555105,1025.6154
1645036555106,1025.6154
1645036555136,1025.6154
1645036555176,1025.6154
1645036555215,1025.6062
1645036555253,1025.6062
1645036555293,1025.6062
1645036555331,1025.6062
1645036555371,1025.6179
1645036555407,1025.6179
1645036555455,1025.6179
1645036555485,1025.6179
1645036555524,1025.6764
1645036555562,1025.6764
1645036555601,1025.6764
1645036555637,1025.6764
1645036555676,1025.6592
1645036555715,1025.6592
1645036555754,1025.6592
1645036555791,1025.6592
1645036555831,1025.6407
1645036555869,1025.6407
1645036555909,1025.6407
1645036555944,1025.6407
1645036555984,1025.6266
1645036556021,1025.6266
1645036556060,1025.6266
1645036556098,1025.6266
1645036556137,1025.6383
1645036556175,1025.6383
1645036556218,1025.6383
1645036556255,1025.6383
1645036556292,1025.599
1645036556329,1025.599
1645036556385,1025.599
1645036556407,1025.599
1645036556458,1025.5969
1645036556486,1025.5969
1645036556521,1025.5969
1645036556559,1025.5969
1645036556606,1025.5978
1645036556639,1025.5978
1645036556674,1025.5978
1645036556722,1025.5978
1645036556758,1025.6006
1645036556793,1025.6006
1645036556830,1025.6006
1645036556868,1025.6006
1645036556908,1025.6006
1645036556947,1025.6406
1645036556986,1025.6406
1645036557021,1025.6406
1645036557059,1025.6406
1645036557099,1025.6239
1645036557167,1025.6239
1645036557177,1025.6239
1645036557214,1025.6239
1645036557252,1025.609
1645036557293,1025.609
1645036557327,1025.609
1645036557368,1025.609
1645036557408,1025.6085
1645036557447,1025.6085
1645036557484,1025.6085
1645036557521,1025.6085
1645036557563,1025.6205
1645036557598,1025.6205
1645036557637,1025.6205
1645036557675,1025.6205
1645036557714,1025.6222
1645036557753,1025.6222
1645036557796,1025.6222
1645036557832,1025.6222
1645036557869,1025.6681
1645036557906,1025.6681
1645036557945,1025.6681
1645036557985,1025.6681
1645036558024,1025.6241
1645036558062,1025.6241
1645036558099,1025.6241
1645036558140,1025.6241
1645036558177,1025.5815
1645036558213,1025.5815
1645036558252,1025.5815
1645036558293,1025.5815
1645036558331,1025.5582
1645036558369,1025.5582
1645036558423,1025.5582
1645036558447,1025.5582
1645036558487,1025.5063
1645036558520,1025.5063
1645036558562,1025.5063
1645036558598,1025.5063
1645036558640,1025.5063
1645036558675,1025.4922
1645036558715,1025.4922
1645036558754,1025.4922
1645036558790,1025.4922
1645036558830,1025.4972
1645036558870,1025.4972
1645036558909,1025.4972
1645036558968,1025.4972
1645036558986,1025.5017
1645036559023,1025.5017
1645036559060,1025.5017
1645036559096,1025.5017
1645036559137,1025.5602
1645036559178,1025.5602
1645036559215,1025.5602
1645036559252,1025.5602
1645036559289,1025.5936
1645036559329,1025.5936
1645036559366,1025.5936
1645036559405,1025.5936
1645036559444,1025.6262
1645036559483,1025.6262
1645036559521,1025.6262
1645036559561,1025.6262
1645036559597,1025.6257
1645036559636,1025.6257
1645036559676,1025.6257
1645036559715,1025.6257
1645036559756,1025.6416
1645036559793,1025.6416
1645036559829,1025.6416
1645036559869,1025.6416
1645036559910,1025.6459
1645036559947,1025.6459
1645036559985,1025.6459
1645036560062,1025.6459
1645036560073,1025.6487
1645036560108,1025.6487
1645036560142,1025.6487
1645036560173,1025.6487
1645036560213,1025.6061
1645036560271,1025.6061
1645036560296,1025.6061
1645036560367,1025.6061
1645036560367,1025.586
1645036560403,1025.586
1645036560442,1025.586
1645036560481,1025.586
1645036560520,1025.586
1645036560589,1025.6022
1645036560596,1025.6022
1645036560636,1025.6022
1645036560675,1025.6022
1645036560714,1025.5872
1645036560753,1025.5872
1645036560791,1025.5872
1645036560827,1025.5872
1645036560869,1025.558
1645036560905,1025.558
1645036560960,1025.558
1645036560982,1025.558
1645036561020,1025.5221
1645036561060,1025.5221
1645036561100,1025.5221
1645036561140,1025.5221
1645036561177,1025.5082
1645036561214,1025.5082
1645036561251,1025.5082
1645036561289,1025.5082
1645036561329,1025.5582
1645036561367,1025.5582
1645036561409,1025.5582
1645036561444,1025.5582
1645036561487,1025.5391
1645036561521,1025.5391
1645036561558,1025.5391
1645036561598,1025.5391
1645036561673,1025.5508
1645036561674,1025.5508
1645036561719,1025.5508
1645036561750,1025.5508
1645036561788,1025.5508
1645036561830,1025.5508
1645036561902,1025.5508
1645036561903,1025.5508
1645036561941,1025.5675
1645036561980,1025.5675
1645036562033,1025.5675
1645036562065,1025.5675
1645036562096,1025.557
1645036562136,1025.557
1645036562174,1025.557
1645036562214,1025.557
1645036562252,1025.5762
1645036562290,1025.5762
1645036562328,1025.5762
1645036562367,1025.5762
1645036562410,1025.5762
1645036562442,1025.5607
1645036562481,1025.5607
1645036562522,1025.5607
1645036562558,1025.5607
1645036562597,1025.5698
1645036562636,1025.5698
1645036562676,1025.5698
1645036562711,1025.5698
1645036562750,1025.5891
1645036562790,1025.5891
1645036562828,1025.5891
1645036562873,1025.5891
1645036562904,1025.5841
1645036562943,1025.5841
1645036562981,1025.5841
1645036563023,1025.5841
1645036563060,1025.5652
1645036563096,1025.5652
1645036563136,1025.5652
1645036563178,1025.5652
1645036563214,1025.551
1645036563252,1025.551
1645036563290,1025.551
1645036563329,1025.551
1645036563366,1025.5371
1645036563405,1025.5371
1645036563443,1025.5371
1645036563481,1025.5371
1645036563521,1025.6458
1645036563560,1025.6458
1645036563598,1025.6458
1645036563637,1025.6458
1645036563675,1025.6433
1645036563716,1025.6433
1645036563751,1025.6433
1645036563789,1025.6433
1645036563826,1025.6316
1645036563866,1025.6316
1645036563904,1025.6316
1645036563943,1025.6316
1645036563982,1025.619
1645036564056,1025.619
1645036564057,1025.619
1645036564096,1025.619
1645036564136,1025.6177
1645036564184,1025.6177
1645036564212,1025.6177
1645036564254,1025.6177
1645036564291,1025.6177
1645036564327,1025.6278
1645036564367,1025.6278
1645036564407,1025.6278
1645036564442,1025.6278
1645036564481,1025.5939
1645036564519,1025.5939
1645036564561,1025.5939
1645036564598,1025.5939
1645036564649,1025.5396
1645036564674,1025.5396
1645036564715,1025.5396
1645036564751,1025.5396
1645036564789,1025.5237
1645036564828,1025.5237
1645036564866,1025.5237
1645036564927,1025.5237
1645036564950,1025.5002
1645036564980,1025.5002
1645036565021,1025.5002
1645036565056,1025.5002
1645036565097,1025.517
1645036565136,1025.517
1645036565180,1025.517
1645036565212,1025.517
1645036565248,1025.5432
1645036565288,1025.5432
1645036565325,1025.5432
1645036565363,1025.5432
1645036565404,1025.5792
1645036565444,1025.5792
1645036565480,1025.5792
1645036565521,1025.5792
1645036565559,1025.6003
1645036565596,1025.6003
1645036565636,1025.6003
1645036565673,1025.6003
1645036565712,1025.6205
1645036565752,1025.6205
1645036565798,1025.6205
1645036565826,1025.6205
1645036565865,1025.6497
1645036565904,1025.6497
1645036565942,1025.6497
1645036565979,1025.6497
1645036566019,1025.6626
1645036566058,1025.6626
1645036566097,1025.6626
1645036566133,1025.6626
1645036566173,1025.6626
1645036566212,1025.6776
1645036566254,1025.6776
1645036566288,1025.6776
1645036566328,1025.6776
1645036566367,1025.6985
1645036566404,1025.6985
1645036566441,1025.6985
1645036566479,1025.6985
1645036566518,1025.6893
1645036566558,1025.6893
1645036566596,1025.6893
1645036566634,1025.6893
1645036566675,1025.6704
1645036566713,1025.6704
1645036566751,1025.6704
1645036566791,1025.6704
1645036566829,1025.6571
1645036566870,1025.6571
1645036566903,1025.6571
1645036566942,1025.6571
1645036566984,1025.6478
1645036567020,1025.6478
1645036567058,1025.6478
1645036567096,1025.6478
1645036567135,1025.6791
1645036567200,1025.6791
1645036567219,1025.6791
1645036567248,1025.6791
1645036567287,1025.6675
1645036567326,1025.6675
1645036567365,1025.6675
1645036567404,1025.6675
1645036567443,1025.6031
1645036567486,1025.6031
1645036567519,1025.6031
1645036567557,1025.6031
1645036567619,1025.5823
1645036567636,1025.5823
1645036567674,1025.5823
1645036567712,1025.5823
1645036567752,1025.6218
1645036567789,1025.6218
1645036567826,1025.6218
1645036567867,1025.6218
1645036567902,1025.591
1645036567944,1025.591
1645036567979,1025.591
1645036568030,1025.591
1645036568064,1025.591
1645036568097,1025.5345
1645036568138,1025.5345
1645036568171,1025.5345
1645036568213,1025.5345
1645036568250,1025.4785
1645036568288,1025.4785
1645036568325,1025.4785
1645036568366,1025.4785
1645036568405,1025.4513
1645036568448,1025.4513
1645036568481,1025.4513
1645036568519,1025.4513
1645036568557,1025.5507
1645036568595,1025.5507
1645036568637,1025.5507
1645036568678,1025.5507
1645036568711,1025.5419
1645036568751,1025.5419
1645036568788,1025.5419
1645036568843,1025.5419
1645036568867,1025.4834
1645036568911,1025.4834
1645036568941,1025.4834
1645036568982,1025.4834
1645036569019,1025.4658
1645036569056,1025.4658
1645036569096,1025.4658
1645036569134,1025.4658
1645036569177,1025.452
1645036569211,1025.452
1645036569249,1025.452
1645036569290,1025.452
1645036569326,1025.4979
1645036569363,1025.4979
1645036569407,1025.4979
1645036569444,1025.4979
1645036569480,1025.5205
1645036569518,1025.5205
1645036569560,1025.5205
1645036569595,1025.5205
1645036569634,1025.4653
1645036569672,1025.4653
1645036569713,1025.4653
1645036569749,1025.4653
1645036569790,1025.4398
1645036569839,1025.4398
1645036569865,1025.4398
1645036569907,1025.4398
1645036569944,1025.4398
1645036569979,1025.5009
1645036570024,1025.5009
1645036570059,1025.5009
1645036570096,1025.5009
1645036570136,1025.4937
1645036570177,1025.4937
1645036570211,1025.4937
1645036570250,1025.4937
1645036570289,1025.461
1645036570326,1025.461
1645036570365,1025.461
1645036570411,1025.461
1645036570441,1025.426
1645036570480,1025.426
1645036570516,1025.426
1645036570555,1025.426
1645036570598,1025.4419
1645036570634,1025.4419
1645036570672,1025.4419
1645036570711,1025.4419
1645036570747,1025.5433
1645036570787,1025.5433
1645036570826,1025.5433
1645036570899,1025.5433
1645036570906,1025.5099
1645036570942,1025.5099
1645036570978,1025.5099
1645036571018,1025.5099
1645036571056,1025.484
1645036571108,1025.484
1645036571137,1025.484
1645036571171,1025.484
1645036571211,1025.4423
1645036571250,1025.4423
1645036571290,1025.4423
1645036571326,1025.4423
1645036571365,1025.4818
1645036571402,1025.4818
1645036571440,1025.4818
1645036571487,1025.4818
1645036571518,1025.4994
1645036571557,1025.4994
1645036571596,1025.4994
1645036571636,1025.4994
1645036571671,1025.5303
1645036571710,1025.5303
1645036571751,1025.5303
1645036571787,1025.5303
1645036571827,1025.5303
1645036571864,1025.4579
1645036571902,1025.4579
1645036571957,1025.4579
1645036571981,1025.4579
1645036572018,1025.412
1645036572057,1025.412
1645036572095,1025.412
1645036572135,1025.412
1645036572170,1025.4934
1645036572218,1025.4934
1645036572251,1025.4934
1645036572287,1025.4934
1645036572325,1025.4725
1645036572364,1025.4725
1645036572401,1025.4725
1645036572442,1025.4725
1645036572487,1025.4558
1645036572519,1025.4558
1645036572555,1025.4558
1645036572597,1025.4558
1645036572635,1025.4532
1645036572674,1025.4532
1645036572711,1025.4532
1645036572779,1025.4532
1645036572789,1025.455
1645036572830,1025.455
1645036572864,1025.455
1645036572902,1025.455
1645036572946,1025.5414
1645036572979,1025.5414
1645036573018,1025.5414
1645036573059,1025.5414
1645036573095,1025.5364
1645036573134,1025.5364
1645036573174,1025.5364
1645036573209,1025.5364
1645036573250,1025.5288
1645036573287,1025.5288
1645036573327,1025.5288
1645036573364,1025.5288
1645036573403,1025.555
1645036573444,1025.555
1645036573478,1025.555
1645036573517,1025.555
1645036573557,1025.5818
1645036573595,1025.5818
1645036573635,1025.5818
1645036573671,1025.5818
1645036573711,1025.5818
1645036573748,1025.596
1645036573787,1025.596
1645036573828,1025.596
1645036573866,1025.596
1645036573903,1025.6556
1645036573943,1025.6556
1645036573978,1025.6556
1645036574017,1025.6556
1645036574056,1025.6398
1645036574107,1025.6398
1645036574133,1025.6398
1645036574172,1025.6398
1645036574211,1025.6356
1645036574247,1025.6356
1645036574285,1025.6356
1645036574326,1025.6356
1645036574365,1025.6807
1645036574402,1025.6807
1645036574439,1025.6807
1645036574479,1025.6807
1645036574520,1025.6552
1645036574557,1025.6552
1645036574592,1025.6552
1645036574634,1025.6552
1645036574672,1025.6276
1645036574709,1025.6276
1645036574749,1025.6276
1645036574786,1025.6276
1645036574824,1025.6355
1645036574864,1025.6355
1645036574906,1025.6355
1645036574939,1025.6355
1645036574985,1025.6547
1645036575018,1025.6547
1645036575058,1025.6547
1645036575095,1025.6547
1645036575131,1025.6555
1645036575169,1025.6555
1645036575209,1025.6555
1645036575248,1025.6555
1645036575287,1025.7001
1645036575325,1025.7001
1645036575365,1025.7001
1645036575401,1025.7001
1645036575444,1025.6141
1645036575479,1025.6141
1645036575520,1025.6141
1645036575554,1025.6141
1645036575597,1025.6141
1645036575634,1025.5919
1645036575674,1025.5919
1645036575712,1025.5919
1645036575757,1025.5919
1645036575787,1025.6311
1645036575825,1025.6311
1645036575865,1025.6311
1645036575905,1025.6311
1645036575941,1025.6036
1645036575979,1025.6036
1645036576018,1025.6036
1645036576065,1025.6036
1645036576095,1025.5964
1645036576131,1025.5964
1645036576171,1025.5964
1645036576208,1025.5964
1645036576248,1025.5964
1645036576291,1025.5964
1645036576326,1025.5964
1645036576376,1025.5964
1645036576401,1025.5873
1645036576439,1025.5873
1645036576480,1025.5873
1645036576519,1025.5873
1645036576555,1025.619
1645036576596,1025.619
1645036576632,1025.619
1645036576672,1025.619
1645036576709,1025.6301
1645036576748,1025.6301
1645036576786,1025.6301
1645036576824,1025.6301
1645036576863,1025.597
1645036576902,1025.597
1645036576939,1025.597
1645036576985,1025.597
1645036577016,1025.5929
1645036577056,1025.5929
1645036577108,1025.5929
1645036577141,1025.5929
1645036577170,1025.6105
1645036577208,1025.6105
1645036577248,1025.6105
1645036577286,1025.6105
1645036577327,1025.615
1645036577387,1025.615
1645036577402,1025.615
1645036577440,1025.615
1645036577477,1025.6108
1645036577515,1025.6108
1645036577556,1025.6108
1645036577597,1025.6108
1645036577633,1025.6108
1645036577679,1025.5808
1645036577710,1025.5808
1645036577749,1025.5808
1645036577786,1025.5808
1645036577823,1025.5745
1645036577864,1025.5745
1645036577901,1025.5745
1645036577939,1025.5745
1645036577980,1025.6288
1645036578016,1025.6288
1645036578054,1025.6288
1645036578115,1025.6288
1645036578133,1025.6166
1645036578180,1025.6166
1645036578209,1025.6166
1645036578246,1025.6166
1645036578289,1025.589
1645036578324,1025.589
1645036578363,1025.589
1645036578400,1025.589
1645036578441,1025.5977
1645036578482,1025.5977
1645036578519,1025.5977
1645036578564,1025.5977
1645036578594,1025.6068
1645036578635,1025.6068
1645036578671,1025.6068
1645036578709,1025.6068
1645036578748,1025.6915
1645036578788,1025.6915
1645036578826,1025.6915
1645036578868,1025.6915
1645036578901,1025.7124
1645036578939,1025.7124
1645036578977,1025.7124
1645036579016,1025.7124
1645036579056,1025.6674
1645036579094,1025.6674
1645036579134,1025.6674
1645036579178,1025.6674
1645036579214,1025.6584
1645036579246,1025.6584
1645036579288,1025.6584
1645036579324,1025.6584
1645036579364,1025.6995
1645036579400,1025.6995
1645036579441,1025.6995
1645036579479,1025.6995
1645036579517,1025.6995
1645036579557,1025.6722
1645036579597,1025.6722
1645036579633,1025.6722
1645036579671,1025.6722
1645036579709,1025.664
1645036579749,1025.664
1645036579827,1025.664
1645036579828,1025.664
1645036579862,1025.6667
1645036579898,1025.6667
1645036579940,1025.6667
1645036579978,1025.6667
1645036580032,1025.6583
1645036580055,1025.6583
1645036580093,1025.6583
1645036580131,1025.6583
1645036580169,1025.7009
1645036580209,1025.7009
1645036580249,1025.7009
1645036580287,1025.7009
1645036580324,1025.7054
1645036580363,1025.7054
1645036580399,1025.7054
1645036580439,1025.7054
1645036580481,1025.6554
1645036580517,1025.6554
1645036580554,1025.6554
1645036580593,1025.6554
1645036580633,1025.6306
1645036580670,1025.6306
1645036580709,1025.6306
1645036580750,1025.6306
1645036580789,1025.6251
1645036580824,1025.6251
1645036580862,1025.6251
1645036580899,1025.6251
1645036580939,1025.6034
1645036580979,1025.6034
1645036581034,1025.6034
1645036581054,1025.6034
1645036581091,1025.6177
1645036581131,1025.6177
1645036581167,1025.6177
1645036581227,1025.6177
1645036581248,1025.608
1645036581291,1025.608
1645036581322,1025.608
1645036581363,1025.608
1645036581400,1025.608
1645036581439,1025.6217
1645036581478,1025.6217
1645036581516,1025.6217
1645036581554,1025.6217
1645036581592,1025.6543
1645036581632,1025.6543
1645036581669,1025.6543
1645036581707,1025.6543
1645036581767,1025.6704
1645036581788,1025.6704
1645036581822,1025.6704
1645036581865,1025.6704
1645036581901,1025.658
1645036581939,1025.658
1645036581986,1025.658
1645036582016,1025.658
1645036582054,1025.6382
1645036582094,1025.6382
1645036582130,1025.6382
1645036582169,1025.6382
1645036582210,1025.6157
1645036582247,1025.6157
1645036582287,1025.6157
1645036582325,1025.6157
1645036582362,1025.6394
1645036582400,1025.6394
1645036582460,1025.6394
1645036582478,1025.6394
1645036582515,1025.6703
1645036582553,1025.6703
1645036582592,1025.6703
1645036582631,1025.6703
1645036582670,1025.705
1645036582707,1025.705
1645036582748,1025.705
1645036582788,1025.705
1645036582823,1025.7091
1645036582863,1025.7091
1645036582899,1025.7091
1645036582952,1025.7091
1645036582978,1025.696
1645036583016,1025.696
1645036583052,1025.696
1645036583109,1025.696
1645036583130,1025.6769
1645036583171,1025.6769
1645036583209,1025.6769
1645036583245,1025.6769
1645036583287,1025.6769
1645036583324,1025.6931
1645036583361,1025.6931
1645036583400,1025.6931
1645036583438,1025.6931
1645036583476,1025.7218
1645036583515,1025.7218
1645036583553,1025.7218
1645036583593,1025.7218
1645036583631,1025.7177
1645036583673,1025.7177
1645036583706,1025.7177
1645036583746,1025.7177
1645036583784,1025.7472
1645036583822,1025.7472
1645036583860,1025.7472
1645036583902,1025.7472
1645036583940,1025.7472
1645036583976,1025.7472
1645036584014,1025.7472
1645036584054,1025.7472
1645036584092,1025.7484
1645036584129,1025.7484
1645036584169,1025.7484
1645036584209,1025.7484
1645036584248,1025.7153
1645036584286,1025.7153
1645036584324,1025.7153
1645036584360,1025.7153
1645036584398,1025.7203
1645036584438,1025.7203
1645036584477,1025.7203
1645036584515,1025.7203
1645036584554,1025.7115
1645036584594,1025.7115
1645036584631,1025.7115
1645036584669,1025.7115
1645036584709,1025.7424
1645036584749,1025.7424
1645036584788,1025.7424
1645036584825,1025.7424
1645036584861,1025.7642
1645036584899,1025.7642
1645036584940,1025.7642
1645036584977,1025.7642
1645036585015,1025.767
1645036585052,1025.767
1645036585092,1025.767
1645036585129,1025.767
1645036585191,1025.767
1645036585209,1025.7352
1645036585245,1025.7352
1645036585283,1025.7352
1645036585322,1025.7352
1645036585362,1025.7397
1645036585399,1025.7397
1645036585437,1025.7397
1645036585476,1025.7397
1645036585514,1025.7534
1645036585553,1025.7534
1645036585590,1025.7534
1645036585631,1025.7534
1645036585671,1025.7977
1645036585709,1025.7977
1645036585747,1025.7977
1645036585783,1025.7977
1645036585828,1025.8114
1645036585859,1025.8114
1645036585909,1025.8114
1645036585940,1025.8114
1645036585976,1025.7772
1645036586019,1025.7772
1645036586054,1025.7772
1645036586089,1025.7772
1645036586130,1025.775
1645036586169,1025.775
1645036586210,1025.775
1645036586244,1025.775
1645036586289,1025.7875
1645036586323,1025.7875
1645036586362,1025.7875
1645036586400,1025.7875
1645036586438,1025.6217
1645036586477,1025.6217
1645036586513,1025.6217
1645036586552,1025.6217
1645036586592,1025.6091
1645036586632,1025.6091
1645036586669,1025.6091
1645036586717,1025.6091
1645036586746,1025.6647
1645036586782,1025.6647
1645036586822,1025.6647
1645036586863,1025.6647
1645036586901,1025.7201
1645036586943,1025.7201
1645036586978,1025.7201
1645036587017,1025.7201
1645036587053,1025.7201
1645036587092,1025.7451
1645036587129,1025.7451
1645036587168,1025.7451
1645036587206,1025.7451
1645036587247,1025.8157
1645036587283,1025.8157
1645036587324,1025.8157
1645036587360,1025.8157
1645036587397,1025.8344
1645036587437,1025.8344
1645036587480,1025.8344
1645036587515,1025.8344
1645036587552,1025.8268
1645036587600,1025.8268
1645036587629,1025.8268
1645036587668,1025.8268
1645036587712,1025.8347
1645036587745,1025.8347
1645036587811,1025.8347
1645036587826,1025.8347
1645036587858,1025.8425
1645036587902,1025.8425
1645036587936,1025.8425
1645036588012,1025.8425
1645036588012,1025.8253
1645036588052,1025.8253
1645036588090,1025.8253
1645036588133,1025.8253
1645036588171,1025.8429
1645036588205,1025.8429
1645036588245,1025.8429
1645036588290,1025.8429
1645036588323,1025.8466
1645036588360,1025.8466
1645036588409,1025.8466
1645036588436,1025.8466
1645036588475,1025.8107
1645036588517,1025.8107
1645036588553,1025.8107
1645036588590,1025.8107
1645036588637,1025.7843
1645036588666,1025.7843
1645036588709,1025.7843
1645036588745,1025.7843
1645036588783,1025.773
1645036588829,1025.773
1645036588863,1025.773
1645036588896,1025.773
1645036588982,1025.773
1645036588982,1025.7521
1645036589015,1025.7521
1645036589059,1025.7521
1645036589104,1025.7521
1645036589158,1025.7579
1645036589284,1025.7579
1645036589285,1025.7579
1645036589286,1025.7579
1645036589286,1025.7847
1645036589321,1025.7847
1645036589383,1025.7847
1645036589406,1025.7847
1645036589444,1025.7833
1645036589474,1025.7833
1645036589516,1025.7833
1645036589549,1025.7833
1645036589588,1025.7861
1645036589626,1025.7861
1645036589668,1025.7861
1645036589705,1025.7861
1645036589742,1025.7882
1645036589783,1025.7882
1645036589819,1025.7882
1645036589861,1025.7882
1645036589895,1025.7798
1645036589955,1025.7798
1645036589979,1025.7798
1645036590040,1025.7798
1645036590100,1025.7927
1645036590100,1025.7927
1645036590127,1025.7927
1645036590168,1025.7927
1645036590203,1025.8119
1645036590241,1025.8119
1645036590280,1025.8119
1645036590318,1025.8119
1645036590356,1025.808
1645036590395,1025.808
1645036590434,1025.808
1645036590473,1025.808
1645036590511,1025.8197
1645036590549,1025.8197
1645036590588,1025.8197
1645036590626,1025.8197
1645036590666,1025.8464
1645036590704,1025.8427
1645036590743,1025.8427
1645036590780,1025.8427
1645036590819,1025.8427
1645036590857,1025.8451
1645036590896,1025.8451
1645036590936,1025.8451
1645036590981,1025.8451
1645036591012,1025.8538
1645036591050,1025.8538
1645036591089,1025.8538
