1645036108284,1024.8344
1645036108284,1024.8344
1645036108322,1024.8344
1645036108359,1024.8315
1645036108399,1024.8315
1645036108437,1024.8315
1645036108475,1024.8315
1645036108513,1024.8231
1645036108554,1024.8231
1645036108593,1024.8231
1645036108631,1024.8231
1645036108668,1024.8231
1645036108707,1024.8219
1645036108747,1024.8219
1645036108785,1024.8219
1645036108821,1024.8219
1645036108862,1024.8247
1645036108898,1024.8247
1645036108940,1024.8247
1645036108976,1024.8247
1645036109027,1024.824
1645036109054,1024.824
1645036109092,1024.824
1645036109129,1024.824
1645036109169,1024.8223
1645036109206,1024.8223
1645036109246,1024.8223
1645036109285,1024.8223
1645036109323,1024.8148
1645036109364,1024.8148
1645036109399,1024.8148
1645036109440,1024.8148
1645036109478,1024.8109
1645036109515,1024.8109
1645036109554,1024.8109
1645036109602,1024.8109
1645036109629,1024.8181
1645036109667,1024.8181
1645036109708,1024.8181
1645036109749,1024.8181
1645036109785,1024.8282
1645036109823,1024.8282
1645036109867,1024.8282
1645036109898,1024.8282
1645036109939,1024.831
1645036109978,1024.831
1645036110015,1024.831
1645036110072,1024.831
1645036110110,1024.8416
1645036110160,1024.8416
1645036110210,1024.8416
1645036110228,1024.8416
1645036110244,1024.837
1645036110284,1024.837
1645036110322,1024.837
1645036110360,1024.837
1645036110404,1024.842
1645036110440,1024.842
1645036110477,1024.842
1645036110514,1024.842
1645036110555,1024.8453
1645036110593,1024.8453
1645036110630,1024.8453
1645036110669,1024.8453
1645036110711,1024.8453
1645036110743,1024.8431
1645036110783,1024.8431
1645036110821,1024.8431
1645036110864,1024.8431
1645036110899,1024.8416
1645036110939,1024.8416
1645036110975,1024.8416
1645036111014,1024.8416
1645036111053,1024.8365
1645036111093,1024.8365
1645036111130,1024.8365
1645036111170,1024.8365
1645036111206,1024.8307
1645036111245,1024.8307
1645036111284,1024.8307
1645036111323,1024.8307
1645036111369,1024.829
1645036111398,1024.829
1645036111436,1024.829
1645036111476,1024.829
1645036111514,1024.8202
1645036111555,1024.8202
1645036111589,1024.8202
1645036111629,1024.8202
1645036111666,1024.8168
1645036111707,1024.8168
1645036111744,1024.8168
1645036111782,1024.8168
1645036111827,1024.8168
1645036111861,1024.8168
1645036111898,1024.8168
1645036111936,1024.8168
1645036111975,1024.8185
1645036112015,1024.8185
1645036112052,1024.8185
1645036112118,1024.8185
1645036112142,1024.8168
1645036112188,1024.8168
1645036112210,1024.8168
1645036112246,1024.8168
1645036112286,1024.8083
1645036112321,1024.8083
1645036112362,1024.8083
1645036112397,1024.8083
1645036112437,1024.8068
1645036112474,1024.8068
1645036112515,1024.8068
1645036112553,1024.8068
1645036112589,1024.8068
1645036112632,1024.81
1645036112666,1024.81
1645036112705,1024.81
1645036112745,1024.81
1645036112782,1024.8076
1645036112820,1024.8076
1645036112862,1024.8076
1645036112898,1024.8076
1645036112937,1024.8126
1645036112975,1024.8126
1645036113014,1024.8126
1645036113052,1024.8126
1645036113092,1024.8119
1645036113129,1024.8119
1645036113168,1024.8119
1645036113206,1024.8119
1645036113244,1024.8185
1645036113283,1024.8185
1645036113322,1024.8185
1645036113363,1024.8185
1645036113400,1024.818
1645036113436,1024.818
1645036113477,1024.818
1645036113515,1024.818
1645036113554,1024.818
1645036113591,1024.818
1645036113630,1024.818
1645036113670,1024.818
1645036113705,1024.8264
1645036113746,1024.8264
1645036113786,1024.8264
1645036113822,1024.8264
1645036113862,1024.8307
1645036113898,1024.8307
1645036113938,1024.8307
1645036113975,1024.8307
1645036114014,1024.8407
1645036114054,1024.8407
1645036114091,1024.8407
1645036114190,1024.8407
1645036114191,1024.8486
1645036114218,1024.8486
1645036114249,1024.8486
1645036114283,1024.8486
1645036114326,1024.8586
1645036114358,1024.8586
1645036114396,1024.8586
1645036114438,1024.8586
1645036114474,1024.8679
1645036114513,1024.8679
1645036114551,1024.8679
1645036114594,1024.8679
1645036114628,1024.8679
1645036114670,1024.8889
1645036114706,1024.8889
1645036114743,1024.8889
1645036114782,1024.8889
1645036114821,1024.9032
1645036114859,1024.9032
1645036114897,1024.9032
1645036114937,1024.9032
1645036114974,1024.9115
1645036115013,1024.9115
1645036115053,1024.9115
1645036115091,1024.9115
1645036115128,1024.9115
1645036115166,1024.9115
1645036115205,1024.9115
1645036115244,1024.9115
1645036115287,1024.9108
1645036115321,1024.9108
1645036115359,1024.9108
1645036115401,1024.9108
1645036115437,1024.9225
1645036115476,1024.9225
1645036115514,1024.9225
1645036115551,1024.9225
1645036115592,1024.9342
1645036115628,1024.9342
1645036115665,1024.9342
1645036115705,1024.9342
1645036115746,1024.9388
1645036115783,1024.9388
1645036115820,1024.9388
1645036115863,1024.9388
1645036115899,1024.9471
1645036115936,1024.9471
1645036115975,1024.9471
1645036116012,1024.9471
1645036116051,1024.9628
1645036116090,1024.9628
1645036116186,1024.9628
1645036116186,1024.9628
1645036116206,1024.974
1645036116243,1024.974
1645036116283,1024.974
1645036116321,1024.974
1645036116358,1024.9924
1645036116398,1024.9924
1645036116436,1024.9924
1645036116475,1024.9924
1645036116514,1025.0067
1645036116552,1025.0067
1645036116590,1025.0067
1645036116627,1025.0067
1645036116668,1025.0067
1645036116705,1025.0167
1645036116743,1025.0167
1645036116782,1025.0167
1645036116820,1025.0167
1645036116859,1025.0247
1645036116896,1025.0247
1645036116935,1025.0247
1645036116975,1025.0247
1645036117011,1025.0314
1645036117050,1025.0314
1645036117090,1025.0314
1645036117133,1025.0314
1645036117168,1025.0315
1645036117205,1025.0315
1645036117244,1025.0315
1645036117282,1025.0315
1645036117324,1025.0465
1645036117359,1025.0465
1645036117396,1025.0465
1645036117436,1025.0465
1645036117474,1025.0544
1645036117513,1025.0544
1645036117551,1025.0544
1645036117589,1025.0544
1645036117630,1025.0687
1645036117667,1025.0687
1645036117704,1025.0687
1645036117745,1025.0687
1645036117786,1025.0839
1645036117821,1025.0839
1645036117860,1025.0839
1645036117897,1025.0839
1645036117934,1025.0956
1645036117975,1025.0956
1645036118013,1025.0956
1645036118053,1025.0956
1645036118091,1025.1031
1645036118130,1025.1031
1645036118168,1025.1031
1645036118205,1025.1031
1645036118244,1025.1132
1645036118282,1025.1132
1645036118319,1025.1132
1645036118359,1025.1132
1645036118396,1025.1249
1645036118438,1025.1249
1645036118475,1025.1249
1645036118513,1025.1249
1645036118552,1025.1249
1645036118590,1025.1383
1645036118627,1025.1383
1645036118668,1025.1383
1645036118706,1025.1383
1645036118744,1025.1484
1645036118783,1025.1484
1645036118821,1025.1484
1645036118861,1025.1484
1645036118899,1025.1686
1645036118935,1025.1686
1645036118973,1025.1686
1645036119011,1025.1686
1645036119051,1025.182
1645036119090,1025.182
1645036119128,1025.182
1645036119165,1025.182
1645036119207,1025.1987
1645036119243,1025.1987
1645036119283,1025.1987
1645036119322,1025.1987
1645036119359,1025.2147
1645036119396,1025.2147
1645036119434,1025.2147
1645036119473,1025.2147
1645036119511,1025.2225
1645036119550,1025.2225
1645036119589,1025.2225
1645036119629,1025.2225
1645036119667,1025.236
1645036119709,1025.236
1645036119744,1025.236
1645036119782,1025.236
1645036119818,1025.2578
1645036119858,1025.2578
1645036119900,1025.2578
1645036119933,1025.2578
1645036119973,1025.2812
1645036120012,1025.2812
1645036120050,1025.2812
1645036120089,1025.2812
1645036120127,1025.3047
1645036120167,1025.3047
1645036120206,1025.3047
1645036120244,1025.3047
1645036120283,1025.3291
1645036120323,1025.3291
1645036120360,1025.3291
1645036120398,1025.3291
1645036120435,1025.35
1645036120474,1025.35
1645036120512,1025.35
1645036120550,1025.35
1645036120590,1025.35
1645036120627,1025.3693
1645036120665,1025.3693
1645036120704,1025.3693
1645036120744,1025.3693
1645036120781,1025.3844
1645036120821,1025.3844
1645036120859,1025.3844
1645036120904,1025.3844
1645036120933,1025.4028
1645036120973,1025.4028
1645036121010,1025.4028
1645036121050,1025.4028
1645036121088,1025.4163
1645036121127,1025.4163
1645036121164,1025.4163
1645036121206,1025.4163
1645036121245,1025.4255
1645036121285,1025.4255
1645036121320,1025.4255
1645036121358,1025.4255
1645036121405,1025.444
1645036121435,1025.444
1645036121473,1025.444
1645036121511,1025.444
1645036121549,1025.4552
1645036121588,1025.4552
1645036121626,1025.4552
1645036121668,1025.4552
1645036121704,1025.4669
1645036121743,1025.4669
1645036121781,1025.4669
1645036121822,1025.4669
1645036121858,1025.4669
1645036121920,1025.4669
1645036121936,1025.4669
1645036121972,1025.4669
1645036122011,1025.4803
1645036122051,1025.4803
1645036122087,1025.4803
1645036122126,1025.4803
1645036122165,1025.4829
1645036122204,1025.4829
1645036122242,1025.4829
1645036122283,1025.4829
1645036122320,1025.4829
1645036122358,1025.4829
1645036122396,1025.4829
1645036122434,1025.4829
1645036122473,1025.4829
1645036122512,1025.4846
1645036122552,1025.4846
1645036122588,1025.4846
1645036122627,1025.4846
1645036122665,1025.4913
1645036122703,1025.4913
1645036122746,1025.4913
1645036122787,1025.4913
1645036122819,1025.493
1645036122858,1025.493
1645036122894,1025.493
1645036122933,1025.493
1645036122972,1025.493
1645036123010,1025.493
1645036123049,1025.493
1645036123088,1025.493
1645036123128,1025.4996
1645036123165,1025.4996
1645036123204,1025.4996
1645036123242,1025.4996
1645036123280,1025.4963
1645036123318,1025.4963
1645036123359,1025.4963
1645036123399,1025.4963
1645036123435,1025.4874
1645036123472,1025.4874
1645036123511,1025.4874
1645036123550,1025.4874
1645036123591,1025.4958
1645036123627,1025.4958
1645036123665,1025.4958
1645036123704,1025.4958
1645036123743,1025.4991
1645036123780,1025.4991
1645036123820,1025.4991
1645036123857,1025.4991
1645036123899,1025.5026
1645036123933,1025.5026
1645036123973,1025.5026
1645036124012,1025.5026
1645036124050,1025.5093
1645036124089,1025.5093
1645036124126,1025.5093
1645036124163,1025.5093
1645036124204,1025.5126
1645036124240,1025.5126
1645036124279,1025.5126
