1645034022445,1025.6104
1645034022446,1025.6104
1645034022484,1025.6104
1645034022522,1025.6104
1645034022563,1025.6031
1645034022601,1025.6031
1645034022639,1025.6031
1645034022677,1025.6031
1645034022716,1025.5768
1645034022753,1025.5768
1645034022793,1025.5768
1645034022832,1025.5768
1645034022872,1025.5886
1645034022908,1025.5886
1645034022947,1025.5886
1645034022985,1025.5886
1645034023026,1025.5769
1645034023066,1025.5769
1645034023102,1025.5769
1645034023139,1025.5769
1645034023180,1025.5707
1645034023216,1025.5707
1645034023256,1025.5707
1645034023294,1025.5707
1645034023332,1025.5707
1645034023371,1025.5707
1645034023410,1025.5707
1645034023445,1025.5707
1645034023486,1025.5707
1645034023524,1025.5635
1645034023562,1025.5635
1645034023599,1025.5635
1645034023639,1025.5635
1645034023678,1025.5729
1645034023721,1025.5729
1645034023754,1025.5729
1645034023792,1025.5729
1645034023831,1025.5717
1645034023872,1025.5717
1645034023907,1025.5717
1645034023948,1025.5717
1645034023988,1025.5817
1645034024025,1025.5817
1645034024064,1025.5817
1645034024100,1025.5817
1645034024140,1025.5911
1645034024187,1025.5911
1645034024248,1025.5911
1645034024273,1025.5911
1645034024317,1025.5945
1645034024333,1025.5945
1645034024368,1025.5945
1645034024409,1025.5945
1645034024446,1025.599
1645034024485,1025.599
1645034024527,1025.599
1645034024564,1025.599
1645034024600,1025.6034
1645034024640,1025.6034
1645034024678,1025.6034
1645034024717,1025.6034
1645034024753,1025.6176
1645034024795,1025.6176
1645034024832,1025.6176
1645034024874,1025.6176
1645034024910,1025.622
1645034024946,1025.622
1645034024984,1025.622
1645034025022,1025.622
1645034025064,1025.6215
1645034025101,1025.6215
1645034025141,1025.6215
1645034025176,1025.6215
1645034025214,1025.6366
1645034025252,1025.6366
1645034025291,1025.6366
1645034025329,1025.6366
1645034025369,1025.6393
1645034025411,1025.6393
1645034025445,1025.6393
1645034025487,1025.6393
1645034025524,1025.6494
1645034025565,1025.6494
1645034025600,1025.6494
1645034025641,1025.6494
1645034025678,1025.6494
1645034025717,1025.6554
1645034025756,1025.6554
1645034025794,1025.6554
1645034025831,1025.6554
1645034025869,1025.6587
1645034025914,1025.6587
1645034025945,1025.6587
1645034025987,1025.6587
1645034026024,1025.6688
1645034026062,1025.6688
1645034026101,1025.6688
1645034026143,1025.6688
1645034026180,1025.6683
1645034026217,1025.6683
1645034026278,1025.6683
1645034026343,1025.6683
1645034026344,1025.6752
1645034026409,1025.6752
1645034026410,1025.6752
1645034026445,1025.6752
1645034026486,1025.6896
1645034026523,1025.6896
1645034026561,1025.6896
1645034026600,1025.6896
1645034026637,1025.6963
1645034026677,1025.6963
1645034026717,1025.6963
1645034026757,1025.6963
1645034026795,1025.7148
1645034026831,1025.7148
1645034026869,1025.7148
1645034026908,1025.7148
1645034026944,1025.7128
1645034026984,1025.7128
1645034027026,1025.7128
1645034027064,1025.7128
1645034027099,1025.722
1645034027141,1025.722
1645034027180,1025.722
1645034027215,1025.722
1645034027253,1025.7203
1645034027291,1025.7203
1645034027331,1025.7203
1645034027371,1025.7203
1645034027409,1025.7203
1645034027445,1025.7203
1645034027485,1025.7203
1645034027522,1025.7203
1645034027561,1025.723
1645034027600,1025.723
1645034027640,1025.723
1645034027677,1025.723
1645034027718,1025.723
1645034027755,1025.7332
1645034027792,1025.7332
1645034027830,1025.7332
1645034027872,1025.7332
1645034027909,1025.7277
1645034027947,1025.7277
1645034027985,1025.7277
1645034028024,1025.7277
1645034028062,1025.7352
1645034028100,1025.7352
1645034028140,1025.7352
1645034028177,1025.7352
1645034028217,1025.7416
1645034028254,1025.7416
1645034028307,1025.7416
1645034028364,1025.7416
1645034028368,1025.7483
1645034028406,1025.7483
1645034028448,1025.7483
1645034028483,1025.7483
1645034028521,1025.7483
1645034028560,1025.7483
1645034028599,1025.7483
1645034028638,1025.7483
1645034028675,1025.7526
1645034028723,1025.7526
1645034028753,1025.7526
1645034028791,1025.7526
1645034028834,1025.7577
1645034028868,1025.7577
1645034028907,1025.7577
1645034028944,1025.7577
1645034028987,1025.7603
1645034029023,1025.7603
1645034029063,1025.7603
1645034029100,1025.7603
1645034029138,1025.7687
1645034029178,1025.7687
1645034029216,1025.7687
1645034029256,1025.7687
1645034029296,1025.7755
1645034029331,1025.7755
1645034029369,1025.7755
1645034029407,1025.7755
1645034029446,1025.7867
1645034029483,1025.7867
1645034029522,1025.7867
1645034029561,1025.7867
1645034029599,1025.7986
1645034029638,1025.7986
1645034029677,1025.7986
1645034029715,1025.7986
1645034029756,1025.8087
1645034029792,1025.8087
1645034029831,1025.8087
1645034029869,1025.8087
1645034029910,1025.8087
1645034029950,1025.8171
1645034029986,1025.8171
1645034030023,1025.8171
1645034030061,1025.8171
1645034030100,1025.8239
1645034030137,1025.8239
1645034030178,1025.8239
1645034030216,1025.8239
1645034030251,1025.8214
1645034030330,1025.8214
1645034030330,1025.8214
1645034030369,1025.8214
1645034030408,1025.8282
1645034030448,1025.8282
1645034030484,1025.8282
1645034030528,1025.8282
1645034030560,1025.835
1645034030598,1025.835
1645034030643,1025.835
1645034030677,1025.835
1645034030714,1025.826
1645034030753,1025.826
1645034030792,1025.826
1645034030830,1025.826
1645034030868,1025.8135
1645034030906,1025.8135
1645034030946,1025.8135
1645034030984,1025.8135
1645034031023,1025.8097
1645034031063,1025.8097
1645034031100,1025.8097
1645034031137,1025.8097
1645034031178,1025.8055
1645034031215,1025.8055
1645034031253,1025.8055
1645034031294,1025.8055
1645034031332,1025.8073
1645034031369,1025.8073
1645034031405,1025.8073
1645034031447,1025.8073
1645034031483,1025.798
1645034031522,1025.798
1645034031564,1025.798
1645034031599,1025.798
1645034031640,1025.8055
1645034031676,1025.8055
1645034031716,1025.8055
1645034031752,1025.8055
1645034031791,1025.8073
1645034031836,1025.8073
1645034031868,1025.8073
1645034031908,1025.8073
1645034031945,1025.8073
1645034031982,1025.811
1645034032022,1025.811
1645034032061,1025.811
1645034032100,1025.811
1645034032137,1025.8162
1645034032177,1025.8162
1645034032214,1025.8162
1645034032254,1025.8162
1645034032290,1025.8162
1645034032329,1025.8162
1645034032369,1025.8162
1645034032407,1025.8162
1645034032447,1025.8187
1645034032483,1025.8187
1645034032522,1025.8187
1645034032563,1025.8187
1645034032599,1025.8306
1645034032638,1025.8306
1645034032674,1025.8306
1645034032723,1025.8306
1645034032753,1025.8351
1645034032791,1025.8351
1645034032829,1025.8351
1645034032869,1025.8351
1645034032909,1025.8553
1645034032945,1025.8553
1645034032991,1025.8553
1645034033022,1025.8553
1645034033061,1025.8512
1645034033098,1025.8512
1645034033137,1025.8512
1645034033177,1025.8512
1645034033214,1025.863
1645034033253,1025.863
1645034033291,1025.863
1645034033330,1025.863
1645034033368,1025.869
1645034033407,1025.869
1645034033445,1025.869
1645034033483,1025.869
1645034033521,1025.8729
1645034033560,1025.8729
1645034033599,1025.8729
1645034033637,1025.8729
1645034033677,1025.8864
1645034033715,1025.8864
1645034033769,1025.8864
1645034033796,1025.8864
1645034033829,1025.8943
1645034033868,1025.8943
1645034033906,1025.8943
1645034033945,1025.8943
1645034033983,1025.9027
1645034034020,1025.9027
1645034034063,1025.9027
1645034034100,1025.9027
1645034034138,1025.9027
1645034034176,1025.9054
1645034034216,1025.9054
1645034034253,1025.9054
1645034034291,1025.9054
1645034034329,1025.9164
1645034034368,1025.9164
1645034034404,1025.9164
1645034034444,1025.9164
1645034034482,1025.9315
1645034034522,1025.9315
1645034034560,1025.9315
1645034034599,1025.9315
1645034034637,1025.9401
1645034034675,1025.9401
1645034034714,1025.9401
1645034034756,1025.9401
1645034034792,1025.9418
1645034034829,1025.9418
1645034034868,1025.9418
1645034034905,1025.9418
1645034034948,1025.9581
1645034034982,1025.9581
1645034035023,1025.9581
1645034035060,1025.9581
1645034035103,1025.9598
1645034035137,1025.9598
1645034035177,1025.9598
1645034035216,1025.9598
1645034035251,1025.9708
1645034035292,1025.9708
1645034035329,1025.9708
1645034035369,1025.9708
1645034035407,1025.9873
1645034035445,1025.9873
1645034035481,1025.9873
1645034035520,1025.9873
1645034035561,1025.9974
1645034035598,1025.9974
1645034035637,1025.9974
1645034035676,1025.9974
1645034035714,1025.9995
1645034035753,1025.9995
1645034035792,1025.9995
1645034035829,1025.9995
1645034035869,1026.0045
1645034035907,1026.0045
1645034035946,1026.0045
1645034035986,1026.0045
1645034036023,1026.0198
1645034036060,1026.0198
1645034036099,1026.0198
1645034036141,1026.0198
1645034036179,1026.0198
1645034036213,1026.024
1645034036251,1026.024
1645034036290,1026.024
1645034036329,1026.024
1645034036368,1026.0367
1645034036405,1026.0367
1645034036447,1026.0367
1645034036481,1026.0367
1645034036521,1026.0364
1645034036564,1026.0364
1645034036598,1026.0364
1645034036636,1026.0364
1645034036675,1026.0515
1645034036716,1026.0515
1645034036752,1026.0515
1645034036791,1026.0515
1645034036830,1026.0508
1645034036867,1026.0508
1645034036906,1026.0508
1645034036945,1026.0508
1645034036981,1026.0541
1645034037021,1026.0541
1645034037059,1026.0541
1645034037097,1026.0541
1645034037137,1026.0553
1645034037176,1026.0553
1645034037214,1026.0553
1645034037253,1026.0553
1645034037291,1026.0546
1645034037327,1026.0546
1645034037367,1026.0546
1645034037406,1026.0546
1645034037447,1026.058
1645034037484,1026.058
1645034037520,1026.058
1645034037562,1026.058
1645034037597,1026.0487
1645034037636,1026.0487
1645034037675,1026.0487
1645034037714,1026.0487
1645034037752,1026.0487
1645034037799,1026.0487
1645034037829,1026.0487
1645034037867,1026.0487
1645034037906,1026.0521
1645034037946,1026.0521
1645034037982,1026.0521
1645034038021,1026.0521
1645034038060,1026.0499
1645034038099,1026.0499
1645034038138,1026.0499
1645034038176,1026.0499
1645034038213,1026.0499
1645034038251,1026.055
1645034038289,1026.055
1645034038329,1026.055
1645034038366,1026.055
1645034038407,1026.0753
1645034038443,1026.0753
1645034038483,1026.0753
1645034038521,1026.0753
1645034038560,1026.0643
1645034038597,1026.0643
1645034038635,1026.0643
1645034038673,1026.0643
1645034038714,1026.0677
1645034038751,1026.0677
1645034038789,1026.0677
1645034038834,1026.0677
1645034038866,1026.069
1645034038905,1026.069
1645034038943,1026.069
1645034038984,1026.069
1645034039020,1026.069
1645034039059,1026.069
1645034039097,1026.069
1645034039134,1026.069
1645034039174,1026.0758
1645034039214,1026.0758
1645034039251,1026.0758
1645034039289,1026.0758
1645034039327,1026.0817
1645034039367,1026.0817
1645034039404,1026.0817
1645034039444,1026.0817
1645034039486,1026.0902
1645034039521,1026.0902
1645034039560,1026.0902
1645034039596,1026.0902
1645034039637,1026.0918
1645034039674,1026.0918
1645034039711,1026.0918
1645034039750,1026.0918
1645034039789,1026.086
1645034039828,1026.086
1645034039867,1026.086
1645034039905,1026.086
1645034039945,1026.0839
1645034039996,1026.0839
1645034040024,1026.0839
1645034040059,1026.0839
1645034040095,1026.0848
1645034040137,1026.0848
1645034040173,1026.0848
1645034040213,1026.0848
1645034040252,1026.0865
1645034040288,1026.0865
1645034040327,1026.0865
1645034040367,1026.0865
1645034040403,1026.0865
1645034040442,1026.0962
1645034040481,1026.0962
1645034040519,1026.0962
1645034040559,1026.0962
1645034040596,1026.0995
1645034040638,1026.0995
1645034040675,1026.0995
1645034040712,1026.0995
1645034040755,1026.1055
1645034040789,1026.1055
1645034040829,1026.1055
1645034040867,1026.1055
1645034040905,1026.1156
1645034040942,1026.1156
1645034040981,1026.1156
1645034041019,1026.1156
1645034041059,1026.127
1645034041097,1026.127
1645034041136,1026.127
1645034041178,1026.127
1645034041215,1026.1354
1645034041254,1026.1354
1645034041293,1026.1354
1645034041327,1026.1354
1645034041367,1026.1438
1645034041405,1026.1438
1645034041445,1026.1438
1645034041484,1026.1438
1645034041521,1026.1505
1645034041561,1026.1505
1645034041595,1026.1505
1645034041635,1026.1505
1645034041675,1026.1566
1645034041711,1026.1566
1645034041752,1026.1566
1645034041789,1026.1566
1645034041829,1026.1599
1645034041873,1026.1599
1645034041904,1026.1599
1645034041943,1026.1599
1645034041982,1026.1608
1645034042020,1026.1608
1645034042057,1026.1608
1645034042098,1026.1608
1645034042135,1026.1659
1645034042174,1026.1659
1645034042212,1026.1659
1645034042254,1026.1659
1645034042289,1026.1777
1645034042327,1026.1777
1645034042365,1026.1777
1645034042404,1026.1777
1645034042443,1026.1777
1645034042487,1026.1844
1645034042519,1026.1844
1645034042558,1026.1844
1645034042596,1026.1844
1645034042635,1026.1963
1645034042673,1026.1963
1645034042715,1026.1963
1645034042753,1026.1963
1645034042789,1026.1975
1645034042826,1026.1975
1645034042866,1026.1975
1645034042906,1026.1975
1645034042943,1026.2052
1645034042981,1026.2052
1645034043020,1026.2052
1645034043058,1026.2052
1645034043096,1026.2064
1645034043135,1026.2064
1645034043175,1026.2064
1645034043213,1026.2064
1645034043251,1026.2114
1645034043289,1026.2114
1645034043327,1026.2114
1645034043366,1026.2114
1645034043407,1026.2148
1645034043442,1026.2148
1645034043483,1026.2148
1645034043518,1026.2148
1645034043557,1026.2225
1645034043595,1026.2225
1645034043635,1026.2225
1645034043673,1026.2225
1645034043711,1026.2234
1645034043751,1026.2234
1645034043789,1026.2234
1645034043827,1026.2234
1645034043866,1026.2313
1645034043904,1026.2313
1645034043944,1026.2313
1645034043983,1026.2313
1645034044018,1026.2533
1645034044057,1026.2533
1645034044099,1026.2533
1645034044133,1026.2533
1645034044172,1026.2474
1645034044213,1026.2474
1645034044253,1026.2474
1645034044288,1026.2474
1645034044326,1026.2454
1645034044365,1026.2454
1645034044404,1026.2454
1645034044444,1026.2454
1645034044483,1026.2437
1645034044518,1026.2395
1645034044557,1026.2395
1645034044597,1026.2395
1645034044636,1026.2395
1645034044674,1026.2504
1645034044712,1026.2504
1645034044750,1026.2504
1645034044790,1026.2504
1645034044827,1026.2496
1645034044866,1026.2496
1645034044913,1026.2496
1645034044944,1026.2496
1645034044981,1026.2513
1645034045018,1026.2513
1645034045057,1026.2513
1645034045097,1026.2513
1645034045133,1026.2388
1645034045179,1026.2388
1645034045211,1026.2388
1645034045249,1026.2388
1645034045287,1026.2388
1645034045326,1026.2388
1645034045365,1026.2388
1645034045405,1026.2388
1645034045444,1026.2324
1645034045481,1026.2324
1645034045519,1026.2324
1645034045556,1026.2324
1645034045598,1026.2375
1645034045633,1026.2375
1645034045677,1026.2375
1645034045713,1026.2375
1645034045751,1026.2534
1645034045788,1026.2534
1645034045827,1026.2534
1645034045865,1026.2534
1645034045904,1026.2426
1645034045953,1026.2426
1645034045979,1026.2426
1645034046018,1026.2426
1645034046057,1026.2391
1645034046098,1026.2391
1645034046135,1026.2391
1645034046174,1026.2391
1645034046211,1026.2544
1645034046248,1026.2544
1645034046290,1026.2544
1645034046328,1026.2544
1645034046365,1026.2527
1645034046404,1026.2527
1645034046441,1026.2527
1645034046482,1026.2527
1645034046520,1026.2522
1645034046556,1026.2522
1645034046617,1026.2522
1645034046635,1026.2522
1645034046671,1026.2522
1645034046710,1026.2522
1645034046750,1026.2522
1645034046786,1026.2522
1645034046827,1026.2522
1645034046865,1026.2522
1645034046903,1026.2522
1645034046940,1026.2522
1645034046979,1026.2522
1645034047018,1026.2532
1645034047055,1026.2532
1645034047094,1026.2532
1645034047136,1026.2532
1645034047173,1026.2515
1645034047211,1026.2515
1645034047257,1026.2515
1645034047291,1026.2515
1645034047326,1026.251
1645034047367,1026.251
1645034047401,1026.251
1645034047441,1026.251
1645034047485,1026.2628
1645034047518,1026.2628
1645034047557,1026.2628
1645034047597,1026.2628
1645034047633,1026.2645
1645034047673,1026.2645
1645034047711,1026.2645
1645034047751,1026.2645
1645034047786,1026.2762
1645034047829,1026.2762
1645034047868,1026.2762
1645034047904,1026.2762
1645034047940,1026.2814
1645034047986,1026.2814
1645034048017,1026.2814
1645034048057,1026.2814
1645034048096,1026.2898
1645034048134,1026.2898
1645034048172,1026.2898
1645034048210,1026.2898
1645034048249,1026.2941
1645034048289,1026.2941
1645034048329,1026.2941
1645034048364,1026.2941
1645034048403,1026.2999
1645034048440,1026.2999
1645034048494,1026.2999
1645034048519,1026.2999
1645034048557,1026.3059
1645034048600,1026.3059
1645034048634,1026.3059
1645034048672,1026.3059
1645034048711,1026.3092
1645034048749,1026.3092
1645034048787,1026.3092
1645034048826,1026.3092
1645034048866,1026.3092
1645034048902,1026.3059
1645034048941,1026.3059
1645034048982,1026.3059
1645034049018,1026.3059
1645034049056,1026.3185
1645034049095,1026.3185
1645034049133,1026.3185
1645034049171,1026.3185
1645034049210,1026.321
1645034049248,1026.321
1645034049287,1026.321
1645034049325,1026.321
1645034049365,1026.3245
1645034049408,1026.3245
1645034049443,1026.3245
1645034049480,1026.3245
1645034049520,1026.3245
1645034049557,1026.3245
1645034049594,1026.3245
1645034049633,1026.3245
1645034049671,1026.3362
1645034049712,1026.3362
1645034049749,1026.3362
1645034049790,1026.3362
1645034049827,1026.3379
1645034049865,1026.3379
1645034049902,1026.3379
1645034049942,1026.3379
1645034049978,1026.348
1645034050017,1026.348
1645034050055,1026.348
1645034050096,1026.348
1645034050135,1026.3547
1645034050176,1026.3547
1645034050210,1026.3547
1645034050250,1026.3547
1645034050288,1026.3564
1645034050325,1026.3564
1645034050364,1026.3564
1645034050401,1026.3564
1645034050441,1026.3574
1645034050481,1026.3574
1645034050517,1026.3574
1645034050555,1026.3574
1645034050595,1026.3624
1645034050633,1026.3624
1645034050672,1026.3624
1645034050710,1026.3624
1645034050749,1026.3767
1645034050786,1026.3767
1645034050824,1026.3767
1645034050863,1026.3767
1645034050903,1026.3767
1645034050942,1026.3851
1645034050978,1026.3851
1645034051016,1026.3851
1645034051055,1026.3851
1645034051094,1026.3918
1645034051133,1026.3918
1645034051173,1026.3918
1645034051209,1026.3918
1645034051250,1026.397
1645034051286,1026.397
1645034051327,1026.397
1645034051363,1026.397
1645034051404,1026.3911
1645034051440,1026.3911
1645034051483,1026.3911
1645034051517,1026.3911
1645034051555,1026.3986
1645034051597,1026.3986
1645034051631,1026.3986
1645034051672,1026.3986
1645034051709,1026.4138
1645034051750,1026.4138
1645034051785,1026.4138
1645034051826,1026.4138
1645034051863,1026.4121
1645034051902,1026.4121
1645034051940,1026.4121
1645034051978,1026.4121
1645034052017,1026.4071
1645034052058,1026.4071
1645034052093,1026.4071
1645034052133,1026.4071
1645034052172,1026.4114
1645034052210,1026.4114
1645034052248,1026.4114
1645034052286,1026.4114
1645034052324,1026.4114
1645034052364,1026.4114
1645034052402,1026.4114
1645034052441,1026.4114
1645034052480,1026.4147
1645034052527,1026.4147
1645034052557,1026.4147
1645034052595,1026.4147
1645034052633,1026.4147
1645034052671,1026.4147
1645034052709,1026.4147
1645034052747,1026.4147
1645034052788,1026.4147
1645034052827,1026.4147
1645034052866,1026.4147
1645034052901,1026.4147
1645034052941,1026.4147
1645034052979,1026.4138
1645034053015,1026.4138
1645034053055,1026.4138
1645034053095,1026.4138
1645034053132,1026.413
1645034053174,1026.413
1645034053209,1026.413
1645034053247,1026.413
1645034053287,1026.4147
1645034053325,1026.4147
1645034053363,1026.4147
1645034053401,1026.4147
1645034053441,1026.4231
1645034053479,1026.4231
1645034053514,1026.4231
1645034053554,1026.4231
1645034053600,1026.4349
1645034053631,1026.4349
1645034053670,1026.4349
1645034053708,1026.4349
1645034053747,1026.4344
1645034053787,1026.4344
1645034053826,1026.4344
1645034053864,1026.4344
1645034053900,1026.426
1645034053938,1026.426
1645034053979,1026.426
1645034054018,1026.426
1645034054054,1026.4354
1645034054093,1026.4354
1645034054131,1026.4354
1645034054171,1026.4354
1645034054209,1026.4421
1645034054252,1026.4421
1645034054285,1026.4421
1645034054326,1026.4421
1645034054361,1026.427
1645034054400,1026.427
1645034054443,1026.427
1645034054478,1026.427
1645034054517,1026.4354
1645034054554,1026.4354
1645034054600,1026.4354
1645034054630,1026.4354
1645034054669,1026.4471
1645034054709,1026.4471
1645034054749,1026.4471
1645034054784,1026.4471
1645034054827,1026.4456
1645034054861,1026.4456
1645034054906,1026.4456
1645034054939,1026.4456
1645034054986,1026.4557
1645034055018,1026.4557
1645034055054,1026.4557
1645034055094,1026.4557
1645034055133,1026.4557
1645034055176,1026.4641
1645034055207,1026.4641
1645034055246,1026.4641
1645034055285,1026.4641
1645034055323,1026.4674
1645034055361,1026.4674
1645034055400,1026.4674
1645034055439,1026.4674
1645034055477,1026.4653
1645034055521,1026.4653
1645034055554,1026.4653
1645034055597,1026.4653
1645034055631,1026.4703
1645034055670,1026.4703
1645034055711,1026.4703
1645034055747,1026.4703
1645034055792,1026.477
1645034055829,1026.477
1645034055862,1026.477
1645034055899,1026.477
1645034055938,1026.4822
1645034055980,1026.4822
1645034056020,1026.4822
1645034056054,1026.4822
1645034056092,1026.4797
1645034056135,1026.4797
1645034056171,1026.4797
1645034056208,1026.4797
1645034056247,1026.4763
1645034056287,1026.4763
1645034056323,1026.4763
1645034056361,1026.4763
1645034056402,1026.505
1645034056441,1026.505
1645034056478,1026.505
1645034056518,1026.505
1645034056554,1026.516
1645034056595,1026.516
1645034056634,1026.516
1645034056669,1026.516
1645034056708,1026.5236
1645034056746,1026.5236
1645034056785,1026.5236
1645034056824,1026.5236
1645034056863,1026.51
1645034056909,1026.51
1645034056942,1026.51
1645034056976,1026.51
1645034057016,1026.4612
1645034057053,1026.4612
1645034057093,1026.4612
1645034057131,1026.4612
1645034057171,1026.4612
1645034057207,1026.4645
1645034057247,1026.4645
1645034057284,1026.4645
1645034057322,1026.4645
1645034057362,1026.4299
1645034057400,1026.4299
1645034057439,1026.4299
1645034057477,1026.4299
1645034057517,1026.403
1645034057557,1026.403
1645034057597,1026.403
1645034057630,1026.403
1645034057670,1026.4117
1645034057707,1026.4117
1645034057747,1026.4117
1645034057787,1026.4117
1645034057824,1026.405
1645034057863,1026.405
1645034057902,1026.405
1645034057940,1026.405
1645034057979,1026.3966
1645034058017,1026.3966
1645034058055,1026.3966
1645034058092,1026.3966
1645034058131,1026.4008
1645034058170,1026.4008
1645034058209,1026.4008
1645034058245,1026.4008
1645034058287,1026.3958
1645034058324,1026.3958
1645034058362,1026.3958
1645034058401,1026.3958
1645034058437,1026.399
1645034058478,1026.399
