1645033615776,1025.7153
1645033615777,1025.7153
1645033615777,1025.7153
1645033615814,1025.7153
1645033615853,1025.7177
1645033615893,1025.7177
1645033615929,1025.7177
1645033615969,1025.7177
1645033616011,1025.7183
1645033616045,1025.7183
1645033616083,1025.7183
1645033616122,1025.7183
1645033616163,1025.712
1645033616200,1025.712
1645033616237,1025.712
1645033616281,1025.712
1645033616315,1025.7155
1645033616354,1025.7155
1645033616415,1025.7155
1645033616429,1025.7155
1645033616468,1025.7147
1645033616507,1025.7147
1645033616546,1025.7147
1645033616586,1025.7147
1645033616624,1025.7198
1645033616662,1025.7198
1645033616701,1025.7198
1645033616737,1025.7198
1645033616778,1025.7267
1645033616817,1025.7267
1645033616857,1025.7267
1645033616893,1025.7267
1645033616933,1025.7192
1645033616968,1025.7192
1645033617007,1025.7192
1645033617051,1025.7192
1645033617084,1025.721
1645033617124,1025.721
1645033617164,1025.721
1645033617201,1025.721
1645033617239,1025.7206
1645033617277,1025.7206
1645033617315,1025.7206
1645033617355,1025.7206
1645033617392,1025.7257
1645033617434,1025.7257
1645033617469,1025.7257
1645033617524,1025.7257
1645033617608,1025.7335
1645033617609,1025.7335
1645033617628,1025.7335
1645033617661,1025.7335
1645033617701,1025.7404
1645033617745,1025.7404
1645033617775,1025.7404
1645033617815,1025.7404
1645033617852,1025.7455
1645033617902,1025.7455
1645033617932,1025.7455
1645033617973,1025.7455
1645033618009,1025.7455
1645033618048,1025.7451
1645033618086,1025.7451
1645033618121,1025.7451
1645033618163,1025.7451
1645033618199,1025.7502
1645033618243,1025.7502
1645033618275,1025.7502
1645033618314,1025.7502
1645033618353,1025.7478
1645033618392,1025.7478
1645033618430,1025.7478
1645033618470,1025.7478
1645033618506,1025.7478
1645033618547,1025.7478
1645033618584,1025.7478
1645033618623,1025.7478
1645033618665,1025.7461
1645033618702,1025.7461
1645033618740,1025.7461
1645033618775,1025.7461
1645033618816,1025.7491
1645033618853,1025.7491
1645033618896,1025.7491
1645033618932,1025.7491
1645033618969,1025.7509
1645033619010,1025.7509
1645033619049,1025.7509
1645033619084,1025.7509
1645033619123,1025.7543
1645033619160,1025.7543
1645033619198,1025.7543
1645033619243,1025.7543
1645033619278,1025.7577
1645033619314,1025.7577
1645033619355,1025.7577
1645033619391,1025.7577
1645033619429,1025.7645
1645033619469,1025.7645
1645033619506,1025.7645
1645033619567,1025.7645
1645033619594,1025.768
1645033619627,1025.768
1645033619662,1025.768
1645033619698,1025.768
1645033619737,1025.7697
1645033619778,1025.7697
1645033619814,1025.7697
1645033619852,1025.7697
1645033619891,1025.7689
1645033619929,1025.7689
1645033619968,1025.7689
1645033620007,1025.7689
1645033620080,1025.774
1645033620087,1025.774
1645033620121,1025.774
1645033620160,1025.774
1645033620197,1025.7723
1645033620238,1025.7723
1645033620275,1025.7723
1645033620314,1025.7723
1645033620351,1025.7765
1645033620390,1025.7765
1645033620428,1025.7765
1645033620472,1025.7765
1645033620507,1025.7765
1645033620545,1025.7816
1645033620585,1025.7816
1645033620621,1025.7816
1645033620659,1025.7816
1645033620705,1025.7765
1645033620737,1025.7765
1645033620775,1025.7765
1645033620816,1025.7765
1645033620853,1025.7782
1645033620891,1025.7782
1645033620933,1025.7782
1645033620969,1025.7782
1645033621006,1025.7782
1645033621046,1025.7782
1645033621084,1025.7782
1645033621121,1025.7782
1645033621160,1025.7803
1645033621197,1025.7803
1645033621238,1025.7803
1645033621276,1025.7803
1645033621316,1025.7717
1645033621354,1025.7717
1645033621390,1025.7717
1645033621430,1025.7717
1645033621467,1025.7666
1645033621507,1025.7666
1645033621591,1025.7666
1645033621592,1025.7666
1645033621633,1025.7666
1645033621681,1025.7666
1645033621702,1025.7666
1645033621741,1025.7666
1645033621776,1025.7656
1645033621813,1025.7656
1645033621853,1025.7656
1645033621892,1025.7656
1645033621929,1025.7622
1645033621967,1025.7622
1645033622007,1025.7622
1645033622043,1025.7622
1645033622082,1025.766
1645033622125,1025.766
1645033622159,1025.766
1645033622203,1025.766
1645033622237,1025.7677
1645033622275,1025.7677
1645033622314,1025.7677
1645033622360,1025.7677
1645033622389,1025.7626
1645033622429,1025.7626
1645033622467,1025.7626
1645033622508,1025.7626
1645033622544,1025.7574
1645033622582,1025.7574
1645033622622,1025.7574
1645033622660,1025.7574
1645033622701,1025.7557
1645033622736,1025.7557
1645033622776,1025.7557
1645033622815,1025.7557
1645033622851,1025.7557
1645033622890,1025.7557
1645033622930,1025.7557
1645033622975,1025.7557
1645033623005,1025.7557
1645033623046,1025.7632
1645033623083,1025.7632
1645033623121,1025.7632
1645033623162,1025.7632
1645033623198,1025.7592
1645033623235,1025.7592
1645033623276,1025.7592
1645033623312,1025.7592
1645033623352,1025.7609
1645033623389,1025.7609
1645033623428,1025.7609
1645033623469,1025.7609
1645033623510,1025.7609
1645033623544,1025.7609
1645033623606,1025.7609
1645033623663,1025.7609
1645033623666,1025.7666
1645033623698,1025.7666
1645033623735,1025.7666
1645033623774,1025.7666
1645033623815,1025.7683
1645033623851,1025.7683
1645033623891,1025.7683
1645033623931,1025.7683
1645033623966,1025.7649
1645033624007,1025.7649
1645033624046,1025.7649
1645033624083,1025.7649
1645033624127,1025.7557
1645033624159,1025.7557
1645033624198,1025.7557
1645033624236,1025.7557
1645033624274,1025.7523
1645033624314,1025.7523
1645033624351,1025.7523
1645033624391,1025.7523
1645033624429,1025.754
1645033624467,1025.754
1645033624507,1025.754
1645033624544,1025.754
1645033624583,1025.7574
1645033624625,1025.7574
1645033624661,1025.7574
1645033624698,1025.7574
1645033624736,1025.754
1645033624776,1025.754
1645033624814,1025.754
1645033624851,1025.754
1645033624892,1025.7468
1645033624928,1025.7468
1645033624968,1025.7468
1645033625007,1025.7468
1645033625045,1025.7468
1645033625085,1025.7468
1645033625121,1025.7468
1645033625161,1025.7468
1645033625199,1025.7502
1645033625236,1025.7502
1645033625273,1025.7502
1645033625314,1025.7502
1645033625353,1025.7502
1645033625390,1025.7478
1645033625432,1025.7478
1645033625468,1025.7478
1645033625506,1025.7478
1645033625545,1025.7457
1645033625582,1025.7457
1645033625622,1025.7457
1645033625659,1025.7457
1645033625697,1025.744
1645033625737,1025.744
1645033625775,1025.744
1645033625813,1025.744
1645033625857,1025.7406
1645033625891,1025.7406
1645033625928,1025.7406
1645033625966,1025.7406
1645033626009,1025.7389
1645033626044,1025.7389
1645033626083,1025.7389
1645033626124,1025.7389
1645033626160,1025.7372
1645033626199,1025.7372
1645033626237,1025.7372
1645033626275,1025.7372
1645033626315,1025.7406
1645033626350,1025.7406
1645033626392,1025.7406
1645033626431,1025.7406
1645033626470,1025.7382
1645033626504,1025.7382
1645033626544,1025.7382
1645033626581,1025.7382
1645033626620,1025.7393
1645033626660,1025.7393
1645033626698,1025.7393
1645033626739,1025.7393
1645033626779,1025.7375
1645033626813,1025.7375
1645033626852,1025.7375
1645033626893,1025.7375
1645033626931,1025.7427
1645033626970,1025.7427
1645033627006,1025.7427
1645033627044,1025.7427
1645033627082,1025.744
1645033627122,1025.744
1645033627161,1025.744
1645033627199,1025.744
1645033627236,1025.7416
1645033627276,1025.7416
1645033627313,1025.7416
1645033627351,1025.7416
1645033627392,1025.7433
1645033627428,1025.7433
1645033627467,1025.7433
1645033627505,1025.7433
1645033627544,1025.7378
1645033627584,1025.7378
1645033627623,1025.7378
1645033627659,1025.7378
1645033627698,1025.7355
1645033627735,1025.7355
1645033627775,1025.7355
1645033627814,1025.7355
1645033627852,1025.7355
1645033627889,1025.7406
1645033627929,1025.7406
1645033627968,1025.7406
1645033628005,1025.7406
1645033628044,1025.7365
1645033628085,1025.7365
1645033628120,1025.7365
1645033628158,1025.7365
1645033628197,1025.7327
1645033628235,1025.7327
1645033628276,1025.7327
1645033628315,1025.7327
1645033628350,1025.7327
1645033628390,1025.7327
1645033628429,1025.7327
1645033628468,1025.7327
1645033628505,1025.7302
1645033628543,1025.7302
1645033628584,1025.7302
1645033628621,1025.7302
1645033628661,1025.7281
1645033628697,1025.7281
1645033628738,1025.7281
1645033628778,1025.7281
1645033628814,1025.7274
1645033628852,1025.7274
1645033628890,1025.7274
1645033628928,1025.7274
1645033628969,1025.7223
1645033629004,1025.7223
1645033629044,1025.7223
1645033629081,1025.7223
1645033629122,1025.7234
1645033629158,1025.7234
1645033629198,1025.7234
1645033629235,1025.7234
1645033629273,1025.7196
1645033629313,1025.7196
1645033629350,1025.7196
1645033629390,1025.7196
1645033629429,1025.722
1645033629468,1025.722
1645033629505,1025.722
1645033629545,1025.722
1645033629581,1025.7216
1645033629622,1025.7216
1645033629660,1025.7216
1645033629700,1025.7216
1645033629740,1025.7124
1645033629776,1025.7124
1645033629811,1025.7124
1645033629850,1025.7124
1645033629890,1025.7134
1645033629943,1025.7134
1645033629965,1025.7134
1645033630004,1025.7134
1645033630044,1025.7045
1645033630080,1025.7045
1645033630120,1025.7045
1645033630161,1025.7045
1645033630196,1025.6987
1645033630236,1025.6987
1645033630274,1025.6987
1645033630312,1025.6987
1645033630352,1025.6987
1645033630389,1025.6915
1645033630429,1025.6915
1645033630467,1025.6915
1645033630506,1025.6915
1645033630544,1025.6874
1645033630583,1025.6874
1645033630622,1025.6874
1645033630658,1025.6874
1645033630697,1025.684
1645033630735,1025.684
1645033630778,1025.684
1645033630814,1025.684
1645033630850,1025.6874
1645033630892,1025.6874
1645033630930,1025.6874
1645033630968,1025.6874
1645033631007,1025.6836
1645033631044,1025.6836
1645033631083,1025.6836
1645033631123,1025.6836
1645033631159,1025.6779
1645033631198,1025.6779
1645033631235,1025.6779
1645033631274,1025.6779
1645033631314,1025.6754
1645033631353,1025.6754
1645033631391,1025.6754
1645033631428,1025.6754
1645033631467,1025.6716
1645033631506,1025.6716
1645033631543,1025.6716
1645033631582,1025.6716
1645033631620,1025.6658
1645033631658,1025.6658
1645033631697,1025.6658
1645033631737,1025.6658
1645033631775,1025.6637
1645033631810,1025.6637
1645033631851,1025.6637
1645033631887,1025.6637
1645033631927,1025.6637
1645033631966,1025.6637
1645033632003,1025.6637
1645033632043,1025.6637
1645033632085,1025.6637
1645033632123,1025.6637
1645033632159,1025.6637
1645033632197,1025.6637
1645033632234,1025.6572
1645033632275,1025.6572
1645033632311,1025.6572
1645033632350,1025.6572
1645033632389,1025.6534
1645033632429,1025.6534
1645033632466,1025.6534
1645033632505,1025.6534
1645033632544,1025.6552
1645033632582,1025.6552
1645033632619,1025.6552
1645033632680,1025.6552
1645033632697,1025.6527
1645033632734,1025.6527
1645033632775,1025.6527
1645033632812,1025.6527
1645033632850,1025.6527
1645033632887,1025.6517
1645033632925,1025.6517
1645033632965,1025.6517
1645033633002,1025.6517
1645033633043,1025.6561
1645033633081,1025.6561
1645033633119,1025.6561
1645033633158,1025.6561
1645033633196,1025.6578
1645033633236,1025.6578
1645033633279,1025.6578
1645033633311,1025.6578
1645033633350,1025.6575
1645033633389,1025.6575
1645033633431,1025.6575
1645033633468,1025.6575
1645033633506,1025.6567
1645033633567,1025.6567
1645033633581,1025.6567
1645033633619,1025.6567
1645033633658,1025.6653
1645033633696,1025.6653
1645033633734,1025.6653
1645033633778,1025.6653
1645033633810,1025.6693
1645033633849,1025.6693
1645033633892,1025.6693
1645033633926,1025.6693
1645033633964,1025.6724
1645033634004,1025.6724
1645033634043,1025.6724
1645033634080,1025.6724
1645033634120,1025.6803
1645033634160,1025.6803
1645033634196,1025.6803
1645033634240,1025.6803
1645033634273,1025.6854
1645033634310,1025.6854
1645033634351,1025.6854
1645033634388,1025.6854
1645033634427,1025.6847
1645033634466,1025.6847
1645033634504,1025.6847
1645033634543,1025.6847
1645033634580,1025.6819
1645033634619,1025.6819
1645033634660,1025.6819
1645033634696,1025.6819
1645033634737,1025.6819
1645033634774,1025.6819
1645033634811,1025.6819
1645033634851,1025.6819
1645033634888,1025.6781
1645033634928,1025.6781
1645033634967,1025.6781
1645033635003,1025.6781
1645033635043,1025.6757
1645033635079,1025.6757
1645033635120,1025.6757
1645033635156,1025.6757
1645033635196,1025.6757
1645033635236,1025.6768
1645033635273,1025.6768
1645033635310,1025.6768
1645033635348,1025.6768
1645033635387,1025.6781
1645033635427,1025.6781
1645033635467,1025.6781
1645033635503,1025.6781
1645033635541,1025.6825
1645033635581,1025.6825
1645033635618,1025.6825
1645033635657,1025.6825
1645033635697,1025.6838
1645033635737,1025.6838
1645033635771,1025.6838
1645033635810,1025.6838
1645033635849,1025.6831
1645033635889,1025.6831
1645033635926,1025.6831
1645033635966,1025.6831
1645033636005,1025.6825
1645033636042,1025.6825
1645033636081,1025.6825
1645033636119,1025.6825
1645033636157,1025.6873
1645033636195,1025.6873
1645033636237,1025.6873
1645033636274,1025.6873
1645033636312,1025.6974
1645033636348,1025.6974
1645033636387,1025.6974
1645033636429,1025.6974
1645033636463,1025.6985
1645033636503,1025.6985
1645033636545,1025.6985
1645033636588,1025.6985
1645033636626,1025.7015
1645033636656,1025.7015
1645033636695,1025.7015
1645033636735,1025.7015
1645033636774,1025.7008
1645033636810,1025.7008
1645033636848,1025.7008
1645033636887,1025.7008
1645033636927,1025.7004
1645033636964,1025.7004
1645033637005,1025.7004
1645033637041,1025.7004
1645033637081,1025.7014
1645033637119,1025.7014
1645033637157,1025.7014
1645033637196,1025.7014
1645033637235,1025.7014
1645033637273,1025.7014
1645033637311,1025.7014
1645033637349,1025.7014
1645033637392,1025.6987
1645033637425,1025.6987
1645033637466,1025.6987
1645033637504,1025.6987
1645033637541,1025.6925
1645033637579,1025.6925
1645033637617,1025.6925
1645033637656,1025.6925
1645033637697,1025.6925
1645033637735,1025.6918
1645033637773,1025.6918
1645033637813,1025.6918
1645033637848,1025.6918
1645033637888,1025.6912
1645033637926,1025.6912
1645033637964,1025.6912
1645033638019,1025.6912
1645033638040,1025.6979
1645033638079,1025.6979
1645033638117,1025.6979
1645033638159,1025.6979
1645033638199,1025.6959
1645033638234,1025.6959
1645033638272,1025.6959
1645033638309,1025.6959
1645033638351,1025.6969
1645033638387,1025.6969
1645033638428,1025.6969
1645033638466,1025.6969
1645033638504,1025.6958
1645033638541,1025.6958
1645033638579,1025.6958
1645033638617,1025.6958
1645033638656,1025.6952
1645033638695,1025.6952
1645033638735,1025.6952
1645033638772,1025.6952
1645033638809,1025.6981
1645033638848,1025.6981
1645033638887,1025.6981
1645033638925,1025.6981
1645033638967,1025.6958
1645033639002,1025.6958
1645033639041,1025.6958
1645033639078,1025.6958
1645033639117,1025.6903
1645033639156,1025.6903
1645033639195,1025.6903
1645033639234,1025.6903
1645033639273,1025.6926
1645033639310,1025.6926
1645033639352,1025.6926
1645033639389,1025.6926
1645033639425,1025.7004
1645033639465,1025.7004
1645033639503,1025.7004
1645033639541,1025.7004
1645033639583,1025.6998
1645033639618,1025.6998
1645033639656,1025.6998
1645033639694,1025.6998
1645033639735,1025.7045
1645033639773,1025.7045
1645033639812,1025.7045
1645033639847,1025.7045
1645033639891,1025.6984
1645033639924,1025.6984
1645033639964,1025.6984
1645033640001,1025.6984
1645033640042,1025.6976
1645033640080,1025.6976
1645033640122,1025.6976
1645033640158,1025.6976
1645033640194,1025.6976
1645033640232,1025.7037
1645033640274,1025.7037
1645033640309,1025.7037
1645033640347,1025.7037
1645033640386,1025.7051
1645033640425,1025.7051
1645033640465,1025.7051
1645033640503,1025.7051
1645033640541,1025.7062
1645033640578,1025.7062
1645033640620,1025.7062
1645033640657,1025.7062
1645033640695,1025.7068
1645033640733,1025.7068
1645033640771,1025.7068
1645033640810,1025.7068
1645033640848,1025.7026
1645033640885,1025.7026
1645033640924,1025.7026
1645033640964,1025.7026
1645033641003,1025.7026
1645033641039,1025.7026
1645033641079,1025.7026
1645033641118,1025.7026
1645033641155,1025.6981
1645033641196,1025.6981
1645033641232,1025.6981
1645033641272,1025.6981
1645033641314,1025.7046
1645033641349,1025.7046
1645033641386,1025.7046
1645033641427,1025.7046
1645033641463,1025.7002
1645033641502,1025.7002
1645033641540,1025.7002
1645033641578,1025.7002
1645033641617,1025.7053
1645033641656,1025.7053
1645033641695,1025.7053
1645033641734,1025.7053
1645033641770,1025.6987
1645033641812,1025.6987
1645033641847,1025.6987
1645033641886,1025.6987
1645033641925,1025.7052
1645033641963,1025.7052
1645033642002,1025.7052
1645033642039,1025.7052
1645033642077,1025.7062
1645033642117,1025.7062
1645033642160,1025.7062
1645033642195,1025.7062
1645033642233,1025.7025
1645033642270,1025.7025
1645033642308,1025.7025
1645033642346,1025.7025
1645033642398,1025.7076
1645033642424,1025.7076
1645033642463,1025.7076
1645033642501,1025.7076
1645033642539,1025.7076
1645033642580,1025.7069
1645033642617,1025.7069
1645033642655,1025.7069
1645033642693,1025.7069
1645033642731,1025.7028
1645033642771,1025.7028
1645033642810,1025.7028
1645033642848,1025.7028
1645033642887,1025.6973
1645033642926,1025.6973
1645033642963,1025.6973
1645033643002,1025.6973
1645033643041,1025.6945
1645033643079,1025.6945
1645033643117,1025.6945
1645033643155,1025.6945
1645033643193,1025.6921
1645033643243,1025.6921
1645033643272,1025.6921
1645033643309,1025.6921
1645033643346,1025.6948
1645033643385,1025.6948
1645033643425,1025.6948
1645033643463,1025.6948
1645033643501,1025.7013
1645033643540,1025.7013
1645033643579,1025.7013
1645033643630,1025.7013
1645033643654,1025.7002
1645033643694,1025.7002
1645033643732,1025.7002
1645033643770,1025.7002
1645033643808,1025.7064
1645033643846,1025.7064
1645033643886,1025.7064
1645033643924,1025.7064
1645033643992,1025.7091
1645033644009,1025.7091
1645033644040,1025.7091
1645033644077,1025.7091
1645033644116,1025.7122
1645033644156,1025.7122
1645033644194,1025.7122
1645033644231,1025.7122
1645033644269,1025.7179
1645033644311,1025.7179
1645033644348,1025.7179
1645033644389,1025.7179
1645033644426,1025.7223
1645033644463,1025.7223
1645033644500,1025.7223
1645033644546,1025.7223
1645033644577,1025.7253
1645033644617,1025.7253
1645033644659,1025.7253
1645033644693,1025.7253
1645033644733,1025.7246
1645033644769,1025.7246
1645033644811,1025.7246
1645033644846,1025.7246
1645033644885,1025.7246
1645033644926,1025.7257
1645033644961,1025.7257
1645033645001,1025.7257
1645033645038,1025.7257
1645033645079,1025.7185
1645033645117,1025.7185
1645033645157,1025.7185
1645033645194,1025.7185
1645033645232,1025.7178
1645033645272,1025.7178
1645033645312,1025.7178
1645033645348,1025.7178
1645033645384,1025.7123
1645033645422,1025.7123
1645033645462,1025.7123
1645033645501,1025.7123
1645033645539,1025.715
1645033645577,1025.715
1645033645616,1025.715
1645033645654,1025.715
1645033645693,1025.716
1645033645732,1025.716
1645033645772,1025.716
1645033645809,1025.716
1645033645847,1025.7173
1645033645885,1025.7173
1645033645925,1025.7173
1645033645961,1025.7173
1645033646004,1025.7133
1645033646040,1025.7133
1645033646078,1025.7133
1645033646116,1025.7133
1645033646155,1025.7095
1645033646194,1025.7095
1645033646232,1025.7095
1645033646269,1025.7095
1645033646313,1025.7122
1645033646345,1025.7122
1645033646385,1025.7122
1645033646428,1025.7122
1645033646462,1025.7097
1645033646501,1025.7097
1645033646540,1025.7097
1645033646576,1025.7097
1645033646615,1025.7094
1645033646655,1025.7094
1645033646694,1025.7094
1645033646732,1025.7094
1645033646769,1025.7104
1645033646810,1025.7104
1645033646845,1025.7104
1645033646884,1025.7104
1645033646924,1025.7059
1645033646962,1025.7059
1645033647001,1025.7059
1645033647039,1025.7059
1645033647076,1025.7059
1645033647116,1025.7059
1645033647154,1025.7059
1645033647192,1025.7059
1645033647235,1025.7014
1645033647269,1025.7014
1645033647309,1025.7014
1645033647345,1025.7014
1645033647386,1025.7014
1645033647424,1025.7025
1645033647463,1025.7025
1645033647500,1025.7025
1645033647537,1025.7025
1645033647578,1025.7037
1645033647615,1025.7037
1645033647655,1025.7037
1645033647692,1025.7037
1645033647736,1025.7089
1645033647771,1025.7089
1645033647807,1025.7089
1645033647845,1025.7089
1645033647885,1025.7065
1645033647924,1025.7065
1645033647963,1025.7065
1645033648005,1025.7065
1645033648039,1025.702
1645033648077,1025.702
1645033648118,1025.702
1645033648155,1025.702
1645033648196,1025.6979
1645033648231,1025.6979
1645033648270,1025.6979
1645033648307,1025.6979
1645033648352,1025.6975
1645033648384,1025.6975
1645033648424,1025.6975
1645033648464,1025.6975
1645033648503,1025.6969
1645033648539,1025.6969
1645033648578,1025.6969
1645033648617,1025.6969
1645033648652,1025.6975
1645033648691,1025.6975
1645033648731,1025.6975
1645033648773,1025.6975
1645033648808,1025.7009
1645033648845,1025.7009
1645033648884,1025.7009
1645033648921,1025.7009
1645033648960,1025.6934
1645033648998,1025.6934
1645033649039,1025.6934
1645033649075,1025.6934
1645033649115,1025.6913
1645033649153,1025.6913
1645033649192,1025.6913
1645033649230,1025.6913
1645033649268,1025.694
1645033649307,1025.694
1645033649346,1025.694
1645033649384,1025.694
1645033649422,1025.693
1645033649463,1025.693
1645033649507,1025.693
1645033649538,1025.693
1645033649577,1025.6885
1645033649616,1025.6885
1645033649653,1025.6885
1645033649692,1025.6885
1645033649731,1025.6885
1645033649768,1025.6936
1645033649807,1025.6936
1645033649858,1025.6936
1645033649884,1025.6936
1645033649923,1025.698
1645033649963,1025.698
1645033650000,1025.698
1645033650039,1025.698
1645033650081,1025.6976
1645033650115,1025.6976
1645033650155,1025.6976
1645033650191,1025.6976
1645033650229,1025.6959
1645033650269,1025.6959
1645033650309,1025.6959
1645033650348,1025.6959
1645033650383,1025.6986
1645033650422,1025.6986
1645033650463,1025.6986
1645033650499,1025.6986
1645033650538,1025.6982
1645033650579,1025.6982
1645033650615,1025.6982
1645033650654,1025.6982
1645033650698,1025.6908
1645033650730,1025.6908
1645033650770,1025.6908
1645033650807,1025.6908
1645033650847,1025.6846
1645033650884,1025.6846
1645033650926,1025.6846
1645033650960,1025.6846
1645033650998,1025.684
1645033651038,1025.684
1645033651077,1025.684
1645033651116,1025.684
1645033651153,1025.6818
1645033651190,1025.6818
1645033651229,1025.6818
1645033651271,1025.6818
1645033651305,1025.677
1645033651350,1025.677
1645033651384,1025.677
1645033651422,1025.677
1645033651462,1025.68
1645033651497,1025.68
1645033651537,1025.68
1645033651574,1025.68
1645033651613,1025.6742
1645033651653,1025.6742
1645033651696,1025.6742
1645033651729,1025.6742
1645033651769,1025.6759
1645033651808,1025.6759
1645033651848,1025.6759
1645033651884,1025.6759
1645033651921,1025.6732
1645033651961,1025.6732
1645033651999,1025.6732
1645033652039,1025.6732
1645033652076,1025.6761
1645033652115,1025.6761
1645033652152,1025.6761
1645033652190,1025.6761
1645033652233,1025.6761
1645033652271,1025.6755
1645033652306,1025.6755
1645033652345,1025.6755
1645033652382,1025.6755
1645033652424,1025.6807
1645033652459,1025.6807
1645033652501,1025.6807
1645033652537,1025.6807
1645033652576,1025.685
1645033652615,1025.685
1645033652652,1025.685
1645033652693,1025.685
1645033652731,1025.6813
1645033652768,1025.6813
1645033652808,1025.6813
1645033652849,1025.6813
1645033652884,1025.6788
1645033652924,1025.6788
1645033652960,1025.6788
1645033652998,1025.6788
1645033653040,1025.6788
1645033653078,1025.6788
1645033653117,1025.6788
1645033653153,1025.6788
1645033653192,1025.6785
1645033653230,1025.6785
1645033653269,1025.6785
1645033653306,1025.6785
1645033653346,1025.6754
1645033653382,1025.6754
1645033653424,1025.6754
1645033653460,1025.6754
1645033653499,1025.6785
1645033653537,1025.6785
1645033653576,1025.6785
1645033653614,1025.6785
1645033653655,1025.6808
1645033653699,1025.6808
1645033653728,1025.6808
1645033653769,1025.6808
1645033653805,1025.6852
1645033653845,1025.6852
1645033653882,1025.6852
1645033653921,1025.6852
1645033653964,1025.6886
1645033654002,1025.6886
1645033654040,1025.6886
1645033654076,1025.6886
1645033654114,1025.6913
1645033654153,1025.6913
1645033654190,1025.6913
1645033654230,1025.6913
1645033654268,1025.6978
1645033654306,1025.6978
1645033654345,1025.6978
1645033654382,1025.6978
1645033654420,1025.6989
1645033654459,1025.6989
1645033654498,1025.6989
1645033654539,1025.6989
1645033654575,1025.6989
1645033654614,1025.696
1645033654652,1025.696
1645033654690,1025.696
1645033654730,1025.696
1645033654769,1025.7012
1645033654806,1025.7012
1645033654844,1025.7012
1645033654897,1025.7012
1645033654923,1025.6991
1645033654960,1025.6991
1645033654998,1025.6991
1645033655037,1025.6991
1645033655076,1025.6984
1645033655114,1025.6984
1645033655153,1025.6984
1645033655190,1025.6984
1645033655230,1025.701
1645033655267,1025.701
1645033655307,1025.701
1645033655350,1025.701
1645033655383,1025.6973
1645033655421,1025.6973
1645033655460,1025.6973
1645033655498,1025.6973
1645033655535,1025.7136
1645033655574,1025.7136
1645033655613,1025.7136
1645033655651,1025.7136
1645033655689,1025.7098
1645033655729,1025.7098
1645033655769,1025.7098
1645033655805,1025.7098
1645033655845,1025.7184
1645033655891,1025.7184
1645033655922,1025.7184
1645033655959,1025.7184
1645033655997,1025.716
1645033656035,1025.716
1645033656075,1025.716
1645033656112,1025.716
1645033656151,1025.7256
1645033656190,1025.7256
1645033656229,1025.7256
1645033656267,1025.7256
1645033656306,1025.7357
1645033656348,1025.7357
1645033656386,1025.7357
1645033656419,1025.7357
1645033656460,1025.7402
1645033656497,1025.7402
1645033656536,1025.7402
1645033656576,1025.7402
1645033656613,1025.7378
1645033656653,1025.7378
1645033656690,1025.7378
1645033656729,1025.7378
1645033656767,1025.7418
1645033656813,1025.7418
1645033656844,1025.7418
1645033656882,1025.7418
1645033656920,1025.7452
1645033656959,1025.7452
1645033656998,1025.7452
1645033657039,1025.7452
1645033657075,1025.7452
1645033657114,1025.7407
1645033657153,1025.7407
1645033657190,1025.7407
1645033657232,1025.7407
1645033657267,1025.7555
1645033657305,1025.7555
1645033657346,1025.7555
1645033657384,1025.7555
1645033657420,1025.7601
1645033657461,1025.7601
1645033657497,1025.7601
1645033657537,1025.7601
1645033657574,1025.7645
1645033657615,1025.7645
1645033657654,1025.7645
1645033657690,1025.7645
1645033657729,1025.7626
1645033657768,1025.7626
1645033657804,1025.7626
1645033657844,1025.7626
1645033657884,1025.767
1645033657921,1025.767
1645033657960,1025.767
1645033658003,1025.767
1645033658037,1025.7662
1645033658074,1025.7662
1645033658115,1025.7662
1645033658153,1025.7662
1645033658191,1025.7744
1645033658229,1025.7744
1645033658269,1025.7744
1645033658304,1025.7744
1645033658344,1025.7788
1645033658384,1025.7788
1645033658420,1025.7788
1645033658458,1025.7788
1645033658498,1025.7836
1645033658538,1025.7836
1645033658580,1025.7836
1645033658615,1025.7836
1645033658650,1025.7872
1645033658691,1025.7872
1645033658732,1025.7872
1645033658767,1025.7872
1645033658804,1025.7992
1645033658844,1025.7992
1645033658883,1025.7992
1645033658921,1025.7992
1645033658958,1025.7981
1645033658996,1025.7981
1645033659037,1025.7981
1645033659075,1025.7981
1645033659113,1025.8083
1645033659151,1025.8083
1645033659190,1025.8083
1645033659229,1025.8083
1645033659267,1025.8114
1645033659306,1025.8114
1645033659344,1025.8114
1645033659386,1025.8114
1645033659433,1025.8141
1645033659459,1025.8141
1645033659496,1025.8141
1645033659536,1025.8141
1645033659576,1025.8141
1645033659612,1025.8135
1645033659650,1025.8135
1645033659690,1025.8135
1645033659727,1025.8135
1645033659766,1025.8165
1645033659806,1025.8165
1645033659843,1025.8165
1645033659884,1025.8165
1645033659920,1025.8158
1645033659959,1025.8158
1645033659999,1025.8158
1645033660035,1025.8158
1645033660075,1025.8158
1645033660113,1025.8158
1645033660151,1025.8158
1645033660189,1025.8158
1645033660228,1025.8158
1645033660268,1025.8158
1645033660306,1025.8158
1645033660345,1025.8158
1645033660384,1025.812
1645033660420,1025.812
1645033660458,1025.812
1645033660498,1025.812
1645033660537,1025.801
1645033660575,1025.801
1645033660614,1025.801
1645033660651,1025.801
1645033660690,1025.7936
1645033660727,1025.7936
1645033660766,1025.7936
1645033660804,1025.7936
1645033660847,1025.7881
1645033660885,1025.7881
1645033660918,1025.7881
1645033660957,1025.7881
1645033660996,1025.7847
1645033661037,1025.7847
1645033661078,1025.7847
1645033661112,1025.7847
1645033661151,1025.7839
1645033661190,1025.7839
1645033661228,1025.7839
1645033661266,1025.7839
1645033661305,1025.7819
1645033661343,1025.7819
1645033661382,1025.7819
1645033661418,1025.7819
1645033661458,1025.7709
1645033661496,1025.7709
1645033661535,1025.7709
1645033661574,1025.7709
1645033661619,1025.7642
1645033661651,1025.7642
1645033661690,1025.7642
1645033661727,1025.7642
1645033661768,1025.757
1645033661804,1025.757
1645033661843,1025.757
1645033661881,1025.757
1645033661919,1025.7477
1645033661957,1025.7477
1645033661998,1025.7477
1645033662036,1025.7477
1645033662074,1025.7477
1645033662114,1025.7487
1645033662156,1025.7487
1645033662189,1025.7487
1645033662231,1025.7487
1645033662266,1025.75
1645033662306,1025.75
1645033662343,1025.75
1645033662382,1025.75
1645033662419,1025.75
1645033662459,1025.75
1645033662498,1025.75
1645033662536,1025.75
1645033662573,1025.7511
1645033662611,1025.7511
1645033662652,1025.7511
1645033662693,1025.7511
1645033662726,1025.754
1645033662766,1025.754
1645033662806,1025.754
1645033662846,1025.754
1645033662882,1025.7534
1645033662924,1025.7534
1645033662959,1025.7534
1645033662995,1025.7534
1645033663036,1025.7527
1645033663074,1025.7527
1645033663112,1025.7527
1645033663150,1025.7527
1645033663189,1025.754
1645033663227,1025.754
1645033663266,1025.754
1645033663306,1025.754
1645033663345,1025.755
1645033663382,1025.755
1645033663420,1025.755
1645033663456,1025.755
1645033663496,1025.7482
1645033663534,1025.7482
1645033663574,1025.7482
1645033663611,1025.7482
1645033663651,1025.7444
1645033663689,1025.7444
1645033663727,1025.7444
1645033663765,1025.7444
1645033663804,1025.7472
1645033663842,1025.7472
1645033663882,1025.7472
1645033663919,1025.7472
1645033663958,1025.743
1645033663995,1025.743
1645033664035,1025.743
1645033664075,1025.743
1645033664111,1025.743
1645033664152,1025.743
1645033664188,1025.743
1645033664230,1025.743
1645033664265,1025.741
1645033664306,1025.741
1645033664345,1025.741
1645033664384,1025.741
1645033664420,1025.7351
1645033664456,1025.7351
1645033664495,1025.7351
1645033664534,1025.7351
1645033664574,1025.7351
1645033664610,1025.7296
1645033664650,1025.7296
1645033664689,1025.7296
1645033664728,1025.7296
1645033664767,1025.7279
1645033664804,1025.7279
1645033664841,1025.7279
1645033664879,1025.7279
1645033664919,1025.7262
1645033664957,1025.7262
1645033664997,1025.7262
1645033665039,1025.7262
1645033665073,1025.7239
1645033665113,1025.7239
1645033665151,1025.7239
1645033665190,1025.7239
1645033665227,1025.722
1645033665266,1025.722
1645033665305,1025.722
1645033665342,1025.722
1645033665379,1025.7115
1645033665419,1025.7115
1645033665457,1025.7115
1645033665495,1025.7115
1645033665535,1025.704
1645033665571,1025.704
1645033665610,1025.704
1645033665650,1025.704
1645033665686,1025.7057
1645033665725,1025.7057
1645033665765,1025.7057
1645033665803,1025.7057
1645033665842,1025.6981
1645033665882,1025.6981
1645033665922,1025.6981
1645033665956,1025.6981
1645033665997,1025.6945
1645033666034,1025.6945
1645033666074,1025.6945
1645033666111,1025.6945
1645033666159,1025.6971
1645033666188,1025.6971
1645033666226,1025.6971
1645033666265,1025.6971
1645033666305,1025.6951
1645033666343,1025.6951
1645033666379,1025.6951
1645033666420,1025.6951
1645033666458,1025.6934
1645033666494,1025.6934
1645033666534,1025.6934
1645033666572,1025.6934
1645033666610,1025.6934
1645033666649,1025.6934
1645033666686,1025.6934
1645033666727,1025.6934
1645033666764,1025.6909
1645033666801,1025.6909
1645033666842,1025.6909
1645033666880,1025.6909
1645033666923,1025.6902
1645033666957,1025.6902
1645033666995,1025.6902
1645033667034,1025.6902
1645033667074,1025.6902
1645033667120,1025.6987
1645033667149,1025.6987
1645033667187,1025.6987
1645033667226,1025.6987
1645033667264,1025.7001
1645033667302,1025.7001
1645033667342,1025.7001
1645033667381,1025.7001
1645033667420,1025.7052
1645033667456,1025.7052
1645033667495,1025.7052
1645033667534,1025.7052
1645033667572,1025.7018
1645033667611,1025.7018
1645033667651,1025.7018
1645033667689,1025.7018
1645033667725,1025.6959
1645033667765,1025.6959
1645033667806,1025.6959
1645033667846,1025.6959
1645033667880,1025.6976
1645033667928,1025.6976
1645033667957,1025.6976
1645033667995,1025.6976
1645033668035,1025.6908
1645033668072,1025.6908
1645033668112,1025.6908
1645033668150,1025.6908
1645033668188,1025.6959
1645033668226,1025.6959
1645033668267,1025.6959
1645033668302,1025.6959
1645033668344,1025.6904
1645033668380,1025.6904
1645033668419,1025.6904
1645033668459,1025.6904
1645033668501,1025.699
1645033668533,1025.699
1645033668572,1025.699
1645033668611,1025.699
1645033668647,1025.7102
1645033668686,1025.7102
1645033668725,1025.7102
1645033668764,1025.7102
1645033668803,1025.7035
1645033668841,1025.7035
1645033668878,1025.7035
1645033668919,1025.7035
1645033668955,1025.7062
1645033668994,1025.7062
1645033669033,1025.7062
1645033669071,1025.7062
1645033669109,1025.7079
1645033669148,1025.7079
1645033669187,1025.7079
1645033669225,1025.7079
1645033669265,1025.7034
1645033669305,1025.7034
1645033669341,1025.7034
1645033669380,1025.7034
1645033669418,1025.7034
1645033669456,1025.7085
1645033669495,1025.7085
1645033669534,1025.7085
1645033669574,1025.7085
1645033669611,1025.7047
1645033669648,1025.7047
1645033669688,1025.7047
1645033669725,1025.7047
1645033669764,1025.6989
1645033669806,1025.6989
1645033669840,1025.6989
1645033669883,1025.6989
1645033669942,1025.7006
1645033669957,1025.7006
1645033669994,1025.7006
1645033670032,1025.7006
1645033670072,1025.7023
1645033670111,1025.7023
1645033670151,1025.7023
1645033670187,1025.7023
1645033670227,1025.7002
1645033670264,1025.7002
1645033670303,1025.7002
1645033670340,1025.7002
1645033670379,1025.7002
1645033670417,1025.7002
1645033670455,1025.7002
1645033670493,1025.7002
1645033670532,1025.7053
1645033670572,1025.7053
1645033670608,1025.7053
1645033670648,1025.7053
1645033670686,1025.7087
1645033670725,1025.7087
1645033670763,1025.7087
1645033670803,1025.7087
1645033670841,1025.7036
1645033670881,1025.7036
1645033670918,1025.7036
1645033670955,1025.7036
1645033670994,1025.7122
1645033671034,1025.7122
1645033671073,1025.7122
1645033671112,1025.7122
1645033671148,1025.7131
1645033671186,1025.7131
1645033671224,1025.7131
1645033671264,1025.7131
1645033671302,1025.7057
1645033671340,1025.7057
1645033671383,1025.7057
1645033671423,1025.7057
1645033671457,1025.7124
1645033671494,1025.7124
1645033671532,1025.7124
1645033671570,1025.7124
1645033671610,1025.7183
1645033671647,1025.7183
1645033671686,1025.7183
1645033671724,1025.7183
1645033671765,1025.7192
1645033671803,1025.7192
1645033671840,1025.7192
1645033671880,1025.7192
1645033671923,1025.7192
1645033671962,1025.7227
1645033671993,1025.7227
1645033672034,1025.7227
1645033672070,1025.7227
1645033672109,1025.7189
1645033672149,1025.7189
1645033672187,1025.7189
1645033672223,1025.7189
1645033672262,1025.7223
1645033672302,1025.7223
1645033672341,1025.7223
1645033672379,1025.7223
1645033672421,1025.7206
1645033672454,1025.7206
1645033672494,1025.7206
1645033672533,1025.7206
1645033672570,1025.7166
1645033672610,1025.7166
1645033672650,1025.7166
1645033672686,1025.7166
1645033672725,1025.7198
1645033672763,1025.7198
1645033672804,1025.7198
1645033672839,1025.7198
1645033672878,1025.7233
1645033672916,1025.7233
1645033672954,1025.7233
1645033672993,1025.7233
1645033673032,1025.7246
1645033673071,1025.7246
1645033673111,1025.7246
1645033673150,1025.7246
1645033673185,1025.7257
1645033673226,1025.7257
1645033673263,1025.7257
1645033673302,1025.7257
1645033673341,1025.7297
1645033673380,1025.7297
1645033673426,1025.7297
1645033673454,1025.7297
1645033673493,1025.728
1645033673534,1025.728
1645033673573,1025.728
1645033673610,1025.728
1645033673648,1025.7335
1645033673687,1025.7335
1645033673725,1025.7335
1645033673764,1025.7335
1645033673806,1025.7352
1645033673840,1025.7352
1645033673879,1025.7352
1645033673917,1025.7352
1645033673956,1025.7335
1645033673994,1025.7335
1645033674033,1025.7335
1645033674070,1025.7335
1645033674109,1025.7343
1645033674148,1025.7343
1645033674186,1025.7343
1645033674226,1025.7343
1645033674264,1025.7415
1645033674303,1025.7415
1645033674339,1025.7415
1645033674379,1025.7415
1645033674416,1025.7415
1645033674456,1025.7456
1645033674501,1025.7456
1645033674534,1025.7456
1645033674570,1025.7456
1645033674609,1025.7496
1645033674647,1025.7496
1645033674688,1025.7496
1645033674724,1025.7496
1645033674762,1025.7462
1645033674802,1025.7462
1645033674838,1025.7462
1645033674878,1025.7462
1645033674916,1025.7534
1645033674966,1025.7534
1645033674993,1025.7534
1645033675037,1025.7534
1645033675071,1025.7483
1645033675108,1025.7483
1645033675146,1025.7483
1645033675187,1025.7483
1645033675224,1025.749
1645033675265,1025.749
1645033675303,1025.749
1645033675339,1025.749
1645033675384,1025.7507
1645033675417,1025.7507
1645033675456,1025.7507
1645033675494,1025.7507
1645033675533,1025.7456
1645033675570,1025.7456
1645033675609,1025.7456
1645033675647,1025.7456
1645033675686,1025.7388
1645033675725,1025.7388
1645033675766,1025.7388
1645033675802,1025.7388
1645033675839,1025.7354
1645033675880,1025.7354
1645033675917,1025.7354
1645033675955,1025.7354
1645033675992,1025.7302
1645033676033,1025.7302
1645033676069,1025.7302
1645033676110,1025.7302
1645033676148,1025.7285
1645033676186,1025.7285
1645033676224,1025.7285
1645033676263,1025.7285
1645033676302,1025.7268
1645033676339,1025.7268
1645033676377,1025.7268
1645033676415,1025.7268
1645033676458,1025.7319
1645033676492,1025.7319
1645033676531,1025.7319
1645033676570,1025.7319
1645033676610,1025.7319
1645033676647,1025.7319
1645033676686,1025.7319
1645033676725,1025.7319
1645033676762,1025.7319
1645033676803,1025.7357
1645033676838,1025.7357
1645033676879,1025.7357
1645033676916,1025.7357
1645033676956,1025.7302
1645033676991,1025.7302
1645033677033,1025.7302
1645033677070,1025.7302
1645033677109,1025.7374
1645033677147,1025.7374
1645033677185,1025.7374
1645033677225,1025.7374
1645033677271,1025.7357
1645033677303,1025.7357
1645033677340,1025.7357
1645033677380,1025.7357
1645033677417,1025.7374
1645033677462,1025.7374
1645033677491,1025.7374
1645033677531,1025.7374
1645033677571,1025.7319
1645033677607,1025.7319
1645033677646,1025.7319
1645033677684,1025.7319
1645033677723,1025.7302
1645033677763,1025.7302
1645033677801,1025.7302
1645033677838,1025.7302
1645033677877,1025.7313
1645033677916,1025.7313
1645033677965,1025.7313
1645033677991,1025.7313
1645033678032,1025.7262
1645033678075,1025.7262
1645033678107,1025.7262
1645033678147,1025.7262
1645033678186,1025.7228
1645033678224,1025.7228
1645033678264,1025.7228
1645033678302,1025.7228
1645033678339,1025.7245
1645033678377,1025.7245
1645033678415,1025.7245
1645033678459,1025.7245
1645033678492,1025.7207
1645033678531,1025.7207
1645033678571,1025.7207
1645033678608,1025.7207
1645033678650,1025.719
1645033678683,1025.719
1645033678722,1025.719
1645033678760,1025.719
1645033678799,1025.7217
1645033678839,1025.7217
1645033678876,1025.7217
1645033678915,1025.7217
1645033678954,1025.7175
1645033678991,1025.7175
1645033679030,1025.7175
1645033679070,1025.7175
1645033679107,1025.7175
1645033679145,1025.7175
1645033679189,1025.7175
1645033679224,1025.7175
1645033679263,1025.7175
1645033679300,1025.7141
1645033679338,1025.7141
1645033679377,1025.7141
1645033679414,1025.7141
1645033679456,1025.7074
1645033679492,1025.7074
1645033679530,1025.7074
1645033679568,1025.7074
1645033679608,1025.7018
1645033679646,1025.7018
1645033679686,1025.7018
1645033679725,1025.7018
1645033679761,1025.7052
1645033679799,1025.7052
1645033679839,1025.7052
1645033679879,1025.7052
1645033679916,1025.7069
1645033679959,1025.7069
1645033679991,1025.7069
1645033680034,1025.7069
1645033680068,1025.6978
1645033680107,1025.6978
1645033680145,1025.6978
1645033680184,1025.6978
1645033680226,1025.6943
1645033680267,1025.6943
1645033680301,1025.6943
1645033680341,1025.6943
1645033680377,1025.6888
1645033680415,1025.6888
1645033680454,1025.6888
1645033680492,1025.6888
1645033680530,1025.6854
1645033680568,1025.6854
1645033680608,1025.6854
1645033680645,1025.6854
1645033680685,1025.6864
1645033680724,1025.6864
1645033680763,1025.6864
1645033680800,1025.6864
1645033680838,1025.6864
1645033680879,1025.6864
1645033680915,1025.6864
1645033680954,1025.6864
1645033680993,1025.6858
1645033681031,1025.6858
1645033681068,1025.6858
1645033681107,1025.6858
1645033681149,1025.6874
1645033681185,1025.6874
1645033681223,1025.6874
1645033681264,1025.6874
1645033681300,1025.6803
1645033681339,1025.6803
1645033681376,1025.6803
1645033681418,1025.6803
1645033681458,1025.6854
1645033681491,1025.6854
1645033681531,1025.6854
1645033681568,1025.6854
1645033681609,1025.6864
1645033681649,1025.6864
1645033681684,1025.6864
1645033681724,1025.6864
1645033681765,1025.6864
1645033681799,1025.683
1645033681838,1025.683
1645033681879,1025.683
1645033681915,1025.683
1645033681954,1025.6881
1645033681991,1025.6881
1645033682029,1025.6881
1645033682071,1025.6881
1645033682110,1025.6836
1645033682146,1025.6836
1645033682184,1025.6836
1645033682223,1025.6836
1645033682261,1025.6921
1645033682299,1025.6921
1645033682341,1025.6921
1645033682377,1025.6921
1645033682416,1025.6904
1645033682454,1025.6904
1645033682490,1025.6904
1645033682530,1025.6904
1645033682600,1025.6863
1645033682608,1025.6863
1645033682645,1025.6863
1645033682684,1025.6863
1645033682727,1025.6812
1645033682760,1025.6812
1645033682799,1025.6812
1645033682837,1025.6812
1645033682877,1025.6842
1645033682914,1025.6842
1645033682954,1025.6842
1645033682995,1025.6842
1645033683031,1025.6808
1645033683067,1025.6808
1645033683106,1025.6808
1645033683145,1025.6808
1645033683184,1025.675
1645033683222,1025.675
1645033683261,1025.675
1645033683299,1025.675
1645033683339,1025.6766
1645033683376,1025.6766
1645033683416,1025.6766
1645033683456,1025.6766
1645033683491,1025.6798
1645033683530,1025.6798
1645033683569,1025.6798
1645033683606,1025.6798
1645033683645,1025.6774
1645033683684,1025.6774
1645033683722,1025.6774
1645033683760,1025.6774
1645033683800,1025.6859
1645033683837,1025.6859
1645033683876,1025.6859
1645033683913,1025.6859
1645033683952,1025.6871
1645033683993,1025.6871
1645033684030,1025.6871
1645033684074,1025.6871
1645033684106,1025.6871
1645033684146,1025.6888
1645033684185,1025.6888
1645033684222,1025.6888
1645033684260,1025.6888
1645033684301,1025.6882
1645033684338,1025.6882
1645033684377,1025.6882
1645033684415,1025.6882
1645033684452,1025.6875
1645033684492,1025.6875
1645033684529,1025.6875
1645033684567,1025.6875
1645033684607,1025.6906
1645033684645,1025.6906
1645033684686,1025.6906
1645033684726,1025.6906
1645033684761,1025.6898
1645033684798,1025.6898
1645033684836,1025.6898
1645033684877,1025.6898
1645033684914,1025.6826
1645033684951,1025.6826
1645033684990,1025.6826
1645033685037,1025.6826
1645033685067,1025.6786
1645033685107,1025.6786
1645033685147,1025.6786
1645033685183,1025.6786
1645033685221,1025.6761
1645033685263,1025.6761
1645033685297,1025.6761
1645033685336,1025.6761
1645033685381,1025.6758
1645033685413,1025.6758
1645033685451,1025.6758
1645033685490,1025.6758
1645033685530,1025.675
1645033685567,1025.675
1645033685604,1025.675
1645033685643,1025.675
1645033685682,1025.6764
1645033685720,1025.6764
1645033685759,1025.6764
1645033685799,1025.6764
1645033685836,1025.6774
1645033685874,1025.6774
1645033685912,1025.6774
1645033685952,1025.6774
1645033685989,1025.6791
1645033686028,1025.6791
1645033686071,1025.6791
1645033686108,1025.6791
1645033686144,1025.6835
1645033686183,1025.6835
1645033686220,1025.6835
1645033686260,1025.6835
1645033686297,1025.6831
1645033686336,1025.6831
1645033686374,1025.6831
1645033686413,1025.6831
1645033686452,1025.6854
1645033686490,1025.6854
1645033686528,1025.6854
1645033686568,1025.6854
1645033686606,1025.6854
1645033686644,1025.6917
1645033686681,1025.6917
1645033686725,1025.6917
1645033686761,1025.6917
1645033686797,1025.6913
1645033686835,1025.6913
1645033686875,1025.6913
1645033686913,1025.6913
1645033686951,1025.6888
1645033686989,1025.6888
1645033687027,1025.6888
1645033687066,1025.6888
1645033687105,1025.6864
1645033687144,1025.6864
1645033687181,1025.6864
1645033687221,1025.6864
1645033687259,1025.695
1645033687298,1025.695
1645033687337,1025.695
1645033687376,1025.695
1645033687415,1025.6912
1645033687453,1025.6912
1645033687496,1025.6912
1645033687528,1025.6912
1645033687567,1025.687
1645033687605,1025.687
1645033687643,1025.687
1645033687682,1025.687
1645033687721,1025.6836
1645033687760,1025.6836
1645033687797,1025.6836
1645033687835,1025.6836
1645033687874,1025.6849
1645033687912,1025.6849
1645033687951,1025.6849
1645033687990,1025.6849
1645033688029,1025.6792
1645033688067,1025.6792
1645033688106,1025.6792
1645033688147,1025.6792
1645033688183,1025.675
1645033688221,1025.675
1645033688259,1025.675
1645033688298,1025.675
1645033688337,1025.6733
1645033688374,1025.6733
1645033688412,1025.6733
1645033688451,1025.6733
1645033688488,1025.6832
1645033688528,1025.6832
1645033688573,1025.6832
1645033688605,1025.6832
1645033688644,1025.6901
1645033688682,1025.6901
1645033688722,1025.6901
1645033688761,1025.6901
1645033688798,1025.6842
1645033688838,1025.6842
1645033688877,1025.6842
1645033688913,1025.6842
1645033688954,1025.6736
1645033688992,1025.6736
1645033689029,1025.6736
1645033689069,1025.6736
1645033689106,1025.6736
1645033689143,1025.6667
1645033689182,1025.6667
1645033689221,1025.6667
1645033689259,1025.6667
1645033689297,1025.6565
1645033689336,1025.6565
1645033689375,1025.6565
1645033689414,1025.6565
1645033689454,1025.6532
1645033689494,1025.6532
1645033689527,1025.6532
1645033689568,1025.6532
1645033689604,1025.6515
1645033689643,1025.6515
1645033689681,1025.6515
1645033689726,1025.6515
1645033689757,1025.6361
1645033689798,1025.6361
1645033689837,1025.6361
1645033689874,1025.6361
1645033689913,1025.633
1645033689952,1025.633
1645033689991,1025.633
1645033690027,1025.633
1645033690067,1025.6422
1645033690105,1025.6422
1645033690145,1025.6422
1645033690181,1025.6422
1645033690221,1025.6461
1645033690260,1025.6461
1645033690298,1025.6461
1645033690338,1025.6461
1645033690376,1025.6433
1645033690416,1025.6433
1645033690454,1025.6433
1645033690497,1025.6433
1645033690527,1025.6332
1645033690566,1025.6332
1645033690608,1025.6332
1645033690650,1025.6332
1645033690681,1025.6307
1645033690725,1025.6307
1645033690758,1025.6307
1645033690797,1025.6307
1645033690836,1025.629
1645033690876,1025.629
1645033690914,1025.629
1645033690950,1025.629
1645033690995,1025.6284
1645033691028,1025.6284
1645033691067,1025.6284
1645033691107,1025.6284
1645033691144,1025.6257
1645033691182,1025.6257
1645033691220,1025.6257
1645033691259,1025.6257
1645033691297,1025.6189
1645033691337,1025.6189
1645033691375,1025.6189
1645033691415,1025.6189
1645033691453,1025.6162
1645033691495,1025.6162
1645033691527,1025.6162
1645033691568,1025.6162
1645033691603,1025.6162
1645033691642,1025.6302
1645033691681,1025.6302
1645033691718,1025.6302
1645033691757,1025.6302
1645033691796,1025.6268
1645033691841,1025.6268
1645033691874,1025.6268
1645033691913,1025.6268
1645033691950,1025.6259
1645033691988,1025.6259
1645033692027,1025.6259
1645033692066,1025.6259
1645033692105,1025.619
1645033692142,1025.619
1645033692181,1025.619
1645033692218,1025.619
1645033692257,1025.6177
1645033692296,1025.6177
1645033692334,1025.6177
1645033692376,1025.6177
1645033692414,1025.6125
1645033692450,1025.6125
1645033692488,1025.6125
1645033692527,1025.6125
1645033692566,1025.6166
1645033692605,1025.6166
1645033692643,1025.6166
1645033692687,1025.6166
1645033692721,1025.6133
1645033692757,1025.6133
1645033692797,1025.6133
1645033692836,1025.6133
1645033692872,1025.615
1645033692913,1025.615
1645033692951,1025.615
1645033692991,1025.615
1645033693041,1025.6154
1645033693065,1025.6154
1645033693103,1025.6154
1645033693143,1025.6154
1645033693183,1025.6154
1645033693221,1025.6154
1645033693259,1025.6154
1645033693295,1025.6154
1645033693336,1025.6136
1645033693373,1025.6136
1645033693410,1025.6136
1645033693478,1025.6136
1645033693499,1025.6102
1645033693526,1025.6102
1645033693565,1025.6102
1645033693605,1025.6102
1645033693644,1025.6136
1645033693682,1025.6136
1645033693720,1025.6136
1645033693758,1025.6136
1645033693800,1025.6136
1645033693841,1025.6136
1645033693874,1025.6136
1645033693911,1025.6136
1645033693951,1025.6136
1645033693988,1025.6154
1645033694026,1025.6154
1645033694066,1025.6154
1645033694106,1025.6154
1645033694143,1025.6136
1645033694183,1025.6136
1645033694223,1025.6136
1645033694257,1025.6136
1645033694295,1025.6171
1645033694337,1025.6171
1645033694377,1025.6171
1645033694411,1025.6171
1645033694449,1025.6136
1645033694489,1025.6136
1645033694526,1025.6136
1645033694565,1025.6136
1645033694605,1025.6085
1645033694643,1025.6085
1645033694681,1025.6085
1645033694720,1025.6085
1645033694759,1025.6102
1645033694797,1025.6102
1645033694837,1025.6102
1645033694873,1025.6102
1645033694911,1025.6133
1645033694951,1025.6133
1645033694989,1025.6133
1645033695029,1025.6133
1645033695066,1025.62
1645033695103,1025.62
1645033695144,1025.62
1645033695182,1025.62
1645033695220,1025.6251
1645033695258,1025.6251
1645033695297,1025.6251
1645033695335,1025.6251
1645033695374,1025.6285
1645033695413,1025.6285
1645033695451,1025.6285
1645033695488,1025.6285
1645033695528,1025.6285
1645033695565,1025.6285
1645033695608,1025.6285
1645033695642,1025.6285
1645033695681,1025.6245
1645033695720,1025.6245
1645033695761,1025.6245
1645033695795,1025.6245
1645033695836,1025.6276
1645033695872,1025.6276
1645033695912,1025.6276
1645033695950,1025.6276
1645033695988,1025.6224
1645033696029,1025.6224
1645033696065,1025.6224
1645033696103,1025.6224
1645033696142,1025.6166
1645033696183,1025.6166
1645033696218,1025.6166
1645033696257,1025.6166
1645033696296,1025.6217
1645033696342,1025.6217
1645033696373,1025.6217
1645033696411,1025.6217
1645033696449,1025.6217
1645033696488,1025.6217
1645033696531,1025.6217
1645033696566,1025.6217
1645033696603,1025.6217
1645033696643,1025.6265
1645033696680,1025.6265
1645033696720,1025.6265
1645033696758,1025.6265
1645033696797,1025.6248
1645033696836,1025.6248
1645033696873,1025.6248
1645033696912,1025.6248
1645033696951,1025.6257
1645033696990,1025.6257
1645033697030,1025.6257
1645033697064,1025.6257
1645033697103,1025.6216
1645033697143,1025.6216
1645033697180,1025.6216
1645033697218,1025.6216
1645033697256,1025.6161
1645033697297,1025.6161
1645033697335,1025.6161
1645033697374,1025.6161
1645033697414,1025.6161
1645033697450,1025.6161
1645033697487,1025.6161
1645033697529,1025.6161
1645033697564,1025.6155
1645033697604,1025.6155
1645033697642,1025.6155
1645033697683,1025.6155
1645033697718,1025.6189
1645033697757,1025.6189
1645033697797,1025.6189
1645033697835,1025.6189
1645033697871,1025.622
1645033697911,1025.622
1645033697950,1025.622
1645033697991,1025.622
1645033698026,1025.6355
1645033698065,1025.6355
1645033698102,1025.6355
1645033698142,1025.6355
1645033698181,1025.6349
1645033698219,1025.6349
1645033698257,1025.6349
1645033698300,1025.6349
1645033698337,1025.6342
1645033698374,1025.6342
1645033698412,1025.6342
1645033698457,1025.6342
1645033698488,1025.6355
1645033698530,1025.6355
1645033698564,1025.6355
1645033698603,1025.6355
1645033698644,1025.6365
1645033698680,1025.6365
1645033698719,1025.6365
1645033698756,1025.6365
1645033698797,1025.6399
1645033698833,1025.6399
1645033698871,1025.6399
1645033698912,1025.6399
1645033698950,1025.6399
1645033698987,1025.643
1645033699028,1025.643
1645033699064,1025.643
1645033699103,1025.643
1645033699143,1025.6464
1645033699180,1025.6464
1645033699219,1025.6464
1645033699258,1025.6464
1645033699295,1025.6456
1645033699334,1025.6456
1645033699373,1025.6456
1645033699411,1025.6456
1645033699449,1025.6466
1645033699487,1025.6466
1645033699527,1025.6466
1645033699564,1025.6466
1645033699605,1025.6462
1645033699642,1025.6462
1645033699679,1025.6462
1645033699717,1025.6462
1645033699756,1025.6506
1645033699796,1025.6506
1645033699835,1025.6506
1645033699872,1025.6506
1645033699910,1025.6523
1645033699948,1025.6523
1645033699990,1025.6523
1645033700025,1025.6523
1645033700064,1025.6588
1645033700103,1025.6588
1645033700141,1025.6588
1645033700179,1025.6588
1645033700223,1025.6588
1645033700257,1025.6588
1645033700296,1025.6588
1645033700334,1025.6588
1645033700375,1025.6581
1645033700412,1025.6581
1645033700449,1025.6581
1645033700489,1025.6581
1645033700525,1025.6575
1645033700566,1025.6575
1645033700603,1025.6575
1645033700640,1025.6575
1645033700678,1025.6571
1645033700717,1025.6571
1645033700760,1025.6571
1645033700795,1025.6571
1645033700835,1025.6564
1645033700871,1025.6564
1645033700910,1025.6564
1645033700951,1025.6564
1645033700987,1025.6543
1645033701026,1025.6543
1645033701082,1025.6543
1645033701101,1025.6543
1645033701140,1025.6587
1645033701181,1025.6587
1645033701218,1025.6587
1645033701255,1025.6587
1645033701294,1025.6587
1645033701333,1025.6617
1645033701372,1025.6617
1645033701409,1025.6617
1645033701449,1025.6617
1645033701487,1025.6569
1645033701525,1025.6569
1645033701563,1025.6569
1645033701602,1025.6569
1645033701640,1025.662
1645033701679,1025.662
1645033701717,1025.662
1645033701757,1025.662
1645033701797,1025.6599
1645033701834,1025.6599
1645033701871,1025.6599
1645033701910,1025.6599
1645033701948,1025.6588
1645033701988,1025.6588
1645033702029,1025.6588
1645033702063,1025.6588
1645033702102,1025.6582
1645033702140,1025.6582
1645033702180,1025.6582
1645033702217,1025.6582
1645033702257,1025.6506
1645033702294,1025.6506
1645033702335,1025.6506
1645033702372,1025.6506
1645033702412,1025.6523
1645033702449,1025.6523
1645033702486,1025.6523
1645033702530,1025.6523
1645033702565,1025.6495
1645033702602,1025.6495
1645033702640,1025.6495
1645033702679,1025.6495
1645033702719,1025.6492
1645033702756,1025.6492
1645033702796,1025.6492
1645033702834,1025.6492
1645033702870,1025.6451
1645033702911,1025.6451
1645033702949,1025.6451
1645033702986,1025.6451
1645033703026,1025.6461
1645033703062,1025.6461
1645033703101,1025.6461
1645033703141,1025.6461
1645033703179,1025.644
1645033703217,1025.644
1645033703256,1025.644
1645033703297,1025.644
1645033703333,1025.645
1645033703372,1025.645
1645033703409,1025.645
1645033703454,1025.645
1645033703486,1025.6337
1645033703525,1025.6337
1645033703563,1025.6337
1645033703602,1025.6337
1645033703641,1025.6384
1645033703679,1025.6384
1645033703717,1025.6384
1645033703755,1025.6384
1645033703795,1025.6384
1645033703834,1025.6418
1645033703871,1025.6418
1645033703909,1025.6418
1645033703948,1025.6418
1645033703988,1025.648
1645033704026,1025.648
1645033704063,1025.648
1645033704102,1025.648
1645033704140,1025.6456
1645033704179,1025.6456
1645033704218,1025.6456
1645033704256,1025.6456
1645033704296,1025.6428
1645033704333,1025.6428
1645033704372,1025.6428
1645033704410,1025.6428
1645033704449,1025.639
1645033704488,1025.639
1645033704526,1025.639
1645033704563,1025.639
1645033704601,1025.629
1645033704640,1025.629
1645033704680,1025.629
1645033704718,1025.629
1645033704754,1025.6212
1645033704794,1025.6212
1645033704832,1025.6212
1645033704870,1025.6212
1645033704912,1025.6235
1645033704946,1025.6235
1645033704987,1025.6235
1645033705025,1025.6235
1645033705061,1025.6262
1645033705101,1025.6262
1645033705140,1025.6262
1645033705178,1025.6262
1645033705218,1025.6395
1645033705256,1025.6395
1645033705294,1025.6395
1645033705333,1025.6395
1645033705370,1025.6456
1645033705411,1025.6456
1645033705449,1025.6456
1645033705485,1025.6456
1645033705524,1025.6542
1645033705565,1025.6542
1645033705601,1025.6542
1645033705640,1025.6542
1645033705679,1025.6521
1645033705720,1025.6521
1645033705756,1025.6521
1645033705798,1025.6521
1645033705833,1025.6493
1645033705869,1025.6493
1645033705910,1025.6493
1645033705947,1025.6493
1645033705986,1025.6486
1645033706026,1025.6486
1645033706066,1025.6486
1645033706103,1025.6486
1645033706142,1025.6571
1645033706178,1025.6571
1645033706217,1025.6571
1645033706255,1025.6571
1645033706295,1025.6571
1645033706332,1025.6564
1645033706370,1025.6564
1645033706411,1025.6564
1645033706448,1025.6564
1645033706486,1025.6509
1645033706525,1025.6509
1645033706563,1025.6509
1645033706603,1025.6509
1645033706640,1025.6434
1645033706678,1025.6434
1645033706718,1025.6434
1645033706756,1025.6434
1645033706795,1025.6498
1645033706832,1025.6498
1645033706871,1025.6498
1645033706911,1025.6498
1645033706950,1025.656
1645033706985,1025.656
1645033707033,1025.656
1645033707061,1025.656
1645033707099,1025.6519
1645033707138,1025.6519
1645033707178,1025.6519
1645033707216,1025.6519
1645033707256,1025.6456
1645033707294,1025.6456
1645033707330,1025.6456
1645033707370,1025.6456
1645033707409,1025.6487
1645033707448,1025.6487
1645033707488,1025.6487
1645033707524,1025.6487
1645033707575,1025.6606
1645033707600,1025.6606
1645033707641,1025.6606
1645033707678,1025.6606
1645033707717,1025.665
1645033707757,1025.665
1645033707795,1025.665
1645033707837,1025.665
1645033707907,1025.6753
1645033707908,1025.6753
1645033707947,1025.6753
1645033707986,1025.6753
1645033708025,1025.678
1645033708068,1025.678
1645033708102,1025.678
1645033708139,1025.678
1645033708179,1025.6844
1645033708218,1025.6844
1645033708257,1025.6844
1645033708294,1025.6844
1645033708332,1025.6803
1645033708373,1025.6803
1645033708409,1025.6803
1645033708448,1025.6803
1645033708485,1025.6731
1645033708567,1025.6731
1645033708569,1025.6731
1645033708607,1025.6731
1645033708638,1025.6731
1645033708677,1025.6707
1645033708717,1025.6707
1645033708755,1025.6707
1645033708792,1025.6707
1645033708831,1025.6754
1645033708873,1025.6754
1645033708908,1025.6754
1645033708947,1025.6754
1645033708989,1025.6849
1645033709023,1025.6849
1645033709067,1025.6849
1645033709103,1025.6849
1645033709138,1025.6788
1645033709179,1025.6788
1645033709216,1025.6788
1645033709255,1025.6788
1645033709293,1025.687
1645033709337,1025.687
1645033709371,1025.687
1645033709412,1025.687
1645033709448,1025.688
1645033709484,1025.688
1645033709525,1025.688
1645033709566,1025.688
1645033709601,1025.6914
1645033709638,1025.6914
1645033709681,1025.6914
1645033709715,1025.6914
1645033709754,1025.703
1645033709792,1025.703
1645033709830,1025.703
1645033709868,1025.703
1645033709907,1025.704
1645033709947,1025.704
1645033709986,1025.704
1645033710025,1025.704
1645033710067,1025.7032
1645033710099,1025.7032
1645033710137,1025.7032
1645033710176,1025.7032
