1645034325756,1025.4124
1645034325756,1025.4124
1645034325798,1025.4124
1645034325834,1025.4124
1645034325874,1025.4124
1645034325912,1025.4124
1645034325950,1025.4124
1645034325987,1025.4124
1645034326028,1025.414
1645034326067,1025.414
1645034326104,1025.414
1645034326141,1025.414
1645034326184,1025.4159
1645034326218,1025.4159
1645034326257,1025.4159
1645034326296,1025.4159
1645034326335,1025.4056
1645034326374,1025.4056
1645034326414,1025.4056
1645034326451,1025.4056
1645034326489,1025.4142
1645034326527,1025.4142
1645034326567,1025.4142
1645034326604,1025.4142
1645034326643,1025.4126
1645034326684,1025.4126
1645034326721,1025.4126
1645034326758,1025.4126
1645034326797,1025.4117
1645034326836,1025.4117
1645034326875,1025.4117
1645034326912,1025.4117
1645034326950,1025.4249
1645034326987,1025.4249
1645034327027,1025.4249
1645034327067,1025.4249
1645034327106,1025.432
1645034327143,1025.432
1645034327180,1025.432
1645034327219,1025.432
1645034327257,1025.4423
1645034327297,1025.4423
1645034327335,1025.4423
1645034327373,1025.4423
1645034327412,1025.447
1645034327450,1025.447
1645034327491,1025.447
1645034327558,1025.447
1645034327573,1025.4617
1645034327610,1025.4617
1645034327641,1025.4617
1645034327680,1025.4617
1645034327719,1025.4601
1645034327757,1025.4601
1645034327797,1025.4601
1645034327833,1025.4601
1645034327875,1025.4597
1645034327910,1025.4597
1645034327949,1025.4597
1645034327989,1025.4597
1645034328029,1025.4597
1645034328066,1025.4584
1645034328103,1025.4584
1645034328143,1025.4584
1645034328180,1025.4584
1645034328218,1025.4661
1645034328258,1025.4661
1645034328299,1025.4661
1645034328334,1025.4661
1645034328374,1025.4666
1645034328411,1025.4666
1645034328452,1025.4666
1645034328489,1025.4666
1645034328527,1025.472
1645034328563,1025.472
1645034328601,1025.472
1645034328641,1025.472
1645034328683,1025.4863
1645034328719,1025.4863
1645034328757,1025.4863
1645034328797,1025.4863
1645034328834,1025.496
1645034328875,1025.496
1645034328919,1025.496
1645034328951,1025.496
1645034328988,1025.4987
1645034329025,1025.4987
1645034329065,1025.4987
1645034329104,1025.4987
1645034329141,1025.5104
1645034329184,1025.5104
1645034329219,1025.5104
1645034329255,1025.5104
1645034329296,1025.5159
1645034329334,1025.5159
1645034329374,1025.5159
1645034329411,1025.5159
1645034329449,1025.5269
1645034329488,1025.5269
1645034329621,1025.5269
1645034329623,1025.5269
1645034329623,1025.5415
1645034329710,1025.5415
1645034329710,1025.5415
1645034329859,1025.5415
1645034329860,1025.5593
1645034329860,1025.5593
1645034329860,1025.5593
1645034329878,1025.5593
1645034329910,1025.5648
1645034329949,1025.5648
1645034329988,1025.5648
1645034330024,1025.5648
1645034330067,1025.5648
1645034330104,1025.5808
1645034330140,1025.5808
1645034330179,1025.5808
1645034330222,1025.5808
1645034330257,1025.5939
1645034330294,1025.5939
1645034330339,1025.5939
1645034330377,1025.5939
1645034330410,1025.6106
1645034330448,1025.6106
1645034330488,1025.6106
1645034330527,1025.6106
1645034330564,1025.6351
1645034330603,1025.6351
1645034330641,1025.6351
1645034330681,1025.6351
1645034330719,1025.6506
1645034330757,1025.6506
1645034330796,1025.6506
1645034330832,1025.6506
1645034330875,1025.66
1645034330910,1025.66
1645034330951,1025.66
1645034330989,1025.66
1645034331026,1025.6802
1645034331064,1025.6802
1645034331105,1025.6802
1645034331143,1025.6802
1645034331180,1025.6965
1645034331218,1025.6965
1645034331257,1025.6965
1645034331297,1025.6965
1645034331336,1025.7109
1645034331375,1025.7109
1645034331410,1025.7109
1645034331449,1025.7109
1645034331487,1025.729
1645034331528,1025.729
1645034331599,1025.729
1645034331627,1025.729
1645034331664,1025.7433
1645034331698,1025.7433
1645034331717,1025.7433
1645034331758,1025.7433
1645034331793,1025.7589
1645034331832,1025.7589
1645034331871,1025.7589
1645034331911,1025.7589
1645034331948,1025.7875
1645034331987,1025.7875
1645034332029,1025.7875
1645034332066,1025.7875
1645034332101,1025.7875
1645034332140,1025.8019
1645034332181,1025.8019
1645034332218,1025.8019
1645034332255,1025.8019
1645034332296,1025.82
1645034332332,1025.82
1645034332372,1025.82
1645034332412,1025.82
1645034332449,1025.8394
1645034332491,1025.8394
1645034332527,1025.8394
1645034332566,1025.8394
1645034332603,1025.8588
1645034332643,1025.8588
1645034332680,1025.8588
1645034332718,1025.8588
1645034332759,1025.8768
1645034332795,1025.8768
1645034332834,1025.8768
1645034332874,1025.8768
1645034332913,1025.8894
1645034332948,1025.8894
1645034332989,1025.8894
1645034333028,1025.8894
1645034333066,1025.9025
1645034333104,1025.9025
1645034333143,1025.9025
1645034333181,1025.9025
1645034333222,1025.9059
1645034333256,1025.9059
1645034333297,1025.9059
1645034333333,1025.9059
1645034333375,1025.9172
1645034333409,1025.9172
1645034333449,1025.9172
1645034333488,1025.9172
1645034333528,1025.9294
1645034333564,1025.9294
1645034333643,1025.9294
1645034333644,1025.9294
1645034333678,1025.9421
1645034333721,1025.9421
1645034333758,1025.9421
1645034333794,1025.9421
1645034333834,1025.956
1645034333874,1025.956
1645034333910,1025.956
1645034333948,1025.956
1645034333992,1025.9703
1645034334026,1025.9703
1645034334066,1025.9703
1645034334101,1025.9703
1645034334144,1025.9703
1645034334178,1025.9843
1645034334218,1025.9843
1645034334258,1025.9843
1645034334296,1025.9843
1645034334333,1026.0078
1645034334372,1026.0078
1645034334413,1026.0078
1645034334448,1026.0078
1645034334489,1026.0209
1645034334524,1026.0209
1645034334567,1026.0209
1645034334605,1026.0209
1645034334641,1026.0336
1645034334679,1026.0336
1645034334718,1026.0336
1645034334775,1026.0336
1645034334793,1026.0411
1645034334832,1026.0411
1645034334871,1026.0411
1645034334914,1026.0411
1645034334947,1026.0597
1645034334987,1026.0597
1645034335026,1026.0597
1645034335063,1026.0597
1645034335103,1026.0726
1645034335139,1026.0726
1645034335181,1026.0726
1645034335217,1026.0726
1645034335258,1026.0895
1645034335294,1026.0895
1645034335334,1026.0895
1645034335370,1026.0895
1645034335408,1026.1056
1645034335449,1026.1056
1645034335488,1026.1056
1645034335526,1026.1056
1645034335568,1026.1144
1645034335603,1026.1144
1645034335641,1026.1144
1645034335680,1026.1144
1645034335717,1026.1295
1645034335756,1026.1295
1645034335795,1026.1295
1645034335833,1026.1295
1645034335870,1026.1455
1645034335910,1026.1455
1645034335947,1026.1455
1645034335986,1026.1455
1645034336026,1026.1534
1645034336064,1026.1534
1645034336108,1026.1534
1645034336141,1026.1534
1645034336177,1026.1534
1645034336217,1026.1703
1645034336255,1026.1703
1645034336292,1026.1703
1645034336334,1026.1703
1645034336372,1026.1741
1645034336418,1026.1741
1645034336456,1026.1741
1645034336494,1026.1741
1645034336525,1026.18
1645034336564,1026.18
1645034336604,1026.18
1645034336655,1026.18
1645034336678,1026.1914
1645034336717,1026.1914
1645034336756,1026.1914
1645034336794,1026.1914
1645034336832,1026.2015
1645034336870,1026.2015
1645034336909,1026.2015
1645034336948,1026.2015
1645034336986,1026.2032
1645034337025,1026.2032
1645034337063,1026.2032
1645034337102,1026.2032
1645034337140,1026.2167
1645034337181,1026.2167
1645034337217,1026.2167
1645034337256,1026.2167
1645034337294,1026.2213
1645034337332,1026.2213
1645034337373,1026.2213
1645034337410,1026.2213
1645034337449,1026.2263
1645034337486,1026.2263
1645034337527,1026.2263
1645034337564,1026.2263
1645034337602,1026.2239
1645034337642,1026.2239
1645034337678,1026.2239
1645034337717,1026.2239
1645034337757,1026.2301
1645034337794,1026.2301
1645034337832,1026.2301
1645034337869,1026.2301
1645034337911,1026.2369
1645034337948,1026.2369
1645034337987,1026.2369
1645034338024,1026.2369
1645034338065,1026.2428
1645034338103,1026.2428
1645034338140,1026.2428
1645034338179,1026.2428
1645034338216,1026.2428
1645034338255,1026.2512
1645034338296,1026.2512
1645034338343,1026.2512
1645034338379,1026.2512
1645034338412,1026.2555
1645034338447,1026.2555
1645034338488,1026.2555
1645034338524,1026.2555
1645034338562,1026.2534
1645034338603,1026.2534
1645034338641,1026.2534
1645034338681,1026.2534
1645034338716,1026.2543
1645034338755,1026.2543
1645034338793,1026.2543
1645034338865,1026.2543
1645034338878,1026.2555
1645034338907,1026.2555
1645034338946,1026.2555
1645034338985,1026.2555
1645034339025,1026.2496
1645034339063,1026.2496
1645034339108,1026.2496
1645034339142,1026.2496
1645034339178,1026.2563
1645034339217,1026.2563
1645034339255,1026.2563
1645034339292,1026.2563
1645034339331,1026.2573
1645034339369,1026.2573
1645034339415,1026.2573
1645034339446,1026.2573
1645034339487,1026.2551
1645034339524,1026.2551
1645034339562,1026.2551
1645034339601,1026.2551
1645034339641,1026.2568
1645034339677,1026.2568
1645034339716,1026.2568
1645034339754,1026.2568
1645034339793,1026.2544
1645034339832,1026.2544
1645034339870,1026.2544
1645034339912,1026.2544
1645034339945,1026.2505
1645034339985,1026.2505
1645034340023,1026.2505
1645034340064,1026.2505
1645034340100,1026.2472
1645034340137,1026.2472
1645034340176,1026.2472
1645034340215,1026.2472
1645034340255,1026.2472
1645034340293,1026.2455
1645034340331,1026.2455
1645034340370,1026.2455
1645034340413,1026.2455
1645034340445,1026.237
1645034340485,1026.237
1645034340524,1026.237
1645034340563,1026.237
1645034340602,1026.2354
1645034340639,1026.2354
1645034340679,1026.2354
1645034340722,1026.2354
1645034340754,1026.2257
1645034340796,1026.2257
1645034340833,1026.2257
1645034340869,1026.2257
1645034340909,1026.2166
1645034340949,1026.2166
1645034340985,1026.2166
1645034341025,1026.2166
1645034341061,1026.2098
1645034341100,1026.2098
1645034341139,1026.2098
1645034341180,1026.2098
1645034341216,1026.2064
1645034341254,1026.2064
1645034341293,1026.2064
1645034341332,1026.2064
1645034341371,1026.2064
1645034341414,1026.2064
1645034341460,1026.2064
1645034341484,1026.2064
1645034341523,1026.199
1645034341563,1026.199
1645034341599,1026.199
1645034341638,1026.199
1645034341678,1026.2006
1645034341716,1026.2006
1645034341754,1026.2006
1645034341792,1026.2006
1645034341834,1026.1935
1645034341871,1026.1935
1645034341909,1026.1935
1645034341945,1026.1935
1645034341986,1026.1876
1645034342024,1026.1876
1645034342063,1026.1876
1645034342103,1026.1876
1645034342140,1026.1804
1645034342177,1026.1804
1645034342215,1026.1804
1645034342256,1026.1804
1645034342294,1026.1804
1645034342331,1026.1837
1645034342373,1026.1837
1645034342417,1026.1837
1645034342451,1026.1837
1645034342485,1026.183
1645034342522,1026.183
1645034342563,1026.183
1645034342600,1026.183
1645034342642,1026.1864
1645034342678,1026.1864
1645034342718,1026.1864
1645034342754,1026.1864
1645034342793,1026.1855
1645034342829,1026.1855
1645034342868,1026.1855
1645034342906,1026.1855
