1645034063243,1026.393
1645034063243,1026.393
1645034063282,1026.393
1645034063320,1026.393
1645034063359,1026.3931
1645034063397,1026.3931
1645034063436,1026.3931
1645034063475,1026.3931
1645034063512,1026.3965
1645034063555,1026.3965
1645034063593,1026.3965
1645034063628,1026.3965
1645034063667,1026.3895
1645034063707,1026.3895
1645034063744,1026.3895
1645034063783,1026.3895
1645034063822,1026.3783
1645034063861,1026.3783
1645034063900,1026.3783
1645034063935,1026.3783
1645034063976,1026.3823
1645034064013,1026.3823
1645034064051,1026.3823
1645034064090,1026.3823
1645034064129,1026.3828
1645034064167,1026.3828
1645034064205,1026.3828
1645034064245,1026.3828
1645034064283,1026.3811
1645034064322,1026.3811
1645034064360,1026.3811
1645034064398,1026.3811
1645034064436,1026.371
1645034064476,1026.371
1645034064514,1026.371
1645034064552,1026.371
1645034064592,1026.3761
1645034064635,1026.3761
1645034064668,1026.3761
1645034064707,1026.3761
1645034064747,1026.3761
1645034064784,1026.3853
1645034064822,1026.3853
1645034064860,1026.3853
1645034064899,1026.3853
1645034064936,1026.3853
1645034064974,1026.3853
1645034065013,1026.3853
1645034065093,1026.3853
1645034065126,1026.3877
1645034065144,1026.3877
1645034065177,1026.3877
1645034065214,1026.3877
1645034065245,1026.382
1645034065283,1026.382
1645034065320,1026.382
1645034065362,1026.382
1645034065400,1026.3751
1645034065436,1026.3751
1645034065474,1026.3751
1645034065524,1026.3751
1645034065557,1026.3751
1645034065590,1026.3751
1645034065645,1026.3751
1645034065666,1026.3751
1645034065704,1026.3835
1645034065744,1026.3835
1645034065783,1026.3835
1645034065821,1026.3835
1645034065860,1026.382
1645034065901,1026.382
1645034065936,1026.382
1645034065977,1026.382
1645034066015,1026.3954
1645034066051,1026.3954
1645034066090,1026.3954
1645034066130,1026.3954
1645034066165,1026.387
1645034066207,1026.387
1645034066244,1026.387
1645034066284,1026.387
1645034066323,1026.3785
1645034066359,1026.3785
1645034066398,1026.3785
1645034066437,1026.3785
1645034066475,1026.3684
1645034066514,1026.3684
1645034066552,1026.3684
1645034066589,1026.3684
1645034066628,1026.361
1645034066666,1026.361
1645034066706,1026.361
1645034066745,1026.361
1645034066783,1026.361
1645034066820,1026.3575
1645034066861,1026.3575
1645034066899,1026.3575
1645034066937,1026.3575
1645034066975,1026.3524
1645034067013,1026.3524
1645034067052,1026.3524
1645034067109,1026.3524
1645034067133,1026.3453
1645034067175,1026.3453
1645034067207,1026.3453
1645034067243,1026.3453
1645034067282,1026.3419
1645034067323,1026.3419
1645034067358,1026.3419
1645034067396,1026.3419
1645034067435,1026.3436
1645034067475,1026.3436
1645034067513,1026.3436
1645034067556,1026.3436
1645034067589,1026.3395
1645034067628,1026.3395
1645034067666,1026.3395
1645034067705,1026.3395
1645034067742,1026.3344
1645034067784,1026.3344
1645034067822,1026.3344
1645034067861,1026.3344
1645034067901,1026.3273
1645034067935,1026.3273
1645034067975,1026.3273
1645034068011,1026.3273
1645034068051,1026.3323
1645034068091,1026.3323
1645034068138,1026.3323
1645034068167,1026.3323
1645034068204,1026.3356
1645034068246,1026.3356
1645034068282,1026.3356
1645034068322,1026.3356
1645034068361,1026.3306
1645034068397,1026.3306
1645034068434,1026.3306
1645034068473,1026.3306
1645034068513,1026.3204
1645034068552,1026.3204
1645034068589,1026.3204
1645034068628,1026.3204
1645034068667,1026.312
1645034068705,1026.312
1645034068743,1026.312
1645034068782,1026.312
1645034068821,1026.312
1645034068859,1026.3187
1645034068898,1026.3187
1645034068938,1026.3187
1645034068976,1026.3187
1645034069016,1026.3046
1645034069050,1026.3046
1645034069089,1026.3046
1645034069144,1026.3046
1645034069179,1026.2977
1645034069223,1026.2977
1645034069245,1026.2977
1645034069281,1026.2977
1645034069320,1026.2927
1645034069358,1026.2927
1645034069400,1026.2927
1645034069438,1026.2927
1645034069473,1026.2852
1645034069512,1026.2852
1645034069554,1026.2852
1645034069601,1026.2852
1645034069627,1026.2886
1645034069666,1026.2886
1645034069704,1026.2886
1645034069742,1026.2886
1645034069781,1026.2848
1645034069821,1026.2848
1645034069860,1026.2848
1645034069895,1026.2848
1645034069934,1026.2823
1645034069974,1026.2823
1645034070014,1026.2823
1645034070051,1026.2823
1645034070089,1026.2839
1645034070128,1026.2839
1645034070165,1026.2839
1645034070207,1026.2839
1645034070244,1026.2802
1645034070285,1026.2802
1645034070321,1026.2802
1645034070359,1026.2802
1645034070399,1026.2896
1645034070437,1026.2896
1645034070475,1026.2896
1645034070511,1026.2896
1645034070552,1026.2856
1645034070590,1026.2856
1645034070629,1026.2856
1645034070665,1026.2856
1645034070704,1026.2941
1645034070742,1026.2941
1645034070782,1026.2941
1645034070819,1026.2941
1645034070859,1026.2941
1645034070898,1026.3009
1645034070935,1026.3009
1645034070975,1026.3009
1645034071013,1026.3009
1645034071053,1026.2916
1645034071090,1026.2916
1645034071217,1026.2916
1645034071217,1026.2916
1645034071218,1026.2926
1645034071246,1026.2926
1645034071281,1026.2926
1645034071320,1026.2926
1645034071360,1026.2926
1645034071396,1026.2926
1645034071437,1026.2926
1645034071473,1026.2926
1645034071512,1026.2837
1645034071551,1026.2837
1645034071588,1026.2837
1645034071631,1026.2837
1645034071664,1026.2753
1645034071703,1026.2753
1645034071742,1026.2753
1645034071781,1026.2753
1645034071819,1026.2778
1645034071859,1026.2778
1645034071898,1026.2778
1645034071939,1026.2778
1645034071973,1026.2706
1645034072012,1026.2706
1645034072051,1026.2706
1645034072092,1026.2706
1645034072127,1026.2689
1645034072167,1026.2689
1645034072204,1026.2689
1645034072244,1026.2689
1645034072280,1026.2523
1645034072319,1026.2523
1645034072358,1026.2523
1645034072397,1026.2523
1645034072438,1026.2417
1645034072473,1026.2417
1645034072511,1026.2417
1645034072551,1026.2417
1645034072589,1026.24
1645034072640,1026.24
1645034072669,1026.24
1645034072705,1026.24
1645034072742,1026.2417
1645034072780,1026.2417
1645034072822,1026.2417
1645034072858,1026.2417
1645034072895,1026.24
1645034072936,1026.24
1645034072973,1026.24
1645034073012,1026.24
1645034073050,1026.24
1645034073088,1026.2291
1645034073126,1026.2291
1645034073168,1026.2291
1645034073205,1026.2291
1645034073245,1026.2303
1645034073281,1026.2303
1645034073320,1026.2303
1645034073360,1026.2303
1645034073396,1026.2289
1645034073438,1026.2289
1645034073472,1026.2289
1645034073511,1026.2289
1645034073550,1026.2238
1645034073589,1026.2238
1645034073627,1026.2238
1645034073666,1026.2238
1645034073703,1026.2828
1645034073741,1026.2828
1645034073781,1026.2828
1645034073818,1026.2828
1645034073858,1026.2255
1645034073897,1026.2255
1645034073940,1026.2255
1645034073973,1026.2255
1645034074011,1026.2079
1645034074049,1026.2079
1645034074088,1026.2079
1645034074127,1026.2079
1645034074168,1026.1973
1645034074202,1026.1973
1645034074241,1026.1973
1645034074281,1026.1973
1645034074320,1026.2117
1645034074358,1026.2117
1645034074396,1026.2117
1645034074435,1026.2117
1645034074471,1026.2058
1645034074511,1026.2058
1645034074550,1026.2058
1645034074589,1026.2058
1645034074628,1026.1953
1645034074664,1026.1953
1645034074704,1026.1953
1645034074744,1026.1953
1645034074780,1026.1953
1645034074818,1026.1953
1645034074858,1026.1953
1645034074895,1026.1953
1645034074936,1026.189
1645034074972,1026.189
1645034075010,1026.189
1645034075051,1026.189
1645034075091,1026.189
1645034075125,1026.1764
1645034075165,1026.1764
1645034075208,1026.1764
1645034075241,1026.1764
1645034075282,1026.1655
1645034075319,1026.1655
1645034075357,1026.1655
1645034075395,1026.1655
1645034075433,1026.1533
1645034075472,1026.1533
1645034075512,1026.1533
1645034075549,1026.1533
1645034075588,1026.1458
1645034075628,1026.1458
1645034075665,1026.1458
1645034075704,1026.1458
1645034075742,1026.1454
1645034075779,1026.1454
1645034075819,1026.1454
1645034075856,1026.1454
1645034075896,1026.1547
1645034075935,1026.1547
1645034075973,1026.1547
1645034076012,1026.1547
1645034076051,1026.1522
1645034076087,1026.1522
1645034076126,1026.1522
1645034076164,1026.1522
1645034076203,1026.118
1645034076243,1026.118
1645034076281,1026.118
1645034076322,1026.118
1645034076362,1026.1106
1645034076414,1026.1106
1645034076436,1026.1106
1645034076473,1026.1106
1645034076513,1026.1055
1645034076548,1026.1055
1645034076588,1026.1055
1645034076627,1026.1055
1645034076665,1026.1017
1645034076704,1026.1017
1645034076742,1026.1017
1645034076780,1026.1017
1645034076817,1026.0984
1645034076856,1026.0984
1645034076896,1026.0984
1645034076938,1026.0984
1645034076973,1026.1085
1645034077010,1026.1085
1645034077049,1026.1085
1645034077086,1026.1085
1645034077125,1026.1085
1645034077163,1026.1097
1645034077201,1026.1097
1645034077241,1026.1097
1645034077278,1026.1097
1645034077318,1026.1035
1645034077358,1026.1035
1645034077395,1026.1035
1645034077433,1026.1035
1645034077473,1026.1102
1645034077511,1026.1102
1645034077551,1026.1102
1645034077590,1026.1102
1645034077626,1026.1044
1645034077665,1026.1044
1645034077704,1026.1044
1645034077746,1026.1044
1645034077780,1026.1023
1645034077819,1026.1023
1645034077857,1026.1023
1645034077894,1026.1023
1645034077961,1026.1016
1645034077975,1026.1016
1645034078011,1026.1016
1645034078050,1026.1016
1645034078088,1026.11
1645034078127,1026.11
1645034078165,1026.11
1645034078202,1026.11
1645034078243,1026.1108
1645034078279,1026.1108
1645034078320,1026.1108
1645034078359,1026.1108
1645034078395,1026.1104
1645034078439,1026.1104
1645034078471,1026.1104
1645034078511,1026.1104
1645034078549,1026.1012
1645034078589,1026.1012
1645034078625,1026.1012
1645034078667,1026.1012
1645034078703,1026.0936
1645034078740,1026.0936
1645034078784,1026.0936
1645034078818,1026.0936
1645034078856,1026.0912
1645034078895,1026.0912
1645034078935,1026.0912
1645034078972,1026.0912
1645034079010,1026.0845
1645034079051,1026.0845
1645034079088,1026.0845
1645034079131,1026.0845
1645034079165,1026.076
1645034079203,1026.0719
1645034079241,1026.0719
1645034079281,1026.0719
1645034079318,1026.0719
1645034079358,1026.0719
1645034079397,1026.0719
1645034079436,1026.0719
1645034079470,1026.0719
1645034079511,1026.069
1645034079551,1026.069
1645034079587,1026.069
1645034079629,1026.069
1645034079663,1026.0585
1645034079702,1026.0585
1645034079741,1026.0585
1645034079779,1026.0585
1645034079819,1026.0526
1645034079856,1026.0526
1645034079896,1026.0526
1645034079946,1026.0526
1645034079972,1026.0459
1645034080010,1026.0459
1645034080048,1026.0459
1645034080088,1026.0459
1645034080125,1026.0435
1645034080164,1026.0435
1645034080203,1026.0435
1645034080244,1026.0435
1645034080282,1026.0367
1645034080320,1026.0367
1645034080357,1026.0367
1645034080395,1026.0367
1645034080433,1026.0295
1645034080473,1026.0295
1645034080510,1026.0295
1645034080549,1026.0295
1645034080590,1026.0295
1645034080628,1026.0295
1645034080664,1026.0295
1645034080703,1026.0295
1645034080742,1026.0203
1645034080779,1026.0203
1645034080817,1026.0203
1645034080857,1026.0203
1645034080895,1026.022
1645034080935,1026.022
1645034080973,1026.022
1645034081011,1026.022
1645034081048,1026.0148
1645034081088,1026.0148
1645034081125,1026.0148
1645034081163,1026.0148
1645034081202,1026.0182
1645034081240,1026.0182
1645034081279,1026.0182
1645034081318,1026.0182
1645034081355,1026.0182
1645034081396,1026.0123
1645034081431,1026.0123
1645034081470,1026.0123
1645034081511,1026.0123
1645034081547,1026.0085
1645034081587,1026.0085
1645034081627,1026.0085
1645034081663,1026.0085
1645034081701,1025.9943
1645034081742,1025.9943
1645034081779,1025.9943
1645034081818,1025.9943
1645034081857,1025.9977
1645034081896,1025.9977
1645034081934,1025.9977
1645034081973,1025.9977
1645034082009,1025.9901
1645034082048,1025.9901
1645034082087,1025.9901
1645034082126,1025.9901
1645034082166,1025.9812
1645034082201,1025.9812
1645034082240,1025.9812
1645034082279,1025.9812
1645034082317,1025.9703
1645034082356,1025.9703
1645034082393,1025.9703
1645034082436,1025.9703
1645034082470,1025.9666
1645034082509,1025.9666
1645034082547,1025.9666
1645034082586,1025.9666
1645034082624,1025.9698
1645034082671,1025.9698
1645034082711,1025.9698
1645034082738,1025.9698
1645034082779,1025.9624
1645034082816,1025.9624
1645034082857,1025.9624
1645034082894,1025.9624
1645034082934,1025.9523
1645034082971,1025.9523
1645034083010,1025.9523
1645034083048,1025.9523
1645034083090,1025.9447
1645034083125,1025.9447
1645034083163,1025.9447
1645034083202,1025.9447
1645034083239,1025.9392
1645034083279,1025.9392
1645034083316,1025.9392
1645034083356,1025.9392
1645034083394,1025.9392
1645034083434,1025.9283
1645034083472,1025.9283
1645034083510,1025.9283
1645034083548,1025.9283
1645034083586,1025.9266
1645034083624,1025.9266
1645034083664,1025.9266
1645034083704,1025.9266
1645034083739,1025.9211
1645034083778,1025.9211
1645034083817,1025.9211
1645034083855,1025.9211
1645034083893,1025.9137
1645034083933,1025.9137
1645034083970,1025.9137
1645034084009,1025.9137
1645034084047,1025.9044
1645034084088,1025.9044
1645034084128,1025.9044
1645034084162,1025.9044
1645034084200,1025.8977
1645034084239,1025.8977
1645034084280,1025.8977
1645034084318,1025.8977
1645034084354,1025.8905
1645034084395,1025.8905
1645034084432,1025.8905
1645034084470,1025.8905
1645034084509,1025.8881
1645034084549,1025.8881
1645034084586,1025.8881
1645034084623,1025.8881
1645034084662,1025.886
1645034084701,1025.886
1645034084739,1025.886
1645034084778,1025.886
1645034084815,1025.8868
1645034084855,1025.8868
1645034084895,1025.8868
1645034084933,1025.8868
1645034084969,1025.8953
1645034085009,1025.8953
1645034085046,1025.8953
1645034085087,1025.8953
1645034085125,1025.8987
1645034085163,1025.8987
1645034085204,1025.8987
1645034085238,1025.8987
1645034085278,1025.8949
1645034085315,1025.8949
1645034085356,1025.8949
1645034085396,1025.8949
1645034085433,1025.8965
1645034085474,1025.8965
1645034085508,1025.8965
1645034085547,1025.8965
1645034085586,1025.8965
1645034085625,1025.9032
1645034085663,1025.9032
1645034085701,1025.9032
1645034085740,1025.9032
1645034085779,1025.9083
1645034085815,1025.9083
1645034085855,1025.9083
1645034085895,1025.9083
1645034085932,1025.9083
1645034085970,1025.9083
1645034086008,1025.9083
1645034086047,1025.9083
1645034086085,1025.9167
1645034086127,1025.9167
1645034086163,1025.9167
1645034086200,1025.9167
1645034086239,1025.9133
1645034086277,1025.9133
1645034086317,1025.9133
1645034086356,1025.9133
1645034086394,1025.9117
1645034086435,1025.9117
1645034086469,1025.9117
1645034086507,1025.9117
1645034086547,1025.9076
1645034086585,1025.9076
1645034086624,1025.9076
1645034086663,1025.9076
1645034086700,1025.9102
1645034086738,1025.9102
1645034086779,1025.9102
1645034086815,1025.9102
1645034086854,1025.9081
1645034086895,1025.9081
1645034086932,1025.9081
1645034086970,1025.9081
1645034087007,1025.9064
1645034087048,1025.9064
1645034087085,1025.9064
1645034087129,1025.9064
1645034087163,1025.8978
1645034087201,1025.8978
1645034087240,1025.8978
1645034087279,1025.8978
1645034087316,1025.8962
1645034087359,1025.8962
1645034087392,1025.8962
1645034087431,1025.8962
1645034087479,1025.887
1645034087508,1025.887
1645034087545,1025.887
1645034087585,1025.887
1645034087621,1025.887
1645034087661,1025.887
1645034087700,1025.887
1645034087738,1025.887
1645034087777,1025.887
1645034087816,1025.8798
1645034087855,1025.8798
1645034087893,1025.8798
1645034087933,1025.8798
1645034087968,1025.8832
1645034088008,1025.8832
1645034088048,1025.8832
1645034088086,1025.8832
1645034088127,1025.874
1645034088171,1025.874
1645034088202,1025.874
1645034088239,1025.874
1645034088277,1025.8673
1645034088316,1025.8673
1645034088356,1025.8673
1645034088392,1025.8673
1645034088431,1025.858
1645034088469,1025.858
1645034088508,1025.858
1645034088547,1025.858
1645034088585,1025.8525
1645034088623,1025.8525
1645034088663,1025.8525
1645034088700,1025.8525
1645034088739,1025.8492
1645034088779,1025.8492
1645034088818,1025.8492
1645034088857,1025.8492
1645034088895,1025.8424
1645034088930,1025.8424
1645034088973,1025.8424
1645034089008,1025.8424
1645034089047,1025.8417
1645034089085,1025.8417
1645034089124,1025.8417
1645034089167,1025.8417
1645034089199,1025.8434
1645034089238,1025.8434
1645034089276,1025.8434
1645034089315,1025.8434
1645034089354,1025.8345
1645034089392,1025.8345
1645034089432,1025.8345
1645034089475,1025.8345
1645034089508,1025.8362
1645034089547,1025.8362
1645034089584,1025.8362
1645034089623,1025.8362
1645034089661,1025.8362
1645034089700,1025.8303
1645034089739,1025.8303
1645034089778,1025.8303
1645034089817,1025.8303
1645034089853,1025.8337
1645034089894,1025.8337
1645034089933,1025.8337
1645034089970,1025.8337
1645034090006,1025.8337
1645034090046,1025.8337
1645034090084,1025.8337
1645034090123,1025.8337
1645034090163,1025.837
1645034090200,1025.837
1645034090239,1025.837
1645034090277,1025.837
1645034090316,1025.8296
1645034090355,1025.8296
1645034090396,1025.8296
1645034090431,1025.8296
1645034090467,1025.8212
1645034090507,1025.8212
1645034090546,1025.8212
1645034090585,1025.8212
1645034090627,1025.8185
1645034090664,1025.8185
1645034090699,1025.8185
1645034090737,1025.8185
1645034090781,1025.8068
1645034090816,1025.8068
1645034090853,1025.8068
1645034090893,1025.8068
1645034090931,1025.7959
1645034090973,1025.7959
1645034091007,1025.7959
1645034091046,1025.7959
1645034091084,1025.7891
1645034091123,1025.7891
1645034091165,1025.7891
1645034091200,1025.7891
1645034091237,1025.7858
1645034091276,1025.7858
1645034091315,1025.7858
1645034091354,1025.7858
1645034091393,1025.7819
1645034091431,1025.7819
1645034091469,1025.7819
1645034091508,1025.7819
1645034091545,1025.7819
1645034091588,1025.7819
1645034091624,1025.7819
1645034091663,1025.7819
1645034091700,1025.7819
1645034091739,1025.7769
1645034091779,1025.7769
1645034091815,1025.7769
1645034091855,1025.7769
1645034091895,1025.771
1645034091929,1025.771
1645034091967,1025.771
1645034092007,1025.771
1645034092045,1025.7727
1645034092085,1025.7727
1645034092124,1025.7727
1645034092159,1025.7727
1645034092200,1025.771
1645034092239,1025.771
1645034092277,1025.771
1645034092316,1025.771
1645034092355,1025.771
1645034092392,1025.771
1645034092429,1025.771
1645034092469,1025.771
1645034092507,1025.7744
1645034092545,1025.7744
1645034092584,1025.7744
1645034092622,1025.7744
1645034092663,1025.771
1645034092698,1025.771
1645034092737,1025.771
1645034092779,1025.771
1645034092814,1025.771
1645034092852,1025.771
1645034092892,1025.771
1645034092930,1025.771
1645034092969,1025.7727
1645034093007,1025.7727
1645034093046,1025.7727
1645034093085,1025.7727
1645034093121,1025.7761
1645034093159,1025.7761
1645034093199,1025.7761
1645034093237,1025.7761
1645034093278,1025.7689
1645034093316,1025.7689
1645034093353,1025.7689
1645034093392,1025.7689
1645034093430,1025.7622
1645034093468,1025.7622
1645034093506,1025.7622
1645034093544,1025.7622
1645034093583,1025.7588
1645034093622,1025.7588
1645034093661,1025.7588
1645034093699,1025.7588
1645034093739,1025.7588
1645034093777,1025.7605
1645034093815,1025.7605
1645034093851,1025.7605
1645034093893,1025.7605
1645034093931,1025.7538
1645034093968,1025.7538
1645034094006,1025.7538
1645034094045,1025.7538
1645034094083,1025.7504
1645034094123,1025.7504
1645034094164,1025.7504
1645034094198,1025.7504
1645034094237,1025.7504
1645034094275,1025.7504
1645034094315,1025.7504
1645034094353,1025.7504
1645034094392,1025.7487
1645034094430,1025.7487
1645034094470,1025.7487
1645034094505,1025.7487
1645034094547,1025.7412
1645034094585,1025.7412
1645034094622,1025.7412
1645034094660,1025.7412
1645034094698,1025.7445
1645034094737,1025.7445
1645034094776,1025.7445
1645034094815,1025.7445
1645034094852,1025.7428
1645034094890,1025.7428
1645034094930,1025.7428
1645034094969,1025.7428
1645034095007,1025.7428
1645034095045,1025.7428
1645034095085,1025.7428
1645034095121,1025.7428
1645034095181,1025.7272
1645034095199,1025.7272
1645034095237,1025.7272
1645034095277,1025.7272
1645034095316,1025.7289
1645034095352,1025.7289
1645034095392,1025.7289
1645034095430,1025.7289
1645034095478,1025.7205
1645034095505,1025.7205
1645034095544,1025.7205
1645034095591,1025.7205
1645034095620,1025.7172
1645034095658,1025.7172
1645034095698,1025.7172
1645034095750,1025.7172
1645034095776,1025.7172
1645034095815,1025.7137
1645034095853,1025.7137
1645034095892,1025.7137
1645034095931,1025.7137
1645034095970,1025.7079
1645034096006,1025.7079
1645034096047,1025.7079
1645034096083,1025.7079
1645034096123,1025.7096
1645034096160,1025.7096
1645034096199,1025.7096
1645034096235,1025.7096
1645034096275,1025.7012
1645034096314,1025.7012
1645034096353,1025.7012
1645034096394,1025.7012
1645034096429,1025.7046
1645034096468,1025.7046
1645034096504,1025.7046
1645034096544,1025.7046
1645034096583,1025.6979
1645034096621,1025.6979
1645034096659,1025.6979
1645034096697,1025.6979
1645034096738,1025.6869
1645034096776,1025.6869
1645034096815,1025.6869
1645034096851,1025.6869
1645034096891,1025.6781
1645034096929,1025.6781
1645034096966,1025.6781
1645034097008,1025.6781
1645034097047,1025.6747
1645034097083,1025.6747
1645034097121,1025.6747
1645034097160,1025.6747
1645034097197,1025.6671
1645034097236,1025.6671
1645034097276,1025.6671
1645034097313,1025.6671
1645034097353,1025.6671
1645034097392,1025.6671
1645034097430,1025.6671
1645034097470,1025.6671
1645034097505,1025.6886
1645034097545,1025.6886
1645034097583,1025.6886
1645034097622,1025.6886
1645034097660,1025.6566
1645034097697,1025.6566
1645034097736,1025.6566
1645034097774,1025.6566
1645034097814,1025.6566
1645034097852,1025.6406
1645034097890,1025.6406
1645034097930,1025.6406
1645034097971,1025.6406
1645034098006,1025.649
1645034098045,1025.649
1645034098082,1025.649
1645034098122,1025.649
1645034098160,1025.6542
1645034098198,1025.6542
1645034098239,1025.6542
1645034098276,1025.6542
1645034098313,1025.6812
1645034098353,1025.6812
1645034098393,1025.6812
1645034098427,1025.6812
1645034098467,1025.6643
1645034098504,1025.6643
1645034098545,1025.6643
1645034098583,1025.6643
1645034098622,1025.6567
1645034098659,1025.6567
1645034098699,1025.6567
1645034098737,1025.6567
1645034098775,1025.6045
1645034098813,1025.6045
1645034098851,1025.6045
1645034098889,1025.6045
1645034098933,1025.5944
1645034098967,1025.5944
1645034099004,1025.5944
1645034099045,1025.5944
1645034099082,1025.5792
1645034099119,1025.5792
1645034099158,1025.5792
1645034099197,1025.5792
1645034099237,1025.5574
1645034099274,1025.5574
1645034099316,1025.5574
1645034099351,1025.5574
1645034099390,1025.5485
1645034099428,1025.5485
1645034099470,1025.5485
1645034099504,1025.5485
1645034099543,1025.545
1645034099582,1025.545
1645034099620,1025.545
1645034099658,1025.545
1645034099708,1025.5552
1645034099735,1025.5552
1645034099775,1025.5552
