1645034626914,1026.1558
1645034626915,1026.1558
1645034626951,1026.1558
1645034626991,1026.1558
1645034627029,1026.168
1645034627067,1026.168
1645034627106,1026.168
1645034627144,1026.168
1645034627184,1026.1836
1645034627221,1026.1836
1645034627261,1026.1836
1645034627303,1026.1836
1645034627337,1026.1991
1645034627377,1026.1991
1645034627414,1026.1991
1645034627454,1026.1991
1645034627491,1026.2075
1645034627529,1026.2075
1645034627568,1026.2075
1645034627607,1026.2075
1645034627646,1026.2191
1645034627684,1026.2191
1645034627721,1026.2191
1645034627760,1026.2191
1645034627801,1026.2327
1645034627839,1026.2327
1645034627878,1026.2327
1645034627915,1026.2327
1645034627953,1026.2449
1645034627991,1026.2449
1645034628030,1026.2449
1645034628076,1026.2449
1645034628108,1026.2318
1645034628149,1026.2318
1645034628187,1026.2318
1645034628222,1026.2318
1645034628260,1026.2313
1645034628299,1026.2313
1645034628340,1026.2313
1645034628376,1026.2313
1645034628415,1026.223
1645034628454,1026.223
1645034628491,1026.223
1645034628529,1026.223
1645034628571,1026.2167
1645034628606,1026.2167
1645034628644,1026.2167
1645034628685,1026.2167
1645034628752,1026.2263
1645034628800,1026.2263
1645034628801,1026.2263
1645034628836,1026.2263
1645034628876,1026.212
1645034628913,1026.212
1645034628957,1026.212
1645034628995,1026.212
1645034629030,1026.212
1645034629067,1026.2365
1645034629105,1026.2365
1645034629149,1026.2365
1645034629183,1026.2365
1645034629222,1026.2511
1645034629264,1026.2511
1645034629298,1026.2511
1645034629336,1026.2511
1645034629376,1026.2616
1645034629414,1026.2616
1645034629453,1026.2616
1645034629491,1026.2616
1645034629530,1026.3127
1645034629570,1026.3127
1645034629606,1026.3127
1645034629645,1026.3127
1645034629682,1026.3048
1645034629722,1026.3048
1645034629764,1026.3048
1645034629799,1026.3048
1645034629841,1026.304
1645034629881,1026.304
1645034629915,1026.304
1645034629957,1026.304
1645034629991,1026.3224
1645034630032,1026.3224
1645034630070,1026.3224
1645034630106,1026.3224
1645034630144,1026.311
1645034630183,1026.311
1645034630223,1026.311
1645034630260,1026.311
1645034630299,1026.3673
1645034630339,1026.3673
1645034630375,1026.3673
1645034630414,1026.3673
1645034630453,1026.3383
1645034630492,1026.3383
1645034630528,1026.3383
1645034630570,1026.3383
1645034630605,1026.3203
1645034630645,1026.3203
1645034630683,1026.3203
1645034630722,1026.3203
1645034630777,1026.3257
1645034630798,1026.3257
1645034630844,1026.3257
1645034630874,1026.3257
1645034630913,1026.3257
1645034630955,1026.3081
1645034630991,1026.3081
1645034631029,1026.3081
1645034631066,1026.3081
1645034631107,1026.3174
1645034631144,1026.3174
1645034631183,1026.3174
1645034631225,1026.3174
1645034631260,1026.3253
1645034631300,1026.3253
1645034631335,1026.3253
1645034631375,1026.3253
1645034631413,1026.316
1645034631454,1026.316
1645034631490,1026.316
1645034631528,1026.316
1645034631567,1026.3148
1645034631606,1026.3148
1645034631644,1026.3148
1645034631685,1026.3148
1645034631721,1026.3425
1645034631760,1026.3425
1645034631798,1026.3425
1645034631837,1026.3425
1645034631876,1026.384
1645034631913,1026.384
1645034631953,1026.384
1645034631990,1026.384
1645034632030,1026.3346
1645034632077,1026.3346
1645034632105,1026.3346
1645034632145,1026.3346
1645034632183,1026.3131
1645034632225,1026.3131
1645034632259,1026.3131
1645034632298,1026.3131
1645034632337,1026.3907
1645034632375,1026.3907
1645034632415,1026.3907
1645034632453,1026.3907
1645034632492,1026.3665
1645034632528,1026.3665
1645034632569,1026.3665
1645034632606,1026.3665
1645034632646,1026.3752
1645034632683,1026.3752
1645034632722,1026.3752
1645034632847,1026.3752
1645034632847,1026.3529
1645034632847,1026.3529
1645034632900,1026.3529
1645034632961,1026.3529
1645034632961,1026.3529
1645034632988,1026.3245
1645034633027,1026.3245
1645034633066,1026.3245
1645034633106,1026.3245
1645034633144,1026.3618
1645034633183,1026.3618
1645034633220,1026.3618
1645034633259,1026.3618
1645034633297,1026.347
1645034633337,1026.347
1645034633375,1026.347
1645034633412,1026.347
1645034633452,1026.358
1645034633490,1026.358
1645034633528,1026.358
1645034633569,1026.358
1645034633606,1026.3593
1645034633644,1026.3593
1645034633683,1026.3593
1645034633723,1026.3593
1645034633759,1026.3417
1645034633799,1026.3417
1645034633836,1026.3417
1645034633874,1026.3417
1645034633913,1026.3999
1645034633952,1026.3999
1645034633992,1026.3999
1645034634028,1026.3999
1645034634068,1026.3815
1645034634105,1026.3815
1645034634147,1026.3815
1645034634182,1026.3815
1645034634221,1026.3802
1645034634258,1026.3802
1645034634298,1026.3802
1645034634337,1026.3802
1645034634376,1026.383
1645034634413,1026.383
1645034634451,1026.383
1645034634490,1026.383
1645034634533,1026.3701
1645034634568,1026.3701
1645034634604,1026.3701
1645034634644,1026.3701
1645034634682,1026.4247
1645034634721,1026.4247
1645034634759,1026.4247
1645034634829,1026.4247
1645034634837,1026.4037
1645034634876,1026.4037
1645034634912,1026.4037
1645034634950,1026.4037
1645034634989,1026.4037
1645034635027,1026.4233
1645034635068,1026.4233
1645034635104,1026.4233
1645034635144,1026.4233
1645034635182,1026.3834
1645034635219,1026.3834
1645034635261,1026.3834
1645034635298,1026.3834
1645034635335,1026.3701
1645034635373,1026.3701
1645034635412,1026.3701
1645034635452,1026.3701
1645034635489,1026.4082
1645034635528,1026.4082
1645034635568,1026.4082
1645034635604,1026.4082
1645034635643,1026.399
1645034635684,1026.399
1645034635721,1026.399
1645034635758,1026.399
1645034635797,1026.4137
1645034635837,1026.4137
1645034635874,1026.4137
1645034635912,1026.4137
1645034635953,1026.371
1645034635989,1026.371
1645034636028,1026.371
1645034636071,1026.371
1645034636104,1026.3546
1645034636142,1026.3546
1645034636182,1026.3546
1645034636222,1026.3546
1645034636258,1026.4058
1645034636298,1026.4058
1645034636336,1026.4058
1645034636376,1026.4058
1645034636414,1026.386
1645034636457,1026.386
1645034636490,1026.386
1645034636529,1026.386
1645034636566,1026.4199
1645034636604,1026.4199
1645034636644,1026.4199
1645034636683,1026.4199
1645034636720,1026.3873
1645034636758,1026.3873
1645034636798,1026.3873
1645034636835,1026.3873
1645034636875,1026.3717
1645034636912,1026.3717
1645034636952,1026.3717
1645034636989,1026.3717
1645034637030,1026.3717
1645034637066,1026.3961
1645034637106,1026.3961
1645034637143,1026.3961
1645034637181,1026.3961
1645034637220,1026.3772
1645034637259,1026.3772
1645034637298,1026.3772
1645034637338,1026.3772
1645034637374,1026.4053
1645034637414,1026.4053
1645034637450,1026.4053
1645034637489,1026.4053
1645034637527,1026.3738
1645034637566,1026.3738
1645034637605,1026.3738
1645034637642,1026.3738
1645034637683,1026.3588
1645034637720,1026.3588
1645034637758,1026.3588
1645034637800,1026.3588
1645034637836,1026.3658
1645034637875,1026.3658
1645034637912,1026.3658
1645034637950,1026.3658
1645034637990,1026.3553
1645034638028,1026.3553
1645034638066,1026.3553
1645034638105,1026.3553
1645034638142,1026.3842
1645034638181,1026.3842
1645034638220,1026.3842
1645034638257,1026.3842
1645034638298,1026.3734
1645034638335,1026.3734
1645034638374,1026.3734
1645034638413,1026.3734
1645034638456,1026.3569
1645034638490,1026.3569
1645034638528,1026.3569
1645034638566,1026.3569
1645034638604,1026.3645
1645034638642,1026.3645
1645034638680,1026.3645
1645034638732,1026.3645
1645034638759,1026.3516
1645034638795,1026.3516
1645034638833,1026.3516
1645034638871,1026.3516
1645034638911,1026.4036
1645034638949,1026.3955
1645034638988,1026.3955
1645034639025,1026.3955
1645034639065,1026.3955
1645034639103,1026.3779
1645034639141,1026.3779
1645034639181,1026.3779
1645034639220,1026.3779
1645034639257,1026.3774
1645034639297,1026.3774
1645034639337,1026.3774
1645034639372,1026.3774
1645034639411,1026.3851
1645034639454,1026.3851
1645034639487,1026.3851
1645034639526,1026.3851
1645034639565,1026.3871
1645034639611,1026.3871
1645034639643,1026.3871
1645034639681,1026.3871
1645034639719,1026.4194
1645034639756,1026.4194
1645034639794,1026.4194
1645034639834,1026.4194
1645034639873,1026.3884
1645034639910,1026.3884
1645034639948,1026.3884
1645034639987,1026.3884
1645034640049,1026.3843
1645034640064,1026.3843
1645034640102,1026.3843
1645034640141,1026.3843
1645034640181,1026.3796
1645034640220,1026.3796
1645034640259,1026.3796
1645034640295,1026.3796
1645034640333,1026.3707
1645034640372,1026.3707
1645034640410,1026.3707
1645034640448,1026.3707
1645034640492,1026.3912
1645034640525,1026.3912
1645034640563,1026.3912
1645034640603,1026.3912
1645034640641,1026.3712
1645034640681,1026.3712
1645034640717,1026.3712
1645034640757,1026.3712
1645034640796,1026.3993
1645034640835,1026.3993
1645034640872,1026.3993
1645034640911,1026.3993
1645034640952,1026.3993
1645034640988,1026.3745
1645034641027,1026.3745
1645034641065,1026.3745
1645034641106,1026.3745
1645034641142,1026.3602
1645034641179,1026.3602
1645034641217,1026.3602
1645034641257,1026.3602
1645034641295,1026.4165
1645034641334,1026.4165
1645034641371,1026.4165
1645034641411,1026.4165
1645034641450,1026.3859
1645034641489,1026.3859
1645034641526,1026.3859
1645034641565,1026.3859
1645034641603,1026.4034
1645034641646,1026.4034
1645034641679,1026.4034
1645034641718,1026.4034
1645034641757,1026.3938
1645034641795,1026.3938
1645034641833,1026.3938
1645034641872,1026.3938
1645034641912,1026.3745
1645034641949,1026.3745
1645034641988,1026.3745
1645034642036,1026.3745
1645034642065,1026.3766
1645034642108,1026.3766
1645034642140,1026.3766
1645034642182,1026.3766
1645034642221,1026.3468
1645034642256,1026.3468
1645034642294,1026.3468
1645034642335,1026.3468
1645034642372,1026.3647
1645034642411,1026.3647
1645034642450,1026.3647
1645034642487,1026.3647
1645034642526,1026.3346
1645034642568,1026.3346
1645034642605,1026.3346
1645034642642,1026.3346
1645034642680,1026.3224
1645034642724,1026.3224
1645034642763,1026.3224
1645034642795,1026.3224
1645034642834,1026.3434
1645034642872,1026.3434
1645034642912,1026.3434
1645034642950,1026.3434
1645034642988,1026.3434
1645034643026,1026.3195
1645034643065,1026.3195
1645034643107,1026.3195
1645034643140,1026.3195
1645034643179,1026.3463
1645034643217,1026.3463
1645034643256,1026.3463
1645034643297,1026.3463
1645034643334,1026.3224
1645034643372,1026.3224
1645034643410,1026.3224
1645034643450,1026.3224
1645034643487,1026.3182
1645034643524,1026.3182
1645034643563,1026.3182
1645034643603,1026.3182
1645034643643,1026.3384
1645034643680,1026.3384
1645034643717,1026.3384
1645034643757,1026.3384
1645034643795,1026.3069
1645034643832,1026.3069
1645034643874,1026.3069
1645034643910,1026.3069
1645034643947,1026.348
1645034643987,1026.348
1645034644029,1026.348
1645034644063,1026.348
1645034644101,1026.3274
1645034644141,1026.3274
1645034644178,1026.3274
1645034644217,1026.3274
1645034644258,1026.3132
1645034644294,1026.3132
1645034644333,1026.3132
1645034644371,1026.3132
1645034644412,1026.3501
1645034644448,1026.3501
1645034644486,1026.3501
1645034644524,1026.3501
1645034644564,1026.32
1645034644601,1026.32
1645034644642,1026.32
1645034644678,1026.32
1645034644717,1026.3568
1645034644754,1026.3568
1645034644794,1026.3568
1645034644833,1026.3568
1645034644870,1026.3362
1645034644910,1026.3362
1645034644947,1026.3362
1645034644986,1026.3362
1645034645027,1026.3362
1645034645063,1026.3228
1645034645102,1026.3228
1645034645140,1026.3228
1645034645181,1026.3228
1645034645216,1026.335
1645034645256,1026.335
1645034645295,1026.335
1645034645333,1026.335
1645034645370,1026.3241
1645034645413,1026.3241
1645034645447,1026.3241
1645034645485,1026.3241
1645034645524,1026.3773
1645034645564,1026.3773
1645034645602,1026.3773
1645034645639,1026.3773
1645034645678,1026.3568
1645034645719,1026.3568
1645034645755,1026.3568
1645034645794,1026.3568
1645034645834,1026.356
1645034645870,1026.356
1645034645912,1026.356
1645034645950,1026.356
1645034645987,1026.3472
1645034646024,1026.3472
1645034646064,1026.3472
1645034646107,1026.3472
1645034646140,1026.3195
1645034646190,1026.3195
1645034646220,1026.3195
1645034646255,1026.3195
1645034646293,1026.3597
1645034646333,1026.3597
1645034646370,1026.3597
1645034646410,1026.3597
1645034646447,1026.348
1645034646486,1026.348
1645034646526,1026.348
1645034646571,1026.348
1645034646603,1026.341
1645034646640,1026.341
1645034646678,1026.341
1645034646717,1026.341
1645034646755,1026.3304
1645034646796,1026.3304
1645034646832,1026.3304
1645034646871,1026.3304
1645034646909,1026.3217
1645034646953,1026.3217
1645034646993,1026.3217
1645034647023,1026.3217
1645034647062,1026.3217
1645034647101,1026.3611
1645034647140,1026.3611
1645034647178,1026.3611
1645034647216,1026.3611
1645034647256,1026.3606
1645034647295,1026.3606
1645034647332,1026.3606
1645034647370,1026.3606
1645034647410,1026.3947
1645034647447,1026.3947
1645034647486,1026.3947
1645034647525,1026.3947
1645034647562,1026.3938
1645034647600,1026.3938
1645034647641,1026.3938
1645034647681,1026.3938
1645034647716,1026.3967
1645034647754,1026.3967
1645034647798,1026.3967
1645034647832,1026.3967
1645034647870,1026.3917
1645034647910,1026.3917
1645034647952,1026.3917
1645034647986,1026.3917
1645034648024,1026.3942
1645034648062,1026.3942
1645034648100,1026.3942
1645034648139,1026.3942
1645034648184,1026.4148
1645034648216,1026.4148
1645034648254,1026.4148
1645034648294,1026.4148
1645034648331,1026.3972
1645034648370,1026.3972
1645034648408,1026.3972
1645034648446,1026.3972
1645034648485,1026.4114
1645034648523,1026.4114
1645034648561,1026.4114
1645034648604,1026.4114
1645034648638,1026.4034
1645034648678,1026.4034
1645034648720,1026.4034
1645034648754,1026.4034
1645034648793,1026.3912
1645034648831,1026.3912
1645034648870,1026.3912
1645034648909,1026.3912
1645034648948,1026.3912
1645034648985,1026.4332
1645034649023,1026.4332
1645034649063,1026.4332
1645034649101,1026.4332
1645034649140,1026.4005
1645034649179,1026.4005
1645034649216,1026.4005
1645034649254,1026.4005
1645034649293,1026.4274
1645034649333,1026.4274
1645034649370,1026.4274
1645034649408,1026.4274
1645034649448,1026.4089
1645034649485,1026.4089
1645034649526,1026.4089
1645034649561,1026.4089
1645034649601,1026.4081
1645034649640,1026.4081
1645034649681,1026.4081
1645034649715,1026.4081
1645034649754,1026.4174
1645034649792,1026.4174
1645034649831,1026.4174
1645034649870,1026.4174
1645034649908,1026.419
1645034649947,1026.419
1645034649986,1026.419
1645034650024,1026.419
1645034650061,1026.3998
1645034650100,1026.3998
1645034650140,1026.3998
1645034650177,1026.3998
1645034650217,1026.3964
1645034650255,1026.3964
1645034650296,1026.3964
1645034650331,1026.3964
1645034650372,1026.3964
1645034650409,1026.3964
1645034650446,1026.3964
1645034650484,1026.3964
1645034650523,1026.3934
1645034650562,1026.3934
1645034650601,1026.3934
1645034650639,1026.3934
1645034650678,1026.3761
1645034650722,1026.3761
1645034650754,1026.3761
1645034650793,1026.3761
1645034650832,1026.3804
1645034650869,1026.3804
1645034650907,1026.3804
1645034650946,1026.3804
1645034650985,1026.3804
1645034651023,1026.3846
1645034651064,1026.3846
1645034651101,1026.3846
1645034651138,1026.3846
1645034651177,1026.3892
1645034651215,1026.3892
1645034651253,1026.3892
1645034651300,1026.3892
1645034651330,1026.3917
1645034651370,1026.3917
1645034651408,1026.3917
1645034651447,1026.3917
1645034651484,1026.3962
1645034651524,1026.3962
1645034651562,1026.3962
1645034651599,1026.3962
1645034651639,1026.4038
1645034651679,1026.4038
1645034651715,1026.4038
1645034651753,1026.4038
1645034651792,1026.4248
1645034651831,1026.4248
1645034651870,1026.4248
1645034651908,1026.4248
1645034651951,1026.4236
1645034651984,1026.4236
1645034652023,1026.4236
1645034652063,1026.4236
1645034652101,1026.4482
1645034652140,1026.4482
1645034652179,1026.4482
1645034652217,1026.4482
1645034652256,1026.4558
1645034652293,1026.4558
1645034652331,1026.4558
1645034652371,1026.4558
1645034652408,1026.4553
1645034652447,1026.4553
1645034652487,1026.4553
1645034652523,1026.4553
1645034652561,1026.493
1645034652601,1026.493
1645034652638,1026.493
1645034652678,1026.493
1645034652717,1026.4873
1645034652753,1026.4873
1645034652793,1026.4873
1645034652831,1026.4873
1645034652873,1026.512
1645034652907,1026.512
1645034652945,1026.512
1645034652985,1026.512
1645034653025,1026.512
1645034653062,1026.4989
1645034653100,1026.4989
1645034653139,1026.4989
1645034653178,1026.4989
1645034653214,1026.5326
1645034653254,1026.5326
1645034653292,1026.5326
1645034653330,1026.5326
1645034653372,1026.522
1645034653407,1026.522
1645034653446,1026.522
1645034653485,1026.522
1645034653525,1026.5106
1645034653560,1026.5106
1645034653599,1026.5106
1645034653639,1026.5106
1645034653677,1026.5275
1645034653715,1026.5275
1645034653754,1026.5275
1645034653792,1026.5275
1645034653829,1026.4994
1645034653869,1026.4994
1645034653909,1026.4994
1645034653950,1026.4994
1645034653983,1026.5266
1645034654023,1026.5266
1645034654060,1026.5266
1645034654099,1026.5266
1645034654139,1026.5294
1645034654177,1026.5294
1645034654217,1026.5294
1645034654253,1026.5294
1645034654291,1026.5245
1645034654330,1026.5245
1645034654370,1026.5245
1645034654411,1026.5245
1645034654445,1026.5333
1645034654483,1026.5333
1645034654522,1026.5333
1645034654560,1026.5333
1645034654602,1026.5118
1645034654639,1026.5118
1645034654676,1026.5118
1645034654714,1026.5118
1645034654753,1026.5408
1645034654795,1026.5408
1645034654833,1026.5408
1645034654869,1026.5408
1645034654907,1026.5408
1645034654947,1026.5344
1645034654988,1026.5344
1645034655022,1026.5344
1645034655061,1026.5344
1645034655099,1026.5203
1645034655140,1026.5203
1645034655179,1026.5203
1645034655216,1026.5203
1645034655253,1026.5172
1645034655293,1026.5172
1645034655331,1026.5172
1645034655369,1026.5172
1645034655407,1026.4924
1645034655446,1026.4924
1645034655484,1026.4924
1645034655522,1026.4924
1645034655560,1026.5269
1645034655599,1026.5269
1645034655638,1026.5269
1645034655677,1026.5269
1645034655716,1026.5172
1645034655752,1026.5172
1645034655792,1026.5172
1645034655831,1026.5172
1645034655882,1026.5277
1645034655906,1026.5277
1645034655945,1026.5277
1645034655984,1026.5277
1645034656022,1026.5248
1645034656060,1026.5248
1645034656101,1026.5248
1645034656136,1026.5248
1645034656176,1026.5155
1645034656218,1026.5155
1645034656253,1026.5155
1645034656293,1026.5155
1645034656330,1026.5663
1645034656369,1026.5663
1645034656406,1026.5663
1645034656445,1026.5663
1645034656483,1026.5582
1645034656523,1026.5582
1645034656562,1026.5582
1645034656603,1026.5582
1645034656637,1026.5684
1645034656678,1026.5684
1645034656713,1026.5684
1645034656752,1026.5684
1645034656791,1026.557
1645034656837,1026.557
1645034656868,1026.557
1645034656907,1026.557
1645034656944,1026.557
1645034656984,1026.5548
1645034657022,1026.5548
1645034657060,1026.5548
1645034657099,1026.5548
1645034657138,1026.6223
1645034657177,1026.6223
1645034657213,1026.6223
1645034657253,1026.6223
1645034657293,1026.6023
1645034657329,1026.6023
1645034657368,1026.6023
1645034657410,1026.6023
1645034657448,1026.6018
1645034657483,1026.6018
1645034657525,1026.6018
1645034657561,1026.6018
1645034657598,1026.5662
1645034657638,1026.5662
1645034657679,1026.5662
1645034657717,1026.5662
1645034657752,1026.562
1645034657790,1026.562
1645034657830,1026.562
1645034657868,1026.562
1645034657906,1026.5803
1645034657945,1026.5803
1645034657983,1026.5803
1645034658022,1026.5803
1645034658061,1026.5677
1645034658104,1026.5677
1645034658138,1026.5677
1645034658179,1026.5677
1645034658215,1026.5955
1645034658251,1026.5955
1645034658290,1026.5955
1645034658332,1026.5955
1645034658369,1026.5736
1645034658407,1026.5736
1645034658446,1026.5736
1645034658486,1026.5736
1645034658521,1026.5778
1645034658561,1026.5778
1645034658599,1026.5778
1645034658636,1026.5778
1645034658676,1026.5748
1645034658715,1026.5748
1645034658753,1026.5748
1645034658792,1026.5748
1645034658831,1026.5748
1645034658869,1026.5752
1645034658906,1026.5752
1645034658945,1026.5752
1645034658984,1026.5752
1645034659023,1026.5924
1645034659060,1026.5924
1645034659098,1026.5924
1645034659141,1026.5924
1645034659177,1026.5757
1645034659216,1026.5757
1645034659255,1026.5757
1645034659290,1026.5757
1645034659328,1026.5828
1645034659368,1026.5828
1645034659405,1026.5828
1645034659445,1026.5828
1645034659483,1026.5707
1645034659521,1026.5707
1645034659559,1026.5707
1645034659599,1026.5707
1645034659637,1026.5643
1645034659675,1026.5643
1645034659715,1026.5643
1645034659759,1026.5643
1645034659792,1026.5857
1645034659829,1026.5857
1645034659867,1026.5857
1645034659907,1026.5857
1645034659945,1026.5785
1645034659983,1026.5785
1645034660023,1026.5785
1645034660059,1026.5785
1645034660098,1026.5836
1645034660136,1026.5836
1645034660181,1026.5836
1645034660215,1026.5836
1645034660251,1026.5773
1645034660290,1026.5773
1645034660329,1026.5773
1645034660367,1026.5773
1645034660407,1026.5723
1645034660448,1026.5723
1645034660485,1026.5723
1645034660521,1026.5723
1645034660561,1026.6062
1645034660597,1026.6062
1645034660636,1026.6062
1645034660676,1026.6062
1645034660713,1026.5664
1645034660752,1026.5664
1645034660791,1026.5664
1645034660828,1026.5664
1645034660869,1026.5664
1645034660906,1026.5723
1645034660944,1026.5723
1645034660981,1026.5723
1645034661021,1026.5723
1645034661061,1026.5701
1645034661099,1026.5701
1645034661137,1026.5701
1645034661175,1026.5701
1645034661216,1026.5559
1645034661252,1026.5559
1645034661294,1026.5559
1645034661331,1026.5559
1645034661368,1026.5869
1645034661406,1026.5869
1645034661449,1026.5869
1645034661484,1026.5869
1645034661521,1026.5618
1645034661558,1026.5618
1645034661599,1026.5618
1645034661636,1026.5618
1645034661675,1026.5907
1645034661715,1026.5907
1645034661754,1026.5907
1645034661793,1026.5907
1645034661828,1026.553
1645034661867,1026.553
1645034661905,1026.553
1645034661944,1026.553
1645034661983,1026.547
1645034662020,1026.547
1645034662059,1026.547
1645034662099,1026.547
1645034662135,1026.5668
1645034662174,1026.5668
1645034662212,1026.5668
1645034662252,1026.5668
1645034662292,1026.5538
1645034662328,1026.5538
1645034662367,1026.5538
1645034662405,1026.5538
1645034662443,1026.581
1645034662482,1026.581
1645034662520,1026.581
1645034662559,1026.581
1645034662598,1026.532
1645034662636,1026.532
1645034662675,1026.532
1645034662712,1026.532
1645034662751,1026.532
1645034662790,1026.5337
1645034662828,1026.5337
1645034662866,1026.5337
1645034662908,1026.5337
1645034662943,1026.5618
1645034662981,1026.5618
1645034663021,1026.5618
1645034663058,1026.5618
1645034663097,1026.548
1645034663136,1026.548
1645034663176,1026.548
1645034663214,1026.548
1645034663253,1026.589
1645034663290,1026.589
1645034663328,1026.589
1645034663370,1026.589
1645034663405,1026.5706
1645034663443,1026.5706
1645034663484,1026.5706
1645034663520,1026.5706
1645034663558,1026.5638
1645034663596,1026.5638
1645034663636,1026.5638
1645034663676,1026.5638
1645034663713,1026.5714
1645034663750,1026.5714
1645034663789,1026.5714
1645034663829,1026.5714
1645034663867,1026.5404
1645034663904,1026.5404
1645034663943,1026.5404
1645034663983,1026.5404
1645034664020,1026.5554
1645034664058,1026.5554
1645034664096,1026.5554
1645034664135,1026.5554
1645034664174,1026.5513
1645034664213,1026.5513
1645034664258,1026.5513
1645034664290,1026.5513
1645034664334,1026.5433
1645034664371,1026.5433
1645034664404,1026.5433
1645034664446,1026.5433
1645034664481,1026.5568
1645034664519,1026.5568
1645034664558,1026.5568
1645034664597,1026.5568
1645034664635,1026.5295
1645034664674,1026.5295
1645034664713,1026.5295
1645034664751,1026.5295
1645034664789,1026.5295
1645034664828,1026.56
1645034664872,1026.56
1645034664905,1026.56
1645034664942,1026.56
1645034664982,1026.5454
1645034665020,1026.5454
1645034665061,1026.5454
1645034665097,1026.5454
1645034665135,1026.5387
1645034665177,1026.5387
1645034665212,1026.5387
1645034665252,1026.5387
1645034665290,1026.5487
1645034665327,1026.5487
1645034665368,1026.5487
1645034665405,1026.5487
1645034665443,1026.5165
1645034665481,1026.5165
1645034665520,1026.5165
1645034665558,1026.5165
1645034665597,1026.5446
1645034665635,1026.5446
1645034665675,1026.5446
1645034665713,1026.5446
1645034665752,1026.5164
1645034665792,1026.5164
1645034665830,1026.5164
1645034665867,1026.5164
1645034665905,1026.5219
1645034665943,1026.5219
1645034665981,1026.5219
1645034666021,1026.5219
1645034666058,1026.5264
1645034666097,1026.5264
1645034666138,1026.5264
1645034666174,1026.5264
1645034666213,1026.5088
1645034666251,1026.5088
1645034666290,1026.5088
1645034666328,1026.5088
1645034666365,1026.544
1645034666405,1026.544
1645034666443,1026.544
1645034666481,1026.544
1645034666519,1026.5133
1645034666561,1026.5133
1645034666596,1026.5133
1645034666634,1026.5133
1645034666674,1026.5133
1645034666714,1026.5188
1645034666753,1026.5188
1645034666790,1026.5188
1645034666827,1026.5188
1645034666866,1026.5125
1645034666904,1026.5125
1645034666942,1026.5125
1645034666980,1026.5125
1645034667019,1026.4902
1645034667061,1026.4902
1645034667096,1026.4902
1645034667135,1026.4902
1645034667173,1026.5636
1645034667211,1026.5636
1645034667251,1026.5636
1645034667290,1026.5636
1645034667327,1026.5358
1645034667366,1026.5358
1645034667404,1026.5358
1645034667450,1026.5358
1645034667480,1026.5443
1645034667520,1026.5443
1645034667557,1026.5443
1645034667598,1026.5443
1645034667634,1026.5308
1645034667673,1026.5308
1645034667712,1026.5308
1645034667752,1026.5308
1645034667789,1026.5161
1645034667827,1026.5161
1645034667866,1026.5161
1645034667905,1026.5161
1645034667943,1026.5714
1645034667982,1026.5714
1645034668019,1026.5714
1645034668058,1026.5714
1645034668097,1026.5483
1645034668134,1026.5483
1645034668173,1026.5483
1645034668213,1026.5483
1645034668250,1026.5621
1645034668288,1026.5621
1645034668327,1026.5621
1645034668366,1026.5621
1645034668403,1026.5382
1645034668442,1026.5382
1645034668481,1026.5382
1645034668520,1026.5382
1645034668557,1026.5186
1645034668595,1026.5186
1645034668634,1026.5186
1645034668673,1026.5186
1645034668711,1026.5186
1645034668750,1026.5859
1645034668789,1026.5859
1645034668827,1026.5859
1645034668866,1026.5859
1645034668906,1026.583
1645034668943,1026.583
1645034668980,1026.583
1645034669024,1026.583
1645034669057,1026.5944
1645034669097,1026.5944
1645034669134,1026.5944
1645034669174,1026.5944
1645034669212,1026.5796
1645034669249,1026.5796
1645034669289,1026.5796
1645034669326,1026.5796
1645034669365,1026.5557
1645034669407,1026.5557
1645034669441,1026.5557
1645034669480,1026.5557
1645034669518,1026.6147
1645034669558,1026.6147
1645034669596,1026.6147
1645034669633,1026.6147
1645034669673,1026.6034
1645034669712,1026.6034
1645034669749,1026.6034
1645034669789,1026.6034
1645034669829,1026.6085
1645034669865,1026.6085
1645034669905,1026.6085
1645034669942,1026.6085
1645034669980,1026.5972
1645034670018,1026.5972
1645034670059,1026.5972
1645034670095,1026.5972
1645034670134,1026.5891
1645034670173,1026.5891
1645034670212,1026.5891
1645034670249,1026.5891
1645034670289,1026.5955
1645034670327,1026.5955
1645034670365,1026.5955
1645034670407,1026.5955
1645034670441,1026.5724
1645034670480,1026.5724
1645034670518,1026.5724
1645034670558,1026.5724
1645034670595,1026.5724
1645034670633,1026.6062
1645034670671,1026.6062
1645034670710,1026.6062
1645034670749,1026.6062
1645034670791,1026.5898
1645034670829,1026.5898
1645034670864,1026.5898
1645034670903,1026.5898
1645034670941,1026.6108
1645034670981,1026.6108
1645034671018,1026.6108
1645034671056,1026.6108
1645034671096,1026.6062
1645034671134,1026.6062
1645034671172,1026.6062
1645034671210,1026.6062
1645034671249,1026.6049
1645034671287,1026.6049
1645034671332,1026.6049
1645034671366,1026.6049
1645034671403,1026.6304
1645034671444,1026.6304
1645034671482,1026.6304
1645034671520,1026.6304
1645034671556,1026.6132
1645034671595,1026.6132
1645034671635,1026.6132
1645034671671,1026.6132
1645034671711,1026.6085
1645034671748,1026.6085
1645034671787,1026.6085
1645034671826,1026.6085
1645034671866,1026.619
1645034671903,1026.619
1645034671942,1026.619
1645034671980,1026.619
1645034672018,1026.5956
1645034672056,1026.5956
1645034672096,1026.5956
1645034672135,1026.5956
1645034672171,1026.6295
1645034672210,1026.6295
1645034672249,1026.6295
1645034672288,1026.6295
1645034672326,1026.6132
1645034672364,1026.6132
1645034672403,1026.6132
1645034672441,1026.6132
1645034672480,1026.5825
1645034672518,1026.5825
1645034672557,1026.5825
1645034672595,1026.5825
1645034672634,1026.5825
1645034672673,1026.5955
1645034672712,1026.5955
1645034672749,1026.5955
1645034672787,1026.5955
1645034672825,1026.5741
1645034672864,1026.5741
1645034672904,1026.5741
1645034672941,1026.5741
1645034672981,1026.6024
1645034673017,1026.6024
1645034673061,1026.6024
1645034673095,1026.6024
1645034673134,1026.5908
1645034673173,1026.5908
1645034673213,1026.5908
1645034673249,1026.5908
1645034673286,1026.576
1645034673325,1026.576
1645034673364,1026.576
1645034673401,1026.576
1645034673440,1026.6
1645034673481,1026.6
1645034673518,1026.6
1645034673557,1026.6
1645034673595,1026.5852
1645034673635,1026.5852
1645034673671,1026.5852
1645034673718,1026.5852
1645034673753,1026.6107
1645034673787,1026.6107
1645034673825,1026.6107
1645034673863,1026.6107
1645034673901,1026.5991
1645034673940,1026.5991
1645034673982,1026.5991
1645034674017,1026.5991
1645034674056,1026.5835
1645034674096,1026.5835
1645034674132,1026.5835
1645034674171,1026.5835
1645034674209,1026.5806
1645034674250,1026.5806
1645034674287,1026.5806
1645034674325,1026.5806
1645034674364,1026.5608
1645034674405,1026.5608
1645034674440,1026.5608
1645034674479,1026.5608
1645034674517,1026.586
1645034674556,1026.586
1645034674594,1026.586
1645034674634,1026.586
1645034674672,1026.586
1645034674710,1026.5797
1645034674748,1026.5797
1645034674787,1026.5797
1645034674825,1026.5797
1645034674864,1026.57
1645034674904,1026.57
1645034674941,1026.57
1645034674979,1026.57
1645034675018,1026.5889
1645034675056,1026.5889
1645034675094,1026.5889
1645034675133,1026.5889
1645034675173,1026.5658
1645034675210,1026.5658
1645034675248,1026.5658
1645034675286,1026.5658
1645034675326,1026.5809
1645034675365,1026.5809
1645034675402,1026.5809
1645034675439,1026.5809
1645034675479,1026.5737
1645034675518,1026.5737
1645034675557,1026.5737
1645034675596,1026.5737
1645034675634,1026.5522
1645034675673,1026.5522
1645034675717,1026.5522
1645034675748,1026.5522
1645034675787,1026.6012
1645034675828,1026.6012
1645034675864,1026.6012
1645034675903,1026.6012
1645034675943,1026.5657
1645034675978,1026.5657
1645034676016,1026.5657
1645034676057,1026.5657
1645034676096,1026.5778
1645034676134,1026.5778
1645034676171,1026.5778
1645034676211,1026.5778
1645034676250,1026.5643
1645034676286,1026.5643
1645034676325,1026.5643
1645034676364,1026.5643
1645034676401,1026.5488
1645034676440,1026.5488
1645034676478,1026.5488
1645034676517,1026.5488
1645034676555,1026.5488
1645034676594,1026.581
1645034676632,1026.581
1645034676671,1026.581
1645034676710,1026.581
1645034676749,1026.5576
1645034676786,1026.5576
1645034676824,1026.5576
1645034676864,1026.5576
1645034676903,1026.5664
1645034676940,1026.5664
1645034676981,1026.5664
1645034677016,1026.5664
1645034677055,1026.5718
1645034677095,1026.5718
1645034677133,1026.5718
1645034677170,1026.5718
1645034677210,1026.542
1645034677249,1026.542
1645034677287,1026.542
1645034677332,1026.542
1645034677363,1026.5775
1645034677401,1026.5775
1645034677440,1026.5775
1645034677479,1026.5775
1645034677517,1026.5562
1645034677556,1026.5562
1645034677594,1026.5562
1645034677633,1026.5562
1645034677671,1026.5479
1645034677708,1026.5479
1645034677748,1026.5479
1645034677786,1026.5479
1645034677824,1026.5427
1645034677863,1026.5427
1645034677903,1026.5427
1645034677940,1026.5427
1645034677980,1026.5436
1645034678017,1026.5436
1645034678055,1026.5436
1645034678093,1026.5436
1645034678137,1026.5615
1645034678170,1026.5615
1645034678209,1026.5615
1645034678248,1026.5615
1645034678286,1026.556
1645034678324,1026.556
1645034678365,1026.556
1645034678402,1026.556
1645034678440,1026.5577
1645034678482,1026.5494
1645034678517,1026.5494
1645034678556,1026.5494
1645034678593,1026.5494
1645034678635,1026.5774
1645034678673,1026.5774
1645034678712,1026.5774
1645034678749,1026.5774
1645034678788,1026.5519
1645034678825,1026.5519
1645034678863,1026.5519
1645034678903,1026.5519
1645034678940,1026.5656
1645034678978,1026.5656
1645034679016,1026.5656
1645034679056,1026.5656
1645034679096,1026.5693
1645034679135,1026.5693
1645034679172,1026.5693
1645034679211,1026.5693
1645034679250,1026.5647
1645034679287,1026.5647
1645034679325,1026.5647
1645034679370,1026.5647
1645034679405,1026.5831
1645034679445,1026.5831
1645034679479,1026.5831
1645034679517,1026.5831
1645034679555,1026.5575
1645034679596,1026.5575
1645034679632,1026.5575
1645034679670,1026.5575
1645034679709,1026.588
1645034679747,1026.588
1645034679787,1026.588
1645034679826,1026.588
1645034679866,1026.5797
1645034679901,1026.5797
1645034679939,1026.5797
1645034679978,1026.5797
1645034680016,1026.5792
1645034680055,1026.5792
1645034680094,1026.5792
1645034680138,1026.5792
1645034680170,1026.5997
1645034680212,1026.5997
1645034680247,1026.5997
1645034680285,1026.5997
1645034680323,1026.5784
1645034680363,1026.5784
1645034680401,1026.5784
1645034680441,1026.5784
1645034680478,1026.5784
1645034680517,1026.5992
1645034680556,1026.5992
1645034680593,1026.5992
1645034680634,1026.5992
1645034680670,1026.5884
1645034680710,1026.5884
1645034680747,1026.5884
1645034680786,1026.5884
1645034680827,1026.5708
1645034680867,1026.5708
1645034680900,1026.5708
1645034680942,1026.5708
1645034680981,1026.5784
1645034681016,1026.5784
1645034681054,1026.5784
1645034681094,1026.5784
1645034681132,1026.5503
1645034681169,1026.5503
1645034681209,1026.5503
1645034681247,1026.5503
1645034681286,1026.5629
1645034681324,1026.5629
1645034681363,1026.5629
1645034681402,1026.5629
1645034681441,1026.5592
1645034681478,1026.5592
1645034681519,1026.5592
1645034681554,1026.5592
1645034681594,1026.5646
1645034681633,1026.5646
1645034681669,1026.5646
1645034681710,1026.5646
1645034681748,1026.5966
1645034681786,1026.5966
1645034681824,1026.5966
1645034681863,1026.5966
1645034681902,1026.5647
1645034681939,1026.5647
1645034681978,1026.5647
1645034682016,1026.5647
1645034682055,1026.5928
1645034682099,1026.5928
1645034682133,1026.5928
1645034682170,1026.5928
1645034682209,1026.5664
1645034682247,1026.5664
1645034682286,1026.5664
1645034682324,1026.5664
1645034682369,1026.5664
1645034682400,1026.566
1645034682439,1026.566
1645034682477,1026.566
1645034682515,1026.566
1645034682553,1026.5829
1645034682593,1026.5829
1645034682632,1026.5829
1645034682669,1026.5829
1645034682708,1026.5443
1645034682746,1026.5443
1645034682784,1026.5443
1645034682823,1026.5443
1645034682862,1026.588
1645034682899,1026.588
1645034682938,1026.588
1645034682978,1026.588
1645034683015,1026.5684
1645034683053,1026.5684
1645034683094,1026.5684
1645034683132,1026.5684
1645034683169,1026.5771
1645034683208,1026.5771
1645034683246,1026.5771
1645034683284,1026.5771
1645034683325,1026.5675
1645034683361,1026.5675
1645034683399,1026.5675
1645034683438,1026.5675
1645034683480,1026.5492
1645034683518,1026.5492
1645034683553,1026.5492
1645034683592,1026.5492
1645034683633,1026.5931
1645034683669,1026.5931
1645034683708,1026.5931
1645034683746,1026.5931
1645034683784,1026.581
1645034683824,1026.581
1645034683862,1026.581
1645034683899,1026.581
1645034683937,1026.5848
1645034683978,1026.5848
1645034684015,1026.5848
1645034684055,1026.5848
1645034684092,1026.574
1645034684133,1026.574
1645034684168,1026.574
1645034684208,1026.574
1645034684247,1026.5521
1645034684285,1026.5643
1645034684323,1026.5643
1645034684361,1026.5643
1645034684400,1026.5643
1645034684440,1026.5874
1645034684476,1026.5874
1645034684515,1026.5874
1645034684556,1026.5874
1645034684596,1026.5803
1645034684630,1026.5803
1645034684675,1026.5803
1645034684706,1026.5803
1645034684745,1026.6051
1645034684788,1026.6051
1645034684827,1026.6051
1645034684861,1026.6051
1645034684901,1026.5946
1645034684943,1026.5946
1645034684976,1026.5946
1645034685015,1026.5946
1645034685053,1026.5703
1645034685095,1026.5703
1645034685130,1026.5703
1645034685170,1026.5703
1645034685211,1026.616
1645034685245,1026.616
1645034685283,1026.616
1645034685324,1026.616
1645034685361,1026.6139
1645034685399,1026.6139
1645034685439,1026.6139
1645034685476,1026.6139
1645034685516,1026.6354
1645034685554,1026.6354
1645034685592,1026.6354
1645034685630,1026.6354
1645034685668,1026.6244
1645034685708,1026.6244
1645034685747,1026.6244
1645034685784,1026.6244
1645034685823,1026.6123
1645034685866,1026.6123
1645034685904,1026.6123
1645034685937,1026.6123
1645034685976,1026.6195
1645034686015,1026.6195
1645034686055,1026.6195
1645034686093,1026.6195
1645034686131,1026.6228
1645034686169,1026.6228
1645034686207,1026.6228
1645034686246,1026.6228
1645034686285,1026.6228
1645034686323,1026.6736
1645034686361,1026.6736
1645034686399,1026.6736
1645034686438,1026.6736
1645034686477,1026.6514
1645034686515,1026.6514
1645034686553,1026.6514
1645034686591,1026.6514
1645034686630,1026.6405
1645034686669,1026.6405
1645034686707,1026.6405
1645034686746,1026.6405
1645034686783,1026.646
1645034686822,1026.646
1645034686860,1026.646
1645034686901,1026.646
1645034686937,1026.6417
1645034686975,1026.6417
1645034687015,1026.6417
1645034687058,1026.6417
1645034687091,1026.6866
1645034687133,1026.6866
1645034687173,1026.6866
1645034687207,1026.6866
1645034687245,1026.6539
1645034687284,1026.6539
1645034687326,1026.6539
1645034687360,1026.6539
1645034687401,1026.6427
1645034687438,1026.6427
1645034687475,1026.6427
1645034687514,1026.6427
1645034687552,1026.6208
1645034687591,1026.6208
1645034687630,1026.6208
1645034687676,1026.6208
1645034687707,1026.628
1645034687745,1026.628
1645034687785,1026.628
1645034687822,1026.628
1645034687861,1026.673
1645034687899,1026.673
1645034687937,1026.673
1645034687976,1026.673
1645034688014,1026.6477
1645034688053,1026.6477
1645034688093,1026.6477
1645034688130,1026.6477
1645034688168,1026.6477
1645034688207,1026.6398
1645034688246,1026.6398
1645034688284,1026.6398
1645034688321,1026.6398
1645034688361,1026.6189
1645034688398,1026.6189
1645034688437,1026.6189
1645034688477,1026.6189
1645034688514,1026.6251
1645034688554,1026.6251
1645034688591,1026.6251
1645034688631,1026.6251
1645034688668,1026.6776
1645034688712,1026.6776
1645034688746,1026.6776
1645034688783,1026.6776
1645034688823,1026.67
1645034688865,1026.67
1645034688898,1026.67
1645034688936,1026.67
1645034688975,1026.6697
1645034689015,1026.6697
1645034689055,1026.6697
1645034689091,1026.6697
1645034689130,1026.647
1645034689168,1026.647
1645034689207,1026.647
1645034689244,1026.647
1645034689284,1026.6509
1645034689323,1026.6509
1645034689363,1026.6509
1645034689400,1026.6509
1645034689437,1026.6768
1645034689477,1026.6768
1645034689515,1026.6768
1645034689553,1026.6768
1645034689590,1026.6425
1645034689629,1026.6425
1645034689669,1026.6425
1645034689706,1026.6425
1645034689745,1026.6793
1645034689784,1026.6793
1645034689822,1026.6793
1645034689860,1026.6793
1645034689901,1026.653
1645034689937,1026.653
1645034689978,1026.653
1645034690031,1026.653
1645034690055,1026.653
1645034690090,1026.6588
1645034690130,1026.6588
1645034690167,1026.6588
1645034690207,1026.6588
1645034690247,1026.6769
1645034690283,1026.6769
1645034690323,1026.6769
1645034690359,1026.6769
1645034690398,1026.64
1645034690445,1026.64
1645034690475,1026.64
1645034690515,1026.64
1645034690553,1026.6559
1645034690590,1026.6559
1645034690628,1026.6559
1645034690667,1026.6559
1645034690706,1026.6195
1645034690746,1026.6195
1645034690783,1026.6195
1645034690821,1026.6195
1645034690861,1026.6454
1645034690898,1026.6454
1645034690937,1026.6454
1645034690976,1026.6454
1645034691013,1026.6812
1645034691053,1026.6812
1645034691090,1026.6812
1645034691138,1026.6812
1645034691170,1026.6526
1645034691205,1026.6526
1645034691243,1026.6526
1645034691282,1026.6526
1645034691323,1026.6777
1645034691359,1026.6777
1645034691398,1026.6777
1645034691437,1026.6777
1645034691477,1026.6534
1645034691519,1026.6534
1645034691553,1026.6534
1645034691591,1026.6534
1645034691628,1026.6686
1645034691679,1026.6686
1645034691707,1026.6686
1645034691744,1026.6686
1645034691782,1026.6836
1645034691821,1026.6836
1645034691859,1026.6836
1645034691898,1026.6836
1645034691936,1026.6434
1645034691975,1026.6434
1645034692012,1026.6434
1645034692051,1026.6434
1645034692090,1026.6434
1645034692128,1026.661
1645034692166,1026.661
1645034692205,1026.661
1645034692246,1026.661
1645034692282,1026.6228
1645034692320,1026.6228
1645034692359,1026.6228
1645034692401,1026.6228
1645034692437,1026.645
1645034692475,1026.645
1645034692512,1026.645
1645034692551,1026.645
1645034692591,1026.6512
1645034692631,1026.6512
1645034692666,1026.6512
1645034692707,1026.6512
1645034692745,1026.6168
1645034692783,1026.6168
1645034692821,1026.6168
1645034692859,1026.6168
1645034692897,1026.6583
1645034692936,1026.6583
1645034692977,1026.6583
1645034693014,1026.6583
1645034693052,1026.6172
1645034693090,1026.6172
1645034693129,1026.6172
1645034693169,1026.6172
1645034693206,1026.6184
1645034693243,1026.6184
1645034693283,1026.6184
1645034693370,1026.6184
1645034693371,1026.6276
1645034693417,1026.6276
1645034693468,1026.6276
1645034693474,1026.6276
1645034693518,1026.599
1645034693554,1026.599
1645034693591,1026.599
1645034693637,1026.599
1645034693677,1026.6263
1645034693708,1026.6263
1645034693744,1026.6263
1645034693784,1026.6263
1645034693821,1026.5868
1645034693858,1026.5868
1645034693896,1026.5868
1645034693948,1026.5868
1645034693975,1026.5868
1645034694012,1026.5985
1645034694058,1026.5985
1645034694124,1026.5985
1645034694145,1026.5985
1645034694166,1026.6144
1645034694204,1026.6144
1645034694243,1026.6144
1645034694281,1026.6144
1645034694323,1026.6013
1645034694358,1026.6013
1645034694396,1026.6013
1645034694436,1026.6013
1645034694474,1026.6449
1645034694511,1026.6449
1645034694551,1026.6449
1645034694589,1026.6449
1645034694629,1026.6188
1645034694666,1026.6188
1645034694710,1026.6188
1645034694749,1026.6188
1645034694782,1026.6364
1645034694821,1026.6364
1645034694861,1026.6364
1645034694899,1026.6364
1645034694938,1026.6412
1645034694973,1026.6412
1645034695014,1026.6412
1645034695050,1026.6412
1645034695090,1026.6207
1645034695129,1026.6207
1645034695165,1026.6207
1645034695207,1026.6207
1645034695244,1026.6818
1645034695281,1026.6818
1645034695320,1026.6818
1645034695358,1026.6818
1645034695398,1026.6499
1645034695435,1026.6499
1645034695475,1026.6499
1645034695512,1026.6499
1645034695552,1026.6755
1645034695590,1026.6755
1645034695628,1026.6755
1645034695667,1026.6755
1645034695705,1026.6783
1645034695744,1026.6783
1645034695781,1026.6783
1645034695820,1026.6783
1645034695858,1026.6783
1645034695898,1026.654
1645034695935,1026.654
1645034695976,1026.654
1645034696012,1026.654
1645034696052,1026.7
1645034696091,1026.7
1645034696129,1026.7
1645034696166,1026.7
1645034696204,1026.682
1645034696243,1026.682
1645034696282,1026.682
1645034696326,1026.682
1645034696359,1026.7003
1645034696396,1026.7003
1645034696434,1026.7003
1645034696474,1026.7003
1645034696521,1026.6948
1645034696551,1026.6948
1645034696589,1026.6948
1645034696627,1026.6948
1645034696666,1026.6755
1645034696704,1026.6755
1645034696744,1026.6755
1645034696784,1026.6755
1645034696820,1026.7028
1645034696858,1026.7028
1645034696897,1026.7028
1645034696937,1026.7028
1645034696973,1026.6901
1645034697013,1026.6901
1645034697050,1026.6901
1645034697089,1026.6901
1645034697128,1026.7047
1645034697169,1026.7047
1645034697204,1026.7047
1645034697242,1026.7047
1645034697281,1026.7076
1645034697322,1026.7076
1645034697359,1026.7076
1645034697396,1026.7076
1645034697436,1026.6807
1645034697473,1026.6807
1645034697512,1026.6807
1645034697551,1026.6807
1645034697589,1026.6929
1645034697628,1026.6929
1645034697665,1026.6929
1645034697704,1026.6929
1645034697742,1026.6929
1645034697781,1026.6857
1645034697825,1026.6857
1645034697859,1026.6857
1645034697896,1026.6857
1645034697935,1026.7141
1645034697973,1026.7141
1645034698012,1026.7141
1645034698050,1026.7141
1645034698089,1026.7079
1645034698131,1026.7079
1645034698165,1026.7079
1645034698204,1026.7079
1645034698256,1026.6852
1645034698281,1026.6852
1645034698319,1026.6852
1645034698358,1026.6852
1645034698397,1026.7115
1645034698435,1026.7115
1645034698474,1026.7115
1645034698514,1026.7115
1645034698553,1026.7076
1645034698593,1026.7076
1645034698628,1026.7076
1645034698665,1026.7076
1645034698705,1026.7424
1645034698743,1026.7424
1645034698780,1026.7424
1645034698820,1026.7424
1645034698858,1026.7264
1645034698896,1026.7264
1645034698934,1026.7264
1645034698973,1026.7264
1645034699012,1026.7059
1645034699050,1026.7059
1645034699089,1026.7059
1645034699127,1026.7059
1645034699165,1026.7058
1645034699203,1026.7058
1645034699243,1026.7058
1645034699280,1026.7058
1645034699318,1026.6969
1645034699357,1026.6969
1645034699399,1026.6969
1645034699434,1026.6969
1645034699472,1026.7434
1645034699513,1026.7434
1645034699550,1026.7434
1645034699589,1026.7434
1645034699626,1026.7354
1645034699665,1026.7354
1645034699705,1026.7354
1645034699741,1026.7354
1645034699781,1026.7354
1645034699822,1026.7183
1645034699857,1026.7183
1645034699896,1026.7183
1645034699934,1026.7183
1645034699975,1026.7395
1645034700011,1026.7395
1645034700052,1026.7395
1645034700088,1026.7395
1645034700126,1026.7328
1645034700169,1026.7328
1645034700205,1026.7328
1645034700241,1026.7328
1645034700282,1026.7599
1645034700318,1026.7599
1645034700357,1026.7599
1645034700395,1026.7599
1645034700435,1026.7523
1645034700478,1026.7523
1645034700510,1026.7523
1645034700550,1026.7523
1645034700588,1026.7334
1645034700627,1026.7334
1645034700666,1026.7334
1645034700706,1026.7334
1645034700741,1026.7129
1645034700780,1026.7129
1645034700819,1026.7129
1645034700862,1026.7129
1645034700896,1026.7128
1645034700936,1026.7128
1645034700973,1026.7128
1645034701020,1026.7128
1645034701049,1026.7474
1645034701090,1026.7474
1645034701126,1026.7474
1645034701164,1026.7474
1645034701205,1026.7361
1645034701243,1026.7361
1645034701280,1026.7361
1645034701323,1026.7361
1645034701357,1026.7257
1645034701395,1026.7257
1645034701433,1026.7257
1645034701472,1026.7257
1645034701510,1026.7126
1645034701551,1026.7126
1645034701588,1026.7126
1645034701627,1026.7126
1645034701665,1026.7126
1645034701703,1026.7101
1645034701742,1026.7101
1645034701779,1026.7101
1645034701818,1026.7101
1645034701857,1026.747
1645034701896,1026.747
1645034701933,1026.747
1645034701971,1026.747
1645034702010,1026.7345
1645034702048,1026.7345
1645034702089,1026.7345
1645034702129,1026.7345
1645034702166,1026.7278
1645034702204,1026.7278
1645034702242,1026.7278
1645034702279,1026.7278
1645034702319,1026.7068
1645034702356,1026.7068
1645034702395,1026.7068
1645034702433,1026.7068
1645034702472,1026.7009
1645034702511,1026.7009
1645034702550,1026.7009
1645034702589,1026.7009
1645034702626,1026.7316
1645034702665,1026.7316
1645034702703,1026.7316
1645034702741,1026.7316
1645034702779,1026.7245
1645034702817,1026.7245
1645034702856,1026.7245
1645034702899,1026.7245
1645034702934,1026.6993
1645034702972,1026.6993
1645034703012,1026.6993
1645034703053,1026.6993
1645034703088,1026.7291
1645034703125,1026.7291
1645034703165,1026.7291
1645034703203,1026.7291
1645034703246,1026.7086
1645034703282,1026.7086
1645034703323,1026.7086
1645034703357,1026.7086
1645034703394,1026.7362
1645034703434,1026.7362
1645034703477,1026.7362
1645034703510,1026.7362
1645034703550,1026.7362
1645034703587,1026.7258
1645034703626,1026.7258
1645034703681,1026.7258
1645034703722,1026.7258
1645034703745,1026.722
1645034703789,1026.722
1645034703855,1026.722
1645034703855,1026.722
1645034703895,1026.716
1645034703934,1026.716
1645034703974,1026.716
1645034704010,1026.716
1645034704049,1026.6941
1645034704088,1026.6941
1645034704130,1026.6941
1645034704170,1026.6941
1645034704210,1026.7003
1645034704243,1026.7003
1645034704279,1026.7003
1645034704317,1026.7003
1645034704356,1026.6927
1645034704394,1026.6927
1645034704444,1026.6927
1645034704472,1026.6927
1645034704520,1026.6831
1645034704550,1026.6831
1645034704589,1026.6831
1645034704630,1026.6831
1645034704663,1026.6969
1645034704702,1026.6969
1645034704740,1026.6969
1645034704781,1026.6969
1645034704818,1026.709
1645034704862,1026.709
1645034704895,1026.709
1645034704933,1026.709
1645034704972,1026.7462
1645034705009,1026.7462
1645034705048,1026.7462
1645034705086,1026.7462
1645034705126,1026.714
1645034705166,1026.714
1645034705202,1026.714
1645034705244,1026.714
1645034705278,1026.7051
1645034705317,1026.7051
1645034705355,1026.7051
1645034705395,1026.7051
1645034705433,1026.6913
1645034705471,1026.6913
1645034705510,1026.6913
1645034705554,1026.6913
1645034705587,1026.6913
1645034705627,1026.695
1645034705663,1026.695
1645034705701,1026.695
1645034705740,1026.695
1645034705779,1026.6979
1645034705817,1026.6979
1645034705860,1026.6979
1645034705895,1026.6979
1645034705933,1026.6567
1645034705971,1026.6567
1645034706009,1026.6567
1645034706049,1026.6567
1645034706088,1026.663
1645034706125,1026.663
1645034706165,1026.663
1645034706201,1026.663
1645034706240,1026.6525
1645034706280,1026.6525
1645034706318,1026.6525
1645034706356,1026.6525
1645034706394,1026.6456
1645034706434,1026.6456
1645034706471,1026.6456
1645034706509,1026.6456
1645034706550,1026.6553
1645034706586,1026.6553
1645034706625,1026.6553
1645034706663,1026.6553
1645034706702,1026.6348
1645034706740,1026.6348
1645034706780,1026.6348
1645034706818,1026.6348
1645034706855,1026.6577
1645034706894,1026.6577
1645034706933,1026.6577
1645034706973,1026.6577
1645034707010,1026.6342
1645034707049,1026.6342
1645034707086,1026.6342
1645034707126,1026.6342
1645034707163,1026.6404
1645034707203,1026.6404
1645034707241,1026.6404
1645034707278,1026.6404
1645034707318,1026.6166
1645034707355,1026.6166
1645034707394,1026.6166
1645034707435,1026.6166
1645034707472,1026.6166
1645034707509,1026.5977
1645034707547,1026.5977
1645034707585,1026.5977
1645034707635,1026.5977
1645034707676,1026.6411
1645034707709,1026.6411
1645034707767,1026.6411
1645034707792,1026.6411
1645034707845,1026.6272
1645034707873,1026.6272
1645034707900,1026.6272
1645034707942,1026.6272
1645034707980,1026.626
1645034708063,1026.626
1645034708063,1026.626
1645034708110,1026.626
1645034708126,1026.6259
1645034708163,1026.6259
1645034708215,1026.6259
1645034708244,1026.6259
1645034708278,1026.5952
1645034708318,1026.5952
1645034708354,1026.5952
1645034708457,1026.5952
1645034708458,1026.6149
1645034708502,1026.6149
1645034708511,1026.6149
1645034708576,1026.6149
1645034708586,1026.5889
1645034708626,1026.5889
1645034708663,1026.5889
1645034708710,1026.5889
1645034708744,1026.6051
1645034708786,1026.6051
1645034708823,1026.6051
1645034708892,1026.6051
1645034708901,1026.582
1645034708936,1026.582
1645034708970,1026.582
1645034709008,1026.582
1645034709048,1026.57
1645034709088,1026.57
1645034709134,1026.57
1645034709187,1026.57
1645034709207,1026.592
1645034709242,1026.592
1645034709298,1026.592
1645034709320,1026.592
1645034709362,1026.592
1645034709395,1026.5883
1645034709433,1026.5883
1645034709476,1026.5883
1645034709521,1026.5883
1645034709548,1026.6271
1645034709591,1026.6271
1645034709623,1026.6271
1645034709666,1026.6271
1645034709703,1026.5856
1645034709739,1026.5856
1645034709777,1026.5856
1645034709817,1026.5856
1645034709854,1026.5768
1645034709893,1026.5768
1645034709937,1026.5768
1645034709977,1026.5768
1645034710008,1026.5914
1645034710046,1026.5914
1645034710086,1026.5914
1645034710126,1026.5914
1645034710163,1026.6068
1645034710203,1026.6068
1645034710239,1026.6068
1645034710278,1026.6068
1645034710316,1026.6256
1645034710357,1026.6256
1645034710394,1026.6256
1645034710432,1026.6256
1645034710473,1026.616
1645034710508,1026.616
1645034710547,1026.616
1645034710587,1026.616
1645034710625,1026.6305
1645034710663,1026.6305
1645034710700,1026.6305
1645034710740,1026.6305
1645034710777,1026.6074
1645034710816,1026.6074
1645034710855,1026.6074
1645034710893,1026.6074
1645034710936,1026.6012
1645034710970,1026.6012
1645034711009,1026.6012
1645034711046,1026.6012
1645034711085,1026.6079
1645034711125,1026.6079
1645034711162,1026.6079
1645034711202,1026.6079
1645034711242,1026.6079
1645034711281,1026.5647
1645034711316,1026.5647
1645034711355,1026.5647
1645034711393,1026.5647
1645034711432,1026.5935
1645034711469,1026.5935
1645034711508,1026.5935
1645034711546,1026.5935
1645034711585,1026.5806
1645034711625,1026.5806
1645034711662,1026.5806
1645034711700,1026.5806
1645034711739,1026.5977
1645034711777,1026.5977
1645034711817,1026.5977
1645034711854,1026.5977
1645034711896,1026.6152
1645034711932,1026.6152
1645034711969,1026.6152
1645034712008,1026.6152
1645034712047,1026.5837
1645034712085,1026.5837
1645034712123,1026.5837
1645034712164,1026.5837
1645034712202,1026.5958
1645034712238,1026.5958
1645034712278,1026.5958
1645034712323,1026.5958
1645034712354,1026.5627
1645034712392,1026.5627
1645034712431,1026.5627
1645034712469,1026.5627
1645034712508,1026.597
1645034712548,1026.597
1645034712585,1026.597
1645034712624,1026.597
1645034712662,1026.5891
1645034712700,1026.5891
1645034712739,1026.5891
1645034712777,1026.5891
1645034712815,1026.5526
1645034712853,1026.5526
1645034712893,1026.5526
1645034712932,1026.5526
1645034712970,1026.5652
1645034713007,1026.5652
1645034713046,1026.5652
1645034713091,1026.5652
1645034713123,1026.5652
1645034713161,1026.5476
1645034713200,1026.5476
1645034713240,1026.5476
1645034713277,1026.5476
1645034713317,1026.5614
1645034713357,1026.5614
1645034713393,1026.5614
1645034713431,1026.5614
1645034713468,1026.5701
1645034713507,1026.5701
1645034713546,1026.5701
1645034713584,1026.5701
1645034713623,1026.5475
1645034713661,1026.5475
1645034713699,1026.5475
1645034713738,1026.5475
1645034713777,1026.5409
1645034713815,1026.5409
1645034713854,1026.5409
1645034713892,1026.5409
1645034713934,1026.5228
1645034713970,1026.5228
1645034714023,1026.5228
1645034714048,1026.5228
1645034714088,1026.5558
1645034714123,1026.5558
1645034714161,1026.5558
1645034714200,1026.5558
1645034714240,1026.508
1645034714281,1026.508
1645034714315,1026.508
1645034714354,1026.508
1645034714397,1026.4825
1645034714430,1026.4825
1645034714469,1026.4825
1645034714507,1026.4825
1645034714545,1026.47
1645034714584,1026.47
1645034714623,1026.47
1645034714662,1026.47
1645034714699,1026.4691
1645034714739,1026.4691
1645034714778,1026.4691
1645034714815,1026.4691
1645034714855,1026.5122
1645034714892,1026.5122
1645034714935,1026.5122
1645034714972,1026.5122
1645034715007,1026.5122
1645034715046,1026.4979
1645034715083,1026.4979
1645034715123,1026.4979
1645034715167,1026.4979
1645034715199,1026.4695
1645034715237,1026.4695
1645034715279,1026.4695
1645034715315,1026.4695
1645034715353,1026.4456
1645034715391,1026.4456
1645034715430,1026.4456
1645034715468,1026.4456
1645034715507,1026.423
1645034715550,1026.423
1645034715583,1026.423
1645034715622,1026.423
1645034715660,1026.4355
1645034715699,1026.4355
1645034715737,1026.4355
1645034715776,1026.4355
1645034715814,1026.3765
1645034715852,1026.3765
1645034715891,1026.3765
1645034715931,1026.3765
1645034715968,1026.3707
1645034716006,1026.3707
1645034716045,1026.3707
1645034716083,1026.3707
1645034716122,1026.3401
1645034716160,1026.3401
1645034716199,1026.3401
1645034716237,1026.3401
1645034716276,1026.341
1645034716314,1026.341
1645034716353,1026.341
1645034716391,1026.341
1645034716429,1026.3811
1645034716469,1026.3811
1645034716506,1026.3811
1645034716544,1026.3811
1645034716584,1026.3551
1645034716622,1026.3551
1645034716660,1026.3551
1645034716699,1026.3551
1645034716737,1026.363
1645034716775,1026.363
1645034716814,1026.363
1645034716853,1026.363
1645034716891,1026.363
1645034716930,1026.3212
1645034716969,1026.3212
1645034717006,1026.3212
1645034717044,1026.3212
1645034717083,1026.3103
1645034717121,1026.3103
1645034717164,1026.3103
1645034717199,1026.3103
1645034717240,1026.3237
1645034717278,1026.3237
1645034717316,1026.3237
1645034717352,1026.3237
1645034717392,1026.2914
1645034717430,1026.2914
1645034717468,1026.2914
1645034717510,1026.2914
1645034717546,1026.3174
1645034717583,1026.3174
1645034717623,1026.3174
1645034717663,1026.3174
1645034717699,1026.2952
1645034717737,1026.2952
1645034717776,1026.2952
1645034717817,1026.2952
1645034717853,1026.3278
1645034717894,1026.3278
1645034717930,1026.3278
1645034717968,1026.3278
1645034718006,1026.3772
1645034718048,1026.3772
1645034718083,1026.3772
1645034718122,1026.3772
1645034718162,1026.3583
1645034718198,1026.3583
1645034718237,1026.3583
1645034718276,1026.3583
1645034718314,1026.3307
1645034718353,1026.3307
1645034718390,1026.3307
1645034718429,1026.3307
1645034718467,1026.334
1645034718506,1026.334
1645034718545,1026.334
1645034718583,1026.334
1645034718622,1026.3569
1645034718661,1026.3569
1645034718698,1026.3569
1645034718737,1026.3569
1645034718775,1026.3569
1645034718815,1026.393
1645034718854,1026.393
1645034718890,1026.393
1645034718930,1026.393
1645034718968,1026.3402
1645034719007,1026.3402
1645034719044,1026.3402
1645034719084,1026.3402
1645034719122,1026.3499
1645034719159,1026.3499
1645034719200,1026.3499
1645034719236,1026.3499
1645034719275,1026.3156
1645034719314,1026.3156
1645034719352,1026.3156
1645034719390,1026.3156
1645034719428,1026.3184
1645034719467,1026.3184
1645034719506,1026.3184
1645034719544,1026.3184
1645034719583,1026.3619
1645034719621,1026.3619
1645034719659,1026.3619
1645034719698,1026.3619
1645034719736,1026.3552
1645034719775,1026.3552
1645034719815,1026.3552
1645034719854,1026.3552
1645034719890,1026.3628
1645034719928,1026.3628
1645034719967,1026.3628
1645034720005,1026.3628
1645034720044,1026.3344
1645034720082,1026.3344
1645034720121,1026.3344
1645034720160,1026.3344
1645034720198,1026.3309
1645034720238,1026.3309
1645034720275,1026.3309
1645034720314,1026.3309
1645034720353,1026.3402
1645034720390,1026.3402
1645034720430,1026.3402
1645034720468,1026.3402
1645034720507,1026.3063
1645034720545,1026.3063
1645034720584,1026.3063
1645034720626,1026.3063
1645034720674,1026.3063
1645034720698,1026.3302
1645034720736,1026.3302
1645034720776,1026.3302
1645034720814,1026.3302
1645034720853,1026.288
1645034720895,1026.288
1645034720929,1026.288
1645034720967,1026.288
1645034721016,1026.3002
1645034721044,1026.3002
1645034721083,1026.3002
1645034721121,1026.3002
1645034721161,1026.3237
1645034721198,1026.3237
1645034721236,1026.3237
1645034721277,1026.3237
1645034721314,1026.2991
1645034721352,1026.2991
1645034721390,1026.2991
1645034721428,1026.2991
1645034721471,1026.3087
1645034721505,1026.3087
1645034721546,1026.3087
1645034721583,1026.3087
1645034721621,1026.2673
1645034721659,1026.2673
1645034721698,1026.2673
1645034721737,1026.2673
1645034721774,1026.2878
1645034721814,1026.2878
1645034721851,1026.2878
1645034721890,1026.2878
1645034721929,1026.3118
1645034721972,1026.3118
1645034722007,1026.3118
1645034722047,1026.3118
1645034722084,1026.2969
1645034722121,1026.2969
1645034722160,1026.2969
1645034722200,1026.2969
1645034722236,1026.3525
1645034722274,1026.3525
1645034722313,1026.3525
1645034722352,1026.3525
1645034722390,1026.3329
1645034722431,1026.3329
1645034722468,1026.3329
1645034722505,1026.3329
1645034722544,1026.3329
1645034722584,1026.3367
1645034722623,1026.3367
1645034722660,1026.3367
1645034722700,1026.3367
1645034722736,1026.3201
1645034722775,1026.3201
1645034722818,1026.3201
1645034722852,1026.3201
1645034722890,1026.3156
1645034722929,1026.3156
1645034722968,1026.3156
1645034723007,1026.3156
1645034723044,1026.3762
1645034723083,1026.3762
1645034723121,1026.3762
1645034723159,1026.3762
1645034723198,1026.3549
1645034723236,1026.3549
1645034723276,1026.3549
1645034723313,1026.3549
1645034723352,1026.3684
1645034723392,1026.3684
1645034723428,1026.3684
1645034723467,1026.3684
1645034723505,1026.3572
1645034723544,1026.3572
1645034723583,1026.3572
1645034723623,1026.3572
1645034723660,1026.3317
1645034723698,1026.3317
1645034723736,1026.3317
1645034723775,1026.3317
1645034723813,1026.3873
1645034723852,1026.3873
1645034723890,1026.3873
1645034723930,1026.3873
1645034723967,1026.3661
1645034724005,1026.3661
1645034724046,1026.3661
1645034724082,1026.3661
1645034724121,1026.3673
1645034724160,1026.3673
1645034724198,1026.3673
1645034724235,1026.3673
1645034724274,1026.3604
1645034724313,1026.3604
1645034724352,1026.3604
1645034724390,1026.3604
1645034724429,1026.3466
1645034724467,1026.3466
1645034724506,1026.3466
1645034724545,1026.3466
1645034724584,1026.3466
1645034724620,1026.3967
1645034724659,1026.3967
1645034724698,1026.3967
1645034724736,1026.3967
1645034724774,1026.3868
1645034724813,1026.3868
1645034724852,1026.3868
1645034724891,1026.3868
1645034724932,1026.4186
1645034724970,1026.4186
1645034725005,1026.4186
1645034725043,1026.4186
1645034725083,1026.4316
1645034725120,1026.4316
1645034725160,1026.4316
1645034725198,1026.4316
1645034725237,1026.4363
1645034725275,1026.4363
1645034725312,1026.4363
1645034725351,1026.4363
1645034725389,1026.4359
1645034725428,1026.4359
1645034725467,1026.4359
1645034725508,1026.4359
1645034725543,1026.4321
1645034725583,1026.4321
1645034725621,1026.4321
1645034725662,1026.4321
1645034725697,1026.4703
1645034725737,1026.4703
1645034725776,1026.4703
1645034725812,1026.4703
1645034725851,1026.4795
1645034725892,1026.4795
1645034725927,1026.4795
1645034725966,1026.4795
1645034726004,1026.5017
1645034726043,1026.5017
1645034726082,1026.5017
1645034726120,1026.5017
1645034726158,1026.5198
1645034726197,1026.5198
1645034726236,1026.5198
1645034726275,1026.5198
1645034726314,1026.5043
1645034726350,1026.5043
1645034726388,1026.5043
1645034726428,1026.5043
1645034726465,1026.5043
1645034726505,1026.5408
1645034726542,1026.5408
1645034726581,1026.5408
1645034726620,1026.5408
1645034726659,1026.5759
1645034726697,1026.5759
1645034726740,1026.5759
1645034726773,1026.5759
1645034726812,1026.5688
1645034726851,1026.5688
1645034726892,1026.5688
1645034726928,1026.5688
1645034726966,1026.6112
1645034727010,1026.6112
1645034727044,1026.6112
1645034727081,1026.6112
1645034727120,1026.5605
1645034727160,1026.5605
1645034727198,1026.5605
1645034727236,1026.5605
1645034727274,1026.5933
1645034727317,1026.5933
1645034727351,1026.5933
1645034727388,1026.5933
1645034727427,1026.6259
1645034727466,1026.6259
1645034727505,1026.6259
1645034727543,1026.6259
1645034727582,1026.6296
1645034727640,1026.6296
1645034727665,1026.6296
1645034727699,1026.6296
1645034727734,1026.6573
1645034727773,1026.6573
1645034727812,1026.6573
1645034727850,1026.6573
1645034727889,1026.6243
1645034727926,1026.6243
1645034727966,1026.6243
1645034728004,1026.6243
1645034728043,1026.6661
1645034728081,1026.6661
1645034728120,1026.6661
1645034728160,1026.6661
1645034728198,1026.6783
1645034728236,1026.6783
1645034728286,1026.6783
1645034728315,1026.6783
1645034728351,1026.6783
1645034728390,1026.683
1645034728426,1026.683
1645034728465,1026.683
1645034728504,1026.683
1645034728543,1026.7156
1645034728583,1026.7156
1645034728620,1026.7156
1645034728658,1026.7156
1645034728697,1026.6813
1645034728736,1026.6813
1645034728774,1026.6813
1645034728812,1026.6813
1645034728851,1026.6818
1645034728889,1026.6818
1645034728927,1026.6818
1645034728966,1026.6818
1645034729004,1026.6675
1645034729042,1026.6675
1645034729081,1026.6675
1645034729122,1026.6675
1645034729160,1026.639
1645034729198,1026.639
1645034729236,1026.639
1645034729272,1026.639
1645034729311,1026.6747
1645034729349,1026.6747
1645034729388,1026.6747
1645034729427,1026.6747
1645034729466,1026.622
1645034729504,1026.622
1645034729543,1026.622
1645034729581,1026.622
1645034729619,1026.6252
1645034729659,1026.6252
1645034729696,1026.6252
1645034729735,1026.6252
1645034729772,1026.6292
1645034729811,1026.6292
1645034729850,1026.6292
1645034729895,1026.6292
1645034729926,1026.6299
1645034729967,1026.6299
1645034730004,1026.6299
1645034730043,1026.6299
1645034730080,1026.686
1645034730119,1026.686
1645034730158,1026.686
1645034730196,1026.686
1645034730234,1026.686
1645034730274,1026.6764
1645034730311,1026.6764
1645034730352,1026.6764
1645034730389,1026.6764
1645034730427,1026.6755
1645034730465,1026.6755
1645034730504,1026.6755
1645034730545,1026.6755
1645034730581,1026.6755
1645034730621,1026.6755
1645034730658,1026.6755
1645034730696,1026.6755
1645034730734,1026.6426
1645034730773,1026.6426
1645034730811,1026.6426
1645034730852,1026.6426
1645034730889,1026.661
1645034730928,1026.661
1645034730968,1026.661
1645034731004,1026.661
1645034731042,1026.6183
1645034731081,1026.6183
1645034731119,1026.6183
1645034731158,1026.6183
1645034731196,1026.6007
1645034731234,1026.6007
1645034731273,1026.6007
1645034731312,1026.6007
1645034731349,1026.5923
1645034731388,1026.5923
1645034731427,1026.5923
1645034731465,1026.5923
1645034731505,1026.5773
1645034731541,1026.5773
1645034731584,1026.5773
1645034731622,1026.5773
1645034731657,1026.581
1645034731695,1026.581
1645034731738,1026.581
1645034731772,1026.581
1645034731812,1026.5677
1645034731850,1026.5677
1645034731891,1026.5677
1645034731927,1026.5677
1645034731964,1026.5426
1645034732003,1026.5426
1645034732041,1026.5426
1645034732080,1026.5426
1645034732119,1026.5426
1645034732157,1026.5769
1645034732197,1026.5769
1645034732244,1026.5769
1645034732274,1026.5769
1645034732310,1026.5607
1645034732350,1026.5607
1645034732388,1026.5607
1645034732427,1026.5607
1645034732464,1026.555
1645034732503,1026.555
1645034732544,1026.555
1645034732580,1026.555
1645034732618,1026.5526
1645034732662,1026.5526
1645034732695,1026.5526
1645034732733,1026.5526
1645034732773,1026.5497
1645034732812,1026.5497
1645034732849,1026.5497
1645034732890,1026.5497
1645034732926,1026.5408
1645034732965,1026.5408
1645034733003,1026.5408
1645034733043,1026.5408
1645034733079,1026.5378
1645034733119,1026.5378
1645034733157,1026.5378
1645034733195,1026.5378
1645034733235,1026.5374
1645034733274,1026.5374
1645034733311,1026.5374
1645034733350,1026.5374
1645034733390,1026.5406
1645034733426,1026.5406
1645034733464,1026.5406
1645034733503,1026.5406
1645034733543,1026.5436
1645034733581,1026.5436
1645034733619,1026.5436
1645034733657,1026.5436
1645034733695,1026.5406
1645034733734,1026.5406
1645034733772,1026.5406
1645034733813,1026.5406
1645034733848,1026.5321
1645034733888,1026.5321
1645034733927,1026.5321
1645034733964,1026.5321
1645034734005,1026.5295
1645034734041,1026.5295
1645034734080,1026.5295
1645034734118,1026.5295
1645034734158,1026.5295
1645034734195,1026.516
1645034734234,1026.516
1645034734273,1026.516
1645034734310,1026.516
1645034734350,1026.5134
1645034734387,1026.5134
1645034734426,1026.5134
1645034734465,1026.5134
1645034734503,1026.5116
1645034734542,1026.5116
1645034734580,1026.5116
1645034734618,1026.5116
1645034734657,1026.509
1645034734698,1026.509
1645034734734,1026.509
1645034734772,1026.509
1645034734811,1026.5023
1645034734849,1026.5023
1645034734887,1026.5023
1645034734926,1026.5023
1645034734964,1026.4994
1645034735002,1026.4994
1645034735041,1026.4994
1645034735079,1026.4994
1645034735120,1026.4841
1645034735157,1026.4841
1645034735195,1026.4841
1645034735234,1026.4841
1645034735274,1026.4799
1645034735311,1026.4799
1645034735348,1026.4799
1645034735389,1026.4799
1645034735427,1026.4756
1645034735464,1026.4756
1645034735503,1026.4756
1645034735543,1026.4756
1645034735581,1026.4677
1645034735618,1026.4677
1645034735657,1026.4677
1645034735694,1026.4677
1645034735733,1026.465
1645034735773,1026.465
1645034735810,1026.465
1645034735849,1026.465
1645034735889,1026.4641
1645034735925,1026.4641
1645034735969,1026.4641
1645034736003,1026.4641
1645034736041,1026.4641
1645034736079,1026.4469
1645034736118,1026.4469
1645034736157,1026.4469
1645034736195,1026.4469
1645034736234,1026.4423
1645034736273,1026.4423
1645034736310,1026.4423
1645034736349,1026.4423
1645034736387,1026.4213
1645034736425,1026.4213
1645034736464,1026.4213
1645034736504,1026.4213
1645034736542,1026.4044
1645034736580,1026.4044
1645034736619,1026.4044
1645034736656,1026.4044
1645034736703,1026.4084
1645034736735,1026.4084
1645034736774,1026.4084
1645034736825,1026.4084
1645034736850,1026.4407
1645034736889,1026.4407
1645034736927,1026.4407
1645034736966,1026.4407
1645034737004,1026.4414
1645034737044,1026.4414
1645034737080,1026.4414
1645034737126,1026.4414
1645034737158,1026.387
1645034737195,1026.387
1645034737234,1026.387
1645034737272,1026.387
1645034737311,1026.3496
1645034737350,1026.3496
1645034737387,1026.3496
1645034737428,1026.3496
1645034737464,1026.3353
1645034737505,1026.3353
1645034737542,1026.3353
1645034737580,1026.3353
1645034737618,1026.3002
1645034737656,1026.3002
1645034737696,1026.3002
1645034737734,1026.3002
1645034737773,1026.2926
1645034737810,1026.2926
1645034737850,1026.2926
1645034737888,1026.2926
1645034737928,1026.2971
1645034737965,1026.2971
1645034738005,1026.2971
1645034738044,1026.2971
1645034738080,1026.2971
1645034738118,1026.2961
1645034738157,1026.2961
1645034738197,1026.2961
1645034738233,1026.2961
1645034738275,1026.2919
1645034738313,1026.2919
1645034738351,1026.2919
1645034738389,1026.2919
1645034738424,1026.2898
1645034738463,1026.2898
1645034738503,1026.2898
1645034738541,1026.2898
1645034738579,1026.2876
1645034738619,1026.2876
1645034738655,1026.2876
1645034738694,1026.2876
1645034738732,1026.299
1645034738776,1026.299
1645034738810,1026.299
1645034738847,1026.299
1645034738890,1026.3052
1645034738925,1026.3052
1645034738963,1026.3052
1645034739001,1026.3052
1645034739041,1026.3042
1645034739084,1026.3042
1645034739119,1026.3042
1645034739157,1026.3042
1645034739196,1026.3013
1645034739234,1026.3013
1645034739273,1026.3013
1645034739311,1026.3013
1645034739350,1026.3025
1645034739389,1026.3025
1645034739426,1026.3025
1645034739465,1026.3025
1645034739503,1026.3065
1645034739540,1026.3065
1645034739579,1026.3065
1645034739617,1026.3065
1645034739656,1026.3082
1645034739694,1026.3082
1645034739733,1026.3082
1645034739770,1026.3082
1645034739820,1026.3114
1645034739852,1026.3114
1645034739885,1026.3114
1645034739924,1026.3114
1645034739963,1026.3114
1645034740000,1026.3043
1645034740039,1026.3043
1645034740080,1026.3043
1645034740116,1026.3043
1645034740155,1026.2999
1645034740193,1026.2999
1645034740239,1026.2999
1645034740270,1026.2999
1645034740308,1026.2979
1645034740347,1026.2979
1645034740385,1026.2979
1645034740435,1026.2979
1645034740466,1026.3065
1645034740570,1026.3065
1645034740571,1026.3065
1645034740625,1026.3065
1645034740625,1026.3094
1645034740686,1026.3094
1645034740695,1026.3094
1645034740733,1026.3094
1645034740769,1026.3157
1645034740808,1026.3157
1645034740848,1026.3157
1645034740885,1026.3157
1645034740923,1026.3136
1645034740968,1026.3136
1645034741000,1026.3136
1645034741039,1026.3136
1645034741078,1026.3123
1645034741117,1026.3123
1645034741155,1026.3123
