1645033722518,1025.6716
1645033722519,1025.6716
1645033722559,1025.6716
1645033722595,1025.6716
1645033722636,1025.6617
1645033722673,1025.6617
1645033722712,1025.6617
1645033722755,1025.6617
1645033722792,1025.654
1645033722827,1025.654
1645033722867,1025.654
1645033722905,1025.654
1645033722944,1025.6512
1645033722983,1025.6512
1645033723023,1025.6512
1645033723058,1025.6512
1645033723100,1025.6494
1645033723135,1025.6494
1645033723175,1025.6494
1645033723215,1025.6494
1645033723251,1025.6477
1645033723292,1025.6477
1645033723329,1025.6477
1645033723366,1025.6477
1645033723405,1025.6466
1645033723446,1025.6466
1645033723483,1025.6466
1645033723523,1025.6466
1645033723560,1025.6489
1645033723601,1025.6489
1645033723637,1025.6489
1645033723675,1025.6489
1645033723714,1025.6533
1645033723751,1025.6533
1645033723789,1025.6533
1645033723829,1025.6533
1645033723866,1025.6533
1645033723908,1025.6615
1645033723946,1025.6615
1645033723982,1025.6615
1645033724022,1025.6615
1645033724061,1025.6676
1645033724100,1025.6676
1645033724140,1025.6676
1645033724175,1025.6676
1645033724213,1025.6829
1645033724252,1025.6829
1645033724367,1025.6829
1645033724367,1025.6829
1645033724368,1025.6835
1645033724415,1025.6835
1645033724479,1025.6835
1645033724483,1025.6835
1645033724519,1025.6794
1645033724559,1025.6794
1645033724597,1025.6794
1645033724635,1025.6794
1645033724674,1025.6863
1645033724716,1025.6863
1645033724750,1025.6863
1645033724791,1025.6863
1645033724831,1025.6893
1645033724865,1025.6893
1645033724906,1025.6893
1645033724944,1025.6893
1645033724982,1025.6886
1645033725019,1025.6886
1645033725057,1025.6886
1645033725101,1025.6886
1645033725135,1025.6886
1645033725190,1025.6886
1645033725214,1025.6886
1645033725252,1025.6886
1645033725297,1025.695
1645033725331,1025.695
1645033725366,1025.695
1645033725406,1025.695
1645033725443,1025.696
1645033725482,1025.696
1645033725522,1025.696
1645033725565,1025.696
1645033725598,1025.695
1645033725638,1025.695
1645033725674,1025.695
1645033725715,1025.695
1645033725750,1025.6891
1645033725788,1025.6891
1645033725828,1025.6891
1645033725865,1025.6891
1645033725908,1025.687
1645033725946,1025.687
1645033725981,1025.687
1645033726019,1025.687
1645033726059,1025.6863
1645033726097,1025.6863
1645033726138,1025.6863
1645033726174,1025.6863
1645033726214,1025.6863
1645033726252,1025.6874
1645033726290,1025.6874
1645033726342,1025.6874
1645033726417,1025.6874
1645033726417,1025.6835
1645033726441,1025.6835
1645033726479,1025.6835
1645033726527,1025.6835
1645033726558,1025.6829
1645033726596,1025.6829
1645033726640,1025.6829
1645033726673,1025.6829
1645033726710,1025.6808
1645033726748,1025.6808
1645033726789,1025.6808
1645033726826,1025.6808
1645033726867,1025.6664
1645033726909,1025.6664
1645033726941,1025.6664
1645033726980,1025.6664
1645033727021,1025.6624
1645033727062,1025.6624
1645033727098,1025.6624
1645033727136,1025.6624
1645033727173,1025.6603
1645033727211,1025.6603
1645033727251,1025.6603
1645033727290,1025.6603
1645033727328,1025.6561
1645033727366,1025.6561
1645033727425,1025.6561
1645033727446,1025.6561
1645033727480,1025.6575
1645033727518,1025.6575
1645033727558,1025.6575
1645033727601,1025.6575
1645033727635,1025.6625
1645033727674,1025.6625
1645033727718,1025.6625
1645033727750,1025.6625
1645033727789,1025.6581
1645033727826,1025.6581
1645033727865,1025.6581
1645033727907,1025.6581
1645033727945,1025.6556
1645033727980,1025.6556
1645033728021,1025.6556
1645033728063,1025.6556
1645033728097,1025.6477
1645033728134,1025.6477
1645033728173,1025.6477
1645033728215,1025.6477
1645033728251,1025.65
1645033728290,1025.65
1645033728367,1025.65
1645033728368,1025.65
1645033728430,1025.6545
1645033728460,1025.6545
1645033728484,1025.6545
1645033728519,1025.6545
1645033728557,1025.6538
1645033728601,1025.6538
1645033728634,1025.6538
1645033728672,1025.6538
1645033728712,1025.6538
1645033728750,1025.6569
1645033728789,1025.6569
1645033728831,1025.6569
1645033728871,1025.6569
1645033728902,1025.6595
1645033728941,1025.6595
1645033728985,1025.6595
1645033729018,1025.6595
1645033729058,1025.6584
1645033729100,1025.6584
1645033729133,1025.6584
1645033729171,1025.6584
1645033729209,1025.6493
1645033729248,1025.6493
1645033729288,1025.6493
1645033729327,1025.6493
1645033729366,1025.6471
1645033729406,1025.6471
1645033729445,1025.6471
1645033729483,1025.6471
1645033729519,1025.6481
1645033729557,1025.6481
1645033729596,1025.6481
1645033729637,1025.6481
1645033729673,1025.6461
1645033729712,1025.6461
1645033729760,1025.6461
1645033729791,1025.6461
1645033729826,1025.6437
1645033729866,1025.6437
1645033729907,1025.6437
1645033729942,1025.6437
1645033729981,1025.6477
1645033730023,1025.6477
1645033730058,1025.6477
1645033730096,1025.6477
1645033730138,1025.6466
1645033730172,1025.6466
1645033730215,1025.6466
1645033730250,1025.6466
1645033730290,1025.6544
1645033730327,1025.6544
1645033730399,1025.6544
1645033730405,1025.6544
1645033730452,1025.654
1645033730482,1025.654
1645033730518,1025.654
1645033730557,1025.654
1645033730597,1025.6516
1645033730633,1025.6516
1645033730673,1025.6516
1645033730710,1025.6516
1645033730749,1025.6611
1645033730791,1025.6611
1645033730830,1025.6611
1645033730867,1025.6611
1645033730907,1025.6549
1645033730941,1025.6549
1645033730982,1025.6549
1645033731023,1025.6549
1645033731058,1025.6549
1645033731096,1025.6562
1645033731136,1025.6562
1645033731173,1025.6562
1645033731211,1025.6562
1645033731251,1025.6556
1645033731290,1025.6556
1645033731331,1025.6556
1645033731366,1025.6556
1645033731403,1025.6613
1645033731441,1025.6613
1645033731483,1025.6613
1645033731518,1025.6613
1645033731557,1025.6544
1645033731598,1025.6544
1645033731634,1025.6544
1645033731674,1025.6544
1645033731711,1025.652
1645033731751,1025.652
1645033731792,1025.652
1645033731827,1025.652
1645033731875,1025.656
1645033731902,1025.656
1645033731943,1025.656
1645033731980,1025.656
1645033732039,1025.6608
1645033732057,1025.6608
1645033732097,1025.6608
1645033732134,1025.6608
1645033732172,1025.6597
1645033732213,1025.6597
1645033732250,1025.6597
1645033732290,1025.6597
1645033732333,1025.6566
1645033732366,1025.6566
1645033732407,1025.6566
1645033732441,1025.6566
1645033732482,1025.6538
1645033732530,1025.6538
1645033732557,1025.6538
1645033732595,1025.6538
1645033732635,1025.6595
1645033732673,1025.6595
1645033732714,1025.6595
1645033732749,1025.6595
1645033732788,1025.6619
1645033732828,1025.6619
1645033732864,1025.6619
1645033732904,1025.6619
1645033732943,1025.6594
1645033732981,1025.6594
1645033733023,1025.6594
1645033733055,1025.6594
1645033733094,1025.6635
1645033733145,1025.6635
1645033733181,1025.6635
1645033733212,1025.6635
1645033733248,1025.6709
1645033733289,1025.6709
1645033733328,1025.6709
1645033733363,1025.6709
1645033733407,1025.6709
1645033733441,1025.6664
1645033733480,1025.6664
1645033733520,1025.6664
1645033733556,1025.6664
1645033733596,1025.6636
1645033733635,1025.6636
1645033733673,1025.6636
1645033733710,1025.6636
1645033733749,1025.6605
1645033733786,1025.6605
1645033733837,1025.6605
1645033733872,1025.6605
1645033733902,1025.6526
1645033733940,1025.6526
1645033733980,1025.6526
1645033734021,1025.6526
1645033734059,1025.6532
1645033734094,1025.6532
1645033734133,1025.6532
1645033734171,1025.6532
1645033734220,1025.647
1645033734249,1025.647
1645033734286,1025.647
1645033734325,1025.647
1645033734363,1025.6425
1645033734404,1025.6425
1645033734444,1025.6425
1645033734478,1025.6425
1645033734521,1025.6428
1645033734557,1025.6428
1645033734600,1025.6428
1645033734635,1025.6428
1645033734672,1025.6459
1645033734714,1025.6459
1645033734750,1025.6459
1645033734789,1025.6459
1645033734826,1025.644
1645033734867,1025.644
1645033734903,1025.644
1645033734942,1025.644
1645033734982,1025.6447
1645033735019,1025.6447
1645033735057,1025.6447
1645033735094,1025.6447
1645033735135,1025.6422
1645033735176,1025.6422
1645033735219,1025.6422
1645033735250,1025.6422
1645033735286,1025.6412
1645033735326,1025.6412
1645033735365,1025.6412
1645033735420,1025.6412
1645033735446,1025.6401
1645033735478,1025.6401
1645033735527,1025.6401
1645033735555,1025.6401
1645033735594,1025.639
1645033735635,1025.639
1645033735673,1025.639
1645033735710,1025.639
1645033735749,1025.656
1645033735789,1025.644
1645033735827,1025.644
1645033735866,1025.644
1645033735905,1025.644
1645033735944,1025.6447
1645033735981,1025.6447
1645033736018,1025.6447
1645033736056,1025.6447
1645033736094,1025.647
1645033736134,1025.647
1645033736174,1025.647
1645033736209,1025.647
1645033736248,1025.6388
1645033736288,1025.6388
1645033736325,1025.6388
1645033736364,1025.6388
1645033736403,1025.6373
1645033736441,1025.6373
1645033736478,1025.6373
1645033736522,1025.6373
1645033736556,1025.6328
1645033736611,1025.6328
1645033736633,1025.6328
1645033736671,1025.6328
1645033736711,1025.6362
1645033736749,1025.6362
1645033736786,1025.6362
1645033736825,1025.6362
1645033736866,1025.6403
1645033736902,1025.6403
1645033736940,1025.6403
1645033736978,1025.6403
1645033737019,1025.6443
1645033737056,1025.6443
1645033737095,1025.6443
1645033737135,1025.6443
1645033737172,1025.6415
1645033737209,1025.6415
1645033737288,1025.6415
1645033737289,1025.6415
1645033737325,1025.6472
1645033737364,1025.6472
1645033737402,1025.6472
1645033737440,1025.6472
1645033737478,1025.642
1645033737524,1025.642
1645033737555,1025.642
1645033737594,1025.642
1645033737635,1025.646
1645033737672,1025.646
1645033737709,1025.646
1645033737747,1025.646
1645033737787,1025.6425
1645033737825,1025.6425
1645033737868,1025.6425
1645033737911,1025.6425
1645033737949,1025.6398
1645033737978,1025.6398
1645033738017,1025.6398
1645033738055,1025.6398
1645033738095,1025.6437
1645033738132,1025.6437
1645033738175,1025.6437
1645033738208,1025.6437
1645033738250,1025.6437
1645033738286,1025.6403
1645033738328,1025.6403
1645033738365,1025.6403
1645033738402,1025.6403
1645033738440,1025.6443
1645033738478,1025.6443
1645033738527,1025.6443
1645033738556,1025.6443
1645033738596,1025.6445
1645033738634,1025.6445
1645033738672,1025.6445
1645033738708,1025.6445
1645033738749,1025.6486
1645033738789,1025.6486
1645033738826,1025.6486
1645033738863,1025.6486
1645033738903,1025.6522
1645033738941,1025.6522
1645033738978,1025.6522
1645033739017,1025.6522
1645033739055,1025.6521
1645033739097,1025.6521
1645033739133,1025.6521
1645033739171,1025.6521
1645033739208,1025.6537
1645033739246,1025.6537
1645033739285,1025.6537
1645033739323,1025.6537
1645033739362,1025.6554
1645033739400,1025.6554
1645033739439,1025.6554
1645033739479,1025.6554
1645033739519,1025.6577
1645033739555,1025.6577
1645033739593,1025.6577
1645033739634,1025.6577
1645033739670,1025.6606
1645033739710,1025.6606
1645033739747,1025.6606
1645033739787,1025.6606
1645033739829,1025.6578
1645033739863,1025.6578
1645033739908,1025.6578
1645033739940,1025.6578
1645033739976,1025.656
1645033740017,1025.656
1645033740056,1025.656
1645033740093,1025.656
1645033740131,1025.6536
1645033740172,1025.6536
1645033740210,1025.6536
1645033740248,1025.6536
1645033740288,1025.6537
1645033740325,1025.6537
1645033740363,1025.6537
1645033740405,1025.6537
1645033740439,1025.6537
1645033740478,1025.6537
1645033740520,1025.6537
1645033740555,1025.6537
1645033740595,1025.6537
1645033740630,1025.6519
1645033740669,1025.6519
1645033740710,1025.6519
1645033740752,1025.6519
1645033740785,1025.6462
1645033740826,1025.6462
1645033740861,1025.6462
1645033740901,1025.6462
1645033740939,1025.6461
1645033740977,1025.6461
1645033741018,1025.6461
1645033741054,1025.6461
1645033741093,1025.6461
1645033741132,1025.6461
1645033741170,1025.6461
1645033741208,1025.6461
1645033741250,1025.646
1645033741286,1025.646
1645033741323,1025.646
1645033741364,1025.646
1645033741402,1025.6394
1645033741439,1025.6394
1645033741478,1025.6394
1645033741517,1025.6394
1645033741554,1025.6393
1645033741593,1025.6393
1645033741633,1025.6393
1645033741670,1025.6393
1645033741709,1025.6433
1645033741747,1025.6433
1645033741785,1025.6433
1645033741825,1025.6433
1645033741863,1025.6473
1645033741900,1025.6473
1645033741945,1025.6473
1645033741978,1025.6473
1645033742016,1025.6534
1645033742055,1025.6534
1645033742092,1025.6534
1645033742137,1025.6534
1645033742171,1025.6625
1645033742209,1025.6625
1645033742249,1025.6625
1645033742286,1025.6625
1645033742324,1025.659
1645033742364,1025.659
1645033742402,1025.659
1645033742440,1025.659
1645033742479,1025.6698
1645033742518,1025.6698
1645033742553,1025.6698
1645033742591,1025.6698
1645033742632,1025.6731
1645033742670,1025.6731
1645033742706,1025.6731
1645033742744,1025.6731
1645033742783,1025.6802
1645033742822,1025.6802
1645033742861,1025.6802
1645033742904,1025.6802
1645033742937,1025.6818
1645033742978,1025.6818
1645033743019,1025.6818
1645033743061,1025.6818
1645033743092,1025.6818
1645033743133,1025.6858
1645033743172,1025.6858
1645033743212,1025.6858
1645033743247,1025.6858
1645033743286,1025.6765
1645033743323,1025.6765
1645033743363,1025.6765
1645033743401,1025.6765
1645033743439,1025.684
1645033743477,1025.684
1645033743517,1025.684
1645033743556,1025.684
1645033743592,1025.6804
1645033743631,1025.6804
1645033743670,1025.6804
1645033743709,1025.6804
1645033743750,1025.6857
1645033743789,1025.6857
1645033743824,1025.6857
1645033743863,1025.6857
1645033743902,1025.6908
1645033743945,1025.6908
1645033743979,1025.6908
1645033744017,1025.6908
1645033744054,1025.6907
1645033744093,1025.6907
1645033744129,1025.6907
1645033744170,1025.6907
1645033744209,1025.6919
1645033744248,1025.6919
1645033744284,1025.6919
1645033744323,1025.6919
1645033744360,1025.7003
1645033744399,1025.7003
1645033744438,1025.7003
1645033744478,1025.7003
1645033744514,1025.7009
1645033744556,1025.7009
1645033744590,1025.7009
1645033744632,1025.7009
1645033744672,1025.7032
1645033744709,1025.7032
1645033744747,1025.7032
1645033744784,1025.7032
1645033744827,1025.7048
1645033744860,1025.7048
1645033744899,1025.7048
1645033744939,1025.7048
1645033744979,1025.6962
1645033745018,1025.6962
1645033745058,1025.6962
1645033745091,1025.6962
1645033745128,1025.696
1645033745168,1025.696
1645033745210,1025.696
1645033745244,1025.696
1645033745284,1025.694
1645033745325,1025.694
1645033745363,1025.694
1645033745400,1025.694
1645033745439,1025.694
1645033745477,1025.6901
1645033745514,1025.6901
1645033745554,1025.6901
1645033745592,1025.6901
1645033745633,1025.6892
1645033745670,1025.6892
1645033745707,1025.6892
1645033745751,1025.6892
1645033745785,1025.6864
1645033745824,1025.6864
1645033745860,1025.6864
1645033745899,1025.6864
1645033745940,1025.6863
1645033745976,1025.6863
1645033746015,1025.6863
1645033746052,1025.6863
1645033746091,1025.6862
1645033746133,1025.6862
1645033746169,1025.6862
1645033746213,1025.6862
1645033746248,1025.6864
1645033746283,1025.6864
1645033746321,1025.6864
1645033746363,1025.6864
1645033746400,1025.6843
1645033746440,1025.6843
1645033746478,1025.6843
1645033746515,1025.6843
1645033746553,1025.6825
1645033746592,1025.6825
1645033746628,1025.6825
1645033746668,1025.6825
1645033746708,1025.6807
1645033746749,1025.6807
1645033746784,1025.6807
1645033746823,1025.6807
1645033746862,1025.6847
1645033746900,1025.6847
1645033746939,1025.6847
1645033746977,1025.6847
1645033747016,1025.6829
1645033747052,1025.6829
1645033747090,1025.6829
1645033747130,1025.6829
1645033747170,1025.6814
1645033747208,1025.6814
1645033747244,1025.6814
1645033747285,1025.6814
1645033747328,1025.6847
1645033747361,1025.6847
1645033747399,1025.6847
1645033747438,1025.6847
1645033747475,1025.6938
1645033747515,1025.6938
1645033747555,1025.6938
1645033747593,1025.6938
1645033747630,1025.692
1645033747668,1025.692
1645033747708,1025.692
1645033747745,1025.692
1645033747784,1025.692
1645033747823,1025.6919
1645033747863,1025.6919
1645033747899,1025.6919
1645033747942,1025.6919
1645033747977,1025.6952
1645033748015,1025.6952
1645033748059,1025.6952
1645033748090,1025.6952
1645033748129,1025.6937
1645033748169,1025.6937
1645033748208,1025.6937
1645033748246,1025.6937
1645033748286,1025.697
1645033748324,1025.697
1645033748361,1025.697
1645033748403,1025.697
1645033748437,1025.7028
1645033748475,1025.7028
1645033748515,1025.7028
1645033748560,1025.7028
1645033748592,1025.706
1645033748630,1025.706
1645033748667,1025.706
1645033748706,1025.706
1645033748747,1025.7152
1645033748783,1025.7152
1645033748828,1025.7152
1645033748861,1025.7152
1645033748901,1025.7117
1645033748943,1025.7117
1645033748977,1025.7117
1645033749016,1025.7117
1645033749053,1025.7115
1645033749089,1025.7115
1645033749132,1025.7115
1645033749172,1025.7115
1645033749206,1025.7097
1645033749246,1025.7097
1645033749284,1025.7097
1645033749323,1025.7097
1645033749360,1025.7083
1645033749400,1025.7083
1645033749437,1025.7083
1645033749476,1025.7083
1645033749512,1025.7072
1645033749556,1025.7072
1645033749592,1025.7072
1645033749630,1025.7072
1645033749676,1025.7013
1645033749705,1025.7013
1645033749746,1025.7013
1645033749785,1025.7013
1645033749823,1025.6995
1645033749861,1025.6995
1645033749898,1025.6995
1645033749938,1025.6995
1645033749975,1025.6946
1645033750012,1025.6946
1645033750056,1025.6946
1645033750091,1025.6946
1645033750129,1025.6946
1645033750168,1025.7034
1645033750206,1025.7034
1645033750246,1025.7034
1645033750288,1025.7034
1645033750326,1025.7052
1645033750361,1025.7052
1645033750397,1025.7052
1645033750438,1025.7052
1645033750478,1025.6942
1645033750514,1025.6942
1645033750555,1025.6942
1645033750591,1025.6942
1645033750628,1025.6931
1645033750672,1025.6931
1645033750707,1025.6931
1645033750743,1025.6931
1645033750783,1025.6964
1645033750821,1025.6964
1645033750860,1025.6964
1645033750903,1025.6964
1645033750939,1025.6915
1645033750974,1025.6915
1645033751015,1025.6915
1645033751053,1025.6915
1645033751091,1025.6918
1645033751129,1025.6918
1645033751167,1025.6918
1645033751205,1025.6918
1645033751245,1025.6937
1645033751283,1025.6937
1645033751320,1025.6937
1645033751359,1025.6937
1645033751397,1025.696
1645033751436,1025.696
1645033751474,1025.696
1645033751512,1025.696
1645033751557,1025.6925
1645033751591,1025.6925
1645033751630,1025.6925
1645033751665,1025.6925
1645033751706,1025.689
1645033751747,1025.689
1645033751785,1025.689
1645033751832,1025.689
1645033751860,1025.6923
1645033751899,1025.6923
1645033751935,1025.6923
1645033751975,1025.6923
1645033752016,1025.6923
1645033752052,1025.6923
1645033752089,1025.6923
1645033752130,1025.6923
1645033752167,1025.6895
1645033752207,1025.6895
1645033752247,1025.6895
1645033752284,1025.6895
1645033752326,1025.6884
1645033752359,1025.6884
1645033752397,1025.6884
1645033752437,1025.6884
1645033752478,1025.6934
1645033752513,1025.6814
1645033752555,1025.6814
1645033752593,1025.6814
1645033752640,1025.6814
1645033752669,1025.6854
1645033752705,1025.6854
1645033752745,1025.6854
1645033752783,1025.6854
1645033752824,1025.691
1645033752862,1025.691
1645033752899,1025.691
1645033752936,1025.691
1645033752976,1025.6808
1645033753015,1025.6808
1645033753063,1025.6808
1645033753090,1025.6808
1645033753133,1025.679
1645033753166,1025.679
1645033753206,1025.679
1645033753243,1025.679
1645033753283,1025.6758
1645033753321,1025.6758
1645033753359,1025.6758
1645033753404,1025.6758
1645033753437,1025.6671
1645033753477,1025.6671
1645033753514,1025.6671
1645033753553,1025.6671
1645033753594,1025.6654
1645033753627,1025.6654
1645033753666,1025.6654
1645033753705,1025.6654
1645033753744,1025.6693
1645033753783,1025.6693
1645033753822,1025.6693
1645033753857,1025.6693
1645033753898,1025.6608
1645033753936,1025.6608
1645033753974,1025.6608
1645033754012,1025.6608
1645033754050,1025.6631
1645033754089,1025.6631
1645033754130,1025.6631
1645033754166,1025.6631
1645033754205,1025.6687
1645033754243,1025.6687
1645033754281,1025.6687
1645033754330,1025.6687
1645033754359,1025.671
1645033754399,1025.671
1645033754435,1025.671
1645033754477,1025.671
1645033754516,1025.6675
1645033754551,1025.6675
1645033754590,1025.6675
1645033754627,1025.6675
1645033754667,1025.6715
1645033754708,1025.6715
1645033754743,1025.6715
1645033754785,1025.6715
1645033754820,1025.6721
1645033754858,1025.6721
1645033754896,1025.6721
1645033754939,1025.6721
1645033754975,1025.6721
1645033755012,1025.6703
1645033755055,1025.6703
1645033755091,1025.6703
1645033755128,1025.6703
1645033755172,1025.6675
1645033755212,1025.6675
1645033755241,1025.6675
1645033755283,1025.6675
1645033755319,1025.6661
1645033755359,1025.6661
1645033755395,1025.6661
1645033755440,1025.6661
1645033755474,1025.6599
1645033755517,1025.6599
1645033755553,1025.6599
1645033755589,1025.6599
1645033755628,1025.6622
1645033755677,1025.6622
1645033755707,1025.6622
1645033755742,1025.6622
1645033755783,1025.6627
1645033755821,1025.6627
1645033755861,1025.6627
1645033755898,1025.6627
1645033755936,1025.6633
1645033755975,1025.6633
1645033756011,1025.6633
1645033756053,1025.6633
1645033756088,1025.6656
1645033756129,1025.6656
1645033756167,1025.6656
1645033756205,1025.6656
1645033756244,1025.6643
1645033756282,1025.6643
1645033756335,1025.6643
1645033756358,1025.6643
1645033756400,1025.6543
1645033756437,1025.6543
1645033756473,1025.6543
1645033756511,1025.6543
1645033756550,1025.6614
1645033756591,1025.6614
1645033756627,1025.6614
1645033756665,1025.6614
1645033756704,1025.6497
1645033756744,1025.6497
1645033756782,1025.6497
1645033756819,1025.6497
1645033756857,1025.655
1645033756897,1025.655
1645033756936,1025.655
1645033756974,1025.655
1645033757011,1025.6501
1645033757051,1025.6501
1645033757089,1025.6501
1645033757127,1025.6501
1645033757166,1025.6473
1645033757204,1025.6473
1645033757244,1025.6473
1645033757281,1025.6473
1645033757318,1025.6473
1645033757367,1025.6473
1645033757397,1025.6473
1645033757434,1025.6473
1645033757472,1025.6473
1645033757515,1025.6495
1645033757550,1025.6495
1645033757591,1025.6495
1645033757628,1025.6495
1645033757665,1025.6467
1645033757708,1025.6467
1645033757742,1025.6467
1645033757780,1025.6467
1645033757820,1025.6473
1645033757859,1025.6473
1645033757899,1025.6473
1645033757935,1025.6473
1645033757975,1025.6514
1645033758011,1025.6514
1645033758050,1025.6514
1645033758091,1025.6514
1645033758129,1025.655
1645033758168,1025.655
1645033758205,1025.655
1645033758243,1025.655
1645033758280,1025.6519
1645033758322,1025.6519
1645033758360,1025.6519
1645033758396,1025.6519
1645033758434,1025.6593
1645033758475,1025.6593
1645033758511,1025.6593
1645033758551,1025.6593
1645033758593,1025.6552
1645033758626,1025.6552
1645033758665,1025.6552
1645033758705,1025.6552
1645033758742,1025.6516
1645033758782,1025.6516
1645033758825,1025.6516
1645033758858,1025.6516
1645033758900,1025.6539
1645033758937,1025.6539
1645033758972,1025.6539
1645033759014,1025.6539
1645033759051,1025.6549
1645033759089,1025.6549
1645033759127,1025.6549
1645033759171,1025.6549
1645033759209,1025.6538
1645033759243,1025.6538
1645033759293,1025.6538
1645033759321,1025.6538
1645033759358,1025.652
1645033759398,1025.652
1645033759435,1025.652
1645033759476,1025.652
1645033759510,1025.6492
1645033759549,1025.6492
1645033759590,1025.6492
1645033759628,1025.6492
1645033759666,1025.6492
1645033759703,1025.6327
1645033759742,1025.6327
1645033759781,1025.6327
1645033759819,1025.6327
1645033759859,1025.6232
1645033759899,1025.6232
1645033759936,1025.6232
1645033759972,1025.6232
1645033760013,1025.6238
1645033760052,1025.6238
1645033760091,1025.6238
1645033760126,1025.6238
1645033760165,1025.6271
1645033760205,1025.6271
1645033760242,1025.6271
1645033760286,1025.6271
1645033760321,1025.6365
1645033760363,1025.6365
1645033760395,1025.6365
1645033760436,1025.6365
1645033760472,1025.6388
1645033760514,1025.6388
1645033760551,1025.6388
1645033760588,1025.6388
1645033760628,1025.6343
1645033760667,1025.6343
1645033760708,1025.6343
1645033760741,1025.6343
1645033760780,1025.623
1645033760820,1025.623
1645033760859,1025.623
1645033760897,1025.623
1645033760939,1025.6168
1645033760975,1025.6168
1645033761012,1025.6168
1645033761055,1025.6168
1645033761090,1025.6188
1645033761127,1025.6188
1645033761168,1025.6188
1645033761205,1025.6188
1645033761245,1025.6173
1645033761281,1025.6173
1645033761319,1025.6173
1645033761357,1025.6173
1645033761397,1025.6229
1645033761438,1025.6229
1645033761474,1025.6229
1645033761511,1025.6229
1645033761550,1025.6216
1645033761592,1025.6216
1645033761626,1025.6216
1645033761668,1025.6216
1645033761707,1025.6238
1645033761746,1025.6238
1645033761781,1025.6238
1645033761820,1025.6238
1645033761859,1025.621
1645033761899,1025.621
1645033761937,1025.621
1645033761974,1025.621
1645033762010,1025.6124
1645033762051,1025.6124
1645033762087,1025.6124
1645033762128,1025.6124
1645033762167,1025.6124
1645033762209,1025.6157
1645033762243,1025.6157
1645033762283,1025.6157
1645033762319,1025.6157
1645033762357,1025.6265
1645033762396,1025.6265
1645033762435,1025.6265
1645033762475,1025.6265
1645033762515,1025.639
1645033762549,1025.639
1645033762587,1025.639
1645033762630,1025.639
1645033762668,1025.6439
1645033762702,1025.6439
1645033762743,1025.6439
1645033762780,1025.6439
1645033762820,1025.6394
1645033762862,1025.6394
1645033762899,1025.6394
1645033762935,1025.6394
1645033762976,1025.64
1645033763013,1025.64
1645033763050,1025.64
1645033763086,1025.64
1645033763127,1025.6315
1645033763165,1025.6315
1645033763205,1025.6315
1645033763242,1025.6315
1645033763281,1025.632
1645033763319,1025.632
1645033763359,1025.632
1645033763400,1025.632
1645033763435,1025.6394
1645033763472,1025.6394
1645033763511,1025.6394
1645033763549,1025.6394
1645033763587,1025.6444
1645033763625,1025.6444
1645033763667,1025.6444
1645033763702,1025.6444
1645033763743,1025.6416
1645033763778,1025.6416
1645033763820,1025.6416
1645033763856,1025.6416
1645033763895,1025.646
1645033763934,1025.646
1645033763980,1025.646
1645033764010,1025.646
1645033764049,1025.6411
1645033764095,1025.6411
1645033764125,1025.6411
1645033764165,1025.6411
1645033764205,1025.6362
1645033764241,1025.6362
1645033764279,1025.6362
1645033764318,1025.6362
1645033764363,1025.642
1645033764394,1025.642
1645033764433,1025.642
1645033764477,1025.642
1645033764510,1025.642
1645033764553,1025.6436
1645033764594,1025.6436
1645033764626,1025.6436
1645033764666,1025.6436
1645033764705,1025.6448
1645033764743,1025.6448
1645033764780,1025.6448
1645033764817,1025.6448
1645033764861,1025.6454
1645033764894,1025.6454
1645033764936,1025.6454
1645033764974,1025.6454
1645033765014,1025.6426
1645033765051,1025.6426
1645033765087,1025.6426
1645033765128,1025.6426
1645033765165,1025.6442
1645033765205,1025.6442
1645033765241,1025.6442
1645033765280,1025.6442
1645033765317,1025.6465
1645033765358,1025.6465
1645033765395,1025.6465
1645033765435,1025.6465
1645033765471,1025.6467
1645033765511,1025.6467
1645033765550,1025.6467
1645033765595,1025.6467
1645033765627,1025.652
1645033765670,1025.652
1645033765705,1025.652
1645033765745,1025.652
1645033765779,1025.6536
1645033765818,1025.6536
1645033765856,1025.6536
1645033765897,1025.6536
1645033765935,1025.6525
1645033765984,1025.6525
1645033766010,1025.6525
1645033766048,1025.6525
1645033766088,1025.6599
1645033766127,1025.6599
1645033766164,1025.6599
1645033766203,1025.6599
1645033766241,1025.671
1645033766280,1025.671
1645033766319,1025.671
1645033766358,1025.671
1645033766395,1025.6666
1645033766433,1025.6666
1645033766473,1025.6666
1645033766513,1025.6666
1645033766548,1025.6688
1645033766589,1025.6688
1645033766625,1025.6688
1645033766664,1025.6688
1645033766703,1025.6818
1645033766740,1025.6818
1645033766779,1025.6818
1645033766819,1025.6818
1645033766856,1025.6818
1645033766895,1025.6908
1645033766936,1025.6908
1645033766975,1025.6908
1645033767011,1025.6908
1645033767047,1025.6823
1645033767086,1025.6823
1645033767126,1025.6823
1645033767164,1025.6823
1645033767204,1025.681
1645033767240,1025.681
1645033767278,1025.681
1645033767317,1025.681
1645033767358,1025.6804
1645033767396,1025.6804
1645033767432,1025.6804
1645033767470,1025.6804
1645033767511,1025.6708
1645033767549,1025.6708
1645033767590,1025.6708
1645033767625,1025.6708
1645033767664,1025.6663
1645033767702,1025.6663
1645033767740,1025.6663
1645033767777,1025.6663
1645033767818,1025.6627
1645033767856,1025.6627
1645033767896,1025.6627
1645033767933,1025.6627
1645033767979,1025.6691
1645033768008,1025.6691
1645033768047,1025.6691
1645033768087,1025.6691
1645033768124,1025.6711
1645033768163,1025.6711
1645033768201,1025.6711
1645033768240,1025.6711
1645033768280,1025.6696
1645033768320,1025.6696
1645033768357,1025.6696
1645033768395,1025.6696
1645033768432,1025.6715
1645033768472,1025.6715
1645033768512,1025.6715
1645033768555,1025.6715
1645033768591,1025.6671
1645033768625,1025.6671
1645033768664,1025.6671
1645033768701,1025.6671
1645033768741,1025.6575
1645033768779,1025.6575
1645033768817,1025.6575
1645033768858,1025.6575
1645033768895,1025.6631
1645033768932,1025.6631
1645033768972,1025.6631
1645033769008,1025.6631
1645033769047,1025.6705
1645033769090,1025.6705
1645033769124,1025.6705
1645033769164,1025.6705
1645033769202,1025.6705
1645033769246,1025.6766
1645033769281,1025.6766
1645033769318,1025.6766
1645033769358,1025.6766
1645033769394,1025.684
1645033769432,1025.684
1645033769473,1025.684
1645033769509,1025.684
1645033769549,1025.6777
1645033769591,1025.6777
1645033769624,1025.6777
1645033769663,1025.6777
1645033769700,1025.6665
1645033769739,1025.6665
1645033769779,1025.6665
1645033769817,1025.6665
1645033769858,1025.6719
1645033769898,1025.6719
1645033769931,1025.6719
1645033769969,1025.6719
1645033770009,1025.6792
1645033770050,1025.6792
1645033770088,1025.6792
1645033770124,1025.6792
1645033770162,1025.6757
1645033770200,1025.6757
1645033770240,1025.6757
1645033770279,1025.6757
1645033770317,1025.6814
1645033770357,1025.6814
1645033770394,1025.6814
1645033770432,1025.6814
1645033770471,1025.6769
1645033770510,1025.6769
1645033770547,1025.6769
1645033770587,1025.6769
1645033770629,1025.6665
1645033770663,1025.6665
1645033770700,1025.6665
1645033770738,1025.6665
1645033770779,1025.6565
1645033770819,1025.6565
1645033770857,1025.6565
1645033770893,1025.6565
1645033770934,1025.6531
1645033770972,1025.6531
1645033771009,1025.6531
1645033771051,1025.6531
1645033771085,1025.6571
1645033771124,1025.6571
1645033771164,1025.6571
1645033771202,1025.6571
1645033771241,1025.6587
1645033771278,1025.6587
1645033771316,1025.6587
1645033771356,1025.6587
1645033771396,1025.6549
1645033771433,1025.6549
1645033771473,1025.6549
1645033771509,1025.6549
1645033771548,1025.6549
1645033771590,1025.6407
1645033771623,1025.6407
1645033771662,1025.6407
1645033771702,1025.6407
1645033771740,1025.6338
1645033771780,1025.6338
1645033771819,1025.6338
1645033771855,1025.6338
1645033771895,1025.6268
1645033771933,1025.6268
1645033771970,1025.6268
1645033772009,1025.6268
1645033772048,1025.6217
1645033772088,1025.6217
1645033772124,1025.6217
1645033772163,1025.6217
1645033772200,1025.6239
1645033772239,1025.6239
1645033772280,1025.6239
1645033772317,1025.6239
1645033772355,1025.6228
1645033772393,1025.6228
1645033772432,1025.6228
1645033772470,1025.6228
1645033772527,1025.6176
1645033772548,1025.6176
1645033772587,1025.6176
1645033772622,1025.6176
1645033772662,1025.6113
1645033772704,1025.6113
1645033772741,1025.6113
1645033772777,1025.6113
1645033772815,1025.6171
1645033772861,1025.6171
1645033772892,1025.6171
1645033772932,1025.6171
1645033772973,1025.6084
1645033773007,1025.6084
1645033773045,1025.6084
1645033773084,1025.6084
1645033773128,1025.6077
1645033773163,1025.6077
1645033773201,1025.6077
1645033773250,1025.6077
1645033773278,1025.6117
1645033773314,1025.6117
1645033773355,1025.6117
1645033773396,1025.6117
1645033773433,1025.618
1645033773472,1025.618
1645033773507,1025.618
1645033773547,1025.618
1645033773586,1025.6201
1645033773629,1025.6201
1645033773663,1025.6201
1645033773700,1025.6201
1645033773739,1025.6117
1645033773777,1025.6117
1645033773816,1025.6117
1645033773856,1025.6117
1645033773893,1025.6117
1645033773931,1025.6104
1645033773970,1025.6104
1645033774011,1025.6104
1645033774047,1025.6104
1645033774085,1025.6041
1645033774127,1025.6041
1645033774160,1025.6041
1645033774201,1025.6041
1645033774240,1025.5992
1645033774279,1025.5992
1645033774319,1025.5992
1645033774354,1025.5992
1645033774394,1025.5978
1645033774431,1025.5978
1645033774470,1025.5978
1645033774508,1025.5978
1645033774546,1025.5967
1645033774586,1025.5967
1645033774623,1025.5967
1645033774660,1025.5967
1645033774699,1025.6082
1645033774738,1025.6082
1645033774779,1025.6082
1645033774818,1025.6082
1645033774853,1025.608
1645033774893,1025.608
1645033774932,1025.608
1645033774970,1025.608
1645033775011,1025.6018
1645033775057,1025.6018
1645033775086,1025.6018
1645033775129,1025.6018
1645033775162,1025.5994
1645033775201,1025.5994
1645033775238,1025.5994
1645033775278,1025.5994
1645033775316,1025.601
1645033775354,1025.601
1645033775392,1025.601
1645033775432,1025.601
1645033775470,1025.5964
1645033775507,1025.5964
1645033775550,1025.5964
1645033775605,1025.5964
1645033775626,1025.5919
1645033775661,1025.5919
1645033775700,1025.5919
1645033775739,1025.5919
1645033775777,1025.5925
1645033775816,1025.5925
1645033775855,1025.5925
1645033775894,1025.5925
1645033775937,1025.5907
1645033775968,1025.5907
1645033776008,1025.5907
1645033776044,1025.5907
1645033776084,1025.5883
1645033776134,1025.5883
1645033776164,1025.5883
1645033776200,1025.5883
1645033776242,1025.5883
1645033776276,1025.5889
1645033776317,1025.5889
1645033776355,1025.5889
1645033776394,1025.5889
1645033776431,1025.5928
1645033776469,1025.5928
1645033776508,1025.5928
1645033776547,1025.5928
1645033776593,1025.5968
1645033776623,1025.5968
1645033776661,1025.5968
1645033776700,1025.5968
1645033776738,1025.5974
1645033776776,1025.5974
1645033776817,1025.5974
1645033776852,1025.5974
1645033776892,1025.6013
1645033776930,1025.6013
1645033776971,1025.6013
1645033777007,1025.6013
1645033777047,1025.6067
1645033777084,1025.6067
1645033777127,1025.6067
1645033777162,1025.6067
1645033777199,1025.6039
1645033777240,1025.6039
1645033777277,1025.6039
1645033777317,1025.6039
1645033777357,1025.6038
1645033777393,1025.6038
1645033777431,1025.6038
1645033777469,1025.6038
1645033777525,1025.6095
1645033777547,1025.6095
1645033777587,1025.6095
1645033777641,1025.6095
1645033777662,1025.6042
1645033777699,1025.6042
1645033777739,1025.6042
1645033777776,1025.6042
1645033777815,1025.6049
1645033777855,1025.6049
1645033777892,1025.6049
1645033777929,1025.6049
1645033777968,1025.6019
1645033778006,1025.6019
1645033778045,1025.6019
1645033778084,1025.6019
1645033778128,1025.6018
1645033778161,1025.6018
1645033778200,1025.6018
1645033778239,1025.6018
1645033778277,1025.611
1645033778315,1025.611
1645033778355,1025.611
1645033778393,1025.611
1645033778431,1025.6105
1645033778468,1025.6105
1645033778506,1025.6105
1645033778545,1025.6105
1645033778583,1025.6105
1645033778624,1025.6002
1645033778660,1025.6002
1645033778701,1025.6002
1645033778739,1025.6002
1645033778778,1025.5984
1645033778816,1025.5984
1645033778855,1025.5984
1645033778893,1025.5984
1645033778935,1025.5956
1645033778969,1025.5956
1645033779006,1025.5956
1645033779048,1025.5956
1645033779085,1025.5961
1645033779129,1025.5961
1645033779159,1025.5961
1645033779199,1025.5961
1645033779240,1025.592
1645033779283,1025.592
1645033779316,1025.592
1645033779354,1025.592
1645033779392,1025.5942
1645033779429,1025.5942
1645033779468,1025.5942
1645033779509,1025.5942
1645033779546,1025.5897
1645033779587,1025.5897
1645033779628,1025.5897
1645033779659,1025.5897
1645033779697,1025.5852
1645033779740,1025.5852
1645033779777,1025.5852
1645033779816,1025.5852
1645033779853,1025.5822
1645033779892,1025.5822
1645033779930,1025.5822
1645033779969,1025.5822
1645033780006,1025.5782
1645033780046,1025.5782
1645033780084,1025.5782
1645033780148,1025.5782
1645033780161,1025.5789
1645033780199,1025.5789
1645033780237,1025.5789
1645033780279,1025.5789
1645033780316,1025.5901
1645033780353,1025.5901
1645033780391,1025.5901
1645033780431,1025.5901
1645033780470,1025.5924
1645033780511,1025.5924
1645033780545,1025.5924
1645033780584,1025.5924
1645033780629,1025.5934
1645033780660,1025.5934
1645033780700,1025.5934
1645033780739,1025.5934
1645033780776,1025.5834
1645033780815,1025.5834
1645033780853,1025.5834
1645033780891,1025.5834
1645033780929,1025.5834
1645033780966,1025.5819
1645033781008,1025.5819
1645033781045,1025.5819
1645033781083,1025.5819
1645033781123,1025.5808
1645033781158,1025.5808
1645033781198,1025.5808
1645033781238,1025.5808
1645033781279,1025.5746
1645033781313,1025.5746
1645033781352,1025.5746
1645033781392,1025.5746
1645033781428,1025.5795
1645033781468,1025.5795
1645033781511,1025.5795
1645033781545,1025.5795
1645033781583,1025.5808
1645033781623,1025.5808
1645033781660,1025.5808
1645033781699,1025.5808
1645033781740,1025.5776
1645033781776,1025.5776
1645033781818,1025.5776
1645033781856,1025.5776
1645033781891,1025.5824
1645033781931,1025.5824
1645033781968,1025.5824
1645033782014,1025.5824
1645033782045,1025.5931
1645033782084,1025.5931
1645033782121,1025.5931
1645033782161,1025.5931
1645033782197,1025.5865
1645033782239,1025.5865
1645033782276,1025.5865
1645033782314,1025.5865
1645033782359,1025.5923
1645033782392,1025.5923
1645033782435,1025.5923
1645033782469,1025.5923
1645033782506,1025.6013
1645033782545,1025.6013
1645033782583,1025.6013
1645033782623,1025.6013
1645033782659,1025.6036
1645033782699,1025.6036
1645033782739,1025.6036
1645033782775,1025.6036
1645033782814,1025.606
1645033782851,1025.606
1645033782897,1025.606
1645033782930,1025.606
1645033782970,1025.6154
1645033783006,1025.6154
1645033783044,1025.6154
1645033783083,1025.6154
1645033783120,1025.6154
1645033783163,1025.6228
1645033783198,1025.6228
1645033783236,1025.6228
1645033783276,1025.6228
1645033783314,1025.625
1645033783351,1025.625
1645033783390,1025.625
1645033783429,1025.625
1645033783468,1025.629
1645033783506,1025.629
1645033783545,1025.629
1645033783583,1025.629
1645033783624,1025.6293
1645033783659,1025.6293
1645033783698,1025.6293
1645033783737,1025.6293
1645033783775,1025.6316
1645033783815,1025.6316
1645033783852,1025.6316
1645033783893,1025.6316
1645033783932,1025.6338
1645033783968,1025.6338
1645033784007,1025.6338
1645033784045,1025.6338
1645033784084,1025.631
1645033784123,1025.631
1645033784162,1025.631
1645033784197,1025.631
1645033784237,1025.6326
1645033784274,1025.6326
1645033784313,1025.6326
1645033784351,1025.6326
1645033784396,1025.6339
1645033784430,1025.6339
1645033784468,1025.6339
1645033784505,1025.6339
1645033784545,1025.6252
1645033784583,1025.6252
1645033784626,1025.6252
1645033784660,1025.6252
1645033784698,1025.6224
1645033784738,1025.6224
1645033784774,1025.6224
1645033784812,1025.6224
1645033784852,1025.6284
1645033784891,1025.6284
1645033784929,1025.6284
1645033784967,1025.6284
1645033785006,1025.629
1645033785048,1025.629
1645033785083,1025.629
1645033785124,1025.629
1645033785167,1025.6276
1645033785197,1025.6276
1645033785237,1025.6276
1645033785276,1025.6276
1645033785314,1025.6316
1645033785351,1025.6316
1645033785390,1025.6316
1645033785439,1025.6316
1645033785469,1025.6316
1645033785506,1025.6332
1645033785544,1025.6332
1645033785583,1025.6332
1645033785621,1025.6332
1645033785658,1025.6409
1645033785700,1025.6409
1645033785736,1025.6409
1645033785776,1025.6409
1645033785814,1025.6432
1645033785853,1025.6432
1645033785891,1025.6432
1645033785931,1025.6432
1645033785966,1025.6404
1645033786007,1025.6404
1645033786045,1025.6404
1645033786083,1025.6404
1645033786121,1025.646
1645033786158,1025.646
1645033786198,1025.646
1645033786244,1025.646
1645033786274,1025.6425
1645033786312,1025.6425
1645033786355,1025.6425
1645033786391,1025.6425
1645033786429,1025.6554
1645033786466,1025.6554
1645033786504,1025.6554
1645033786543,1025.6554
1645033786583,1025.6555
1645033786625,1025.6555
1645033786657,1025.6555
1645033786697,1025.6555
1645033786737,1025.6558
1645033786773,1025.6558
1645033786812,1025.6558
1645033786852,1025.6558
1645033786890,1025.653
1645033786929,1025.653
1645033786967,1025.653
1645033787008,1025.653
1645033787044,1025.6519
1645033787085,1025.6519
1645033787121,1025.6519
1645033787160,1025.6519
1645033787198,1025.6508
1645033787236,1025.6508
1645033787277,1025.6508
1645033787313,1025.6508
1645033787351,1025.653
1645033787390,1025.653
1645033787429,1025.653
1645033787468,1025.653
1645033787514,1025.6482
1645033787558,1025.6482
1645033787581,1025.6482
1645033787620,1025.6482
1645033787664,1025.6521
1645033787696,1025.6521
1645033787736,1025.6521
1645033787773,1025.6521
1645033787813,1025.6521
1645033787851,1025.6527
1645033787890,1025.6527
1645033787930,1025.6527
1645033787969,1025.6527
1645033788011,1025.6499
1645033788042,1025.6499
1645033788085,1025.6499
1645033788122,1025.6499
1645033788162,1025.6437
1645033788196,1025.6437
1645033788239,1025.6437
1645033788273,1025.6437
1645033788313,1025.6401
1645033788351,1025.6401
1645033788388,1025.6401
1645033788427,1025.6401
1645033788468,1025.6263
1645033788507,1025.6263
1645033788544,1025.6263
1645033788584,1025.6263
1645033788621,1025.6252
1645033788665,1025.6252
1645033788695,1025.6252
1645033788736,1025.6252
1645033788774,1025.6241
1645033788813,1025.6241
1645033788854,1025.6241
1645033788889,1025.6241
1645033788927,1025.628
1645033788965,1025.628
1645033789013,1025.628
1645033789045,1025.628
1645033789082,1025.6324
1645033789120,1025.6324
1645033789161,1025.6324
1645033789198,1025.6324
1645033789233,1025.6188
1645033789274,1025.6188
1645033789312,1025.6188
1645033789350,1025.6188
1645033789389,1025.621
1645033789428,1025.621
1645033789467,1025.621
1645033789504,1025.621
1645033789544,1025.6267
1645033789584,1025.6267
1645033789619,1025.6267
1645033789659,1025.6267
1645033789696,1025.6188
1645033789738,1025.6188
1645033789774,1025.6188
1645033789815,1025.6188
1645033789852,1025.6194
1645033789892,1025.6194
1645033789929,1025.6194
1645033789969,1025.6194
1645033790004,1025.6246
1645033790043,1025.6246
1645033790090,1025.6246
1645033790119,1025.6246
1645033790165,1025.6246
1645033790198,1025.6218
1645033790236,1025.6218
1645033790274,1025.6218
1645033790313,1025.6218
1645033790351,1025.6224
1645033790388,1025.6224
1645033790428,1025.6224
1645033790467,1025.6224
1645033790504,1025.6213
1645033790543,1025.6213
1645033790584,1025.6213
1645033790621,1025.6213
1645033790671,1025.6168
1645033790695,1025.6168
1645033790735,1025.6168
1645033790774,1025.6168
1645033790815,1025.614
1645033790850,1025.614
1645033790888,1025.614
1645033790927,1025.614
1645033790968,1025.6097
1645033791013,1025.6097
1645033791043,1025.6097
1645033791081,1025.6097
1645033791121,1025.6188
1645033791160,1025.6188
1645033791196,1025.6188
1645033791235,1025.6188
1645033791276,1025.6101
1645033791320,1025.6101
1645033791349,1025.6101
1645033791388,1025.6101
1645033791428,1025.6134
1645033791466,1025.6134
1645033791503,1025.6134
1645033791542,1025.6134
1645033791583,1025.6139
1645033791619,1025.6139
1645033791657,1025.6139
1645033791698,1025.6139
1645033791736,1025.6107
1645033791785,1025.6107
1645033791814,1025.6107
1645033791851,1025.6107
1645033791888,1025.6041
1645033791927,1025.6041
1645033791964,1025.6041
1645033792003,1025.6041
1645033792041,1025.6044
1645033792080,1025.6044
1645033792119,1025.6044
1645033792160,1025.6044
1645033792197,1025.6233
1645033792236,1025.6233
1645033792274,1025.6233
1645033792311,1025.6233
1645033792349,1025.6272
1645033792388,1025.6272
1645033792426,1025.6272
1645033792466,1025.6272
1645033792504,1025.6272
1645033792541,1025.6101
1645033792580,1025.6101
1645033792621,1025.6101
1645033792663,1025.6101
1645033792696,1025.6158
1645033792733,1025.6158
1645033792772,1025.6158
1645033792811,1025.6158
1645033792850,1025.6232
1645033792887,1025.6232
1645033792926,1025.6232
1645033792968,1025.6232
1645033793005,1025.6204
1645033793041,1025.6204
1645033793079,1025.6204
1645033793118,1025.6204
1645033793159,1025.623
1645033793195,1025.623
1645033793233,1025.623
1645033793273,1025.623
1645033793319,1025.6338
1645033793348,1025.6338
1645033793387,1025.6338
1645033793425,1025.6338
1645033793465,1025.6428
1645033793503,1025.6428
1645033793550,1025.6428
1645033793580,1025.6428
1645033793617,1025.6427
1645033793664,1025.6427
1645033793695,1025.6427
1645033793734,1025.6427
1645033793772,1025.65
1645033793812,1025.65
1645033793851,1025.65
1645033793891,1025.65
1645033793929,1025.6539
1645033793973,1025.6539
1645033794004,1025.6539
1645033794041,1025.6539
1645033794080,1025.6454
1645033794122,1025.6454
1645033794159,1025.6454
1645033794195,1025.6454
1645033794233,1025.6407
1645033794275,1025.6407
1645033794314,1025.6407
1645033794350,1025.6407
1645033794398,1025.6448
1645033794428,1025.6448
1645033794466,1025.6448
1645033794502,1025.6448
1645033794541,1025.6555
1645033794579,1025.6555
1645033794619,1025.6555
1645033794659,1025.6555
1645033794697,1025.6555
1645033794734,1025.6469
1645033794772,1025.6469
1645033794809,1025.6469
1645033794856,1025.6469
1645033794888,1025.6576
1645033794935,1025.6576
1645033794967,1025.6576
1645033795004,1025.6576
1645033795042,1025.6613
1645033795080,1025.6613
1645033795121,1025.6613
1645033795159,1025.6613
1645033795197,1025.6754
1645033795233,1025.6754
1645033795275,1025.6754
1645033795311,1025.6754
1645033795352,1025.6692
1645033795390,1025.6692
1645033795426,1025.6692
1645033795467,1025.6692
1645033795502,1025.6647
1645033795545,1025.6647
1645033795582,1025.6647
1645033795620,1025.6647
1645033795656,1025.6653
1645033795695,1025.6653
1645033795733,1025.6653
1645033795773,1025.6653
1645033795811,1025.676
1645033795850,1025.676
1645033795889,1025.676
1645033795926,1025.676
1645033795964,1025.6797
1645033796006,1025.6797
1645033796041,1025.6797
1645033796079,1025.6797
1645033796121,1025.6803
1645033796158,1025.6803
1645033796195,1025.6803
1645033796235,1025.6803
1645033796272,1025.6791
1645033796310,1025.6791
1645033796349,1025.6791
1645033796387,1025.6791
1645033796427,1025.6797
1645033796467,1025.6797
1645033796511,1025.6797
1645033796545,1025.6797
1645033796582,1025.6836
1645033796617,1025.6836
1645033796665,1025.6836
1645033796694,1025.6836
1645033796733,1025.6835
1645033796770,1025.6835
1645033796811,1025.6835
1645033796850,1025.6835
1645033796892,1025.6833
1645033796928,1025.6833
1645033796963,1025.6833
1645033797004,1025.6833
1645033797041,1025.6833
1645033797082,1025.6924
1645033797118,1025.6924
1645033797156,1025.6924
1645033797195,1025.6924
1645033797232,1025.7014
1645033797274,1025.7014
1645033797314,1025.7014
1645033797349,1025.7014
1645033797386,1025.7104
1645033797425,1025.7104
1645033797464,1025.7104
1645033797502,1025.7104
1645033797541,1025.704
1645033797580,1025.704
1645033797620,1025.704
1645033797657,1025.704
1645033797696,1025.699
1645033797734,1025.699
1645033797773,1025.699
1645033797812,1025.699
1645033797848,1025.7043
1645033797886,1025.7043
1645033797927,1025.7043
1645033797964,1025.7043
1645033798003,1025.7118
1645033798046,1025.7118
1645033798080,1025.7118
1645033798119,1025.7118
1645033798161,1025.7203
1645033798195,1025.7203
1645033798233,1025.7203
1645033798270,1025.7203
1645033798310,1025.7349
1645033798348,1025.7349
1645033798389,1025.7349
1645033798425,1025.7349
1645033798465,1025.7389
1645033798503,1025.7389
1645033798541,1025.7389
1645033798578,1025.7389
1645033798617,1025.7374
1645033798659,1025.7374
1645033798698,1025.7374
1645033798733,1025.7374
1645033798774,1025.7343
1645033798810,1025.7343
1645033798850,1025.7343
1645033798886,1025.7343
1645033798925,1025.7383
1645033798965,1025.7383
1645033799001,1025.7383
1645033799046,1025.7383
1645033799079,1025.7405
1645033799117,1025.7405
1645033799156,1025.7405
1645033799195,1025.7405
1645033799234,1025.74
1645033799274,1025.74
1645033799312,1025.74
1645033799347,1025.74
1645033799388,1025.74
1645033799427,1025.7365
1645033799464,1025.7365
1645033799505,1025.7365
1645033799541,1025.7365
1645033799579,1025.7362
1645033799624,1025.7362
1645033799654,1025.7362
1645033799694,1025.7362
1645033799733,1025.7402
1645033799771,1025.7402
1645033799809,1025.7402
1645033799847,1025.7402
1645033799886,1025.735
1645033799927,1025.735
1645033799963,1025.735
1645033800004,1025.735
1645033800046,1025.733
1645033800079,1025.733
1645033800118,1025.733
1645033800156,1025.733
1645033800194,1025.7319
1645033800232,1025.7319
1645033800271,1025.7319
1645033800310,1025.7319
1645033800347,1025.727
1645033800385,1025.727
1645033800426,1025.727
1645033800464,1025.727
1645033800502,1025.7188
1645033800540,1025.7188
1645033800579,1025.7188
1645033800618,1025.7188
1645033800654,1025.7223
1645033800696,1025.7223
1645033800733,1025.7223
1645033800769,1025.7223
1645033800809,1025.7242
1645033800855,1025.7242
1645033800885,1025.7242
1645033800925,1025.7242
1645033800965,1025.7197
1645033801009,1025.7197
1645033801040,1025.7197
1645033801077,1025.7197
1645033801116,1025.723
1645033801158,1025.723
1645033801201,1025.723
1645033801234,1025.723
1645033801270,1025.7328
1645033801311,1025.7328
1645033801347,1025.7328
1645033801388,1025.7328
1645033801426,1025.7291
1645033801471,1025.7291
1645033801504,1025.7291
1645033801538,1025.7291
1645033801592,1025.7297
1645033801616,1025.7297
1645033801654,1025.7297
1645033801693,1025.7297
1645033801732,1025.7297
1645033801770,1025.7303
1645033801815,1025.7303
1645033801847,1025.7303
1645033801888,1025.7303
1645033801925,1025.7234
1645033801963,1025.7234
1645033802003,1025.7234
1645033802049,1025.7234
1645033802078,1025.7256
1645033802117,1025.7256
1645033802156,1025.7256
1645033802199,1025.7256
1645033802231,1025.7363
1645033802274,1025.7363
1645033802310,1025.7363
1645033802346,1025.7363
1645033802386,1025.7417
1645033802424,1025.7417
1645033802463,1025.7417
1645033802501,1025.7417
1645033802539,1025.7418
1645033802579,1025.7418
1645033802618,1025.7418
1645033802655,1025.7418
1645033802692,1025.7369
1645033802731,1025.7369
1645033802770,1025.7369
1645033802808,1025.7369
1645033802848,1025.7393
1645033802890,1025.7393
1645033802927,1025.7393
1645033802963,1025.7393
1645033803001,1025.7428
1645033803038,1025.7428
1645033803077,1025.7428
1645033803117,1025.7428
1645033803155,1025.7404
1645033803201,1025.7404
1645033803233,1025.7404
1645033803269,1025.7404
1645033803309,1025.7393
1645033803350,1025.7393
1645033803385,1025.7393
1645033803425,1025.7393
1645033803467,1025.7347
1645033803503,1025.7347
1645033803541,1025.7347
1645033803578,1025.7347
1645033803617,1025.7278
1645033803655,1025.7278
1645033803709,1025.7278
1645033803730,1025.7278
1645033803771,1025.7284
1645033803808,1025.7284
1645033803848,1025.7284
1645033803886,1025.7284
1645033803924,1025.7284
1645033803961,1025.735
1645033804004,1025.735
1645033804042,1025.735
1645033804077,1025.735
1645033804118,1025.7338
1645033804158,1025.7338
1645033804195,1025.7338
1645033804230,1025.7338
1645033804270,1025.7361
1645033804312,1025.7361
1645033804349,1025.7361
1645033804388,1025.7361
1645033804423,1025.7415
1645033804464,1025.7415
1645033804508,1025.7415
1645033804541,1025.7415
1645033804583,1025.7402
1645033804616,1025.7402
1645033804656,1025.7402
1645033804695,1025.7402
1645033804732,1025.7408
1645033804770,1025.7408
1645033804808,1025.7408
1645033804846,1025.7408
1645033804884,1025.7407
1645033804922,1025.7407
1645033804961,1025.7407
1645033804999,1025.7407
1645033805044,1025.7429
1645033805078,1025.7429
1645033805116,1025.7429
1645033805155,1025.7429
1645033805193,1025.7418
1645033805230,1025.7418
1645033805271,1025.7418
1645033805307,1025.7418
1645033805348,1025.7322
1645033805386,1025.7322
1645033805424,1025.7322
1645033805461,1025.7322
1645033805500,1025.7286
1645033805539,1025.7286
1645033805578,1025.7286
1645033805618,1025.7286
1645033805654,1025.7241
1645033805696,1025.7241
1645033805729,1025.7241
1645033805771,1025.7241
1645033805810,1025.7145
1645033805848,1025.7145
1645033805888,1025.7145
1645033805929,1025.7145
1645033805964,1025.7164
1645033806000,1025.7164
1645033806043,1025.7164
1645033806077,1025.7164
1645033806115,1025.7152
1645033806158,1025.7152
1645033806192,1025.7152
1645033806230,1025.7152
1645033806269,1025.7152
1645033806309,1025.7158
1645033806351,1025.7158
1645033806389,1025.7158
1645033806434,1025.7158
1645033806460,1025.7072
1645033806499,1025.7072
1645033806539,1025.7072
1645033806581,1025.7072
1645033806615,1025.711
1645033806655,1025.711
1645033806692,1025.711
1645033806731,1025.711
1645033806770,1025.7126
1645033806810,1025.7126
1645033806847,1025.7126
1645033806887,1025.7126
1645033806926,1025.7098
1645033806964,1025.7098
1645033807000,1025.7098
1645033807038,1025.7098
1645033807077,1025.7012
1645033807115,1025.7012
1645033807159,1025.7012
1645033807194,1025.7012
1645033807232,1025.7001
1645033807272,1025.7001
1645033807310,1025.7001
1645033807346,1025.7001
1645033807386,1025.7032
1645033807427,1025.7032
1645033807462,1025.7032
1645033807503,1025.7032
1645033807539,1025.6987
1645033807576,1025.6987
1645033807620,1025.6987
1645033807652,1025.6987
1645033807691,1025.7068
1645033807729,1025.7068
1645033807770,1025.7068
1645033807807,1025.7068
1645033807846,1025.7019
1645033807887,1025.7019
1645033807925,1025.7019
1645033807962,1025.7019
1645033808001,1025.7076
1645033808047,1025.7076
1645033808075,1025.7076
1645033808116,1025.7076
1645033808157,1025.7026
1645033808195,1025.7026
1645033808231,1025.7026
1645033808269,1025.7026
1645033808308,1025.6974
1645033808346,1025.6974
1645033808386,1025.6974
1645033808425,1025.6974
1645033808464,1025.6996
1645033808505,1025.6996
1645033808539,1025.6996
1645033808580,1025.6996
1645033808617,1025.6996
1645033808653,1025.6965
1645033808696,1025.6965
1645033808732,1025.6965
1645033808768,1025.6965
1645033808809,1025.6967
1645033808845,1025.6967
1645033808891,1025.6967
1645033808925,1025.6967
1645033808961,1025.6948
1645033809000,1025.6948
1645033809044,1025.6948
1645033809078,1025.6948
1645033809117,1025.6957
1645033809154,1025.6957
1645033809192,1025.6957
1645033809233,1025.6957
1645033809269,1025.6963
1645033809308,1025.6963
1645033809345,1025.6963
1645033809390,1025.6963
1645033809423,1025.6979
1645033809461,1025.6979
1645033809500,1025.6979
1645033809546,1025.6979
1645033809575,1025.6932
1645033809616,1025.6932
1645033809656,1025.6932
1645033809693,1025.6932
1645033809732,1025.6956
1645033809768,1025.6956
1645033809806,1025.6956
1645033809850,1025.6956
1645033809886,1025.7046
1645033809922,1025.7046
1645033809961,1025.7046
1645033809999,1025.7046
1645033810041,1025.7085
1645033810080,1025.7085
1645033810116,1025.7085
1645033810154,1025.7085
1645033810196,1025.7139
1645033810230,1025.7139
1645033810270,1025.7139
1645033810308,1025.7139
1645033810348,1025.7161
1645033810383,1025.7161
1645033810423,1025.7161
1645033810461,1025.7161
1645033810509,1025.7184
1645033810537,1025.7184
1645033810577,1025.7184
1645033810616,1025.7184
1645033810652,1025.708
1645033810691,1025.708
1645033810735,1025.708
1645033810767,1025.708
1645033810806,1025.708
1645033810847,1025.7103
1645033810884,1025.7103
1645033810926,1025.7103
1645033810960,1025.7103
1645033810997,1025.704
1645033811041,1025.704
1645033811077,1025.704
1645033811120,1025.704
1645033811153,1025.7067
1645033811191,1025.7067
1645033811244,1025.7067
1645033811270,1025.7067
1645033811309,1025.7069
1645033811346,1025.7069
1645033811385,1025.7069
1645033811421,1025.7069
1645033811462,1025.7037
1645033811499,1025.7037
1645033811539,1025.7037
1645033811577,1025.7037
1645033811617,1025.711
1645033811653,1025.711
1645033811691,1025.711
1645033811729,1025.711
1645033811767,1025.7167
1645033811806,1025.7167
1645033811846,1025.7167
1645033811885,1025.7167
1645033811927,1025.7194
1645033811961,1025.7194
1645033812006,1025.7194
1645033812042,1025.7194
1645033812076,1025.7263
1645033812116,1025.7263
1645033812153,1025.7263
1645033812191,1025.7263
1645033812228,1025.7252
1645033812268,1025.7252
1645033812306,1025.7252
1645033812346,1025.7252
1645033812385,1025.7258
1645033812423,1025.7258
1645033812460,1025.7258
1645033812505,1025.7258
1645033812538,1025.7246
1645033812579,1025.7246
1645033812613,1025.7246
1645033812652,1025.7246
1645033812693,1025.7235
1645033812733,1025.7235
1645033812767,1025.7235
1645033812807,1025.7235
1645033812847,1025.7177
1645033812886,1025.7177
1645033812922,1025.7177
1645033812959,1025.7177
1645033813002,1025.7186
1645033813038,1025.7186
1645033813079,1025.7186
1645033813113,1025.7186
1645033813153,1025.7186
1645033813189,1025.7216
1645033813244,1025.7216
1645033813268,1025.7216
1645033813306,1025.7216
1645033813347,1025.7192
1645033813383,1025.7192
1645033813421,1025.7192
1645033813461,1025.7192
1645033813497,1025.717
1645033813536,1025.717
1645033813577,1025.717
1645033813615,1025.717
1645033813654,1025.7177
1645033813693,1025.7177
1645033813729,1025.7177
1645033813768,1025.7177
1645033813810,1025.7186
1645033813848,1025.7186
1645033813884,1025.7186
1645033813927,1025.7186
1645033813961,1025.7179
1645033813998,1025.7179
1645033814037,1025.7179
1645033814077,1025.7179
1645033814114,1025.7134
1645033814154,1025.7134
1645033814196,1025.7134
1645033814229,1025.7134
1645033814267,1025.7184
1645033814309,1025.7184
1645033814346,1025.7184
1645033814385,1025.7184
1645033814421,1025.7231
1645033814459,1025.7231
1645033814497,1025.7231
1645033814536,1025.7231
1645033814576,1025.7224
1645033814614,1025.7224
1645033814651,1025.7224
1645033814692,1025.7224
1645033814736,1025.72
1645033814770,1025.72
1645033814805,1025.72
1645033814848,1025.72
1645033814887,1025.7172
1645033814923,1025.7172
1645033814961,1025.7172
1645033814997,1025.7172
1645033815039,1025.7133
1645033815074,1025.7133
1645033815121,1025.7133
1645033815154,1025.7133
1645033815188,1025.7125
1645033815227,1025.7125
1645033815267,1025.7125
1645033815306,1025.7125
1645033815352,1025.7125
1645033815382,1025.7148
1645033815424,1025.7148
1645033815461,1025.7148
1645033815499,1025.7148
1645033815536,1025.7175
1645033815576,1025.7175
1645033815613,1025.7175
1645033815653,1025.7175
1645033815689,1025.7079
1645033815728,1025.7079
1645033815766,1025.7079
1645033815805,1025.7079
1645033815846,1025.7089
1645033815881,1025.7089
1645033815922,1025.7089
1645033815960,1025.7089
1645033815998,1025.7021
1645033816036,1025.7021
1645033816073,1025.7021
1645033816114,1025.7021
1645033816157,1025.7048
1645033816195,1025.7048
1645033816231,1025.7048
1645033816266,1025.7048
1645033816305,1025.7054
1645033816347,1025.7054
1645033816384,1025.7054
1645033816421,1025.7054
1645033816460,1025.7047
1645033816499,1025.7047
1645033816538,1025.7047
1645033816577,1025.7047
1645033816613,1025.711
1645033816655,1025.711
1645033816689,1025.711
1645033816731,1025.711
1645033816766,1025.712
1645033816805,1025.712
1645033816844,1025.712
1645033816886,1025.712
1645033816921,1025.7041
1645033816961,1025.7041
1645033816999,1025.7041
1645033817036,1025.7041
1645033817076,1025.6996
1645033817117,1025.6996
1645033817152,1025.6996
1645033817191,1025.6996
1645033817230,1025.7073
1645033817267,1025.7073
1645033817309,1025.7073
1645033817344,1025.7073
1645033817385,1025.6984
1645033817421,1025.6984
1645033817459,1025.6984
1645033817498,1025.6984
1645033817537,1025.6953
1645033817575,1025.6953
1645033817612,1025.6953
1645033817653,1025.6953
1645033817690,1025.6953
1645033817740,1025.7
1645033817766,1025.7
1645033817804,1025.7
1645033817845,1025.7
1645033817884,1025.6989
1645033817920,1025.6989
1645033817962,1025.6989
1645033817999,1025.6989
1645033818038,1025.6902
1645033818074,1025.6902
1645033818113,1025.6902
1645033818154,1025.6902
1645033818190,1025.6935
1645033818227,1025.6935
1645033818265,1025.6935
1645033818305,1025.6935
1645033818346,1025.6924
1645033818382,1025.6924
1645033818423,1025.6924
1645033818458,1025.6924
1645033818497,1025.6862
1645033818535,1025.6862
1645033818578,1025.6862
1645033818613,1025.6862
1645033818650,1025.6956
1645033818690,1025.6956
1645033818728,1025.6956
1645033818765,1025.6956
1645033818806,1025.6927
1645033818846,1025.6927
1645033818880,1025.6927
1645033818920,1025.6927
1645033818960,1025.6882
1645033818999,1025.6882
1645033819037,1025.6882
1645033819074,1025.6882
1645033819111,1025.6959
1645033819152,1025.6959
1645033819192,1025.6959
1645033819229,1025.6959
1645033819264,1025.6965
1645033819305,1025.6965
1645033819344,1025.6965
1645033819384,1025.6965
1645033819421,1025.6954
1645033819460,1025.6954
1645033819496,1025.6954
1645033819536,1025.6954
1645033819575,1025.6947
1645033819619,1025.6947
1645033819651,1025.6947
1645033819690,1025.6947
1645033819731,1025.6935
1645033819767,1025.6935
1645033819805,1025.6935
1645033819844,1025.6935
1645033819889,1025.6957
1645033819921,1025.6957
1645033819958,1025.6957
1645033819997,1025.6957
1645033820034,1025.6957
1645033820075,1025.6963
1645033820113,1025.6963
1645033820151,1025.6963
1645033820189,1025.6963
1645033820227,1025.6938
1645033820267,1025.6938
1645033820305,1025.6938
1645033820341,1025.6938
1645033820382,1025.691
1645033820420,1025.691
1645033820459,1025.691
1645033820501,1025.691
1645033820536,1025.6915
1645033820575,1025.6915
1645033820616,1025.6915
1645033820650,1025.6915
1645033820689,1025.6901
1645033820730,1025.6901
1645033820766,1025.6901
1645033820804,1025.6901
1645033820845,1025.6863
1645033820883,1025.6863
1645033820921,1025.6863
1645033820957,1025.6863
1645033820996,1025.6726
1645033821036,1025.6726
1645033821074,1025.6726
1645033821113,1025.6726
1645033821152,1025.6782
1645033821190,1025.6782
1645033821229,1025.6782
1645033821266,1025.6782
1645033821304,1025.6771
1645033821343,1025.6771
1645033821380,1025.6771
1645033821419,1025.6771
1645033821458,1025.678
1645033821496,1025.678
1645033821536,1025.678
1645033821573,1025.678
1645033821613,1025.6735
1645033821652,1025.6735
1645033821688,1025.6735
1645033821727,1025.6735
1645033821770,1025.6672
1645033821806,1025.6672
1645033821849,1025.6672
1645033821882,1025.6672
1645033821919,1025.6696
1645033821959,1025.6696
1645033821996,1025.6696
1645033822034,1025.6696
1645033822076,1025.6681
1645033822112,1025.6681
1645033822150,1025.6681
1645033822187,1025.6681
1645033822228,1025.6681
1645033822266,1025.6648
1645033822306,1025.6648
1645033822344,1025.6648
1645033822382,1025.6648
1645033822419,1025.6675
1645033822459,1025.6675
1645033822496,1025.6675
1645033822536,1025.6675
1645033822574,1025.6697
1645033822612,1025.6697
1645033822656,1025.6697
1645033822687,1025.6697
1645033822729,1025.6686
1645033822765,1025.6686
1645033822804,1025.6686
1645033822847,1025.6686
1645033822881,1025.6742
1645033822920,1025.6742
1645033822956,1025.6742
1645033822997,1025.6742
1645033823041,1025.6744
1645033823073,1025.6744
1645033823113,1025.6744
1645033823149,1025.6744
1645033823190,1025.6732
1645033823227,1025.6732
1645033823265,1025.6732
1645033823305,1025.6732
1645033823343,1025.679
1645033823379,1025.679
1645033823419,1025.679
1645033823457,1025.679
1645033823496,1025.6829
1645033823535,1025.6829
1645033823573,1025.6829
1645033823611,1025.6829
1645033823650,1025.6759
1645033823689,1025.6759
1645033823729,1025.6759
1645033823766,1025.6759
1645033823803,1025.6788
1645033823842,1025.6788
1645033823880,1025.6788
1645033823927,1025.6788
1645033823958,1025.6722
1645033823997,1025.6722
1645033824033,1025.6722
1645033824073,1025.6722
1645033824110,1025.6711
1645033824151,1025.6711
1645033824188,1025.6711
1645033824228,1025.6711
1645033824267,1025.6768
1645033824304,1025.6768
1645033824343,1025.6768
1645033824381,1025.6768
1645033824419,1025.6681
1645033824460,1025.6681
1645033824497,1025.6681
1645033824536,1025.6681
1645033824572,1025.6681
1645033824610,1025.6653
1645033824649,1025.6653
1645033824689,1025.6653
1645033824728,1025.6653
1645033824765,1025.6625
1645033824804,1025.6625
1645033824844,1025.6625
1645033824881,1025.6625
1645033824919,1025.6715
1645033824960,1025.6715
1645033824996,1025.6715
1645033825033,1025.6715
1645033825073,1025.6683
1645033825111,1025.6683
1645033825151,1025.6683
1645033825190,1025.6683
1645033825227,1025.66
1645033825264,1025.66
1645033825303,1025.66
1645033825341,1025.66
1645033825379,1025.6554
1645033825421,1025.6554
1645033825457,1025.6554
1645033825495,1025.6554
1645033825533,1025.6514
1645033825574,1025.6514
1645033825612,1025.6514
1645033825650,1025.6514
1645033825689,1025.6434
1645033825728,1025.6434
1645033825764,1025.6434
1645033825803,1025.6434
1645033825843,1025.6405
1645033825883,1025.6405
1645033825920,1025.6405
1645033825958,1025.6405
1645033825998,1025.637
1645033826034,1025.637
1645033826074,1025.637
1645033826116,1025.637
1645033826150,1025.6283
1645033826187,1025.6283
1645033826225,1025.6283
1645033826266,1025.6283
1645033826302,1025.617
1645033826340,1025.617
1645033826380,1025.617
1645033826417,1025.617
1645033826456,1025.6227
1645033826497,1025.6227
1645033826533,1025.6227
1645033826575,1025.6227
1645033826611,1025.6173
1645033826648,1025.6173
1645033826687,1025.6173
1645033826728,1025.6173
1645033826765,1025.6241
1645033826802,1025.6162
1645033826840,1025.6162
1645033826880,1025.6162
1645033826918,1025.6162
1645033826958,1025.6218
1645033826995,1025.6218
1645033827033,1025.6218
1645033827071,1025.6218
1645033827111,1025.6255
1645033827149,1025.6255
1645033827188,1025.6255
1645033827226,1025.6255
1645033827268,1025.6193
1645033827303,1025.6193
1645033827345,1025.6193
1645033827380,1025.6193
1645033827420,1025.6198
1645033827456,1025.6198
1645033827497,1025.6198
1645033827535,1025.6198
1645033827571,1025.6288
1645033827609,1025.6288
1645033827648,1025.6288
1645033827687,1025.6288
1645033827727,1025.626
1645033827767,1025.626
1645033827822,1025.626
1645033827840,1025.626
1645033827878,1025.6299
1645033827917,1025.6299
1645033827957,1025.6299
1645033827994,1025.6299
1645033828035,1025.6348
1645033828078,1025.6348
1645033828111,1025.6348
1645033828149,1025.6348
1645033828187,1025.6459
1645033828225,1025.6459
1645033828272,1025.6459
1645033828303,1025.6459
1645033828341,1025.644
1645033828379,1025.644
1645033828419,1025.644
1645033828457,1025.644
1645033828495,1025.6459
1645033828534,1025.6459
1645033828576,1025.6459
1645033828613,1025.6459
1645033828649,1025.6427
1645033828689,1025.6427
1645033828727,1025.6427
1645033828770,1025.6427
1645033828801,1025.6542
1645033828841,1025.6542
1645033828891,1025.6542
1645033828916,1025.6542
1645033828956,1025.6537
1645033828995,1025.6537
1645033829034,1025.6537
1645033829074,1025.6537
1645033829110,1025.6537
1645033829149,1025.6593
1645033829187,1025.6593
1645033829226,1025.6593
1645033829265,1025.6593
1645033829303,1025.6642
1645033829342,1025.6642
1645033829379,1025.6642
1645033829429,1025.6642
1645033829458,1025.674
1645033829495,1025.674
1645033829534,1025.674
1645033829574,1025.674
1645033829610,1025.6792
1645033829648,1025.6792
1645033829687,1025.6792
1645033829725,1025.6792
1645033829766,1025.6726
1645033829802,1025.6726
1645033829841,1025.6726
1645033829878,1025.6726
1645033829916,1025.6813
1645033829957,1025.6813
1645033829996,1025.6813
1645033830033,1025.6813
1645033830074,1025.6848
1645033830109,1025.6848
1645033830149,1025.6848
1645033830194,1025.6848
1645033830226,1025.6846
1645033830267,1025.6846
1645033830302,1025.6846
1645033830341,1025.6846
1645033830379,1025.6835
1645033830418,1025.6835
1645033830455,1025.6835
1645033830497,1025.6835
1645033830534,1025.6874
1645033830572,1025.6874
1645033830611,1025.6874
1645033830649,1025.6874
1645033830686,1025.6838
1645033830725,1025.6838
1645033830766,1025.6838
1645033830801,1025.6838
1645033830843,1025.6843
1645033830877,1025.6843
1645033830919,1025.6843
1645033830958,1025.6843
1645033830993,1025.6947
1645033831034,1025.6947
1645033831070,1025.6947
1645033831109,1025.6947
1645033831148,1025.6919
1645033831187,1025.6919
1645033831229,1025.6919
1645033831265,1025.6919
1645033831301,1025.6958
1645033831340,1025.6958
1645033831381,1025.6958
1645033831416,1025.6958
1645033831456,1025.6958
1645033831497,1025.6997
1645033831533,1025.6997
1645033831572,1025.6997
1645033831609,1025.6997
1645033831649,1025.7013
1645033831688,1025.7013
1645033831725,1025.7013
1645033831764,1025.7013
1645033831804,1025.6943
1645033831849,1025.6943
1645033831878,1025.6943
1645033831917,1025.6943
1645033831956,1025.6965
1645033831994,1025.6965
1645033832033,1025.6965
1645033832079,1025.6965
1645033832109,1025.7004
1645033832150,1025.7004
1645033832187,1025.7004
1645033832226,1025.7004
1645033832264,1025.7028
1645033832301,1025.7028
1645033832341,1025.7028
1645033832380,1025.7028
1645033832418,1025.7084
1645033832455,1025.7084
1645033832503,1025.7084
1645033832533,1025.7084
1645033832570,1025.7119
1645033832609,1025.7119
1645033832651,1025.7119
1645033832686,1025.7119
1645033832724,1025.7103
1645033832765,1025.7103
1645033832801,1025.7103
1645033832839,1025.7103
1645033832880,1025.7007
1645033832920,1025.7007
1645033832955,1025.7007
1645033832995,1025.7007
1645033833036,1025.6959
1645033833070,1025.6959
1645033833110,1025.6959
1645033833152,1025.6959
1645033833186,1025.6964
1645033833224,1025.6964
1645033833265,1025.6964
1645033833305,1025.6964
1645033833350,1025.6953
1645033833379,1025.6953
1645033833416,1025.6953
1645033833457,1025.6953
1645033833496,1025.69
1645033833534,1025.69
1645033833573,1025.69
1645033833610,1025.69
1645033833651,1025.69
1645033833687,1025.6871
1645033833726,1025.6871
1645033833769,1025.6871
1645033833801,1025.6871
1645033833839,1025.6826
1645033833879,1025.6826
1645033833919,1025.6826
1645033833957,1025.6826
1645033833993,1025.6836
1645033834034,1025.6836
1645033834073,1025.6836
1645033834108,1025.6836
1645033834148,1025.6841
1645033834185,1025.6841
1645033834227,1025.6841
1645033834267,1025.6841
1645033834300,1025.683
1645033834339,1025.683
1645033834379,1025.683
1645033834418,1025.683
1645033834455,1025.68
1645033834499,1025.68
1645033834532,1025.68
1645033834572,1025.68
1645033834609,1025.6772
1645033834650,1025.6772
1645033834686,1025.6772
1645033834724,1025.6772
1645033834765,1025.6866
1645033834799,1025.6866
1645033834839,1025.6866
1645033834878,1025.6866
1645033834916,1025.6873
1645033834955,1025.6873
1645033834993,1025.6873
1645033835035,1025.6873
1645033835070,1025.6827
1645033835108,1025.6827
1645033835146,1025.6827
1645033835185,1025.6827
1645033835224,1025.6779
1645033835261,1025.6779
1645033835300,1025.6779
1645033835340,1025.6779
1645033835378,1025.6715
1645033835416,1025.6715
1645033835455,1025.6715
1645033835493,1025.6715
1645033835535,1025.667
1645033835573,1025.667
1645033835607,1025.667
1645033835647,1025.667
1645033835684,1025.6676
1645033835724,1025.6676
1645033835763,1025.6676
1645033835800,1025.6676
1645033835839,1025.6631
1645033835877,1025.6631
1645033835918,1025.6631
1645033835956,1025.6631
1645033835992,1025.6631
1645033836031,1025.6653
1645033836071,1025.6653
1645033836108,1025.6653
1645033836147,1025.6653
1645033836188,1025.6621
1645033836224,1025.6621
1645033836262,1025.6621
1645033836302,1025.6621
1645033836339,1025.6576
1645033836378,1025.6576
1645033836416,1025.6576
1645033836454,1025.6576
1645033836495,1025.6547
1645033836535,1025.6547
1645033836575,1025.6547
1645033836608,1025.6547
1645033836648,1025.6536
1645033836686,1025.6536
1645033836729,1025.6536
1645033836763,1025.6536
1645033836801,1025.6508
1645033836840,1025.6508
1645033836876,1025.6508
1645033836915,1025.6508
1645033836955,1025.6461
1645033836993,1025.6461
1645033837037,1025.6461
1645033837073,1025.6461
1645033837107,1025.6471
1645033837147,1025.6471
1645033837186,1025.6471
1645033837224,1025.6471
1645033837266,1025.6392
1645033837303,1025.6392
1645033837341,1025.6392
1645033837378,1025.6392
1645033837417,1025.6364
1645033837455,1025.6364
1645033837495,1025.6364
1645033837532,1025.6364
1645033837570,1025.6366
1645033837608,1025.6366
1645033837646,1025.6366
1645033837687,1025.6366
1645033837724,1025.6451
1645033837767,1025.6451
1645033837803,1025.6451
1645033837841,1025.6451
1645033837879,1025.6444
1645033837918,1025.6444
1645033837952,1025.6444
1645033837994,1025.6444
1645033838031,1025.6382
1645033838070,1025.6382
1645033838113,1025.6382
1645033838145,1025.6382
1645033838186,1025.6382
1645033838222,1025.6455
1645033838263,1025.6455
1645033838305,1025.6455
1645033838340,1025.6455
1645033838376,1025.6532
1645033838419,1025.6532
1645033838459,1025.6532
1645033838494,1025.6532
1645033838532,1025.6554
1645033838571,1025.6554
1645033838608,1025.6554
1645033838645,1025.6554
1645033838685,1025.6581
1645033838724,1025.6581
1645033838763,1025.6581
1645033838802,1025.6581
1645033838845,1025.6519
1645033838875,1025.6519
1645033838916,1025.6519
1645033838955,1025.6519
1645033838994,1025.6432
1645033839031,1025.6432
1645033839070,1025.6432
1645033839111,1025.6432
1645033839147,1025.6421
1645033839185,1025.6421
1645033839222,1025.6421
1645033839264,1025.6421
1645033839300,1025.6477
1645033839339,1025.6477
1645033839380,1025.6477
1645033839414,1025.6477
1645033839453,1025.6356
1645033839494,1025.6356
1645033839531,1025.6356
1645033839569,1025.6356
1645033839609,1025.6311
1645033839646,1025.6311
1645033839686,1025.6311
1645033839723,1025.6311
1645033839762,1025.6282
1645033839799,1025.6282
1645033839837,1025.6282
1645033839877,1025.6282
1645033839916,1025.6271
1645033839955,1025.6271
1645033839992,1025.6271
1645033840029,1025.6271
1645033840068,1025.633
1645033840113,1025.633
1645033840145,1025.633
1645033840184,1025.633
1645033840224,1025.6268
1645033840262,1025.6268
1645033840300,1025.6268
1645033840338,1025.6268
1645033840377,1025.6295
1645033840415,1025.6295
1645033840454,1025.6295
1645033840493,1025.6295
1645033840530,1025.6295
1645033840567,1025.6376
1645033840609,1025.6376
1645033840644,1025.6376
1645033840684,1025.6376
1645033840723,1025.6323
1645033840764,1025.6323
1645033840798,1025.6323
1645033840837,1025.6323
1645033840875,1025.6261
1645033840915,1025.6261
1645033840954,1025.6261
1645033840995,1025.6261
1645033841031,1025.6254
1645033841070,1025.6254
1645033841108,1025.6254
1645033841143,1025.6254
1645033841186,1025.631
1645033841224,1025.631
1645033841262,1025.631
1645033841302,1025.631
1645033841337,1025.637
1645033841380,1025.637
1645033841416,1025.637
1645033841452,1025.637
1645033841492,1025.6342
1645033841530,1025.6342
1645033841570,1025.6342
1645033841607,1025.6342
1645033841647,1025.6346
1645033841684,1025.6346
1645033841728,1025.6346
1645033841761,1025.6346
1645033841799,1025.6274
1645033841838,1025.6274
1645033841878,1025.6274
1645033841917,1025.6274
1645033841951,1025.625
1645033841992,1025.625
1645033842032,1025.625
1645033842069,1025.625
1645033842107,1025.6216
1645033842147,1025.6216
1645033842184,1025.6216
1645033842223,1025.6216
1645033842260,1025.6176
1645033842297,1025.6176
1645033842337,1025.6176
1645033842376,1025.6176
1645033842415,1025.6215
1645033842453,1025.6215
1645033842491,1025.6215
1645033842532,1025.6215
1645033842570,1025.621
1645033842608,1025.621
1645033842645,1025.621
1645033842683,1025.621
1645033842724,1025.621
1645033842759,1025.621
1645033842799,1025.621
1645033842839,1025.621
1645033842876,1025.621
1645033842919,1025.6254
1645033842953,1025.6254
1645033842990,1025.6254
1645033843033,1025.6254
1645033843069,1025.6174
1645033843109,1025.6174
1645033843146,1025.6174
1645033843183,1025.6174
1645033843221,1025.6208
1645033843262,1025.6208
1645033843302,1025.6208
1645033843337,1025.6208
1645033843380,1025.6167
1645033843415,1025.6167
1645033843455,1025.6167
1645033843491,1025.6167
1645033843528,1025.6105
1645033843567,1025.6105
1645033843607,1025.6105
1645033843647,1025.6105
1645033843683,1025.6097
1645033843721,1025.6097
1645033843762,1025.6097
1645033843804,1025.6097
1645033843840,1025.6093
1645033843879,1025.6093
1645033843918,1025.6093
1645033843953,1025.6093
1645033843989,1025.5963
1645033844029,1025.5963
1645033844068,1025.5963
1645033844113,1025.5963
1645033844144,1025.5956
1645033844184,1025.5956
1645033844221,1025.5956
1645033844261,1025.5956
1645033844299,1025.5884
1645033844337,1025.5884
1645033844375,1025.5884
1645033844415,1025.5884
1645033844452,1025.5707
1645033844489,1025.5707
1645033844530,1025.5707
1645033844567,1025.5707
1645033844606,1025.5682
1645033844644,1025.5682
1645033844682,1025.5682
1645033844722,1025.5682
1645033844760,1025.57
1645033844800,1025.57
1645033844838,1025.57
1645033844874,1025.57
1645033844912,1025.5695
