1645034298110,1026.2141
1645034298110,1026.2141
1645034298148,1026.2141
1645034298188,1026.2141
1645034298225,1026.2189
1645034298263,1026.2189
1645034298305,1026.2189
1645034298344,1026.2189
1645034298379,1026.2273
1645034298416,1026.2273
1645034298457,1026.2273
1645034298494,1026.2273
1645034298532,1026.2344
1645034298575,1026.2344
1645034298611,1026.2344
1645034298648,1026.2344
1645034298686,1026.2422
1645034298726,1026.2422
1645034298764,1026.2422
1645034298813,1026.2422
1645034298841,1026.2617
1645034298878,1026.2617
1645034298918,1026.2617
1645034298957,1026.2617
1645034298995,1026.2699
1645034299034,1026.2699
1645034299071,1026.2699
1645034299116,1026.2699
1645034299149,1026.2709
1645034299187,1026.2709
1645034299226,1026.2709
1645034299264,1026.2709
1645034299301,1026.2761
1645034299344,1026.2761
1645034299379,1026.2761
1645034299417,1026.2761
1645034299457,1026.2762
1645034299495,1026.2762
1645034299533,1026.2762
1645034299571,1026.2762
1645034299622,1026.2747
1645034299647,1026.2747
1645034299688,1026.2747
1645034299727,1026.2747
1645034299768,1026.2789
1645034299802,1026.2789
1645034299841,1026.2789
1645034299885,1026.2789
1645034299922,1026.2789
1645034299965,1026.274
1645034300015,1026.274
1645034300037,1026.274
1645034300071,1026.274
1645034300108,1026.275
1645034300149,1026.275
1645034300186,1026.275
1645034300224,1026.275
1645034300267,1026.2739
1645034300301,1026.2739
1645034300341,1026.2739
1645034300381,1026.2739
1645034300418,1026.2755
1645034300456,1026.2755
1645034300494,1026.2755
1645034300537,1026.2755
1645034300571,1026.2728
1645034300609,1026.2728
1645034300650,1026.2728
1645034300687,1026.2728
1645034300725,1026.2737
1645034300765,1026.2737
1645034300803,1026.2737
1645034300841,1026.2737
1645034300880,1026.2695
1645034300918,1026.2695
1645034300956,1026.2695
1645034300994,1026.2695
1645034301035,1026.2571
1645034301071,1026.2571
1645034301109,1026.2571
1645034301148,1026.2571
1645034301185,1026.2653
1645034301225,1026.2653
1645034301263,1026.2653
1645034301303,1026.2653
1645034301342,1026.2577
1645034301378,1026.2577
1645034301417,1026.2577
1645034301458,1026.2577
1645034301494,1026.2535
1645034301532,1026.2535
1645034301571,1026.2535
1645034301610,1026.2535
1645034301650,1026.2474
1645034301689,1026.2474
1645034301724,1026.2474
1645034301763,1026.2474
1645034301805,1026.2483
1645034301841,1026.2483
1645034301879,1026.2483
1645034301972,1026.2483
1645034301973,1026.2483
1645034302032,1026.2472
1645034302032,1026.2472
1645034302108,1026.2472
1645034302109,1026.2472
1645034302148,1026.2472
1645034302186,1026.2472
1645034302225,1026.2472
1645034302263,1026.2472
1645034302301,1026.2495
1645034302339,1026.2495
1645034302386,1026.2495
1645034302416,1026.2495
1645034302455,1026.2504
1645034302496,1026.2504
1645034302531,1026.2504
1645034302569,1026.2504
1645034302612,1026.2479
1645034302649,1026.2479
1645034302686,1026.2479
1645034302729,1026.2479
1645034302764,1026.2451
1645034302803,1026.2451
1645034302842,1026.2451
1645034302879,1026.2451
1645034302918,1026.236
1645034302956,1026.236
1645034302996,1026.236
1645034303033,1026.236
1645034303070,1026.234
1645034303108,1026.234
1645034303151,1026.234
1645034303187,1026.234
1645034303223,1026.2264
1645034303262,1026.2264
1645034303301,1026.2264
1645034303340,1026.2264
1645034303377,1026.2135
1645034303416,1026.2135
1645034303454,1026.2135
1645034303494,1026.2135
1645034303534,1026.2009
1645034303573,1026.2009
1645034303611,1026.2009
1645034303649,1026.2009
1645034303685,1026.194
1645034303726,1026.194
1645034303765,1026.194
1645034303801,1026.194
1645034303841,1026.1854
1645034303880,1026.1854
1645034303919,1026.1854
1645034303987,1026.1854
1645034304018,1026.1854
1645034304051,1026.1692
1645034304071,1026.1692
1645034304108,1026.1692
1645034304147,1026.1692
1645034304188,1026.1512
1645034304224,1026.1512
1645034304262,1026.1512
1645034304303,1026.1512
1645034304341,1026.1459
1645034304378,1026.1459
1645034304417,1026.1459
1645034304455,1026.1459
1645034304495,1026.1333
1645034304531,1026.1333
1645034304572,1026.1333
1645034304607,1026.1333
1645034304647,1026.1178
1645034304687,1026.1178
1645034304727,1026.1178
1645034304763,1026.1178
1645034304802,1026.0985
1645034304840,1026.0985
1645034304879,1026.0985
1645034304917,1026.0985
1645034304957,1026.0831
1645034304993,1026.0831
1645034305032,1026.0831
1645034305071,1026.0831
1645034305110,1026.0688
1645034305150,1026.0688
1645034305186,1026.0688
1645034305228,1026.0688
1645034305262,1026.06
1645034305301,1026.06
1645034305340,1026.06
1645034305377,1026.06
1645034305416,1026.0421
1645034305455,1026.0421
1645034305493,1026.0421
1645034305532,1026.0421
1645034305570,1026.0337
1645034305610,1026.0337
1645034305647,1026.0337
1645034305685,1026.0337
1645034305726,1026.0321
1645034305761,1026.0321
1645034305801,1026.0321
1645034305841,1026.0321
1645034305877,1026.0162
1645034305916,1026.0162
1645034305953,1026.0162
1645034306039,1026.0162
1645034306040,1026.0074
1645034306070,1026.0074
1645034306108,1026.0074
1645034306148,1026.0074
1645034306184,1026.0074
1645034306223,1025.9957
1645034306264,1025.9957
1645034306301,1025.9957
1645034306339,1025.9957
1645034306380,1025.9802
1645034306420,1025.9802
1645034306454,1025.9802
1645034306492,1025.9802
1645034306531,1025.9647
1645034306570,1025.9647
1645034306610,1025.9647
1645034306647,1025.9647
1645034306686,1025.9509
1645034306723,1025.9509
1645034306766,1025.9509
1645034306800,1025.9509
1645034306840,1025.9421
1645034306877,1025.9421
1645034306916,1025.9421
1645034306955,1025.9421
1645034306997,1025.9371
1645034307033,1025.9371
1645034307070,1025.9371
1645034307109,1025.9371
1645034307150,1025.9249
1645034307184,1025.9249
1645034307224,1025.9249
1645034307263,1025.9249
1645034307300,1025.9128
1645034307342,1025.9128
1645034307381,1025.9128
1645034307416,1025.9128
1645034307458,1025.9008
1645034307493,1025.9008
1645034307531,1025.9008
1645034307572,1025.9008
1645034307612,1025.8911
1645034307647,1025.8911
1645034307687,1025.8911
1645034307724,1025.8911
1645034307762,1025.8672
1645034307800,1025.8672
1645034307839,1025.8672
1645034307880,1025.8672
1645034307951,1025.8474
1645034307961,1025.8474
1645034307991,1025.8474
1645034308029,1025.8474
1645034308069,1025.831
1645034308107,1025.831
1645034308147,1025.831
1645034308185,1025.831
1645034308225,1025.831
1645034308261,1025.8164
1645034308299,1025.8164
1645034308338,1025.8164
1645034308375,1025.8164
1645034308415,1025.8016
1645034308456,1025.8016
1645034308492,1025.8016
1645034308530,1025.8016
1645034308569,1025.7908
1645034308609,1025.7908
1645034308649,1025.7908
1645034308684,1025.7908
1645034308726,1025.7769
1645034308762,1025.7769
1645034308799,1025.7769
1645034308838,1025.7769
1645034308880,1025.7643
1645034308918,1025.7643
1645034308954,1025.7643
1645034308992,1025.7643
1645034309033,1025.7543
1645034309068,1025.7543
1645034309113,1025.7543
1645034309146,1025.7543
1645034309184,1025.7333
1645034309225,1025.7333
1645034309261,1025.7333
1645034309300,1025.7333
1645034309338,1025.7231
1645034309375,1025.7231
1645034309416,1025.7231
1645034309454,1025.7231
1645034309494,1025.7096
1645034309533,1025.7096
1645034309569,1025.7096
1645034309607,1025.7096
1645034309647,1025.6927
1645034309686,1025.6927
1645034309725,1025.6927
1645034309763,1025.6927
1645034309799,1025.676
1645034309838,1025.676
1645034309878,1025.676
1645034309916,1025.676
1645034309954,1025.6608
1645034309992,1025.6608
1645034310031,1025.6608
1645034310069,1025.6608
1645034310108,1025.6549
1645034310148,1025.6549
1645034310198,1025.6549
1645034310222,1025.6549
1645034310260,1025.6549
1645034310301,1025.6439
1645034310338,1025.6439
1645034310377,1025.6439
1645034310417,1025.6439
1645034310453,1025.6271
1645034310493,1025.6271
1645034310529,1025.6271
1645034310570,1025.6271
1645034310609,1025.6152
1645034310647,1025.6152
1645034310686,1025.6152
1645034310722,1025.6152
1645034310763,1025.5989
1645034310803,1025.5989
1645034310837,1025.5989
1645034310877,1025.5989
1645034310937,1025.5862
1645034310954,1025.5862
1645034310992,1025.5862
1645034311031,1025.5862
1645034311070,1025.5676
1645034311109,1025.5676
1645034311145,1025.5676
1645034311184,1025.5676
1645034311221,1025.5631
1645034311261,1025.5631
1645034311299,1025.5631
1645034311339,1025.5631
1645034311376,1025.5547
1645034311415,1025.5547
1645034311453,1025.5547
1645034311492,1025.5547
1645034311531,1025.5378
1645034311570,1025.5378
1645034311607,1025.5378
1645034311646,1025.5378
1645034311685,1025.526
1645034311722,1025.526
1645034311761,1025.526
1645034311799,1025.526
1645034311839,1025.5193
1645034311876,1025.5193
1645034311915,1025.5193
1645034311952,1025.5193
1645034311991,1025.5126
1645034312032,1025.5126
1645034312069,1025.5126
1645034312107,1025.5126
1645034312145,1025.5074
1645034312192,1025.5074
1645034312222,1025.5074
1645034312263,1025.5074
1645034312302,1025.5057
1645034312339,1025.502
1645034312379,1025.502
1645034312415,1025.502
1645034312452,1025.502
1645034312491,1025.5037
1645034312531,1025.5037
1645034312567,1025.5037
1645034312606,1025.5037
1645034312645,1025.5037
1645034312683,1025.5037
1645034312723,1025.5037
1645034312763,1025.5037
1645034312800,1025.5012
1645034312838,1025.5012
1645034312876,1025.5012
1645034312916,1025.5012
1645034312955,1025.499
1645034312991,1025.499
1645034313031,1025.499
1645034313069,1025.499
1645034313110,1025.4933
1645034313145,1025.4933
1645034313190,1025.4933
1645034313222,1025.4933
1645034313260,1025.4924
1645034313299,1025.4924
1645034313342,1025.4924
1645034313376,1025.4924
1645034313416,1025.4869
1645034313456,1025.4869
1645034313492,1025.4869
1645034313531,1025.4869
1645034313568,1025.4886
1645034313607,1025.4886
1645034313645,1025.4886
1645034313685,1025.4886
1645034313721,1025.4862
1645034313761,1025.4862
1645034313799,1025.4862
1645034313838,1025.4862
1645034313876,1025.4816
1645034313915,1025.4816
1645034313955,1025.4816
1645034313991,1025.4816
1645034314033,1025.4808
1645034314068,1025.4808
1645034314106,1025.4808
1645034314145,1025.4808
1645034314189,1025.4858
1645034314221,1025.4858
1645034314261,1025.4858
1645034314299,1025.4858
1645034314337,1025.4896
1645034314385,1025.4896
1645034314415,1025.4896
1645034314452,1025.4896
1645034314489,1025.4896
1645034314528,1025.4893
1645034314566,1025.4893
1645034314605,1025.4893
1645034314646,1025.4893
1645034314683,1025.4834
1645034314721,1025.4834
1645034314760,1025.4834
1645034314798,1025.4834
1645034314838,1025.4812
1645034314876,1025.4812
1645034314915,1025.4812
1645034314952,1025.4812
1645034314990,1025.4612
1645034315029,1025.4612
1645034315068,1025.4612
1645034315107,1025.4612
1645034315146,1025.449
1645034315184,1025.449
1645034315222,1025.449
1645034315260,1025.449
1645034315298,1025.4342
1645034315339,1025.4342
1645034315375,1025.4342
1645034315413,1025.4342
1645034315453,1025.4233
1645034315492,1025.4233
1645034315529,1025.4233
1645034315571,1025.4233
1645034315608,1025.4221
1645034315644,1025.4221
1645034315688,1025.4221
1645034315720,1025.4221
1645034315760,1025.4281
1645034315800,1025.4281
1645034315838,1025.4281
1645034315875,1025.4281
1645034315915,1025.4286
1645034315956,1025.4286
1645034315991,1025.4286
1645034316029,1025.4286
1645034316068,1025.4257
1645034316108,1025.4257
1645034316149,1025.4257
1645034316186,1025.4257
1645034316221,1025.4261
1645034316260,1025.4261
1645034316299,1025.4261
1645034316340,1025.4261
1645034316375,1025.4248
1645034316415,1025.4248
1645034316452,1025.4248
1645034316490,1025.4248
1645034316529,1025.4248
1645034316568,1025.4275
1645034316607,1025.4275
1645034316646,1025.4275
1645034316688,1025.4275
1645034316722,1025.4229
1645034316763,1025.4229
1645034316798,1025.4229
1645034316836,1025.4229
1645034316879,1025.4221
1645034316912,1025.4221
1645034316951,1025.4221
