1645034398392,1026.1669
1645034398392,1026.1669
1645034398431,1026.1669
1645034398471,1026.1635
1645034398508,1026.1635
1645034398547,1026.1635
1645034398585,1026.1635
1645034398624,1026.1652
1645034398662,1026.1652
1645034398702,1026.1652
1645034398739,1026.1652
1645034398780,1026.1652
1645034398820,1026.1685
1645034398856,1026.1685
1645034398896,1026.1685
1645034398932,1026.1685
1645034398969,1026.1764
1645034399008,1026.1764
1645034399046,1026.1764
1645034399088,1026.1764
1645034399123,1026.1815
1645034399162,1026.1815
1645034399203,1026.1815
1645034399241,1026.1815
1645034399279,1026.1836
1645034399318,1026.1836
1645034399356,1026.1836
1645034399393,1026.1836
1645034399431,1026.1912
1645034399477,1026.1912
1645034399510,1026.1912
1645034399547,1026.1912
1645034399588,1026.1945
1645034399625,1026.1945
1645034399663,1026.1945
1645034399701,1026.1945
1645034399741,1026.1986
1645034399780,1026.1986
1645034399818,1026.1986
1645034399856,1026.1986
1645034399895,1026.2042
1645034399931,1026.2042
1645034399971,1026.2042
1645034400010,1026.2042
1645034400046,1026.1986
1645034400084,1026.1986
1645034400123,1026.1986
1645034400202,1026.1986
1645034400202,1026.2109
1645034400240,1026.2109
1645034400300,1026.2109
1645034400314,1026.2109
1645034400361,1026.2151
1645034400393,1026.2151
1645034400430,1026.2151
1645034400469,1026.2151
1645034400510,1026.2177
1645034400546,1026.2177
1645034400585,1026.2177
1645034400623,1026.2177
1645034400661,1026.2218
1645034400708,1026.2218
1645034400739,1026.2218
1645034400779,1026.2218
1645034400815,1026.2218
1645034400853,1026.2184
1645034400891,1026.2184
1645034400931,1026.2184
1645034400971,1026.2184
1645034401008,1026.2235
1645034401048,1026.2235
1645034401085,1026.2235
1645034401123,1026.2235
1645034401165,1026.229
1645034401204,1026.229
1645034401245,1026.229
1645034401278,1026.229
1645034401315,1026.2318
1645034401354,1026.2318
1645034401393,1026.2318
1645034401430,1026.2318
1645034401469,1026.2369
1645034401509,1026.2369
1645034401547,1026.2369
1645034401586,1026.2369
1645034401624,1026.2369
1645034401664,1026.2369
1645034401700,1026.2369
1645034401739,1026.2369
1645034401778,1026.239
1645034401816,1026.239
1645034401863,1026.239
1645034401895,1026.239
1645034401930,1026.2318
1645034401971,1026.2318
1645034402008,1026.2318
1645034402047,1026.2318
1645034402084,1026.2357
1645034402125,1026.2357
1645034402163,1026.2357
1645034402245,1026.2357
1645034402246,1026.234
1645034402315,1026.234
1645034402315,1026.234
1645034402354,1026.234
1645034402392,1026.2347
1645034402431,1026.2347
1645034402472,1026.2347
1645034402508,1026.2347
1645034402546,1026.2347
1645034402585,1026.2347
1645034402627,1026.2347
1645034402660,1026.2347
1645034402709,1026.2423
1645034402747,1026.2423
1645034402776,1026.2423
1645034402815,1026.2423
1645034402856,1026.2423
1645034402893,1026.244
1645034402930,1026.244
1645034402968,1026.244
1645034403008,1026.244
1645034403044,1026.2478
1645034403084,1026.2478
1645034403124,1026.2478
1645034403163,1026.2478
1645034403200,1026.2507
1645034403241,1026.2507
1645034403281,1026.2507
1645034403315,1026.2507
1645034403354,1026.2532
1645034403395,1026.2532
1645034403431,1026.2532
1645034403469,1026.2532
1645034403509,1026.2494
1645034403549,1026.2494
1645034403586,1026.2494
1645034403622,1026.2494
1645034403662,1026.2523
1645034403700,1026.2523
1645034403739,1026.2523
1645034403785,1026.2523
1645034403819,1026.2435
1645034403854,1026.2435
1645034403894,1026.2435
1645034403934,1026.2435
1645034403972,1026.2367
1645034404009,1026.2367
1645034404047,1026.2367
1645034404085,1026.2367
1645034404123,1026.2253
1645034404164,1026.2253
1645034404203,1026.2253
1645034404253,1026.2253
1645034404317,1026.214
1645034404318,1026.214
1645034404354,1026.214
1645034404390,1026.214
1645034404434,1026.1967
1645034404469,1026.1967
1645034404507,1026.1967
1645034404547,1026.1967
1645034404587,1026.1908
1645034404623,1026.1908
1645034404660,1026.1908
1645034404700,1026.1908
1645034404741,1026.1772
1645034404776,1026.1772
1645034404814,1026.1772
1645034404853,1026.1772
1645034404892,1026.1772
1645034404930,1026.1621
1645034404970,1026.1621
1645034405008,1026.1621
1645034405049,1026.1621
1645034405088,1026.1406
1645034405122,1026.1406
1645034405161,1026.1406
1645034405201,1026.1406
1645034405237,1026.1299
1645034405277,1026.1299
1645034405313,1026.1299
1645034405356,1026.1299
1645034405390,1026.1182
1645034405429,1026.1182
1645034405472,1026.1182
1645034405506,1026.1182
1645034405546,1026.1034
1645034405586,1026.1034
1645034405623,1026.1034
1645034405660,1026.1034
1645034405701,1026.0953
1645034405738,1026.0953
1645034405775,1026.0953
1645034405815,1026.0953
1645034405855,1026.0781
1645034405894,1026.0781
1645034405934,1026.0781
1645034405971,1026.0781
1645034406007,1026.0632
1645034406046,1026.0632
1645034406084,1026.0632
1645034406123,1026.0632
1645034406161,1026.0494
1645034406199,1026.0494
1645034406313,1026.0494
1645034406314,1026.0494
1645034406315,1026.038
1645034406352,1026.038
1645034406394,1026.038
1645034406429,1026.038
1645034406469,1026.0275
1645034406509,1026.0275
1645034406546,1026.0275
1645034406585,1026.0275
1645034406625,1026.0153
1645034406664,1026.0153
1645034406699,1026.0153
1645034406737,1026.0153
1645034406782,1026.008
1645034406813,1026.008
1645034406852,1026.008
1645034406895,1026.008
1645034406929,1026.008
1645034406968,1025.9908
1645034407008,1025.9908
1645034407047,1025.9908
1645034407084,1025.9908
1645034407123,1025.9806
1645034407167,1025.9806
1645034407199,1025.9806
1645034407237,1025.9806
1645034407278,1025.9608
1645034407314,1025.9608
1645034407355,1025.9608
1645034407391,1025.9608
1645034407431,1025.9419
1645034407468,1025.9419
1645034407506,1025.9419
1645034407545,1025.9419
1645034407587,1025.9259
1645034407624,1025.9259
1645034407661,1025.9259
1645034407699,1025.9259
1645034407738,1025.9246
1645034407776,1025.9246
1645034407815,1025.9246
1645034407856,1025.9246
1645034407891,1025.9098
1645034407931,1025.9098
1645034407969,1025.9098
1645034408006,1025.9098
1645034408045,1025.903
1645034408083,1025.903
1645034408124,1025.903
1645034408160,1025.903
1645034408199,1025.8883
1645034408237,1025.8883
1645034408275,1025.8883
1645034408320,1025.8883
1645034408352,1025.8756
1645034408390,1025.8756
1645034408431,1025.8756
1645034408468,1025.8756
1645034408507,1025.8701
1645034408545,1025.8701
1645034408584,1025.8701
1645034408622,1025.8701
1645034408662,1025.8629
1645034408699,1025.8629
1645034408743,1025.8629
1645034408775,1025.8629
1645034408821,1025.8368
1645034408853,1025.8368
1645034408892,1025.8368
1645034408929,1025.8368
1645034408969,1025.8368
1645034409007,1025.8154
1645034409044,1025.8154
1645034409084,1025.8154
1645034409121,1025.8154
1645034409160,1025.7926
1645034409199,1025.7926
1645034409237,1025.7926
1645034409281,1025.7926
1645034409316,1025.7747
1645034409354,1025.7747
1645034409391,1025.7747
1645034409429,1025.7747
1645034409466,1025.7603
1645034409509,1025.7603
1645034409545,1025.7603
1645034409588,1025.7603
1645034409623,1025.7426
1645034409659,1025.7426
1645034409697,1025.7426
1645034409736,1025.7426
1645034409774,1025.7291
1645034409813,1025.7291
1645034409854,1025.7291
1645034409897,1025.7291
1645034409927,1025.7144
1645034409966,1025.7144
1645034410005,1025.7144
1645034410045,1025.7144
1645034410085,1025.7017
1645034410123,1025.7017
1645034410161,1025.7017
1645034410201,1025.7017
1645034410239,1025.6865
1645034410275,1025.6865
1645034410315,1025.6865
1645034410353,1025.6865
1645034410389,1025.6698
1645034410428,1025.6698
1645034410466,1025.6698
1645034410506,1025.6698
1645034410543,1025.6545
1645034410583,1025.6545
1645034410621,1025.6545
1645034410659,1025.6545
1645034410701,1025.6378
1645034410739,1025.6378
1645034410777,1025.6378
1645034410812,1025.6378
1645034410852,1025.6265
1645034410889,1025.6265
1645034410928,1025.6265
1645034410974,1025.6265
1645034411005,1025.613
1645034411043,1025.613
1645034411083,1025.613
1645034411120,1025.613
1645034411159,1025.613
1645034411198,1025.6029
1645034411238,1025.6029
1645034411275,1025.6029
1645034411315,1025.6029
1645034411352,1025.5911
1645034411390,1025.5911
1645034411430,1025.5911
1645034411466,1025.5911
1645034411507,1025.5835
1645034411545,1025.5835
1645034411585,1025.5835
1645034411622,1025.5835
1645034411659,1025.5734
1645034411700,1025.5734
1645034411737,1025.5734
1645034411776,1025.5734
1645034411814,1025.565
1645034411852,1025.565
1645034411890,1025.565
1645034411929,1025.565
1645034411968,1025.5515
1645034412005,1025.5515
1645034412044,1025.5515
1645034412082,1025.5515
1645034412120,1025.5438
1645034412161,1025.5438
1645034412199,1025.5438
1645034412238,1025.5438
1645034412276,1025.5271
1645034412312,1025.5271
1645034412350,1025.5271
1645034412391,1025.5271
1645034412428,1025.5187
1645034412466,1025.5187
1645034412510,1025.5187
1645034412544,1025.5187
1645034412582,1025.5052
1645034412624,1025.5052
1645034412659,1025.5052
1645034412697,1025.5052
1645034412737,1025.4884
1645034412776,1025.4884
1645034412813,1025.4884
1645034412852,1025.4884
1645034412892,1025.48
1645034412929,1025.48
1645034412966,1025.48
1645034413005,1025.48
1645034413045,1025.4749
1645034413083,1025.4749
1645034413120,1025.4749
1645034413159,1025.4749
1645034413198,1025.4749
1645034413237,1025.4681
1645034413275,1025.4681
1645034413315,1025.4681
1645034413351,1025.4681
1645034413391,1025.4648
1645034413431,1025.4648
1645034413466,1025.4648
1645034413504,1025.4648
1645034413545,1025.4664
1645034413582,1025.4664
1645034413620,1025.4664
1645034413659,1025.4664
1645034413697,1025.4614
1645034413736,1025.4614
1645034413775,1025.4614
1645034413814,1025.4614
1645034413853,1025.4681
1645034413891,1025.4681
1645034413931,1025.4681
1645034413965,1025.4681
1645034414012,1025.4581
1645034414043,1025.4581
1645034414087,1025.4581
1645034414120,1025.4581
1645034414160,1025.4564
1645034414202,1025.4564
1645034414236,1025.4564
1645034414275,1025.4564
1645034414313,1025.4471
1645034414351,1025.4471
1645034414390,1025.4471
1645034414428,1025.4471
1645034414474,1025.4489
1645034414506,1025.4489
1645034414544,1025.4489
1645034414582,1025.4489
1645034414620,1025.4471
1645034414659,1025.4471
1645034414698,1025.4471
1645034414737,1025.4471
1645034414775,1025.4456
1645034414813,1025.4456
1645034414852,1025.4456
1645034414891,1025.4456
1645034414930,1025.4404
1645034414965,1025.4404
1645034415007,1025.4404
1645034415045,1025.4404
1645034415085,1025.4337
1645034415121,1025.4337
1645034415159,1025.4337
1645034415197,1025.4337
1645034415239,1025.4337
1645034415274,1025.4304
1645034415312,1025.4304
1645034415357,1025.4304
1645034415389,1025.4304
1645034415433,1025.4304
1645034415466,1025.4304
1645034415506,1025.4304
1645034415545,1025.4304
1645034415581,1025.432
1645034415620,1025.432
1645034415657,1025.432
1645034415697,1025.432
1645034415736,1025.4229
1645034415775,1025.4229
1645034415813,1025.4229
1645034415852,1025.4229
1645034415890,1025.4196
1645034415929,1025.4196
1645034415966,1025.4196
1645034416005,1025.4196
1645034416046,1025.4191
1645034416081,1025.4191
1645034416120,1025.4191
1645034416158,1025.4191
1645034416197,1025.4124
1645034416235,1025.4124
1645034416280,1025.4124
1645034416312,1025.4124
1645034416352,1025.4115
1645034416390,1025.4115
1645034416445,1025.4115
1645034416465,1025.4115
1645034416504,1025.4156
1645034416545,1025.4156
1645034416583,1025.4156
1645034416619,1025.4156
1645034416660,1025.414
1645034416701,1025.414
1645034416734,1025.414
1645034416773,1025.414
1645034416811,1025.4124
1645034416849,1025.4124
1645034416890,1025.4124
1645034416930,1025.4124
1645034416965,1025.4106
