1645034373513,1025.3573
1645034373514,1025.3573
1645034373553,1025.3573
1645034373592,1025.3573
1645034373629,1025.3674
1645034373667,1025.3674
1645034373709,1025.3674
1645034373745,1025.3674
1645034373785,1025.3772
1645034373823,1025.3772
1645034373867,1025.3772
1645034373899,1025.3772
1645034373939,1025.3849
1645034373982,1025.3849
1645034374015,1025.3849
1645034374053,1025.3849
1645034374092,1025.3945
1645034374132,1025.3945
1645034374171,1025.3945
1645034374208,1025.3945
1645034374246,1025.4062
1645034374285,1025.4062
1645034374327,1025.4062
1645034374360,1025.4062
1645034374400,1025.413
1645034374439,1025.413
1645034374477,1025.413
1645034374515,1025.413
1645034374555,1025.414
1645034374592,1025.414
1645034374634,1025.414
1645034374673,1025.414
1645034374706,1025.4207
1645034374746,1025.4207
1645034374788,1025.4207
1645034374824,1025.4207
1645034374864,1025.4207
1645034374901,1025.4307
1645034374949,1025.4307
1645034374986,1025.4307
1645034375015,1025.4307
1645034375052,1025.4291
1645034375095,1025.4291
1645034375132,1025.4291
1645034375170,1025.4291
1645034375207,1025.4286
1645034375246,1025.4286
1645034375287,1025.4286
1645034375345,1025.4286
1645034375380,1025.437
1645034375402,1025.437
1645034375441,1025.437
1645034375475,1025.437
1645034375515,1025.4329
1645034375557,1025.4329
1645034375601,1025.4329
1645034375638,1025.4329
1645034375668,1025.4237
1645034375705,1025.4237
1645034375746,1025.4237
1645034375784,1025.4237
1645034375825,1025.4186
1645034375861,1025.4186
1645034375900,1025.4186
1645034375938,1025.4186
1645034375977,1025.4181
1645034376016,1025.4181
1645034376056,1025.4181
1645034376094,1025.4181
1645034376133,1025.414
1645034376170,1025.414
1645034376205,1025.414
1645034376246,1025.414
1645034376287,1025.4148
1645034376322,1025.4148
1645034376362,1025.4148
1645034376400,1025.4148
1645034376438,1025.4106
1645034376476,1025.4106
1645034376516,1025.4106
1645034376554,1025.4106
1645034376592,1025.4089
1645034376631,1025.4089
1645034376669,1025.4089
1645034376709,1025.4089
1645034376746,1025.4124
1645034376785,1025.4124
1645034376827,1025.4124
1645034376863,1025.4124
1645034376899,1025.4124
1645034376938,1025.4052
1645034376976,1025.4052
1645034377015,1025.4052
1645034377054,1025.4052
1645034377095,1025.4027
1645034377131,1025.4027
1645034377169,1025.4027
1645034377208,1025.4027
1645034377244,1025.3959
1645034377289,1025.3959
1645034377348,1025.3959
1645034377393,1025.3959
1645034377438,1025.401
1645034377438,1025.401
1645034377474,1025.401
1645034377513,1025.401
1645034377551,1025.4077
1645034377590,1025.4077
1645034377628,1025.4077
1645034377667,1025.4077
1645034377705,1025.4053
1645034377747,1025.4053
1645034377784,1025.4053
1645034377824,1025.4053
1645034377869,1025.4069
1645034377900,1025.4069
1645034377937,1025.4069
1645034377975,1025.4069
1645034378014,1025.3981
1645034378054,1025.3981
1645034378091,1025.3981
1645034378133,1025.3981
1645034378179,1025.3981
1645034378206,1025.3981
1645034378245,1025.3981
1645034378289,1025.3981
1645034378327,1025.3964
1645034378361,1025.3964
1645034378399,1025.3964
1645034378438,1025.3964
1645034378476,1025.3939
1645034378516,1025.3939
1645034378553,1025.3939
1645034378591,1025.3939
1645034378629,1025.3917
1645034378671,1025.3917
1645034378707,1025.3917
1645034378746,1025.3917
1645034378785,1025.385
1645034378821,1025.385
1645034378861,1025.385
1645034378900,1025.385
1645034378942,1025.385
1645034378977,1025.386
1645034379018,1025.386
1645034379053,1025.386
1645034379090,1025.386
1645034379130,1025.3843
1645034379171,1025.3843
1645034379205,1025.3843
1645034379247,1025.3843
1645034379285,1025.3893
1645034379323,1025.3893
1645034379411,1025.3893
1645034379411,1025.3893
1645034379446,1025.3876
1645034379475,1025.3876
1645034379512,1025.3876
1645034379556,1025.3876
1645034379591,1025.3888
1645034379628,1025.3888
1645034379666,1025.3888
1645034379706,1025.3888
1645034379744,1025.3972
1645034379783,1025.3972
1645034379824,1025.3972
1645034379860,1025.3972
1645034379900,1025.3998
1645034379936,1025.3998
1645034379976,1025.3998
1645034380014,1025.3998
1645034380053,1025.4099
1645034380093,1025.4099
1645034380132,1025.4099
1645034380168,1025.4099
1645034380206,1025.4233
1645034380245,1025.4233
1645034380283,1025.4233
1645034380323,1025.4233
1645034380361,1025.4293
1645034380400,1025.4293
1645034380440,1025.4293
1645034380475,1025.4293
1645034380516,1025.4512
1645034380553,1025.4512
1645034380592,1025.4512
1645034380630,1025.4512
1645034380667,1025.4608
1645034380705,1025.4608
1645034380748,1025.4608
1645034380781,1025.4608
1645034380821,1025.4727
1645034380861,1025.4727
1645034380900,1025.4727
1645034380940,1025.4727
1645034380978,1025.4727
1645034381014,1025.4844
1645034381053,1025.4844
1645034381090,1025.4844
1645034381132,1025.4844
1645034381168,1025.5096
1645034381208,1025.5096
1645034381245,1025.5096
1645034381284,1025.5096
1645034381324,1025.5231
1645034381359,1025.5231
1645034381418,1025.5231
1645034381439,1025.5231
1645034381473,1025.5375
1645034381517,1025.5375
1645034381552,1025.5375
1645034381592,1025.5375
1645034381628,1025.5576
1645034381670,1025.5576
1645034381705,1025.5576
1645034381743,1025.5576
1645034381786,1025.5795
1645034381821,1025.5795
1645034381859,1025.5795
1645034381901,1025.5795
1645034381936,1025.6047
1645034381975,1025.6047
1645034382013,1025.6047
1645034382051,1025.6047
1645034382092,1025.6244
1645034382130,1025.6244
1645034382168,1025.6244
1645034382207,1025.6244
1645034382243,1025.6412
1645034382283,1025.6412
1645034382323,1025.6412
1645034382362,1025.6412
1645034382399,1025.6556
1645034382436,1025.6556
1645034382476,1025.6556
1645034382514,1025.6556
1645034382553,1025.6758
1645034382591,1025.6758
1645034382628,1025.6758
1645034382667,1025.6758
1645034382714,1025.6909
1645034382745,1025.6909
1645034382783,1025.6909
1645034382822,1025.6909
1645034382859,1025.7019
1645034382897,1025.7019
1645034382935,1025.7019
1645034382975,1025.7019
1645034383019,1025.7019
1645034383055,1025.7188
1645034383092,1025.7188
1645034383127,1025.7188
1645034383170,1025.7188
1645034383219,1025.7351
1645034383247,1025.7351
1645034383282,1025.7351
1645034383326,1025.7351
1645034383361,1025.749
1645034383397,1025.749
1645034383436,1025.749
1645034383477,1025.749
1645034383515,1025.7587
1645034383551,1025.7587
1645034383590,1025.7587
1645034383630,1025.7587
1645034383671,1025.7687
1645034383708,1025.7687
1645034383744,1025.7687
1645034383782,1025.7687
1645034383824,1025.7822
1645034383860,1025.7822
1645034383902,1025.7822
1645034383937,1025.7822
1645034383975,1025.7932
1645034384015,1025.7932
1645034384051,1025.7932
1645034384090,1025.7932
1645034384127,1025.8099
1645034384166,1025.8099
1645034384204,1025.8099
1645034384245,1025.8099
1645034384284,1025.8302
1645034384323,1025.8302
1645034384362,1025.8302
1645034384399,1025.8302
1645034384437,1025.8453
1645034384487,1025.8453
1645034384515,1025.8453
1645034384550,1025.8453
1645034384591,1025.8638
1645034384629,1025.8638
1645034384668,1025.8638
1645034384707,1025.8638
1645034384744,1025.8751
1645034384787,1025.8751
1645034384819,1025.8751
1645034384861,1025.8751
1645034384898,1025.8751
1645034384937,1025.8903
1645034384975,1025.8903
1645034385016,1025.8903
1645034385054,1025.8903
1645034385093,1025.9088
1645034385129,1025.9088
1645034385167,1025.9088
1645034385207,1025.9088
1645034385255,1025.924
1645034385285,1025.924
1645034385320,1025.924
1645034385359,1025.924
1645034385397,1025.9441
1645034385436,1025.9441
1645034385475,1025.9441
1645034385515,1025.9441
1645034385550,1025.9642
1645034385593,1025.9642
1645034385629,1025.9642
1645034385667,1025.9642
1645034385716,1025.9769
1645034385743,1025.9769
1645034385782,1025.9769
1645034385820,1025.9769
1645034385859,1025.9803
1645034385903,1025.9803
1645034385938,1025.9803
1645034385975,1025.9803
1645034386015,1025.9938
1645034386050,1025.9938
1645034386092,1025.9938
1645034386130,1025.9938
1645034386167,1026.0173
1645034386209,1026.0173
1645034386243,1026.0173
1645034386281,1026.0173
1645034386320,1026.0342
1645034386359,1026.0342
1645034386397,1026.0342
1645034386436,1026.0342
1645034386474,1026.055
1645034386513,1026.055
1645034386553,1026.055
1645034386589,1026.055
1645034386628,1026.0669
1645034386667,1026.0669
1645034386705,1026.0669
1645034386742,1026.0669
1645034386790,1026.0837
1645034386822,1026.0837
1645034386861,1026.0837
1645034386897,1026.0837
1645034386935,1026.0837
1645034386972,1026.093
1645034387012,1026.093
1645034387055,1026.093
1645034387090,1026.093
1645034387130,1026.1031
1645034387167,1026.1031
1645034387207,1026.1031
1645034387241,1026.1031
1645034387282,1026.1199
1645034387321,1026.1199
1645034387362,1026.1199
1645034387396,1026.1199
1645034387436,1026.1276
1645034387476,1026.1276
1645034387513,1026.1276
1645034387553,1026.1276
1645034387590,1026.1393
1645034387628,1026.1393
1645034387671,1026.1393
1645034387707,1026.1393
1645034387744,1026.1477
1645034387785,1026.1477
1645034387820,1026.1477
1645034387859,1026.1477
1645034387896,1026.1544
1645034387936,1026.1544
1645034387975,1026.1544
1645034388015,1026.1544
1645034388051,1026.1628
1645034388090,1026.1628
1645034388130,1026.1628
1645034388167,1026.1628
1645034388205,1026.1691
1645034388243,1026.1691
1645034388281,1026.1691
1645034388320,1026.1691
1645034388358,1026.1708
1645034388396,1026.1708
1645034388436,1026.1708
1645034388475,1026.1708
1645034388513,1026.1742
1645034388550,1026.1742
1645034388590,1026.1742
1645034388634,1026.1742
1645034388666,1026.1775
1645034388704,1026.1775
1645034388743,1026.1775
1645034388783,1026.1775
1645034388820,1026.1809
1645034388857,1026.1809
1645034388899,1026.1809
1645034388935,1026.1809
1645034388973,1026.1809
1645034389015,1026.1842
1645034389053,1026.1842
1645034389089,1026.1842
1645034389126,1026.1842
1645034389166,1026.1842
1645034389206,1026.1842
1645034389242,1026.1842
1645034389282,1026.1842
1645034389321,1026.1842
1645034389358,1026.1842
1645034389402,1026.1842
1645034389441,1026.1842
1645034389473,1026.1852
1645034389511,1026.1852
1645034389550,1026.1852
1645034389588,1026.1852
1645034389626,1026.1864
1645034389665,1026.1864
1645034389707,1026.1864
1645034389742,1026.1864
1645034389780,1026.1897
1645034389819,1026.1897
1645034389861,1026.1897
1645034389898,1026.1897
1645034389935,1026.1897
1645034389976,1026.1897
1645034390012,1026.1897
1645034390051,1026.1897
1645034390092,1026.1931
1645034390126,1026.1931
1645034390166,1026.1931
1645034390207,1026.1931
1645034390244,1026.1986
1645034390280,1026.1986
1645034390321,1026.1986
1645034390361,1026.1986
1645034390396,1026.1931
1645034390434,1026.1931
1645034390474,1026.1931
1645034390511,1026.1931
1645034390553,1026.1931
1645034390589,1026.1931
1645034390635,1026.1931
1645034390665,1026.1931
1645034390709,1026.1931
1645034390742,1026.1931
1645034390793,1026.1931
1645034390817,1026.1931
1645034390856,1026.1981
1645034390894,1026.1981
1645034390933,1026.1981
1645034390973,1026.1981
1645034391011,1026.1981
1645034391053,1026.1981
1645034391091,1026.1981
1645034391129,1026.1981
1645034391168,1026.1981
1645034391216,1026.1981
1645034391241,1026.1981
1645034391279,1026.1981
1645034391320,1026.1981
1645034391360,1026.1964
1645034391399,1026.1964
1645034391438,1026.1964
1645034391476,1026.1964
1645034391511,1026.1964
1645034391554,1026.1964
1645034391589,1026.1964
1645034391628,1026.1964
1645034391665,1026.1948
1645034391727,1026.1948
1645034391745,1026.1948
1645034391779,1026.1948
1645034391820,1026.1964
1645034391858,1026.1964
1645034391896,1026.1964
1645034391935,1026.1964
1645034391977,1026.2015
1645034392012,1026.2015
1645034392050,1026.2015
1645034392091,1026.2015
1645034392127,1026.2065
1645034392168,1026.2065
1645034392203,1026.2065
1645034392241,1026.2065
1645034392281,1026.2007
1645034392319,1026.2007
1645034392358,1026.2007
1645034392397,1026.2007
1645034392435,1026.1991
1645034392475,1026.1991
1645034392515,1026.1991
1645034392548,1026.1991
1645034392587,1026.1969
1645034392625,1026.1969
1645034392668,1026.1969
1645034392708,1026.1969
1645034392752,1026.2024
1645034392784,1026.2024
1645034392820,1026.2024
1645034392856,1026.2024
1645034392897,1026.1969
1645034392935,1026.1969
1645034392972,1026.1969
1645034393010,1026.1969
1645034393052,1026.1969
1645034393088,1026.2007
1645034393126,1026.2007
1645034393167,1026.2007
1645034393204,1026.2007
1645034393241,1026.1974
1645034393282,1026.1974
1645034393318,1026.1974
1645034393357,1026.1974
1645034393398,1026.2007
1645034393434,1026.2007
1645034393471,1026.2007
1645034393513,1026.2007
1645034393557,1026.2091
1645034393589,1026.2091
1645034393628,1026.2091
1645034393666,1026.2091
1645034393708,1026.1957
1645034393741,1026.1957
1645034393780,1026.1957
1645034393819,1026.1957
1645034393857,1026.1768
1645034393898,1026.1768
1645034393935,1026.1768
1645034393975,1026.1768
1645034394017,1026.17
1645034394049,1026.17
1645034394086,1026.17
