1645207056643,992.5552
1645207056678,992.5559
1645207056719,992.5581
1645207056760,992.54736
1645207056799,992.5896
1645207056839,992.626
1645207056878,992.6697
1645207056918,992.6455
1645207056959,992.6753
1645207056999,992.5676
1645207057041,992.56836
1645207057079,992.49243
1645207057119,992.43506
1645207057158,992.46655
1645207057198,992.4863
1645207057238,992.562
1645207057278,992.6106
1645207057321,992.5447
1645207057361,992.51685
1645207057399,992.4314
1645207057439,992.4065
1645207057478,992.43286
1645207057518,992.4468
1645207057558,992.43164
1645207057601,992.4326
1645207057639,992.46875
1645207057680,992.49146
1645207057719,992.4905
1645207057758,992.4971
1645207057798,992.45996
1645207057838,992.51587
1645207057879,992.57886
1645207057919,992.5515
1645207057959,992.58325
1645207057999,992.6067
1645207058038,992.58276
1645207058078,992.59814
1645207058118,992.5642
1645207058158,992.53345
1645207058200,992.5437
1645207058240,992.56055
1645207058279,992.55444
1645207058319,992.5547
1645207058360,992.5427
1645207058398,992.5303
1645207058446,992.5188
1645207058499,992.5515
1645207058531,992.53613
1645207058570,992.64844
1645207058599,992.59814
1645207058639,992.6929
1645207058678,992.5796
1645207058718,992.5337
1645207058760,992.60864
1645207058799,992.57153
1645207058840,992.5696
1645207058878,992.6167
1645207058918,992.64453
1645207058958,992.64746
1645207058999,992.58716
1645207059038,992.6306
1645207059079,992.5857
1645207059120,992.6001
1645207059161,992.5679
1645207059198,992.5122
1645207059239,992.499
1645207059279,992.6333
1645207059319,992.6101
1645207059359,992.66113
1645207059399,992.71387
1645207059439,992.74805
1645207059478,992.8159
1645207059520,992.76587
1645207059558,992.6826
1645207059599,992.6843
1645207059639,992.91113
1645207059679,992.8718
1645207059720,992.6221
1645207059759,992.37915
1645207059798,992.40967
1645207059840,992.4746
1645207059879,992.51587
1645207059920,992.5134
1645207059961,992.50586
1645207059998,992.5442
1645207060040,992.5752
1645207060078,992.624
1645207060118,992.5825
1645207060159,992.56616
1645207060199,992.6548
1645207060241,992.6377
1645207060279,992.5613
1645207060318,992.5405
1645207060359,992.5969
1645207060398,992.70337
1645207060439,992.7456
1645207060479,992.67676
1645207060521,992.70337
1645207060587,992.5901
1645207060598,992.60596
1645207060638,992.82837
1645207060679,993.0166
1645207060720,992.7114
1645207060760,992.4502
1645207060799,992.282
1645207060839,992.48047
1645207060879,992.5615
1645207060918,992.584
1645207060958,992.56006
1645207060998,992.5718
1645207061040,992.58154
1645207061079,992.5886
1645207061118,992.62964
1645207061161,992.59814
1645207061199,992.6001
1645207061238,992.6199
1645207061278,992.55225
1645207061318,992.54297
1645207061359,992.5525
1645207061401,992.7146
1645207061439,992.7036
1645207061478,992.6738
1645207061520,992.6726
1645207061559,992.5996
1645207061598,992.56665
1645207061642,992.7793
1645207061680,992.979
1645207061718,992.5974
1645207061759,992.27856
1645207061798,992.3501
1645207061838,992.52
1645207061879,992.5608
1645207061919,992.57935
1645207061963,992.5647
1645207061999,992.51733
1645207062038,992.56836
1645207062078,992.6128
1645207062118,992.61475
1645207062159,992.6113
1645207062200,992.6057
1645207062240,992.6521
1645207062279,992.68604
1645207062319,992.6201
1645207062359,992.5779
1645207062398,992.6438
1645207062440,992.72363
1645207062480,992.82056
1645207062536,992.7632
1645207062574,992.82666
1645207062601,992.708
1645207062638,992.59863
1645207062678,992.64795
1645207062718,993.1221
1645207062759,992.8174
1645207062800,992.5925
1645207062840,992.3159
1645207062879,992.39575
1645207062919,992.46313
1645207062961,992.54565
1645207062998,992.7029
1645207063038,992.6211
1645207063079,992.52026
1645207063119,992.53394
1645207063161,992.4961
1645207063199,992.53906
1645207063238,992.5654
1645207063278,992.5718
1645207063318,992.5781
1645207063360,992.51025
1645207063400,992.48975
1645207063438,992.62646
1645207063478,992.656
1645207063518,992.5525
1645207063560,992.603
1645207063598,992.6057
1645207063638,992.45874
1645207063679,992.5078
1645207063719,992.73413
1645207063758,992.7844
1645207063799,992.5525
1645207063838,992.30835
1645207063878,992.1821
1645207063918,992.3352
1645207063960,992.3667
1645207063999,992.52075
1645207064038,992.51245
1645207064079,992.3755
1645207064118,992.32666
1645207064158,992.41284
1645207064199,992.4375
1645207064239,992.4697
1645207064279,992.4597
1645207064318,992.52124
1645207064358,992.53735
1645207064398,992.4502
1645207064438,992.458
1645207064479,992.6448
1645207064545,992.6846
1645207064560,992.5388
1645207064598,992.5657
1645207064639,992.5598
1645207064679,992.5088
1645207064719,992.5779
1645207064760,992.7534
1645207064799,992.708
1645207064839,992.4497
1645207064879,992.2239
1645207064918,992.136
1645207064958,992.27
1645207064998,992.4153
1645207065038,992.5215
1645207065080,992.5029
1645207065119,992.3738
1645207065158,992.35425
1645207065198,992.3955
1645207065238,992.46875
1645207065279,992.5591
1645207065318,992.59717
1645207065360,992.4922
1645207065400,992.52515
1645207065439,992.5051
1645207065479,992.5276
1645207065519,992.69434
1645207065558,992.59937
1645207065598,992.72534
1645207065640,992.6189
1645207065679,992.47314
1645207065718,992.4822
1645207065758,992.8008
1645207065798,992.80176
1645207065838,992.5034
1645207065880,992.3325
1645207065918,992.30005
1645207065959,992.4851
1645207065999,992.64014
1645207066038,992.63086
1645207066078,992.51636
1645207066118,992.35474
1645207066158,992.2981
1645207066200,992.3845
1645207066239,992.47485
1645207066280,992.47314
1645207066319,992.5322
1645207066358,992.5508
1645207066398,992.52783
1645207066438,992.5166
1645207066480,992.51
1645207066519,992.65405
1645207066559,992.7815
1645207066598,992.5759
1645207066638,992.5642
1645207066678,992.54395
1645207066718,992.41797
1645207066758,992.4241
1645207066799,992.59595
1645207066839,992.7224
1645207066880,992.51514
1645207066918,992.3169
1645207066958,992.06494
1645207066998,992.2466
1645207067039,992.3391
1645207067082,992.51465
1645207067120,992.62427
1645207067160,992.4768
1645207067199,992.374
1645207067238,992.36597
1645207067278,992.4199
1645207067318,992.4414
1645207067358,992.4956
1645207067399,992.5298
1645207067438,992.4873
1645207067478,992.4148
1645207067518,992.45166
1645207067558,992.6836
1645207067598,992.5376
1645207067639,992.5415
1645207067681,992.5237
1645207067720,992.4092
1645207067758,992.5134
1645207067798,992.76196
1645207067838,992.7053
1645207067878,992.5303
1645207067920,991.9641
1645207067959,992.1394
1645207067999,992.3076
1645207068038,992.38257
1645207068078,992.60156
1645207068118,992.5198
1645207068158,992.29297
1645207068200,992.32056
1645207068240,992.3821
1645207068279,992.4253
1645207068318,992.4324
1645207068358,992.416
1645207068398,992.48
1645207068438,992.4695
1645207068479,992.5032
1645207068520,992.5388
1645207068560,992.6704
1645207068598,992.57666
1645207068638,992.50806
1645207068679,992.4895
1645207068718,992.3225
1645207068759,992.4043
1645207068799,992.57056
1645207068839,992.7251
1645207068879,992.47046
1645207068918,992.08496
1645207068958,991.9553
1645207068998,992.1748
1645207069039,992.34644
1645207069080,992.40186
1645207069119,992.4341
1645207069159,992.405
1645207069198,992.3589
1645207069238,992.3457
1645207069278,992.385
1645207069318,992.46265
1645207069359,992.522
1645207069399,992.46533
1645207069440,992.4519
1645207069479,992.4509
1645207069518,992.45264
1645207069558,992.7571
1645207069598,992.5615
1645207069640,992.6001
1645207069680,992.4817
1645207069719,992.41406
1645207069759,992.6245
1645207069798,992.90845
1645207069838,992.81616
1645207069878,992.54565
1645207069920,992.02295
1645207069959,992.1958
1645207070000,992.3782
1645207070038,992.4773
1645207070079,992.4802
1645207070118,992.4385
1645207070158,992.28174
1645207070199,992.26855
1645207070240,992.3496
1645207070280,992.4219
1645207070318,992.5178
1645207070358,992.50024
1645207070399,992.4094
1645207070438,992.40015
1645207070479,992.4026
1645207070521,992.47144
1645207070560,992.6843
1645207070599,992.5427
1645207070638,992.5698
1645207070679,992.55444
1645207070718,992.43115
1645207070758,992.3684
1645207070799,992.4326
1645207070840,992.68384
1645207070880,992.70874
1645207070918,992.42725
1645207070958,992.04004
1645207070998,992.1384
1645207071038,992.31055
1645207071079,992.4263
1645207071120,992.51245
1645207071159,992.39185
1645207071198,992.38794
1645207071238,992.3064
1645207071278,992.3867
1645207071318,992.4292
1645207071360,992.4883
1645207071399,992.5596
1645207071440,992.4563
1645207071480,992.46216
1645207071518,992.44946
1645207071558,992.4883
1645207071599,992.6858
1645207071639,992.5095
1645207071680,992.6267
1645207071719,992.5161
1645207071758,992.365
1645207071800,992.39966
1645207071838,992.74854
1645207071879,992.73584
1645207071918,992.4104
1645207071959,992.0166
1645207071999,992.1118
1645207072039,992.2766
1645207072079,992.3679
1645207072118,992.4075
1645207072158,992.4219
1645207072199,992.4136
1645207072240,992.41016
1645207072279,992.4348
1645207072319,992.47314
1645207072358,992.51196
1645207072399,992.48096
1645207072438,992.48
1645207072478,992.41455
1645207072518,992.46704
1645207072560,992.5205
1645207072600,992.66455
1645207072638,992.5637
1645207072679,992.4888
1645207072719,992.5813
1645207072760,992.5449
1645207072800,992.49634
1645207072839,992.614
1645207072879,992.8867
1645207072918,992.7605
1645207072958,992.37354
1645207072998,992.0945
1645207073038,992.26904
1645207073079,992.40674
1645207073119,992.47046
1645207073159,992.5283
1645207073199,992.5188
1645207073238,992.51807
1645207073280,992.43677
1645207073318,992.5327
1645207073360,992.5598
1645207073399,992.5498
1645207073439,992.5198
1645207073478,992.5742
1645207073519,992.5242
1645207073558,992.51465
1645207073598,992.60864
1645207073640,992.7178
1645207073679,992.5674
1645207073719,992.615
1645207073759,992.56177
1645207073799,992.51245
1645207073838,992.66406
1645207073878,992.7854
1645207073919,992.5022
1645207073959,992.1824
1645207073999,992.24854
1645207074038,992.4031
1645207074078,992.4512
1645207074119,992.4861
1645207074158,992.5032
1645207074199,992.48535
1645207074238,992.5137
1645207074280,992.49536
1645207074319,992.51636
1645207074358,992.55396
1645207074398,992.49634
1645207074438,992.5325
1645207074478,992.50024
1645207074519,992.51416
1645207074559,992.5486
1645207074598,992.5979
1645207074638,992.73486
1645207074678,992.5183
1645207074720,992.55566
1645207074758,992.5381
1645207074800,992.49097
1645207074840,992.59424
1645207074879,992.9109
1645207074919,992.76855
1645207074958,992.3579
1645207074998,992.1233
1645207075038,992.2932
1645207075079,992.4768
1645207075119,992.5017
1645207075160,992.5464
1645207075198,992.42334
1645207075239,992.4475
1645207075278,992.4873
1645207075318,992.4651
1645207075361,992.5261
1645207075399,992.5261
1645207075440,992.49146
1645207075479,992.542
1645207075518,992.47437
1645207075558,992.5408
1645207075599,992.5737
1645207075639,992.7273
1645207075680,992.5901
1645207075720,992.635
1645207075758,992.54785
1645207075798,992.61865
1645207075838,992.78296
1645207075878,992.8518
1645207075919,992.39014
1645207075961,992.1111
1645207075999,992.22754
1645207076039,992.38135
1645207076078,992.43945
1645207076119,992.4585
1645207076158,992.44556
1645207076199,992.4177
1645207076239,992.4431
1645207076279,992.47217
1645207076319,992.5386
1645207076359,992.56006
1645207076398,992.48755
1645207076438,992.4978
1645207076478,992.50586
1645207076520,992.5403
1645207076559,992.6284
1645207076600,992.8362
1645207076638,992.614
1645207076678,992.63257
1645207076720,992.5818
1645207076759,992.46826
1645207076798,992.53296
1645207076839,992.91626
1645207076879,992.70605
1645207076919,992.3574
1645207076959,992.04443
1645207076998,992.20605
1645207077038,992.3176
1645207077079,992.4175
1645207077119,992.4946
1645207077159,992.45654
1645207077198,992.4946
1645207077239,992.4768
1645207077279,992.5139
1645207077318,992.5105
1645207077358,992.54663
1645207077400,992.5676
1645207077440,992.4949
1645207077478,992.4895
1645207077518,992.45825
1645207077558,992.59033
1645207077601,992.6919
1645207077640,992.56274
1645207077680,992.5823
1645207077720,992.6023
1645207077759,992.4324
1645207077798,992.53125
1645207077839,992.8679
1645207077878,992.6135
1645207077918,992.26855
1645207077959,992.18335
1645207077999,992.3711
1645207078040,992.46313
1645207078078,992.66284
1645207078118,992.6106
1645207078158,992.49585
1645207078198,992.4136
1645207078240,992.47046
1645207078279,992.5332
1645207078319,992.5337
1645207078358,992.553
1645207078398,992.60767
1645207078438,992.5039
1645207078478,992.4697
1645207078520,992.46826
1645207078560,992.71387
1645207078599,992.6721
1645207078638,992.56104
1645207078678,992.55396
1645207078718,992.48584
1645207078760,992.4346
1645207078798,992.51416
1645207078840,992.75024
1645207078879,992.81714
1645207078919,992.67114
1645207078958,992.18896
1645207078998,992.2378
1645207079038,992.32764
1645207079080,992.50757
1645207079122,992.57104
1645207079160,992.52905
1645207079199,992.3994
1645207079239,992.3816
1645207079278,992.4426
1645207079318,992.5669
1645207079359,992.66455
1645207079398,992.64453
1645207079440,992.4343
1645207079480,992.4136
1645207079519,992.4846
1645207079558,992.6306
1645207079598,992.6311
1645207079638,992.53613
1645207079678,992.5945
1645207079719,992.5271
1645207079758,992.45703
1645207079799,992.6133
1645207079838,992.82666
1645207079878,992.4463
1645207079918,992.0991
1645207079959,992.1968
1645207079999,992.3701
1645207080038,992.46533
1645207080079,992.5769
1645207080119,992.5171
1645207080158,992.47266
1645207080198,992.4121
1645207080240,992.47876
1645207080280,992.5193
1645207080319,992.5493
1645207080358,992.6804
1645207080398,992.56714
1645207080438,992.4883
1645207080478,992.4988
1645207080519,992.6675
1645207080559,992.7512
1645207080600,992.58496
1645207080638,992.68823
1645207080678,992.66284
1645207080718,992.48584
1645207080759,992.5698
1645207080799,992.80347
1645207080839,992.8926
1645207080879,992.5757
1645207080918,992.1382
1645207080958,992.20776
1645207080998,992.3491
1645207081038,992.46655
1645207081079,992.5032
1645207081118,992.5127
1645207081159,992.48755
1645207081198,992.4634
1645207081242,992.4951
1645207081278,992.52124
1645207081318,992.6953
1645207081359,992.5381
1645207081399,992.5005
1645207081440,992.4546
1645207081479,992.5244
1645207081518,992.7019
1645207081558,992.69604
1645207081598,992.64087
1645207081638,992.7766
1645207081679,992.72754
1645207081719,992.4866
1645207081759,992.53784
1645207081798,993.03467
1645207081838,992.8999
1645207081878,992.63354
1645207081918,992.2654
1645207081960,992.4475
1645207081999,992.5398
1645207082039,992.6909
1645207082079,992.48804
1645207082118,992.49097
1645207082159,992.5332
1645207082199,992.5315
1645207082242,992.5249
1645207082279,992.58325
1645207082319,992.6062
1645207082358,992.62305
1645207082399,992.5415
1645207082438,992.50586
1645207082478,992.60547
1645207082519,992.72095
1645207082559,992.6975
1645207082599,992.63794
1645207082642,992.64575
1645207082679,992.5576
1645207082719,992.49805
1645207082761,992.6387
1645207082798,992.86523
1645207082840,992.74585
1645207082879,992.3728
1645207082918,992.1362
1645207082958,992.31616
1645207082998,992.45703
1645207083038,992.55835
1645207083079,992.56274
1645207083119,992.4785
1645207083160,992.53076
1645207083199,992.5154
1645207083239,992.52515
1645207083278,992.5713
1645207083318,992.6094
1645207083358,992.5991
1645207083398,992.5991
1645207083440,992.55396
1645207083479,992.5508
1645207083518,992.6157
1645207083558,992.81274
1645207083598,992.6455
1645207083638,992.6443
1645207083679,992.6653
1645207083719,992.5818
1645207083760,992.6167
1645207083798,992.77734
1645207083838,993.0044
1645207083880,992.7783
1645207083918,992.4795
1645207083959,992.4131
1645207083999,992.51465
1645207084039,992.73
1645207084078,992.6582
1645207084118,992.5088
1645207084158,992.50464
1645207084198,992.5427
1645207084238,992.57275
1645207084280,992.6135
1645207084319,992.6511
1645207084358,992.69946
1645207084398,992.5801
1645207084438,992.5542
1645207084478,992.6404
1645207084519,992.87085
1645207084561,992.78613
1645207084599,992.75366
1645207084638,992.77856
1645207084679,992.72144
1645207084718,992.63965
1645207084760,992.8623
1645207084798,993.0237
1645207084841,992.999
1645207084880,992.6753
1645207084919,992.2461
1645207084958,992.4192
1645207084998,992.6013
1645207085038,992.6355
1645207085079,992.6582
1645207085119,992.59375
1645207085159,992.501
1645207085198,992.5586
1645207085238,992.5825
1645207085279,992.6279
1645207085318,992.7073
1645207085358,992.56006
1645207085399,992.5376
1645207085439,992.5569
1645207085479,992.62427
1645207085518,992.7637
1645207085558,992.72705
1645207085598,992.6316
1645207085638,992.71704
1645207085679,992.62866
1645207085719,992.5847
1645207085760,992.65796
1645207085800,992.97705
1645207085838,992.7842
1645207085878,992.3999
1645207085918,992.2368
1645207085960,992.4011
1645207085999,992.5513
1645207086039,992.5796
1645207086078,992.47656
1645207086118,992.5332
1645207086158,992.54736
1645207086198,992.5969
1645207086241,992.6106
1645207086279,992.5884
1645207086319,992.636
1645207086359,992.59033
1645207086398,992.5371
1645207086438,992.5698
1645207086478,992.6802
1645207086518,992.7444
1645207086559,992.6736
1645207086599,992.77637
1645207086638,992.63916
1645207086679,992.54175
1645207086720,992.6946
1645207086758,993.1157
1645207086798,992.7466
1645207086839,992.4541
1645207086880,992.2268
1645207086918,992.41943
1645207086958,992.51196
1645207086999,992.6072
1645207087038,992.60034
1645207087079,992.54614
1645207087120,992.61597
1645207087159,992.63916
1645207087199,992.60767
1645207087238,992.66064
1645207087278,992.6594
1645207087318,992.7058
1645207087358,992.5801
1645207087400,992.52734
1645207087439,992.60156
1645207087478,992.69385
1645207087518,992.8694
1645207087558,992.72314
1645207087598,992.7124
1645207087638,992.6765
1645207087680,992.5747
1645207087719,992.67456
1645207087760,993.01245
1645207087798,992.82275
1645207087838,992.5342
1645207087878,992.21533
1645207087918,992.41284
1645207087958,992.52246
1645207088000,992.7678
1645207088039,992.499
1645207088078,992.5669
1645207088118,992.60034
1645207088158,992.636
1645207088198,992.6531
1645207088240,992.6553
1645207088279,992.6843
1645207088319,992.6294
1645207088358,992.60034
1645207088403,992.5762
1645207088438,992.688
1645207088478,992.8508
1645207088519,992.80884
1645207088559,992.7849
1645207088600,992.85376
1645207088638,992.7197
1645207088678,992.7561
1645207088718,992.9888
1645207088758,993.0835
1645207088798,992.9138
1645207088840,992.7024
1645207088880,992.4629
1645207088920,992.4951
1645207088958,992.6489
1645207088998,992.7029
1645207089038,992.5752
1645207089079,992.5127
1645207089120,992.5088
1645207089159,992.53735
1645207089199,992.60254
1645207089238,992.572
1645207089283,992.6172
1645207089318,992.65674
1645207089358,992.583
1645207089400,992.5596
1645207089439,992.5593
1645207089480,992.68506
1645207089519,992.80493
1645207089558,992.6526
1645207089599,992.6819
1645207089638,992.6533
1645207089679,992.5659
1645207089720,992.60986
1645207089759,993.00684
1645207089800,992.79395
1645207089838,992.4536
1645207089878,992.1853
1645207089918,992.3069
1645207089958,992.4675
1645207090000,992.53174
1645207090039,992.60205
1645207090079,992.55347
1645207090118,992.57275
1645207090158,992.5752
1645207090198,992.6111
1645207090239,992.60376
1645207090280,992.603
1645207090319,992.5908
1645207090359,992.5427
1645207090398,992.58105
1645207090438,992.6196
1645207090478,992.7754
1645207090519,992.72876
1645207090560,992.625
1645207090599,992.68555
1645207090639,992.60693
1645207090678,992.595
1645207090718,992.7256
1645207090758,992.9551
1645207090798,992.79785
1645207090840,992.42944
1645207090878,992.34595
1645207090919,992.4758
1645207090959,992.5962
1645207090998,992.67114
1645207091038,992.6604
1645207091078,992.6279
1645207091120,992.5803
1645207091159,992.5217
1645207091199,992.5408
1645207091238,992.62134
1645207091278,992.67993
1645207091318,992.5747
1645207091358,992.5586
1645207091399,992.56274
1645207091439,992.60596
1645207091480,992.7373
1645207091518,992.7932
1645207091558,992.59204
1645207091598,992.6426
1645207091638,992.6028
1645207091679,992.4861
1645207091719,992.5049
1645207091759,992.7595
1645207091799,992.89966
1645207091838,992.7285
1645207091878,992.1228
1645207091918,992.1267
1645207091961,992.26807
1645207091999,992.3638
1645207092039,992.4773
1645207092080,992.4531
1645207092118,992.4595
1645207092158,992.5061
1645207092198,992.5498
1645207092239,992.72266
1645207092279,992.54346
1645207092319,992.50854
1645207092358,992.5459
1645207092398,992.5405
1645207092438,992.80176
1645207092478,992.5925
1645207092519,992.62354
1645207092559,992.7151
1645207092600,992.60913
1645207092639,992.5088
1645207092678,992.62695
1645207092718,992.9287
1645207092758,992.7366
1645207092799,992.4446
1645207092840,992.17114
1645207092879,992.3025
1645207092918,992.4309
1645207092958,992.53955
1645207092999,992.4746
1645207093038,992.4917
1645207093079,992.4734
1645207093119,992.4961
1645207093159,992.6172
1645207093199,992.59595
1645207093239,992.7063
1645207093279,992.49854
1645207093319,992.4829
1645207093359,992.4817
1645207093400,992.68774
1645207093440,992.67773
1645207093478,992.6367
1645207093518,992.677
1645207093559,992.5759
1645207093598,992.41675
1645207093638,992.58203
1645207093680,992.9614
1645207093720,992.8379
1645207093759,992.5178
1645207093799,992.2446
1645207093840,992.3157
1645207093878,992.45483
1645207093918,992.61694
1645207093960,992.67676
1645207094000,992.39136
1645207094040,992.50195
1645207094078,992.4387
1645207094118,992.55225
1645207094158,992.5571
1645207094199,992.5315
1645207094238,992.52344
1645207094280,992.5342
1645207094319,992.47974
1645207094358,992.56714
1645207094398,992.6824
1645207094438,992.75757
1645207094478,992.5818
1645207094519,992.70996
1645207094559,992.55273
1645207094599,992.4978
1645207094639,992.54395
1645207094678,992.83105
1645207094718,992.7324
1645207094758,992.3789
1645207094798,992.2715
1645207094843,992.29126
1645207094880,992.4121
1645207094919,992.5464
1645207094958,992.57104
1645207094998,992.5166
1645207095039,992.46265
1645207095093,992.4624
1645207095119,992.51245
1645207095227,992.5708
1645207095227,992.6284
1645207095238,992.58496
1645207095307,992.5823
1645207095319,992.5679
1645207095358,992.53735
1645207095403,992.5459
1645207095439,992.7102
1645207095478,992.7634
1645207095518,992.7385
1645207095573,992.75464
1645207095598,992.6614
1645207095638,992.4934
1645207095679,992.5176
1645207095719,992.802
1645207095759,992.8816
1645207095799,992.59326
1645207095841,992.29956
1645207095878,992.2368
1645207095918,992.26904
1645207095960,992.4314
1645207095999,992.5105
1645207096040,992.5686
1645207096081,992.6753
1645207096181,992.6382
1645207096221,992.75757
1645207096259,992.71924
1645207096299,992.656
1645207096339,992.63135
1645207096379,992.5669
1645207096421,992.63086
1645207096460,992.7544
1645207096501,992.7024
1645207096541,992.6582
1645207096579,992.7456
1645207096619,992.7395
1645207096659,992.65454
1645207096702,992.65967
1645207096739,992.8362
1645207096779,993.00586
1645207096821,992.35547
1645207096859,992.4204
1645207096899,992.6404
1645207096940,992.65283
1645207096979,992.6787
1645207097020,992.572
1645207097060,992.54395
1645207097100,992.46533
1645207097139,992.4885
1645207097182,992.6162
1645207097233,992.6897
1645207097259,992.73804
1645207097300,992.6062
1645207097343,992.5637
1645207097379,992.5591
1645207097419,992.7605
1645207097460,992.8672
1645207097502,992.7683
1645207097541,992.74243
1645207097582,992.7693
1645207097620,992.64966
1645207097660,992.5691
1645207097701,992.6904
1645207097739,992.88135
1645207097783,992.72363
1645207097822,992.5154
1645207097860,992.239
1645207097900,992.33716
1645207097942,992.49976
1645207097980,992.5808
1645207098019,992.68164
1645207098059,992.5281
1645207098099,992.50684
1645207098142,992.59863
1645207098180,992.6372
1645207098221,992.6448
1645207098259,992.6726
1645207098299,992.699
1645207098341,992.64624
1645207098379,992.6648
1645207098419,992.68066
1645207098460,992.93286
1645207098500,992.84717
1645207098540,992.7593
1645207098580,992.8013
1645207098620,992.7007
1645207098660,992.58984
1645207098701,992.7639
1645207098740,993.053
1645207098780,992.88794
1645207098820,992.54663
1645207098859,992.37305
1645207098899,992.6057
1645207098941,992.7549
1645207098979,992.7405
1645207099020,992.6697
1645207099062,992.4651
1645207099101,992.55347
1645207099139,992.6206
1645207099179,992.7261
1645207099219,992.8174
1645207099259,992.69946
1645207099300,992.66797
1645207099341,992.63354
1645207099380,992.6533
1645207099420,992.8867
1645207099461,992.876
1645207099500,992.74365
1645207099540,992.8091
1645207099580,992.77295
1645207099620,992.7278
1645207099660,992.9131
1645207099702,993.1631
1645207099748,993.06665
1645207099779,992.70435
1645207099820,992.3762
1645207099860,992.5574
1645207099900,992.8408
1645207099940,992.85205
1645207099980,992.7666
1645207100019,992.6411
1645207100060,992.6118
1645207100099,992.65283
1645207100139,992.72095
1645207100180,992.82446
1645207100220,992.83594
1645207100260,992.8213
1645207100300,992.71094
1645207100339,992.6931
1645207100379,992.74756
1645207100420,992.927
1645207100459,992.9778
1645207100501,992.85864
1645207100540,992.8391
1645207100579,992.8738
1645207100619,992.76465
1645207100659,992.8679
1645207100701,993.1765
1645207100742,993.1128
1645207100781,992.81274
1645207100820,992.48535
1645207100860,992.5769
1645207100900,992.9241
1645207100939,992.93286
1645207100979,992.71484
1645207101020,992.7246
1645207101061,992.7466
1645207101105,992.7544
1645207101139,992.823
1645207101180,992.8811
1645207101219,992.8899
1645207101259,992.83936
1645207101303,992.7385
1645207101340,992.7495
1645207101383,992.8679
1645207101423,993.05566
1645207101460,992.948
1645207101500,992.9602
1645207101539,992.96045
1645207101582,992.80664
1645207101620,992.79126
1645207101661,992.91675
1645207101700,993.053
1645207101739,992.8972
1645207101779,992.6345
1645207101819,992.25366
1645207101860,992.4314
1645207101902,992.6321
1645207101940,992.6699
1645207101980,992.62964
1645207102020,992.58154
1645207102062,992.56934
1645207102099,992.6665
1645207102139,992.68286
1645207102181,992.74365
1645207102220,992.7595
1645207102262,992.83887
1645207102299,992.6919
1645207102339,992.6699
1645207102379,992.7468
1645207102420,992.9055
1645207102460,992.9768
1645207102502,992.8557
1645207102541,992.91187
1645207102580,992.8364
1645207102619,992.8281
1645207102660,993.08594
1645207102702,993.0864
1645207102741,992.9011
1645207102780,992.5532
1645207102821,992.438
1645207102859,992.5735
1645207102899,992.79785
1645207102939,992.64355
1645207102979,992.6443
1645207103020,992.7224
1645207103061,992.7615
1645207103102,992.8159
1645207103139,992.8623
1645207103179,992.83716
1645207103219,992.7351
1645207103259,992.7063
1645207103302,992.70557
1645207103340,992.8347
1645207103381,992.97314
1645207103420,992.9243
1645207103459,992.8816
1645207103499,992.89404
1645207103539,992.7815
1645207103580,992.84375
1645207103621,993.2761
1645207103661,993.0642
1645207103702,992.6929
1645207103739,992.3755
1645207103779,992.5591
1645207103819,992.6594
1645207103859,992.74316
1645207103901,992.91455
1645207103939,992.7202
1645207103980,992.71533
1645207104019,992.77124
1645207104059,992.7654
1645207104099,992.76416
1645207104140,992.73926
1645207104180,992.7549
1645207104221,992.6665
1645207104261,992.6643
1645207104301,992.7307
1645207104343,992.8679
1645207104379,992.8528
1645207104420,992.7258
1645207104460,992.74365
1645207104503,992.7012
1645207104540,992.6394
1645207104579,992.88794
1645207104619,993.0371
1645207104659,992.81616
1645207104702,992.60596
1645207104741,992.32324
1645207104780,992.4844
1645207104821,992.58105
1645207104859,992.6741
1645207104899,992.67725
1645207104939,992.54565
1645207104979,992.5974
1645207105023,992.64795
1645207105061,992.6682
1645207105102,992.6892
1645207105140,992.7412
1645207105179,992.58813
1645207105219,992.57544
1645207105260,992.65283
1645207105300,992.8733
1645207105340,992.803
1645207105381,992.7488
1645207105422,992.8164
1645207105459,992.6809
1645207105500,992.66675
1645207105539,992.78784
1645207105579,993.03
1645207105620,992.822
1645207105660,992.4241
1645207105701,992.2097
1645207105739,992.3865
1645207105779,992.6013
1645207105819,992.6304
1645207105860,992.6775
1645207105902,992.6904
1645207105941,992.64575
1645207105981,992.65454
1645207106019,992.7217
1645207106059,992.67847
1645207106099,992.83057
1645207106140,992.70703
1645207106181,992.70215
1645207106220,992.71313
1645207106261,992.7976
1645207106300,992.99414
1645207106339,992.8838
1645207106379,992.8335
1645207106421,992.87427
1645207106459,992.7844
1645207106501,992.8535
1645207106541,993.0901
1645207106579,993.08716
1645207106619,992.85596
1645207106659,992.3987
1645207106701,992.47
1645207106741,992.6389
1645207106782,992.7007
1645207106821,992.9397
1645207106859,992.7212
1645207106899,992.697
1645207106939,992.6045
1645207106979,992.73804
1645207107019,992.7439
1645207107060,992.77246
1645207107102,992.749
1645207107139,992.6555
1645207107179,992.6643
1645207107219,992.8247
1645207107259,992.98
1645207107302,992.7632
1645207107340,992.74536
1645207107379,992.7219
1645207107419,992.6404
1645207107459,992.7981
1645207107499,993.12134
1645207107541,993.06006
1645207107580,992.6387
1645207107622,992.2993
1645207107661,992.50806
1645207107702,992.6387
1645207107740,993.1721
1645207107779,992.8855
1645207107819,992.6311
1645207107860,992.60547
1645207107902,992.61816
1645207107942,992.68506
1645207107981,992.72876
1645207108019,992.91235
1645207108059,992.7466
1645207108099,992.6223
1645207108140,992.70264
1645207108182,992.78174
1645207108220,992.87305
1645207108260,992.70386
1645207108299,992.66235
1645207108340,992.7434
1645207108379,992.67896
1645207108419,992.70557
1645207108460,992.781
1645207108502,992.8052
1645207108541,992.791
1645207108579,992.60205
1645207108619,992.50977
1645207108659,992.4741
1645207108703,992.5918
1645207108740,992.63745
1645207108781,992.7102
1645207108819,992.6328
1645207108861,992.59033
1645207108900,992.63745
1645207108939,992.6846
1645207108980,992.7439
1645207109020,992.78394
1645207109061,992.812
1645207109100,992.6926
1645207109139,992.74927
1645207109181,992.81055
1645207109219,992.8367
1645207109259,992.81177
1645207109301,992.7971
1645207109342,992.8562
1645207109381,992.8384
1645207109420,992.8435
1645207109460,992.95703
1645207109499,993.1238
1645207109539,993.0762
1645207109579,992.8423
1645207109621,992.5625
1645207109661,992.7678
1645207109702,992.8086
1645207109739,992.8374
1645207109779,992.7715
1645207109819,992.7876
1645207109859,992.7434
1645207109902,992.6658
1645207109940,992.6797
1645207109980,992.76196
1645207110019,992.82715
1645207110059,992.8142
1645207110099,992.74976
1645207110140,992.7561
1645207110182,992.7837
1645207110221,992.8484
1645207110260,992.78125
1645207110302,992.7405
1645207110339,992.70776
1645207110379,992.74805
1645207110419,992.76953
1645207110461,992.8047
1645207110502,993.0574
1645207110541,992.9878
1645207110579,992.74243
1645207110619,992.5398
1645207110659,992.6692
1645207110700,992.68384
1645207110739,992.8093
1645207110780,992.749
1645207110820,992.7417
1645207110859,992.7344
1645207110900,992.7014
1645207110939,992.73706
1645207110979,992.7803
1645207111020,992.8008
1645207111061,992.78564
1645207111100,992.74
1645207111140,992.7678
1645207111179,992.8047
1645207111219,992.8435
1645207111259,992.8252
1645207111300,992.8164
1645207111340,992.83545
1645207111380,992.853
1645207111422,992.8218
1645207111459,992.90234
1645207111499,993.0073
1645207111539,992.8618
1645207111581,992.6465
1645207111622,992.72437
1645207111662,992.7256
1645207111702,992.8596
1645207111739,992.8281
1645207111779,992.74365
1645207111819,992.6948
1645207111859,992.7241
1645207111902,992.7036
1645207111941,992.73926
1645207111980,992.7495
1645207112020,992.8408
1645207112059,992.7151
1645207112099,992.7405
1645207112139,992.782
1645207112182,992.7881
1645207112221,992.79004
1645207112262,992.8013
1645207112303,992.7649
1645207112340,992.7991
1645207112379,992.7842
1645207112419,992.8635
1645207112461,992.93774
1645207112500,993.0032
1645207112540,992.78076
1645207112579,992.55884
1645207112619,992.677
1645207112659,992.782
1645207112702,992.864
1645207112740,992.87744
1645207112782,992.7605
1645207112819,992.67065
1645207112860,992.70435
1645207112899,992.7595
1645207112941,992.7842
1645207112979,992.7495
1645207113021,992.8491
1645207113060,992.7178
1645207113101,992.7429
1645207113139,992.82227
1645207113179,992.77686
1645207113220,992.7632
1645207113259,992.7517
1645207113302,992.74097
1645207113340,992.73315
1645207113381,992.7334
1645207113420,992.8296
1645207113459,992.94336
1645207113499,992.8428
1645207113539,992.5781
1645207113581,992.5388
1645207113621,992.6821
1645207113661,992.7014
1645207113700,992.72046
1645207113739,992.67847
1645207113779,992.7561
1645207113819,992.6763
1645207113860,992.67163
1645207113902,992.7368
1645207113940,992.77295
1645207113980,992.7649
1645207114019,992.67773
1645207114059,992.68604
1645207114099,992.6824
1645207114139,992.75415
1645207114180,992.78076
1645207114220,992.76416
1645207114260,992.7217
1645207114300,992.6936
1645207114339,992.6643
1645207114379,992.6084
1645207114419,992.6575
1645207114461,992.77905
1645207114502,992.78613
1645207114542,992.5574
1645207114579,992.4734
1645207114619,992.46436
1645207114659,992.5491
1645207114701,992.61694
1645207114741,992.5718
1645207114781,992.55225
1645207114821,992.542
1645207114861,992.5537
1645207114899,992.532
1645207114941,992.604
1645207114979,992.6316
1645207115021,992.7717
1645207115062,992.5813
1645207115103,992.66797
1645207115140,992.6677
1645207115179,992.65405
1645207115219,992.62085
1645207115260,992.6221
1645207115302,992.6438
1645207115341,992.68115
1645207115381,992.70166
1645207115421,992.7986
1645207115459,992.8938
1645207115499,992.74854
1645207115539,992.55444
1645207115582,992.635
1645207115620,992.71655
1645207115660,992.73193
1645207115702,992.7085
1645207115740,992.71655
1645207115779,992.7488
1645207115819,992.8159
1645207115860,992.7146
1645207115902,992.7168
1645207115942,992.68994
1645207115980,992.82715
1645207116020,992.687
1645207116059,992.67554
1645207116099,992.709
1645207116140,992.8042
1645207116179,992.8345
1645207116220,992.8518
1645207116259,992.8164
1645207116300,992.7986
1645207116339,992.78516
1645207116379,992.824
1645207116420,993.0813
1645207116460,993.0547
1645207116500,992.77246
1645207116541,992.4363
1645207116580,992.656
1645207116619,992.7334
1645207116659,992.83716
1645207116699,992.81323
1645207116741,992.7715
1645207116781,992.7461
1645207116821,992.73145
1645207116860,992.7283
1645207116899,992.77783
1645207116940,992.84326
1645207116979,992.79175
1645207117020,992.7483
1645207117060,992.7742
1645207117100,992.87695
1645207117139,992.845
1645207117179,992.81445
1645207117219,992.803
1645207117259,992.79224
1645207117300,992.8008
1645207117342,993.0054
1645207117381,993.14624
1645207117419,992.895
1645207117459,992.46436
1645207117499,992.6367
1645207117542,992.7361
1645207117580,992.7717
1645207117623,992.8274
1645207117661,992.751
1645207117700,992.7051
1645207117739,992.7749
1645207117779,992.7991
1645207117819,992.7654
1645207117860,992.77856
1645207117902,992.7715
1645207117940,992.8362
1645207117981,992.7737
1645207118020,992.79956
1645207118059,992.8345
1645207118103,992.89844
1645207118139,992.93896
1645207118182,992.9143
1645207118220,992.8208
1645207118260,992.75024
1645207118300,992.80444
1645207118339,993.02686
1645207118379,993.0659
1645207118419,992.6875
1645207118460,992.3867
1645207118500,992.6262
1645207118541,992.72705
1645207118580,992.7451
1645207118619,992.7937
1645207118659,992.7175
1645207118701,992.76416
1645207118739,992.7988
1645207118782,992.8013
1645207118820,992.76514
1645207118859,992.7947
1645207118899,992.761
1645207118939,992.7666
1645207118980,992.7051
1645207119020,992.7971
1645207119061,992.83545
1645207119102,992.9258
1645207119140,992.886
1645207119179,992.8816
1645207119219,992.78613
1645207119260,992.8833
1645207119302,993.2158
1645207119341,993.00415
1645207119381,992.63257
1645207119419,992.4646
1645207119459,992.6677
1645207119500,992.76074
1645207119539,992.7632
1645207119580,992.854
1645207119621,992.7102
1645207119660,992.7551
1645207119703,992.75854
1645207119739,992.77246
1645207119779,992.78784
1645207119819,992.8091
1645207119860,992.7844
1645207119909,992.7554
1645207119941,992.7971
1645207119981,992.8423
1645207120020,992.86084
1645207120059,992.9856
1645207120099,992.9436
1645207120140,992.89966
1645207120180,992.8501
1645207120222,992.78564
1645207120261,992.88574
1645207120301,993.2053
1645207120339,992.9292
1645207120379,992.4961
1645207120420,992.5354
1645207120460,992.69995
1645207120500,992.7727
1645207120541,992.8015
1645207120580,992.8091
1645207120619,992.8071
1645207120659,992.824
1645207120699,992.7927
1645207120741,992.8032
1645207120781,992.8174
1645207120820,992.83716
1645207120859,992.8318
1645207120899,992.8203
1645207120939,992.7991
1645207120982,992.8508
1645207121019,992.916
1645207121061,992.9961
1645207121100,992.9209
1645207121141,992.9038
1645207121179,992.853
1645207121219,992.97144
1645207121260,993.2219
1645207121300,993.0071
1645207121341,992.62915
1645207121381,992.6106
1645207121421,992.7446
1645207121459,992.7876
1645207121499,992.7803
1645207121539,992.80005
1645207121580,992.7656
1645207121620,992.77686
1645207121661,992.75903
1645207121702,992.7683
1645207121739,992.7744
1645207121779,992.84717
1645207121819,992.79395
1645207121860,992.8423
1645207121900,992.77954
1645207121940,992.84546
1645207121979,992.9031
1645207122019,993.074
1645207122059,992.89624
1645207122099,992.8789
1645207122139,992.9404
1645207122181,992.8535
1645207122221,992.90845
1645207122261,993.1599
1645207122303,993.1731
1645207122339,992.85596
1645207122379,992.4878
1645207122419,992.6367
1645207122459,992.7571
1645207122502,992.82007
1645207122541,992.85913
1645207122579,992.7583
1645207122619,992.7864
1645207122659,992.8323
1645207122699,992.855
1645207122741,992.85645
1645207122780,992.88916
1645207122822,992.7864
1645207122861,992.86597
1645207122899,992.8093
1645207122939,992.83374
1645207122979,992.82983
1645207123020,992.9321
1645207123061,992.99805
1645207123102,992.8884
1645207123140,992.86475
1645207123179,992.84424
1645207123219,992.8899
1645207123259,993.13525
1645207123300,993.1162
1645207123341,992.8623
1645207123380,992.4751
1645207123420,992.7175
1645207123459,992.8113
1645207123499,992.781
1645207123539,992.8181
1645207123579,992.80786
1645207123622,992.8225
1645207123661,992.82275
1645207123703,992.91064
1645207123739,992.8511
1645207123779,992.843
1645207123819,992.86206
1645207123859,992.8281
1645207123900,992.82886
1645207123942,992.79736
1645207123980,992.8386
1645207124019,992.92676
1645207124061,993.0088
1645207124100,992.8877
1645207124140,992.865
1645207124179,992.8169
1645207124221,992.76685
1645207124261,992.89404
1645207124301,993.26465
1645207124339,993.02905
1645207124379,992.6289
1645207124419,992.42505
1645207124460,992.63965
1645207124502,992.73364
1645207124542,992.76074
1645207124579,992.81323
1645207124619,992.8345
1645207124659,992.7969
1645207124705,992.87476
1645207124742,992.76904
1645207124780,992.7854
1645207124820,992.845
1645207124859,992.8335
1645207124900,992.8418
1645207124939,992.8076
1645207124979,992.8308
1645207125020,992.86816
1645207125061,992.9971
1645207125100,992.9966
1645207125141,992.9553
1645207125179,992.9502
1645207125219,992.7678
1645207125260,992.9404
1645207125300,993.17505
1645207125340,992.8496
1645207125379,992.54346
1645207125419,992.58276
1645207125459,992.7561
1645207125499,992.80786
1645207125541,992.8342
1645207125580,992.8782
1645207125621,992.8269
1645207125661,992.8435
1645207125700,992.8037
1645207125739,992.7837
1645207125779,992.84595
1645207125819,992.84814
1645207125859,992.8069
1645207125903,992.82544
1645207125940,992.81104
1645207125979,992.844
1645207126020,992.8779
1645207126059,993.0193
1645207126099,992.92944
1645207126139,992.92505
1645207126183,992.96704
1645207126221,992.865
1645207126261,992.90186
1645207126302,993.4236
1645207126339,993.12354
1645207126379,992.6926
1645207126419,992.4746
1645207126461,992.66504
1645207126502,992.8091
1645207126540,992.7998
1645207126580,992.85986
1645207126619,992.78
1645207126659,992.78613
1645207126699,992.86646
1645207126740,992.86597
1645207126780,992.8716
1645207126822,992.8706
1645207126859,992.85645
1645207126899,992.85767
1645207126942,992.8457
1645207126979,992.8938
1645207127021,992.926
1645207127061,993.13696
1645207127101,993.00903
1645207127139,992.968
1645207127179,992.9136
1645207127219,992.9441
1645207127259,993.25146
1645207127301,993.13794
1645207127341,992.8003
1645207127381,992.58765
1645207127420,992.7063
1645207127459,992.79663
1645207127499,992.8721
1645207127539,992.8933
1645207127580,992.87744
1645207127622,992.84937
1645207127662,992.95874
1645207127702,992.90454
1645207127740,992.8882
1645207127779,992.88574
1645207127819,992.90674
1645207127859,992.85913
1645207127901,992.85034
1645207127941,992.8616
1645207127981,992.9324
1645207128019,993.0044
1645207128059,993.0183
1645207128100,992.91895
1645207128139,992.92163
1645207128181,992.8601
1645207128222,992.9109
1645207128261,993.2395
1645207128302,993.0818
1645207128339,992.9282
1645207128379,992.5547
1645207128420,992.7324
1645207128459,992.7737
1645207128502,992.8716
1645207128539,992.9573
1645207128579,992.82324
1645207128621,992.8264
1645207128659,992.9148
1645207128702,992.8955
1645207128739,992.8828
1645207128780,992.88354
1645207128819,992.8721
1645207128860,992.905
1645207128899,992.88574
1645207128939,992.9358
1645207128979,992.94727
1645207129021,993.1416
1645207129060,993.06445
1645207129102,992.95703
1645207129140,993.0217
1645207129179,992.9011
1645207129219,993.1199
1645207129260,993.42554
1645207129302,993.0139
1645207129341,992.67554
1645207129379,992.65967
1645207129420,992.8684
1645207129459,992.96313
1645207129499,992.9292
1645207129539,992.85547
1645207129580,992.9143
1645207129622,992.93896
1645207129661,992.88086
1645207129702,992.92334
1645207129739,992.9258
1645207129779,992.9148
1645207129819,992.93286
1645207129859,992.8469
1645207129902,992.8511
1645207129942,992.9136
1645207129981,993.13086
1645207130019,993.1267
1645207130059,993.0332
1645207130099,993.02246
1645207130140,992.9524
1645207130181,992.94604
1645207130221,993.0415
1645207130260,993.3613
1645207130299,993.229
1645207130340,992.89087
1645207130379,992.53784
1645207130420,992.73926
1645207130460,992.8342
1645207130500,992.9426
1645207130540,993.0449
1645207130579,992.8567
1645207130619,992.8865
1645207130659,992.9138
1645207130701,992.9114
1645207130740,992.9104
1645207130780,992.9177
1645207130820,992.93384
1645207130859,992.9082
1645207130899,992.88965
1645207130939,992.89844
1645207130979,992.95825
1645207131020,993.0708
1645207131063,993.0488
1645207131101,993.0481
1645207131139,992.99146
1645207131179,992.9634
1645207131219,993.0156
1645207131259,993.21533
1645207131302,992.85815
1645207131341,992.656
1645207131382,992.79956
1645207131420,992.8989
1645207131459,992.9138
1645207131499,992.969
1645207131539,992.89624
1645207131582,992.92993
1645207131622,992.9426
1645207131662,992.96606
1645207131700,992.9275
1645207131739,992.9387
1645207131779,992.9514
1645207131819,992.9131
1645207131861,992.9072
1645207131903,992.85034
1645207131941,992.9236
1645207131982,993.01636
1645207132019,993.1145
1645207132059,992.938
1645207132099,993.02637
1645207132140,992.95166
1645207132180,992.9795
1645207132220,993.2302
1645207132260,993.2644
1645207132300,992.98193
1645207132339,992.62305
1645207132379,992.8115
1645207132420,992.91626
1645207132461,992.92505
1645207132500,993.1267
1645207132542,992.9309
1645207132580,992.875
1645207132619,992.91064
1645207132659,992.95166
1645207132702,992.9348
1645207132739,992.96655
1645207132780,992.96484
1645207132820,992.9177
1645207132859,992.8828
1645207132900,992.8911
1645207132939,992.9077
1645207132979,992.99243
1645207133022,993.1365
1645207133061,993.1008
1645207133103,992.96655
1645207133139,992.9258
1645207133179,992.9331
1645207133219,993.136
1645207133259,992.87305
1645207133302,992.6116
1645207133341,992.8252
1645207133381,992.89795
1645207133419,992.96533
1645207133459,992.9988
1645207133499,992.9846
1645207133539,992.91943
1645207133582,992.9546
1645207133621,992.99194
1645207133661,992.92676
1645207133700,992.92554
1645207133739,992.9602
1645207133779,992.9309
1645207133819,992.8711
1645207133859,992.9492
1645207133900,993.0227
1645207133940,993.14136
1645207133979,993.02026
1645207134019,993.0259
1645207134060,993.05005
1645207134099,993.011
1645207134139,993.0696
1645207134181,993.4487
1645207134221,993.2573
1645207134261,992.83984
1645207134299,992.6035
1645207134339,992.812
1645207134379,992.9475
1645207134421,992.95557
1645207134461,992.9619
1645207134502,992.9126
1645207134542,992.92505
1645207134579,993.0281
1645207134620,992.9822
1645207134659,992.99243
1645207134700,993.0354
1645207134740,993.0188
1645207134780,992.9612
1645207134826,992.94727
1645207134859,992.928
1645207134899,993.0681
1645207134939,993.19775
1645207134979,993.00415
1645207135020,993.10034
1645207135060,993.0647
1645207135102,992.97876
1645207135139,993.0879
1645207135179,993.5525
1645207135219,993.25635
1645207135259,992.8882
1645207135301,992.8286
1645207135340,992.9429
1645207135381,992.97974
1645207135419,993.00366
1645207135459,992.95044
1645207135499,993.0039
1645207135539,992.99756
1645207135581,992.9719
1645207135621,993.00684
1645207135661,992.9878
1645207135700,993.01953
1645207135739,992.979
1645207135779,992.948
1645207135819,993.0061
1645207135860,993.1384
1645207135901,993.2102
1645207135940,993.0703
1645207135980,993.11255
1645207136019,993.07227
1645207136059,993.05347
1645207136099,993.2329
1645207136139,993.43677
1645207136181,993.1184
1645207136221,992.7866
1645207136262,992.69727
1645207136302,992.9011
1645207136339,992.9761
1645207136379,993.1011
1645207136419,993.0139
1645207136461,992.9348
1645207136502,992.96265
1645207136541,993.0276
1645207136579,992.9839
1645207136619,992.9973
1645207136659,993.03564
1645207136702,993.01245
1645207136741,992.9614
1645207136781,992.9956
1645207136822,993.0603
1645207136859,993.29663
1645207136899,993.0945
1645207136939,993.0835
1645207136980,993.13574
1645207137020,993.00977
1645207137061,993.07495
1645207137103,993.32153
1645207137139,993.3467
1645207137179,993.07837
1645207137219,992.69775
1645207137259,992.8191
1645207137300,993.06494
1645207137342,993.1499
1645207137381,992.95386
1645207137419,993.00635
1645207137459,993.02515
1645207137499,993.0049
1645207137540,993.05347
1645207137581,993.07007
1645207137620,993.0447
1645207137660,993.0176
1645207137702,992.9485
1645207137740,993.0176
1645207137779,993.09375
1645207137819,993.2219
1645207137862,993.0737
1645207137903,993.1145
1645207137941,993.03
1645207137980,993.03906
1645207138020,993.11816
1645207138059,993.4678
1645207138099,993.124
1645207138140,992.79175
1645207138182,992.7112
1645207138221,992.9116
1645207138259,992.9907
1645207138300,993.05884
1645207138339,992.886
1645207138379,992.9319
1645207138420,992.99585
1645207138459,992.95483
1645207138500,993.0071
1645207138540,992.99927
1645207138579,993.02075
1645207138619,992.97754
1645207138659,992.9834
1645207138700,993.00464
1645207138741,993.0823
1645207138781,993.18164
1645207138822,993.20557
1645207138859,993.1338
1645207138899,993.176
1645207138939,993.0022
1645207138980,993.01685
1645207139021,993.35986
1645207139061,993.3779
1645207139103,992.9331
1645207139140,992.72925
1645207139179,992.8613
1645207139219,992.96313
1645207139259,993.0205
1645207139302,993.09375
1645207139340,992.9763
1645207139379,993.01074
1645207139419,992.99634
1645207139459,993.0491
1645207139500,993.05615
1645207139539,993.0303
1645207139581,993.032
1645207139620,992.97437
1645207139661,993.01196
1645207139702,993.07227
1645207139739,993.28296
1645207139779,993.10645
1645207139820,993.13965
1645207139860,993.16284
1645207139900,993.0115
1645207139941,993.1018
1645207139979,993.51196
1645207140019,993.37134
1645207140059,993.0032
1645207140099,992.697
1645207140139,992.8972
1645207140181,993.02124
1645207140221,993.04126
1645207140260,993.1919
1645207140301,993.0166
1645207140339,993.08374
1645207140379,992.97046
1645207140420,992.97363
1645207140462,993.0371
1645207140502,993.0852
1645207140541,993.0112
1645207140579,993.00586
1645207140619,993.0271
1645207140659,993.0459
1645207140703,993.2051
1645207140740,993.3579
1645207140781,993.21924
1645207140821,993.1931
1645207140859,993.02856
1645207140899,993.0156
1645207140939,993.272
1645207140980,993.4861
1645207141021,993.2329
1645207141061,992.7483
1645207141103,992.83594
1645207141139,992.9409
1645207141179,993.0222
1645207141219,993.1062
1645207141260,993.06177
1645207141302,993.0359
1645207141340,993.05493
1645207141380,993.0371
1645207141419,993.0503
1645207141459,993.0735
1645207141499,993.0615
1645207141539,993.0171
1645207141580,993.031
1645207141622,993.0852
1645207141660,993.23267
1645207141701,993.17993
1645207141739,993.219
1645207141779,993.2095
1645207141819,993.01807
1645207141861,993.1018
1645207141902,993.36084
1645207141940,993.2898
1645207141979,992.9331
1645207142019,992.7439
1645207142059,992.88086
1645207142099,992.99805
1645207142141,993.08936
1645207142182,993.05493
1645207142222,993.0154
1645207142261,993.05054
1645207142301,993.0271
1645207142339,993.02686
1645207142379,993.0737
1645207142419,993.0581
1645207142460,992.9983
1645207142500,993.0276
1645207142542,993.0161
1645207142579,993.09717
1645207142619,993.25464
1645207142659,993.1062
1645207142700,993.12573
1645207142741,993.1936
1645207142780,993.03735
1645207142822,993.0381
1645207142859,993.2234
1645207142899,993.4336
1645207142939,993.0569
1645207142979,992.8579
1645207143019,992.7605
1645207143060,992.97217
1645207143101,993.0571
1645207143139,993.1821
1645207143179,993.0564
1645207143219,993.0188
1645207143259,992.9624
1645207143301,993.0127
1645207143340,993.1433
1645207143380,993.03467
1645207143420,993.06226
1645207143459,993.0615
1645207143499,993.06494
1645207143539,993.2295
1645207143581,993.3562
1645207143621,993.14453
1645207143661,993.17114
1645207143702,993.0647
1645207143739,993.04834
1645207143779,993.1238
1645207143820,993.3633
1645207143862,993.1333
1645207143903,992.73926
1645207143950,992.8425
1645207143979,992.9929
1645207144019,993.0586
1645207144059,993.0542
1645207144108,992.999
1645207144140,992.9949
1645207144180,993.0386
1645207144220,993.06396
1645207144259,993.05835
1645207144300,993.0691
1645207144339,993.0398
1645207144379,993.04126
1645207144420,992.9641
1645207144461,993.0134
1645207144502,993.0989
1645207144539,993.1614
1645207144579,993.17773
1645207144619,993.0559
1645207144659,993.13745
1645207144700,993.0383
1645207144739,993.07544
1645207144780,993.3357
1645207144820,993.3635
1645207144859,993.19556
1645207144899,992.8086
1645207144939,992.82764
1645207144980,992.9702
1645207145020,993.093
1645207145061,993.1355
1645207145100,993.18286
1645207145139,993.0022
1645207145179,993.04956
1645207145219,993.00146
1645207145259,993.032
1645207145302,993.0254
1645207145340,993.04395
1645207145382,993.01
1645207145420,993.0664
1645207145460,993.0842
1645207145499,993.1853
1645207145539,993.2971
1645207145582,993.14453
1645207145621,993.1089
1645207145661,993.04785
1645207145702,993.04126
1645207145739,993.1802
1645207145779,993.5193
1645207145819,993.12744
1645207145861,992.8694
1645207145902,992.90283
1645207145943,993.0061
1645207145979,993.1067
1645207146019,993.11475
1645207146060,993.1177
1645207146100,993.1072
1645207146141,993.08154
1645207146181,993.07104
1645207146221,993.07007
1645207146259,993.08594
1645207146299,993.051
1645207146339,993.11304
1645207146379,993.0752
1645207146422,993.06006
1645207146460,993.1555
1645207146503,993.25073
1645207146541,993.23047
1645207146579,993.1919
1645207146619,993.1804
1645207146659,993.0596
1645207146700,993.08276
1645207146739,993.46533
1645207146780,993.3762
1645207146820,992.97217
1645207146859,992.7344
1645207146899,992.9866
1645207146939,993.1028
1645207146979,993.11694
1645207147020,993.1526
1645207147060,993.11475
1645207147100,993.1128
1645207147139,993.0786
1645207147179,993.06714
1645207147220,993.08374
1645207147259,993.0747
1645207147302,993.12476
1645207147340,993.0803
1645207147381,993.15674
1645207147419,993.2727
1645207147459,993.3838
1645207147499,993.2385
1645207147539,993.2239
1645207147581,993.093
1645207147621,993.06226
1645207147660,993.56323
1645207147700,993.4734
1645207147739,993.12085
1645207147779,992.8474
1645207147819,992.9343
1645207147861,993.1074
1645207147903,993.14746
1645207147942,993.2446
1645207147979,993.1301
1645207148019,993.1599
1645207148060,993.0476
1645207148099,993.05005
1645207148143,993.1133
1645207148179,993.1504
1645207148220,993.1255
1645207148260,993.11816
1645207148299,993.09814
1645207148339,993.11694
1645207148379,993.2141
1645207148419,993.3447
1645207148460,993.2654
1645207148502,993.23413
1645207148540,993.2302
1645207148579,993.0962
1645207148620,993.15186
1645207148659,993.6831
1645207148701,993.4143
1645207148741,993.0017
1645207148781,992.84424
1645207148821,993.0405
1645207148862,993.14746
1645207148899,993.15405
1645207148939,993.1946
1645207148980,993.0659
1645207149021,993.05396
1645207149060,993.14575
1645207149100,993.1321
1645207149140,993.0928
1645207149179,993.1062
1645207149219,993.12573
1645207149260,993.0923
1645207149302,993.1011
1645207149340,993.17163
1645207149380,993.2717
1645207149419,993.2522
1645207149459,993.2141
1645207149500,993.17554
1645207149539,993.14526
1645207149579,993.33374
1645207149620,993.4888
1645207149661,993.1177
1645207149702,992.98413
1645207149739,992.8638
1645207149780,993.0327
1645207149819,993.1111
1645207149861,993.1802
1645207149900,993.1743
1645207149941,993.0928
1645207149979,993.1277
1645207150019,993.10986
1645207150059,993.105
1645207150100,993.14307
1645207150142,993.11084
1645207150180,993.1692
1645207150220,993.074
1645207150259,993.0925
1645207150299,993.1985
1645207150339,993.2781
1645207150379,993.3003
1645207150422,993.19214
1645207150461,993.2185
1645207150502,993.1011
1645207150539,993.1594
1645207150579,993.6572
1645207150619,993.29395
1645207150659,992.8003
1645207150700,992.87573
1645207150741,993.04517
1645207150781,993.1133
1645207150822,993.10913
1645207150859,993.1609
1645207150900,993.0886
1645207150939,993.13525
1645207150979,993.1289
1645207151021,993.14014
1645207151061,993.12744
1645207151100,993.0801
1645207151139,993.0735
1645207151180,993.08936
1645207151220,993.1084
1645207151259,993.1914
1645207151303,993.27783
1645207151340,993.2634
1645207151380,993.1931
1645207151419,993.0974
1645207151459,993.17993
1645207151499,993.57666
1645207151540,993.33325
1645207151579,992.93604
1645207151622,992.8596
1645207151660,993.0471
1645207151700,993.09155
1645207151742,993.14746
1645207151779,993.2146
1645207151819,993.09106
1645207151862,993.1162
1645207151903,993.13745
1645207151941,993.11206
1645207151979,993.1189
1645207152019,993.1394
1645207152059,993.1035
1645207152100,993.10156
1645207152140,993.12964
1645207152180,993.15894
1645207152220,993.1953
1645207152259,993.3999
1645207152299,993.166
1645207152339,993.249
1645207152379,993.166
1645207152421,993.12524
1645207152461,993.3135
1645207152502,993.4321
1645207152541,993.0134
1645207152579,992.9651
1645207152619,993.0051
1645207152659,993.1333
1645207152701,993.0945
1645207152739,993.1238
1645207152781,993.1116
1645207152820,993.0781
1645207152859,993.1887
1645207152900,993.1587
1645207152939,993.1731
1645207152980,993.16626
1645207153020,993.1343
1645207153062,993.11914
1645207153102,993.16846
1645207153139,993.1565
1645207153179,993.1941
1645207153220,993.2324
1645207153259,993.3435
1645207153303,993.1821
1645207153342,993.12354
1645207153382,993.0862
1645207153420,993.20483
1645207153459,993.25977
1645207153499,992.9807
1645207153539,992.8987
1645207153581,993.0471
1645207153622,993.1238
1645207153661,993.145
1645207153701,993.1221
1645207153739,993.13403
1645207153780,993.2029
1645207153819,993.1587
1645207153861,993.13135
1645207153902,993.1543
1645207153941,993.0967
1645207153979,993.1355
1645207154019,993.1218
1645207154060,993.16626
1645207154100,993.23047
1645207154140,993.29834
1645207154180,993.2932
1645207154220,993.2344
1645207154259,993.1697
1645207154299,993.14844
1645207154339,993.157
1645207154380,993.49023
1645207154421,993.4077
1645207154462,993.1238
1645207154502,992.88086
1645207154540,993.03564
1645207154579,993.12256
1645207154619,993.1924
1645207154659,993.1482
1645207154702,993.1553
1645207154741,993.17163
1645207154782,993.16016
1645207154821,993.17114
1645207154860,993.1592
1645207154899,993.1819
1645207154940,993.16846
1645207154980,993.15405
1645207155021,993.1155
1645207155062,993.16724
1645207155102,993.18677
1645207155139,993.3157
1645207155179,993.282
1645207155219,993.2981
1645207155261,993.29297
1645207155301,993.1863
1645207155348,993.2007
1645207155379,993.56274
1645207155420,993.3672
1645207155459,992.8518
1645207155499,993.07666
1645207155540,993.1421
1645207155581,993.16943
1645207155621,993.16846
1645207155660,993.1477
1645207155701,993.1311
1645207155739,993.197
1645207155779,993.1504
1645207155819,993.1262
1645207155862,993.18384
1645207155902,993.1499
1645207155941,993.125
1645207155979,993.08154
1645207156019,993.1875
1645207156059,993.20435
1645207156100,993.35425
1645207156140,993.2256
1645207156180,993.25366
1645207156221,993.20337
1645207156260,993.07886
1645207156299,993.11694
1645207156339,993.7258
1645207156379,993.26196
1645207156421,992.8557
1645207156461,992.87476
1645207156501,993.1206
1645207156540,993.11816
1645207156583,993.15796
1645207156619,993.13574
1645207156659,993.12134
1645207156702,993.0974
1645207156740,993.1738
1645207156782,993.1416
1645207156822,993.1362
1645207156859,993.1499
1645207156899,993.12744
1645207156940,993.0928
1645207156980,993.1289
1645207157021,993.14307
1645207157060,993.197
1645207157102,993.3967
1645207157139,993.1929
1645207157179,993.2202
1645207157219,993.1765
1645207157260,993.187
1645207157303,993.1863
1645207157341,993.49805
1645207157381,993.2803
1645207157420,992.98315
1645207157459,993.03784
1645207157500,993.08545
1645207157539,993.1411
1645207157582,993.13257
1645207157621,993.09814
1645207157660,993.0969
1645207157700,993.1633
1645207157739,993.1636
1645207157780,993.1367
1645207157819,993.1748
1645207157860,993.11597
1645207157901,993.1731
1645207157942,993.1262
1645207157979,993.1675
1645207158020,993.187
1645207158059,993.38135
1645207158100,993.1985
1645207158139,993.272
1645207158181,993.176
1645207158220,993.1477
1645207158260,993.2969
1645207158300,993.626
1645207158339,993.1968
1645207158379,992.9143
1645207158420,992.9436
1645207158460,993.0818
1645207158501,993.14624
1645207158540,993.1499
1645207158579,993.1345
1645207158619,993.15454
1645207158659,993.13477
1645207158703,993.2612
1645207158740,993.1926
1645207158782,993.1885
1645207158819,993.16675
1645207158859,993.1626
1645207158899,993.1028
1645207158939,993.1406
1645207158980,993.2046
1645207159020,993.30884
1645207159062,993.3069
1645207159100,993.2671
1645207159139,993.27686
1645207159179,993.1748
1645207159219,993.2202
1645207159260,993.5281
1645207159302,993.47
1645207159341,993.0818
1645207159380,992.78467
1645207159419,993.0532
1645207159459,993.16016
1645207159501,993.2058
1645207159539,993.11865
1645207159580,993.14966
1645207159621,993.24365
1645207159661,993.1704
1645207159700,993.177
1645207159739,993.1738
1645207159779,993.17114
1645207159819,993.1433
1645207159860,993.1692
1645207159902,993.1897
1645207159940,993.3269
1645207159979,993.36816
1645207160019,993.2644
1645207160060,993.30615
1645207160102,993.2456
1645207160141,993.2339
1645207160181,993.3784
1645207160221,993.5073
1645207160259,993.2097
1645207160299,993.0054
1645207160339,992.88135
1645207160380,993.07544
1645207160421,993.14966
1645207160461,993.21704
1645207160502,993.2307
1645207160539,993.1577
1645207160579,993.1472
1645207160619,993.1304
1645207160659,993.147
1645207160702,993.1853
1645207160743,993.1697
1645207160781,993.14844
1645207160820,993.1582
1645207160859,993.15063
1645207160900,993.2278
1645207160939,993.3103
1645207160981,993.4072
1645207161021,993.26025
1645207161060,993.31885
1645207161102,993.30005
1645207161140,993.24
1645207161179,993.35767
1645207161220,993.6138
1645207161260,993.4597
1645207161300,993.0144
1645207161340,992.8928
1645207161379,993.1045
1645207161419,993.20703
1645207161459,993.33057
1645207161499,993.20044
1645207161540,993.2351
1645207161580,993.2063
1645207161621,993.2007
1645207161659,993.1865
1645207161701,993.21533
1645207161739,993.228
1645207161779,993.21265
1645207161820,993.23193
1645207161861,993.2429
1645207161902,993.48
1645207161940,993.552
1645207161979,993.4221
1645207162019,993.43823
1645207162059,993.27734
1645207162102,993.2302
1645207162142,993.3137
1645207162182,993.6389
1645207162220,993.4707
1645207162259,993.11646
1645207162299,992.8689
1645207162340,993.03
1645207162380,993.2036
1645207162421,993.22363
1645207162461,993.36035
1645207162500,993.2124
1645207162540,993.1404
1645207162579,993.1726
1645207162619,993.17896
1645207162659,993.22217
1645207162702,993.2134
1645207162740,993.14404
1645207162781,993.1907
1645207162819,993.18506
1645207162859,993.208
1645207162899,993.2908
1645207162939,993.49585
1645207162980,993.34326
1645207163021,993.40674
1645207163060,993.2903
1645207163102,993.2656
1645207163139,993.34644
1645207163180,993.68945
1645207163219,993.5115
1645207163260,993.0371
1645207163302,992.8755
1645207163340,993.0969
1645207163379,993.2722
1645207163419,993.41406
1645207163459,993.2009
1645207163499,993.1421
1645207163540,993.1987
1645207163580,993.18384
1645207163621,993.2825
1645207163661,993.3152
1645207163699,993.2488
1645207163739,993.25757
1645207163779,993.22876
1645207163820,993.3257
1645207163861,993.64526
1645207163902,993.4363
1645207163940,993.50366
1645207163979,993.5515
1645207164019,993.3252
1645207164060,993.2715
1645207164102,993.636
1645207164142,993.60596
1645207164180,993.12573
1645207164220,993.1106
1645207164259,993.0122
1645207164300,993.11255
1645207164339,993.2429
1645207164379,993.3269
1645207164422,993.21606
1645207164461,993.1245
1645207164502,993.18066
1645207164539,993.2009
1645207164579,993.19604
1645207164620,993.22485
1645207164660,993.1946
1645207164701,993.1887
1645207164740,993.17676
1645207164779,993.2031
1645207164819,993.44336
1645207164859,993.5513
1645207164899,993.45874
1645207164939,993.5359
1645207164980,993.4055
1645207165020,993.3369
1645207165060,993.437
1645207165100,993.6448
1645207165139,993.48
1645207165179,993.0879
1645207165219,992.9463
1645207165261,993.147
1645207165302,993.2173
1645207165339,993.29346
1645207165380,993.24585
1645207165419,993.1741
1645207165459,993.2136
1645207165500,993.2041
1645207165539,993.24414
1645207165583,993.30273
1645207165621,993.2163
1645207165660,993.19385
1645207165700,993.19434
1645207165740,993.228
1645207165779,993.4158
1645207165820,993.53076
1645207165862,993.3926
1645207165902,993.4131
1645207165940,993.2593
1645207165979,993.27515
1645207166019,993.4668
1645207166059,993.61646
1645207166102,993.2566
1645207166140,992.8806
1645207166180,992.97217
1645207166221,993.13306
1645207166260,993.24316
1645207166299,993.2783
1645207166339,993.26245
1645207166379,993.18335
1645207166420,993.17285
1645207166461,993.2129
1645207166501,993.2068
1645207166539,993.21875
1645207166579,993.20337
1645207166620,993.2766
1645207166662,993.22046
1645207166700,993.24023
1645207166740,993.2783
1645207166780,993.4441
1645207166821,993.52466
1645207166860,993.3701
1645207166899,993.49243
1645207166939,993.36523
1645207166980,993.251
1645207167020,993.3262
1645207167059,993.7219
1645207167102,993.49146
1645207167139,993.2532
1645207167179,993.04834
1645207167219,993.2466
1645207167261,993.3723
1645207167302,993.3992
1645207167341,993.29346
1645207167380,993.24805
1645207167419,993.3784
1645207167459,993.35205
1645207167499,993.34863
1645207167540,993.4031
1645207167581,993.3994
1645207167621,993.38354
1645207167661,993.37964
1645207167699,993.3528
1645207167739,993.4314
1645207167779,993.63184
1645207167821,993.5691
1645207167861,993.5808
1645207167903,993.5403
1645207167940,993.4463
1645207167979,993.375
1645207168019,993.62524
1645207168059,993.7781
1645207168102,993.42847
1645207168142,993.33203
1645207168181,993.1953
1645207168220,993.2742
1645207168259,993.31836
1645207168300,993.4175
1645207168339,993.396
1645207168380,993.2766
1645207168420,993.1843
1645207168461,993.24194
1645207168501,993.2998
1645207168539,993.3811
1645207168579,993.4834
1645207168619,993.4182
1645207168659,993.3469
1645207168702,993.32935
1645207168740,993.38525
1645207168786,993.57544
1645207168820,993.5405
1645207168860,993.5161
1645207168899,993.5862
1645207168939,993.48975
1645207168981,993.4177
1645207169020,993.58813
1645207169060,993.70044
1645207169101,993.36646
1645207169139,993.35425
1645207169180,993.2732
1645207169219,993.17896
1645207169260,993.2012
1645207169303,993.3386
1645207169341,993.2739
1645207169379,993.2671
1645207169420,993.2344
1645207169459,993.2009
1645207169500,993.3213
1645207169541,993.35156
1645207169581,993.3325
1645207169622,993.3296
1645207169660,993.3003
1645207169700,993.3418
1645207169739,993.4724
1645207169779,993.6499
1645207169821,993.52344
1645207169861,993.6145
1645207169903,993.54736
1645207169940,993.4663
1645207169979,993.54224
1645207170020,993.7744
1645207170059,993.709
1645207170101,993.3259
1645207170140,993.0867
1645207170181,993.16113
1645207170222,993.2329
1645207170259,993.39014
1645207170299,993.4021
1645207170339,993.344
1645207170379,993.24414
1645207170420,993.25
1645207170461,993.27515
1645207170501,993.2988
1645207170539,993.353
1645207170579,993.3779
1645207170621,993.3462
1645207170659,993.3457
1645207170700,993.31177
1645207170741,993.3894
1645207170779,993.57886
1645207170819,993.56323
1645207170859,993.5171
1645207170899,993.4133
1645207170939,993.365
1645207170981,993.36206
1645207171022,993.6653
1645207171061,993.7554
1645207171102,993.29395
1645207171139,992.96924
1645207171179,993.0454
1645207171219,993.28784
1645207171261,993.3406
1645207171302,993.4121
1645207171340,993.303
1645207171379,993.2561
1645207171419,993.23804
1645207171459,993.25
1645207171500,993.3237
1645207171540,993.3816
1645207171582,993.36426
1645207171621,993.37646
1645207171660,993.3274
1645207171699,993.3865
1645207171739,993.51294
1645207171779,993.4238
1645207171821,993.44995
1645207171861,993.4397
1645207171903,993.30664
1645207171940,993.2788
1645207171982,993.584
1645207172019,993.6565
1645207172059,993.16016
1645207172102,992.94336
1645207172142,993.0681
1645207172179,993.2346
1645207172223,993.2742
1645207172259,993.3406
1645207172300,993.28906
1645207172339,993.33936
1645207172381,993.3606
1645207172419,993.36304
1645207172461,993.37256
1645207172502,993.46484
1645207172540,993.47266
1645207172579,993.407
1645207172619,993.3452
1645207172659,993.37695
1645207172700,993.59375
1645207172740,993.647
1645207172779,993.5508
1645207172819,993.5801
1645207172866,993.4558
1645207172899,993.44824
1645207172941,993.4885
1645207172987,993.7715
1645207173027,993.66675
1645207173067,993.4492
1645207173099,993.15283
1645207173148,993.20654
1645207173179,993.27637
1645207173219,993.3721
1645207173275,993.4641
1645207173313,993.3052
1645207173353,993.24805
1645207173392,993.24097
1645207173440,993.2471
1645207173481,993.3274
1645207173520,993.28
1645207173560,993.31836
1645207173600,993.2893
1645207173639,993.3386
1645207173680,993.4248
1645207173720,993.6328
1645207173760,993.5659
1645207173802,993.5552
1645207173846,993.4375
1645207173881,993.3523
1645207173920,993.3933
1645207173960,993.7295
1645207174000,993.7285
1645207174041,993.22974
1645207174080,992.9795
1645207174121,993.12305
1645207174163,993.3281
1645207174200,993.3113
1645207174241,993.39746
1645207174280,993.3015
1645207174320,993.3032
1645207174361,993.37573
1645207174401,993.41235
1645207174441,993.36475
1645207174480,993.39575
1645207174520,993.31665
1645207174560,993.3179
1645207174607,993.27515
1645207174642,993.4463
1645207174680,993.6846
1645207174721,993.46265
1645207174763,993.56104
1645207174801,993.5852
1645207174840,993.49365
1645207174880,993.4375
1645207174920,993.6133
1645207174960,993.781
1645207175000,993.4695
1645207175040,993.1167
1645207175080,993.0437
1645207175120,993.26196
1645207175160,993.3064
1645207175202,993.3767
1645207175242,993.29004
1645207175280,993.2698
1645207175320,993.30835
1645207175360,993.272
1645207175401,993.2715
1645207175440,993.2898
1645207175481,993.3352
1645207175520,993.3606
1645207175560,993.30664
1645207175600,993.30347
1645207175640,993.3496
1645207175680,993.43945
1645207175721,993.636
1645207175763,993.4595
1645207175803,993.5464
1645207175840,993.33276
1645207175880,993.4165
1645207175928,993.38184
1645207175960,993.854
1645207176000,993.56494
1645207176040,993.1304
1645207176106,992.93604
1645207176121,993.2031
1645207176160,993.3191
1645207176200,993.36035
1645207176240,993.3479
1645207176280,993.3677
1645207176321,993.29126
1645207176362,993.3164
1645207176400,993.2683
1645207176440,993.312
1645207176480,993.2727
1645207176520,993.229
1645207176560,993.187
1645207176600,993.2024
1645207176640,993.30347
1645207176680,993.42676
1645207176720,993.3645
1645207176760,993.2949
1645207176805,993.261
1645207176840,993.0774
1645207176880,993.0808
1645207176922,993.2007
1645207176960,993.26587
1645207177000,992.86597
1645207177042,992.7363
1645207177111,992.9153
1645207177121,993.08594
1645207177160,993.0598
1645207177200,993.18115
1645207177241,993.0554
1645207177280,992.9873
1645207177321,993.011
1645207177361,993.0503
1645207177400,993.1079
1645207177443,993.12573
1645207177482,993.12476
1645207177523,993.0437
1645207177561,993.07007
1645207177600,993.0779
1645207177645,993.2302
1645207177683,993.1914
1645207177721,993.1753
1645207177762,993.35596
1645207177800,993.3098
1645207177841,993.17773
1645207177880,993.25415
1645207177924,993.51416
1645207177989,993.51025
1645207178000,993.18164
1645207178043,992.95703
1645207178080,993.1067
1645207178121,993.2146
1645207178160,993.2058
1645207178200,993.4287
1645207178240,993.32764
1645207178280,993.10547
1645207178320,993.13403
1645207178361,993.28955
1645207178400,993.2283
1645207178440,993.2893
1645207178480,993.2407
1645207178522,993.24316
1645207178561,993.22705
1645207178602,993.3291
1645207178641,993.51587
1645207178680,993.4258
1645207178720,993.46826
1645207178760,993.38086
1645207178800,993.3396
1645207178840,993.2634
1645207178884,993.4746
1645207178921,993.5796
1645207178960,993.45874
1645207179000,992.8987
1645207179040,992.9624
1645207179080,993.0952
1645207179120,993.2268
1645207179160,993.34766
1645207179202,993.29443
1645207179242,993.2075
1645207179280,993.14526
1645207179320,993.18896
1645207179360,993.2639
1645207179400,993.22656
1645207179440,993.2556
1645207179480,993.23926
1645207179525,993.2417
1645207179561,993.2993
1645207179600,993.22363
1645207179640,993.3513
1645207179680,993.541
1645207179720,993.375
1645207179761,993.4336
1645207179801,993.4033
1645207179842,993.32056
1645207179881,993.2698
1645207179920,993.3794
1645207179960,993.51855
1645207180000,993.35864
1645207180043,992.93335
1645207180081,992.8313
1645207180120,993.0198
1645207180161,993.09546
1645207180200,993.1262
1645207180240,993.2991
1645207180280,993.2363
1645207180320,993.17993
1645207180362,993.20776
1645207180401,993.24976
1645207180440,993.2925
1645207180481,993.24585
1645207180520,993.27954
1645207180563,993.2146
1645207180600,993.1992
1645207180640,993.2273
1645207180680,993.2612
1645207180720,993.27295
1645207180762,993.3584
1645207180800,993.28345
1645207180840,993.218
1645207180880,993.24365
1645207180920,993.45337
1645207180961,993.54517
1645207181000,993.1499
1645207181040,992.95557
1645207181082,993.0654
1645207181120,993.2263
1645207181161,993.2478
1645207181201,993.2676
1645207181240,993.3013
1645207181280,993.2583
1645207181320,993.1797
1645207181360,993.2781
1645207181407,993.2549
1645207181440,993.2405
1645207181482,993.2832
1645207181521,993.40234
1645207181561,993.26245
1645207181600,993.3645
1645207181640,993.3616
1645207181682,993.4126
1645207181720,993.3855
1645207181761,993.4866
1645207181800,993.416
1645207181840,993.2483
1645207181880,993.209
1645207181920,993.16064
1645207181960,993.199
1645207182000,993.30005
1645207182040,993.188
1645207182081,993.2678
1645207182121,993.09033
1645207182160,993.1907
1645207182200,993.1157
1645207182240,993.19995
1645207182280,993.01855
1645207182321,993.1304
1645207182361,993.0161
1645207182401,993.1177
1645207182440,993.1001
1645207182480,993.2012
1645207182520,993.199
1645207182567,993.2195
1645207182601,993.2112
1645207182640,993.28467
1645207182687,993.20996
1645207182720,993.24927
1645207182760,993.2317
1645207182800,993.2744
1645207182840,993.4231
1645207182880,993.3557
1645207182920,993.3425
1645207182960,993.33887
1645207183002,993.4231
1645207183048,993.3738
1645207183080,993.36694
1645207183120,993.34717
1645207183160,993.23975
1645207183201,993.2158
1645207183240,993.1963
1645207183280,993.22266
1645207183323,993.2612
1645207183368,993.24634
1645207183400,993.3237
1645207183440,993.2178
1645207183481,993.2456
1645207183522,993.28076
1645207183575,993.3225
1645207183600,993.23584
1645207183641,993.29004
1645207183680,993.2407
1645207183720,993.2881
1645207183760,993.17163
1645207183801,993.334
1645207183840,993.1992
1645207183886,993.2388
1645207183920,993.23413
1645207183960,993.26733
1645207184000,993.2551
1645207184041,993.3154
1645207184081,993.2886
1645207184121,993.35596
1645207184160,993.26294
1645207184200,993.3533
1645207184239,993.2158
1645207184281,993.2727
1645207184321,993.20996
1645207184361,993.2666
1645207184401,993.2505
1645207184440,993.21094
1645207184480,993.2529
1645207184521,993.354
1645207184561,993.19604
1645207184601,993.22754
1645207184641,993.3794
1645207184680,993.27124
1645207184720,993.1863
1645207184760,993.2798
1645207184802,993.1372
1645207184840,993.27075
1645207184880,993.19385
1645207184920,993.26807
1645207184961,993.188
1645207185001,993.2478
1645207185040,993.2593
1645207185080,993.22485
1645207185120,993.2512
1645207185160,993.44165
1645207185201,993.2805
1645207185240,993.21875
1645207185280,993.2688
1645207185320,993.2554
1645207185360,993.2283
1645207185400,993.23584
1645207185440,993.2722
1645207185481,993.24097
1645207185521,993.22705
1645207185560,993.2212
1645207185600,993.2278
1645207185640,993.20435
1645207185680,993.2168
1645207185720,993.2041
1645207185761,993.22437
1645207185802,993.2678
1645207185840,993.23584
1645207185880,993.2239
1645207185938,993.2344
1645207185961,993.2283
1645207186003,993.31226
1645207186040,993.2063
1645207186081,993.20166
1645207186120,993.1487
1645207186160,993.2612
1645207186204,993.1958
1645207186240,993.2556
1645207186281,993.2036
1645207186321,993.2383
1645207186361,993.2095
1645207186408,993.19507
1645207186440,993.2368
1645207186480,993.25464
1645207186520,993.2356
1645207186560,993.2156
1645207186607,993.1897
1645207186642,993.2134
1645207186680,993.228
1645207186723,993.2317
1645207186760,993.1887
1645207186799,993.2837
1645207186840,993.3064
1645207186880,993.2075
1645207186921,993.1926
1645207186960,993.1699
1645207187001,993.16504
1645207187040,993.1897
1645207187080,993.1863
1645207187120,993.188
1645207187160,993.1821
1645207187201,993.17676
1645207187241,993.1736
1645207187281,993.18677
1645207187328,993.199
1645207187360,993.2114
1645207187400,993.17163
1645207187440,993.2615
1645207187481,993.22217
1645207187523,993.31226
1645207187561,993.2097
1645207187600,993.2583
1645207187640,993.19653
1645207187680,993.28345
1645207187720,993.2444
1645207187760,993.2803
1645207187801,993.18945
1645207187841,993.2036
1645207187881,993.1753
1645207187920,993.19434
1645207187960,993.1653
1645207188000,993.1553
1645207188040,993.1609
1645207188081,993.177
1645207188120,993.0127
1645207188162,993.1577
1645207188199,993.06396
1645207188240,993.1035
1645207188280,993.06226
1645207188320,993.0901
1645207188360,993.0769
1645207188401,993.1155
1645207188441,993.1194
1645207188480,993.146
1645207188520,993.147
1645207188560,993.16113
1645207188600,993.19214
1645207188641,993.18164
1645207188680,993.2649
1645207188720,993.125
1645207188765,993.1992
1645207188800,993.2246
1645207188844,993.2378
1645207188880,993.1992
1645207188926,993.22144
1645207188960,993.20264
1645207189000,993.20874
1645207189040,993.2146
1645207189080,993.1914
1645207189120,993.229
1645207189160,993.19116
1645207189200,993.19556
1645207189241,993.20264
1645207189280,993.1887
1645207189320,993.18604
1645207189359,993.22363
1645207189400,993.21533
1645207189440,993.2717
1645207189480,993.2417
1645207189520,993.1743
1645207189560,993.126
1645207189601,993.156
1645207189640,993.15063
1645207189680,993.20776
1645207189720,993.21655
1645207189760,993.2041
1645207189801,993.2368
1645207189840,993.22266
1645207189880,993.23364
1645207189920,993.2185
1645207189960,993.17236
1645207190000,993.2195
1645207190041,993.2908
1645207190081,993.2322
1645207190120,993.1626
1645207190160,993.19116
1645207190200,993.17456
1645207190240,993.1953
1645207190280,993.16113
1645207190320,993.20654
1645207190360,993.23706
1645207190400,993.21704
1645207190443,993.2742
1645207190480,993.2671
1645207190520,993.1931
1645207190560,993.2212
1645207190602,993.17236
1645207190640,993.2678
1645207190680,993.29663
1645207190720,993.23926
1645207190766,993.22217
1645207190800,993.24756
1645207190840,993.2532
1645207190880,993.2473
1645207190920,993.2456
1645207190960,993.2134
1645207191000,993.2383
1645207191040,993.26636
1645207191080,993.23047
1645207191120,993.2991
1645207191160,993.36084
1645207191201,993.31616
1645207191244,993.2739
1645207191280,993.26025
1645207191320,993.25635
1645207191366,993.28345
1645207191400,993.2991
1645207191440,993.29443
1645207191506,993.2615
1645207191535,993.3169
1645207191560,993.2815
1645207191600,993.31396
1645207191655,993.3384
1645207191681,993.32056
1645207191720,993.3093
1645207191761,993.3323
1645207191800,993.3562
1645207191840,993.3179
1645207191880,993.303
1645207191919,993.3323
1645207191960,993.2854
1645207192000,993.28784
1645207192040,993.2837
1645207192081,993.2798
1645207192120,993.2759
1645207192162,993.26294
1645207192200,993.2573
1645207192240,993.2615
1645207192280,993.3262
1645207192320,993.3125
