1645466511087,1010.8633
1645466511088,1011.0989
1645466511105,1011.2097
1645466511145,1011.23535
1645466511184,1011.3296
1645466511223,1011.3003
1645466511264,1011.2937
1645466511303,1011.28296
1645466511345,1011.27515
1645466511383,1011.2871
1645466511424,1011.33276
1645466511464,1011.3154
1645466511504,1011.323
1645466511543,1011.31616
1645466511583,1011.34985
1645466511623,1011.33203
1645466511665,1011.3152
1645466511703,1011.33203
1645466511745,1011.3286
1645466511783,1011.3413
1645466511823,1011.3574
1645466511863,1011.3506
1645466511906,1011.3015
1645466511943,1011.2949
1645466511984,1011.33887
1645466512024,1011.33716
1645466512063,1011.3301
1645466512104,1011.3347
1645466512143,1011.3689
1645466512183,1011.3379
1645466512224,1011.3462
1645466512265,1011.3435
1645466512304,1011.3301
1645466512344,1011.3755
1645466512383,1011.3779
1645466512425,1011.3379
1645466512463,1011.37036
1645466512503,1011.34814
1645466512544,1011.4424
1645466512584,1011.40234
1645466512624,1011.4553
1645466512663,1011.38525
1645466512703,1011.41846
1645466512770,1011.3794
1645466512828,1011.36646
1645466512828,1011.3884
1645466512864,1011.353
1645466512908,1011.35254
1645466512943,1011.3655
1645466512983,1011.37036
1645466513023,1011.365
1645466513063,1011.4175
1645466513104,1011.44165
1645466513145,1011.39844
1645466513184,1011.5176
1645466513223,1011.43677
1645466513263,1011.64136
1645466513303,1011.4961
1645466513343,1011.2388
1645466513383,1011.28613
1645466513425,1011.3877
1645466513464,1011.50854
1645466513504,1011.35864
1645466513543,1011.2534
1645466513584,1011.26416
1645466513623,1011.376
1645466513663,1011.44995
1645466513704,1011.4214
1645466513745,1011.47485
1645466513785,1011.3694
1645466513825,1011.24365
1645466513863,1011.2363
1645466513903,1011.2361
1645466513943,1011.2803
1645466513983,1011.28613
1645466514025,1011.35986
1645466514064,1011.4839
1645466514104,1011.52026
1645466514143,1011.44727
1645466514183,1011.3628
1645466514224,1011.4048
1645466514263,1011.3711
1645466514305,1011.3511
1645466514350,1011.38086
1645466514386,1011.36865
1645466514424,1011.39575
1645466514465,1011.3926
1645466514504,1011.3523
1645466514543,1011.3911
1645466514585,1011.34937
1645466514625,1011.3794
1645466514664,1011.36646
1645466514704,1011.3562
1645466514756,1011.38403
1645466514784,1011.3662
1645466514823,1011.376
1645466514863,1011.37695
1645466514904,1011.375
1645466514944,1011.34717
1645466514983,1011.3345
1645466515024,1011.3672
1645466515063,1011.35547
1645466515103,1011.37866
1645466515143,1011.36206
1645466515183,1011.3418
1645466515225,1011.34424
1645466515264,1011.3921
1645466515304,1011.3606
1645466515343,1011.39307
1645466515383,1011.3723
1645466515423,1011.3601
1645466515463,1011.37524
1645466515503,1011.3379
1645466515545,1011.3594
1645466515584,1011.3718
1645466515623,1011.3286
1645466515663,1011.3489
1645466515703,1011.38696
1645466515744,1011.34937
1645466515783,1011.3779
1645466515824,1011.3926
1645466515865,1011.36475
1645466515905,1011.364
1645466515943,1011.37524
1645466515983,1011.35767
1645466516023,1011.3679
1645466516063,1011.396
1645466516104,1011.3872
1645466516144,1011.3613
1645466516184,1011.38135
1645466516223,1011.3535
1645466516263,1011.37915
1645466516303,1011.3618
1645466516343,1011.3462
1645466516385,1011.3877
1645466516425,1011.3679
1645466516464,1011.397
1645466516503,1011.3557
1645466516543,1011.33545
1645466516583,1011.38696
1645466516623,1011.3513
1645466516663,1011.3677
1645466516705,1011.35815
1645466516745,1011.3755
1645466516809,1011.3445
1645466516852,1011.3462
1645466516863,1011.36743
1645466516903,1011.32275
1645466516943,1011.3684
1645466516984,1011.3613
1645466517024,1011.3633
1645466517064,1011.3574
1645466517103,1011.3469
1645466517143,1011.3655
1645466517183,1011.36816
1645466517223,1011.3396
1645466517264,1011.35254
1645466517305,1011.3523
1645466517344,1011.3528
1645466517385,1011.3552
1645466517426,1011.37134
1645466517463,1011.3291
1645466517503,1011.354
1645466517543,1011.2988
1645466517584,1011.31104
1645466517624,1011.345
1645466517665,1011.31616
1645466517704,1011.324
1645466517743,1011.3113
1645466517783,1011.30493
1645466517823,1011.32666
1645466517865,1011.3093
1645466517904,1011.3313
1645466517945,1011.3164
1645466517983,1011.32056
1645466518023,1011.34937
1645466518064,1011.3635
1645466518103,1011.32446
1645466518144,1011.3003
1645466518185,1011.3457
1645466518225,1011.31885
1645466518264,1011.33105
1645466518303,1011.31323
1645466518343,1011.29736
1645466518383,1011.3054
1645466518427,1011.3142
1645466518463,1011.28345
1645466518504,1011.2854
1645466518544,1011.29443
1645466518584,1011.28174
1645466518623,1011.27686
1645466518663,1011.29565
1645466518703,1011.2776
1645466518743,1011.2742
1645466518789,1011.2993
1645466518826,1011.29004
1645466518863,1011.31274
1645466518903,1011.2998
1645466518944,1011.30176
1645466518983,1011.2954
1645466519024,1011.2798
1645466519064,1011.26196
1645466519104,1011.24194
1645466519143,1011.249
1645466519183,1011.2854
1645466519223,1011.2534
1645466519263,1011.291
1645466519303,1011.27344
1645466519343,1011.2737
1645466519383,1011.23755
1645466519429,1011.2717
1645466519463,1011.2649
1645466519503,1011.2854
1645466519543,1011.2549
1645466519583,1011.2346
1645466519623,1011.2295
1645466519664,1011.2539
1645466519705,1011.2727
1645466519743,1011.2395
1645466519783,1011.2805
1645466519823,1011.249
1645466519863,1011.2634
1645466519903,1011.24243
1645466519945,1011.23755
1645466519984,1011.2195
1645466520025,1011.2224
1645466520064,1011.2478
1645466520103,1011.23486
1645466520143,1011.19995
1645466520183,1011.22363
1645466520225,1011.2175
1645466520265,1011.23486
1645466520304,1011.2373
1645466520346,1011.20825
1645466520383,1011.2334
1645466520423,1011.19604
1645466520463,1011.2241
1645466520503,1011.2136
1645466520544,1011.22046
1645466520584,1011.20703
1645466520624,1011.20874
1645466520663,1011.2212
1645466520703,1011.1731
1645466520743,1011.1953
1645466520783,1011.1909
1645466520823,1011.20557
1645466520865,1011.18335
1645466520905,1011.2009
1645466520944,1011.1841
1645466520983,1011.16235
1645466521023,1011.1809
1645466521063,1011.1665
1645466521103,1011.218
1645466521143,1011.1985
1645466521185,1011.18335
1645466521224,1011.16797
1645466521263,1011.1782
1645466521303,1011.1609
1645466521343,1011.13525
1645466521383,1011.21045
1645466521424,1011.1533
1645466521463,1011.1714
1645466521505,1011.17163
1645466521544,1011.1958
1645466521583,1011.15894
1645466521623,1011.15186
1645466521663,1011.1387
1645466521704,1011.1362
1645466521743,1011.1638
1645466521784,1011.17334
1645466521824,1011.1421
1645466521863,1011.1282
1645466521903,1011.15283
1645466521943,1011.17847
1645466521984,1011.16406
1645466522024,1011.1057
1645466522065,1011.1384
1645466522105,1011.1162
1645466522144,1011.1316
1645466522183,1011.12085
1645466522223,1011.14307
1645466522263,1011.15405
1645466522303,1011.0989
1645466522344,1011.1492
1645466522384,1011.1135
1645466522424,1011.12476
1645466522463,1011.1394
1645466522503,1011.1094
1645466522543,1011.1067
1645466522583,1011.1328
1645466522625,1011.14844
1645466522665,1011.0952
1645466522705,1011.1145
1645466522743,1011.0781
1645466522783,1011.125
1645466522823,1011.105
1645466522863,1011.0989
1645466522903,1011.1282
1645466522944,1011.0752
1645466522984,1011.0896
1645466523023,1011.084
1645466523063,1011.1262
1645466523103,1011.09644
1645466523143,1011.1045
1645466523183,1011.12695
1645466523225,1011.08105
1645466523265,1011.10913
1645466523304,1011.0991
1645466523343,1011.1145
1645466523383,1011.0901
1645466523424,1011.0735
1645466523463,1011.0906
1645466523505,1011.09326
1645466523545,1011.08984
1645466523585,1011.0481
1645466523623,1011.0879
1645466523663,1011.0698
1645466523703,1011.0696
1645466523743,1011.0742
1645466523783,1011.063
1645466523825,1011.05396
1645466523865,1011.0464
1645466523904,1011.0598
1645466523946,1011.0635
1645466523983,1011.0847
1645466524023,1011.0598
1645466524063,1011.0593
1645466524103,1011.03296
1645466524145,1011.04175
1645466524184,1011.04834
1645466524223,1011.0325
1645466524263,1011.0564
1645466524303,1011.0305
1645466524343,1011.02515
1645466524383,1011.0261
1645466524425,1011.05444
1645466524464,1011.0383
1645466524503,1011.0493
1645466524543,1011.0437
1645466524583,1011.0249
1645466524623,1011.0354
1645466524663,1011.0205
1645466524703,1011.0254
1645466524745,1011.0017
1645466524785,1011.03394
1645466524823,1011.00464
1645466524863,1011.0574
1645466524903,1011.05566
1645466524948,1011.02905
1645466524984,1011.03687
1645466525025,1011.06934
1645466525065,1011.0178
1645466525104,1010.999
1645466525143,1011.0122
1645466525183,1011.02344
1645466525223,1011.00464
1645466525264,1011.0034
1645466525303,1010.9795
1645466525344,1011.0105
1645466525385,1011.00195
1645466525423,1011.01514
1645466525465,1010.97534
1645466525503,1010.9729
1645466525543,1010.9783
1645466525583,1010.9971
1645466525623,1010.9758
1645466525665,1010.96216
1645466525703,1010.9729
1645466525743,1010.96094
1645466525783,1010.9763
1645466525823,1010.9778
1645466525863,1010.9807
1645466525905,1010.97095
1645466525953,1010.92773
1645466525983,1010.9829
1645466526023,1010.968
1645466526063,1010.978
1645466526103,1010.9612
1645466526143,1010.98193
1645466526185,1010.9695
1645466526225,1010.92725
1645466526263,1010.9358
1645466526303,1010.9824
1645466526343,1010.9463
1645466526383,1010.9678
1645466526423,1010.9734
1645466526464,1010.96313
1645466526504,1010.95483
1645466526543,1010.9927
1645466526583,1010.9573
1645466526623,1010.9263
1645466526663,1010.949
1645466526703,1010.93994
1645466526743,1010.95215
1645466526785,1010.93384
1645466526824,1010.9282
1645466526863,1010.9182
1645466526903,1010.94727
1645466526943,1010.9214
1645466526983,1010.94116
1645466527023,1010.9512
1645466527064,1010.9231
1645466527104,1010.9226
1645466527145,1010.9226
1645466527183,1010.8933
1645466527223,1010.8977
1645466527263,1010.91284
1645466527303,1010.9104
1645466527343,1010.9321
1645466527383,1010.9236
1645466527425,1010.90967
1645466527464,1010.89966
1645466527503,1010.86694
1645466527543,1010.90845
1645466527583,1010.88745
1645466527624,1010.907
1645466527665,1010.88696
1645466527705,1010.9048
1645466527744,1010.8882
1645466527783,1010.8635
1645466527823,1010.8523
1645466527863,1010.88525
1645466527904,1010.8618
1645466527944,1010.8699
1645466527983,1010.8706
1645466528023,1010.8601
1645466528064,1010.9092
1645466528103,1010.8865
1645466528143,1010.8694
1645466528183,1010.88965
1645466528223,1010.85474
1645466528265,1010.87476
1645466528304,1010.8894
1645466528343,1010.89136
1645466528383,1010.9077
1645466528423,1010.8618
1645466528464,1010.84424
1645466528503,1010.87866
1645466528543,1010.8728
1645466528584,1010.8374
1645466528624,1010.8508
1645466528664,1010.86694
1645466528703,1010.84863
1645466528743,1010.8352
1645466528783,1010.8423
1645466528823,1010.8362
1645466528865,1010.8386
1645466528905,1010.8281
1645466528945,1010.8335
1645466528983,1010.8125
1645466529023,1010.8801
1645466529063,1010.81934
1645466529103,1010.8445
1645466529143,1010.8159
1645466529183,1010.823
1645466529224,1010.8401
1645466529263,1010.8706
1645466529303,1010.8428
1645466529343,1010.84326
1645466529383,1010.81055
1645466529423,1010.84204
1645466529467,1010.8257
1645466529503,1010.84375
1645466529544,1010.8342
1645466529583,1010.7859
1645466529623,1010.7905
1645466529663,1010.7988
1645466529703,1010.8081
1645466529744,1010.7986
1645466529784,1010.8235
1645466529823,1010.80835
1645466529864,1010.77905
1645466529903,1010.8052
1645466529944,1010.78076
1645466529983,1010.7854
1645466530023,1010.80396
1645466530064,1010.7656
1645466530104,1010.80664
1645466530143,1010.78174
1645466530184,1010.79736
1645466530223,1010.77563
1645466530263,1010.8213
1645466530303,1010.77856
1645466530344,1010.79565
1645466530384,1010.7656
1645466530423,1010.7715
1645466530464,1010.7644
1645466530503,1010.80347
1645466530543,1010.7661
1645466530583,1010.7654
1645466530624,1010.75024
1645466530663,1010.7727
1645466530704,1010.77734
1645466530746,1010.7517
1645466530784,1010.7715
1645466530823,1010.7671
1645466530864,1010.77344
1645466530905,1010.782
1645466530943,1010.77246
1645466530985,1010.7788
1645466531024,1010.77637
1645466531063,1010.7656
1645466531106,1010.79004
1645466531143,1010.7146
1645466531183,1010.7722
1645466531223,1010.74146
1645466531264,1010.72363
1645466531305,1010.7471
1645466531344,1010.7395
1645466531383,1010.7473
1645466531423,1010.7197
1645466531469,1010.7517
1645466531503,1010.7053
1645466531545,1010.74243
1645466531584,1010.7368
1645466531625,1010.7368
1645466531663,1010.7246
1645466531703,1010.7405
1645466531743,1010.7346
1645466531783,1010.7219
1645466531823,1010.6987
1645466531864,1010.7119
1645466531905,1010.7395
1645466531943,1010.6797
1645466531983,1010.7029
1645466532023,1010.71826
1645466532065,1010.72314
1645466532108,1010.71094
1645466532143,1010.73706
1645466532184,1010.70557
1645466532224,1010.6675
1645466532264,1010.7095
1645466532303,1010.69385
1645466532343,1010.6897
1645466532383,1010.6831
1645466532425,1010.6765
1645466532464,1010.6858
1645466532504,1010.68896
1645466532544,1010.66235
1645466532583,1010.63306
1645466532623,1010.6609
1645466532663,1010.65405
1645466532705,1010.65674
1645466532745,1010.66284
1645466532784,1010.6792
1645466532823,1010.64844
1645466532863,1010.677
1645466532903,1010.6416
1645466532943,1010.6616
1645466532983,1010.6489
1645466533023,1010.676
1645466533065,1010.6677
1645466533105,1010.6201
1645466533143,1010.65454
1645466533183,1010.62866
1645466533224,1010.6267
1645466533263,1010.6516
1645466533303,1010.6555
1645466533345,1010.6355
1645466533384,1010.61914
1645466533423,1010.6487
1645466533463,1010.64307
1645466533503,1010.65186
1645466533543,1010.63745
1645466533584,1010.6189
1645466533623,1010.62695
1645466533665,1010.6167
1645466533705,1010.6548
1645466533743,1010.5891
1645466533783,1010.6133
1645466533823,1010.5969
1645466533863,1010.62866
1645466533904,1010.61646
1645466533944,1010.6272
1645466533984,1010.5984
1645466534023,1010.61816
1645466534063,1010.6089
1645466534103,1010.6113
1645466534143,1010.58203
1645466534183,1010.6294
1645466534225,1010.5962
1645466534264,1010.6011
1645466534304,1010.6294
1645466534343,1010.60547
1645466534383,1010.58887
1645466534423,1010.5725
1645466534463,1010.6045
1645466534503,1010.6062
1645466534544,1010.6123
1645466534584,1010.5757
1645466534623,1010.57544
1645466534663,1010.5752
1645466534703,1010.5791
1645466534743,1010.5691
1645466534785,1010.6135
1645466534824,1010.5691
1645466534864,1010.5669
1645466534903,1010.5547
1645466534943,1010.59155
1645466534983,1010.6023
1645466535023,1010.57715
1645466535063,1010.5779
1645466535104,1010.57446
1645466535144,1010.562
1645466535184,1010.5928
1645466535223,1010.57007
1645466535263,1010.5554
1645466535303,1010.55786
1645466535343,1010.5742
1645466535383,1010.55005
1645466535425,1010.5327
1645466535470,1010.54614
1645466535503,1010.541
1645466535543,1010.54175
1645466535583,1010.5066
1645466535623,1010.52905
1645466535663,1010.5027
1645466535705,1010.5635
1645466535745,1010.5005
1645466535784,1010.50195
1645466535823,1010.5503
1645466535863,1010.5608
1645466535903,1010.5034
1645466535943,1010.5227
1645466535984,1010.5503
1645466536024,1010.5383
1645466536065,1010.53687
1645466536103,1010.53296
1645466536143,1010.4944
1645466536183,1010.5271
1645466536223,1010.51733
1645466536263,1010.4878
1645466536305,1010.50757
1645466536344,1010.4917
1645466536384,1010.49854
1645466536423,1010.55566
1645466536470,1010.50586
1645466536503,1010.4934
1645466536543,1010.5083
1645466536583,1010.4995
1645466536624,1010.48486
1645466536664,1010.52954
1645466536703,1010.46436
1645466536743,1010.4712
1645466536783,1010.5227
1645466536823,1010.49585
1645466536865,1010.4966
1645466536905,1010.47314
1645466536945,1010.46045
1645466536984,1010.4553
1645466537023,1010.48267
1645466537063,1010.4905
1645466537103,1010.50977
1645466537143,1010.48145
1645466537184,1010.4675
1645466537225,1010.47437
1645466537264,1010.5127
1645466537303,1010.5034
1645466537343,1010.458
1645466537383,1010.4719
1645466537423,1010.479
1645466537464,1010.46924
1645466537504,1010.47266
1645466537544,1010.4663
1645466537583,1010.4512
1645466537623,1010.4292
1645466537663,1010.458
1645466537703,1010.4397
1645466537743,1010.4402
1645466537785,1010.4529
1645466537823,1010.45703
1645466537864,1010.45874
1645466537903,1010.4734
1645466537943,1010.469
1645466537984,1010.43604
1645466538023,1010.4446
1645466538065,1010.44604
1645466538104,1010.3967
1645466538144,1010.4121
1645466538183,1010.40674
1645466538223,1010.4707
1645466538263,1010.46924
1645466538303,1010.42236
1645466538344,1010.42725
1645466538385,1010.4236
1645466538424,1010.4236
1645466538465,1010.3999
1645466538503,1010.40405
1645466538543,1010.4043
1645466538583,1010.4131
1645466538623,1010.43823
1645466538665,1010.4087
1645466538703,1010.4236
1645466538744,1010.4226
1645466538783,1010.45557
1645466538823,1010.42334
1645466538863,1010.39575
1645466538903,1010.45825
1645466538945,1010.45337
1645466538983,1010.4326
1645466539024,1010.4009
1645466539065,1010.39404
1645466539103,1010.4148
1645466539143,1010.4346
1645466539183,1010.4358
1645466539224,1010.4136
1645466539264,1010.4485
1645466539304,1010.4265
1645466539343,1010.4126
1645466539383,1010.4275
1645466539423,1010.38965
1645466539463,1010.4321
1645466539503,1010.4104
1645466539543,1010.4392
1645466539584,1010.4219
1645466539624,1010.4026
1645466539664,1010.4055
1645466539703,1010.42114
1645466539743,1010.4109
1645466539783,1010.40356
1645466539823,1010.3767
1645466539865,1010.4214
1645466539905,1010.42163
1645466539944,1010.4177
1645466539986,1010.41406
1645466540023,1010.4336
1645466540063,1010.46387
1645466540103,1010.4282
1645466540143,1010.41626
1645466540185,1010.39795
1645466540224,1010.42773
1645466540263,1010.437
1645466540303,1010.42114
1645466540343,1010.3999
1645466540384,1010.3733
1645466540423,1010.3948
1645466540465,1010.4072
1645466540503,1010.3987
1645466540543,1010.4199
1645466540583,1010.40063
1645466540624,1010.40137
1645466540663,1010.4226
1645466540703,1010.41406
1645466540744,1010.4031
1645466540785,1010.3999
1645466540823,1010.4094
1645466540863,1010.40356
1645466540903,1010.40576
1645466540943,1010.3921
1645466540985,1010.37256
1645466541025,1010.4038
1645466541064,1010.42065
1645466541105,1010.395
1645466541144,1010.4116
1645466541183,1010.38086
1645466541223,1010.3916
1645466541263,1010.3916
1645466541303,1010.41797
1645466541344,1010.3767
1645466541384,1010.38916
1645466541424,1010.4065
1645466541463,1010.41064
1645466541503,1010.39844
1645466541543,1010.375
1645466541583,1010.3887
1645466541624,1010.39526
1645466541665,1010.37256
1645466541705,1010.396
1645466541743,1010.3943
1645466541783,1010.41675
1645466541823,1010.4282
1645466541863,1010.39453
1645466541903,1010.38184
1645466541945,1010.38306
1645466541988,1010.3906
1645466542023,1010.4053
1645466542063,1010.3662
1645466542103,1010.41235
1645466542143,1010.3606
1645466542184,1010.4021
1645466542225,1010.3677
1645466542264,1010.41406
1645466542304,1010.45557
1645466542343,1010.386
1645466542383,1010.41626
1645466542423,1010.4087
1645466542463,1010.42017
1645466542505,1010.38916
1645466542544,1010.37354
1645466542584,1010.3594
1645466542623,1010.35815
1645466542663,1010.4021
1645466542703,1010.3994
1645466542743,1010.40576
1645466542783,1010.41284
1645466542825,1010.35645
1645466542864,1010.407
1645466542904,1010.39136
1645466542943,1010.4263
1645466542983,1010.41455
1645466543023,1010.4238
1645466543064,1010.40674
1645466543103,1010.4155
1645466543145,1010.3894
1645466543184,1010.41406
1645466543223,1010.4075
1645466543263,1010.38403
1645466543303,1010.4087
1645466543343,1010.4038
1645466543383,1010.3916
1645466543425,1010.39453
1645466543465,1010.3887
1645466543504,1010.3628
1645466543543,1010.36914
1645466543583,1010.4248
1645466543623,1010.3948
1645466543663,1010.42285
1645466543705,1010.42993
1645466543744,1010.42017
1645466543784,1010.375
1645466543823,1010.3904
1645466543863,1010.3911
1645466543903,1010.3782
1645466543943,1010.37866
1645466543983,1010.36914
1645466544025,1010.39087
1645466544064,1010.3884
1645466544104,1010.37646
1645466544143,1010.353
1645466544183,1010.3933
1645466544223,1010.40015
1645466544263,1010.3562
1645466544303,1010.3965
1645466544345,1010.3696
1645466544384,1010.4365
1645466544423,1010.4158
1645466544463,1010.3948
1645466544503,1010.39844
1645466544543,1010.41626
1645466544585,1010.3911
1645466544625,1010.34863
1645466544665,1010.36255
1645466544703,1010.33984
1645466544743,1010.33374
1645466544783,1010.36816
1645466544823,1010.43945
1645466544864,1010.39355
1645466544905,1010.3113
1645466544945,1010.353
1645466544983,1010.4265
1645466545023,1010.3452
1645466545063,1010.3401
1645466545103,1010.3694
1645466545143,1010.34863
1645466545184,1010.3843
1645466545225,1010.437
1645466545264,1010.3738
1645466545303,1010.35474
1645466545343,1010.4197
1645466545383,1010.52344
1645466545423,1010.4287
1645466545463,1010.3887
1645466545504,1010.36255
1645466545544,1010.35864
1645466545584,1010.2981
1645466545623,1010.3137
1645466545663,1010.3323
1645466545703,1010.36646
1645466545743,1010.4297
1645466545783,1010.4783
1645466545824,1010.60425
1645466545863,1010.3916
1645466545903,1010.28174
1645466545943,1010.4341
1645466545983,1010.40356
1645466546023,1010.7666
1645466546064,1010.67725
1645466546105,1010.72
1645466546143,1010.8689
1645466546184,1010.8247
1645466546223,1011.0603
1645466546263,1010.91455
1645466546303,1010.9048
1645466546344,1010.7605
1645466546385,1010.66675
1645466546423,1010.4248
1645466546464,1010.3425
1645466546503,1010.1394
1645466546543,1010.09644
1645466546583,1010.0315
1645466546623,1010.0034
1645466546664,1009.93286
1645466546704,1009.9038
1645466546743,1009.87256
1645466546784,1010.0615
1645466546823,1010.45874
1645466546863,1010.55347
1645466546904,1010.7964
1645466546943,1010.9475
1645466546984,1011.39307
1645466547023,1010.92896
1645466547064,1010.67236
1645466547103,1010.10254
1645466547144,1010.375
1645466547183,1010.6262
1645466547223,1011.032
1645466547265,1010.3572
1645466547305,1010.21606
1645466547344,1010.3059
1645466547383,1010.1399
1645466547423,1009.99585
1645466547463,1009.73
1645466547506,1009.6333
1645466547544,1009.74976
1645466547584,1009.9856
1645466547624,1010.208
1645466547664,1010.47095
1645466547704,1010.5061
1645466547743,1010.38184
1645466547783,1010.20776
1645466547823,1010.2124
1645466547865,1009.605
1645466547904,1009.8574
1645466547944,1010.00635
1645466547983,1010.21606
1645466548023,1010.2776
1645466548063,1010.21924
1645466548104,1010.3279
1645466548144,1010.3408
1645466548186,1010.43945
1645466548225,1010.28735
1645466548263,1010.3611
1645466548304,1010.6384
1645466548343,1010.3262
1645466548383,1010.2749
1645466548423,1010.40454
1645466548465,1010.4812
1645466548509,1010.271
1645466548543,1010.3186
1645466548583,1010.386
1645466548623,1010.24146
1645466548664,1010.22534
