1645466689511,1010.2859
1645466689551,1010.3025
1645466689591,1010.2908
1645466689633,1010.2671
1645466689672,1010.3037
1645466689713,1010.29517
1645466689751,1010.2932
1645466689791,1010.2925
1645466689832,1010.2837
1645466689871,1010.29736
1645466689913,1010.31445
1645466689951,1010.29395
1645466689992,1010.3003
1645466690032,1010.3269
1645466690071,1010.25464
1645466690111,1010.2864
1645466690151,1010.28076
1645466690191,1010.2908
1645466690233,1010.28125
1645466690272,1010.28955
1645466690312,1010.3037
1645466690351,1010.2991
1645466690391,1010.3091
1645466690431,1010.30615
1645466690471,1010.31104
1645466690511,1010.312
1645466690553,1010.28125
1645466690592,1010.3457
1645466690632,1010.32495
1645466690671,1010.2776
1645466690711,1010.3452
1645466690751,1010.34595
1645466690791,1010.39136
1645466690832,1010.3594
1645466690872,1010.3413
1645466690911,1010.3711
1645466690951,1010.28687
1645466690991,1010.303
1645466691031,1010.3479
1645466691071,1010.3479
1645466691111,1010.34155
1645466691152,1010.3286
1645466691193,1010.33813
1645466691231,1010.3384
1645466691271,1010.3462
1645466691311,1010.3076
1645466691352,1010.3552
1645466691407,1010.33716
1645466691455,1010.3921
1645466691472,1010.52246
1645466691511,1010.4363
1645466691552,1010.34204
1645466691591,1010.3169
1645466691631,1010.37427
1645466691673,1010.4199
1645466691713,1010.4487
1645466691752,1010.2732
1645466691792,1010.3684
1645466691831,1010.407
1645466691871,1010.3469
1645466691911,1010.32153
1645466691951,1010.32837
1645466691993,1010.35986
1645466692032,1010.35693
1645466692073,1010.36084
1645466692112,1010.34204
1645466692151,1010.374
1645466692191,1010.3408
1645466692231,1010.3613
1645466692271,1010.33984
1645466692311,1010.34033
1645466692355,1010.33594
1645466692392,1010.34155
1645466692431,1010.35034
1645466692471,1010.3574
1645466692512,1010.37744
1645466692551,1010.3425
1645466692594,1010.34814
1645466692632,1010.35254
1645466692671,1010.3855
1645466692711,1010.36255
1645466692752,1010.3767
1645466692792,1010.32886
1645466692831,1010.3264
1645466692872,1010.3518
1645466692912,1010.39087
1645466692952,1010.3369
1645466692992,1010.36646
1645466693031,1010.37866
1645466693071,1010.3362
1645466693111,1010.39746
1645466693153,1010.3782
1645466693192,1010.35693
1645466693231,1010.38965
1645466693272,1010.37866
1645466693312,1010.3342
1645466693351,1010.3628
1645466693417,1010.36035
1645466693448,1010.3435
1645466693471,1010.3867
1645466693512,1010.3413
1645466693553,1010.33716
1645466693592,1010.3484
1645466693632,1010.3579
1645466693671,1010.3345
1645466693711,1010.3694
1645466693751,1010.33496
1645466693793,1010.35205
1645466693832,1010.3154
1645466693871,1010.3164
1645466693911,1010.33716
1645466693951,1010.33813
1645466693991,1010.3252
1645466694031,1010.3154
1645466694073,1010.31177
1645466694112,1010.33936
1645466694152,1010.3552
1645466694192,1010.3884
1645466694231,1010.3413
1645466694271,1010.36426
1645466694312,1010.2947
1645466694351,1010.3584
1645466694391,1010.30664
1645466694432,1010.3225
1645466694471,1010.3469
1645466694511,1010.3418
1645466694551,1010.3347
1645466694591,1010.323
1645466694631,1010.35547
1645466694671,1010.3728
1645466694712,1010.3186
1645466694752,1010.3528
1645466694791,1010.3718
1645466694831,1010.37305
1645466694871,1010.3511
1645466694911,1010.39185
1645466694951,1010.3872
1645466694992,1010.37134
1645466695032,1010.32275
1645466695072,1010.385
1645466695111,1010.3562
1645466695151,1010.3667
1645466695191,1010.396
1645466695231,1010.3943
1645466695271,1010.34766
1645466695311,1010.3938
1645466695351,1010.344
1645466695395,1010.3906
1645466695467,1010.3645
1645466695472,1010.3987
1645466695511,1010.4094
1645466695556,1010.38477
1645466695608,1010.38086
1645466695634,1010.396
1645466695671,1010.41406
1645466695711,1010.41064
1645466695751,1010.3679
1645466695791,1010.3733
1645466695831,1010.4231
1645466695871,1010.37427
1645466695913,1010.4116
1645466695953,1010.4031
1645466695991,1010.4116
1645466696031,1010.40576
1645466696071,1010.42896
1645466696111,1010.4021
1645466696151,1010.43286
1645466696193,1010.4155
1645466696233,1010.4214
1645466696272,1010.4033
1645466696311,1010.39795
1645466696351,1010.3999
1645466696391,1010.41187
1645466696431,1010.3987
1645466696473,1010.3916
1645466696513,1010.42676
1645466696552,1010.4199
1645466696591,1010.4509
1645466696631,1010.44556
1645466696671,1010.4309
1645466696712,1010.4509
1645466696753,1010.45264
1645466696792,1010.4204
1645466696831,1010.43164
1645466696871,1010.41626
1645466696911,1010.4426
1645466696951,1010.4524
1645466696991,1010.4387
1645466697031,1010.4153
1645466697072,1010.4282
1645466697113,1010.45215
1645466697151,1010.43823
1645466697191,1010.4756
1645466697231,1010.44434
1645466697271,1010.4507
1645466697312,1010.45874
1645466697353,1010.4939
1645466697408,1010.4346
1645466697432,1010.4756
1645466697472,1010.4668
1645466697512,1010.4529
1645466697551,1010.45483
1645466697593,1010.5032
1645466697632,1010.4888
1645466697673,1010.4712
1645466697712,1010.4487
1645466697751,1010.4868
1645466697791,1010.4353
1645466697831,1010.48706
1645466697871,1010.4431
1645466697911,1010.4553
1645466697953,1010.45337
1645466697992,1010.49
1645466698031,1010.47656
1645466698071,1010.4907
1645466698111,1010.45337
1645466698151,1010.48413
1645466698191,1010.4956
1645466698232,1010.4761
1645466698272,1010.48535
1645466698313,1010.53735
1645466698351,1010.5183
1645466698391,1010.4834
1645466698431,1010.47144
1645466698472,1010.4712
1645466698511,1010.51074
1645466698551,1010.5349
1645466698594,1010.5066
1645466698633,1010.47925
1645466698671,1010.4866
1645466698711,1010.50024
1645466698751,1010.48926
1645466698791,1010.4663
1645466698833,1010.51196
1645466698872,1010.50635
1645466698912,1010.4895
1645466698951,1010.5054
1645466698992,1010.5044
1645466699032,1010.4885
1645466699071,1010.53345
1645466699111,1010.5095
1645466699152,1010.5171
1645466699193,1010.562
1645466699232,1010.5117
1645466699271,1010.52515
1645466699312,1010.53735
1645466699351,1010.532
1645466699391,1010.50977
1645466699432,1010.5542
1645466699473,1010.5132
1645466699512,1010.52563
1645466699551,1010.5266
1645466699591,1010.5469
1645466699631,1010.5571
1645466699671,1010.5139
1645466699711,1010.4939
1645466699753,1010.5215
1645466699793,1010.5193
1645466699831,1010.52466
1645466699871,1010.5532
1645466699911,1010.5542
1645466699951,1010.5591
1645466699992,1010.56104
1645466700032,1010.54785
1645466700072,1010.5635
1645466700112,1010.5525
1645466700151,1010.52563
1645466700191,1010.5835
1645466700231,1010.5842
1645466700271,1010.5708
1645466700312,1010.55786
1645466700352,1010.58057
1645466700392,1010.58057
1645466700431,1010.5547
1645466700471,1010.59546
1645466700511,1010.5823
1645466700551,1010.53174
1645466700592,1010.5823
1645466700632,1010.54614
1645466700673,1010.56494
1645466700711,1010.5945
1645466700751,1010.56006
1645466700794,1010.5652
1645466700832,1010.5564
1645466700871,1010.6033
1645466700911,1010.6028
1645466700953,1010.60913
1645466700992,1010.5664
1645466701032,1010.5884
1645466701071,1010.5801
1645466701111,1010.60156
1645466701151,1010.5862
1645466701192,1010.57104
1645466701233,1010.5613
1645466701271,1010.6245
1645466701311,1010.5864
1645466701351,1010.58496
1645466701391,1010.61084
1645466701431,1010.6052
1645466701471,1010.62134
1645466701512,1010.62427
1645466701553,1010.57495
1645466701592,1010.59326
1645466701631,1010.58813
1645466701671,1010.6223
1645466701711,1010.6013
1645466701751,1010.6062
1645466701793,1010.62305
1645466701832,1010.61816
1645466701871,1010.6089
1645466701911,1010.6443
1645466701951,1010.5984
1645466701991,1010.62036
1645466702031,1010.61646
1645466702071,1010.58765
1645466702112,1010.6206
1645466702152,1010.6626
1645466702191,1010.6062
1645466702231,1010.6113
1645466702271,1010.63525
1645466702311,1010.5979
1645466702352,1010.6294
1645466702391,1010.60913
1645466702433,1010.6599
1645466702472,1010.635
1645466702511,1010.6289
1645466702551,1010.6406
1645466702591,1010.6587
1645466702631,1010.62305
1645466702671,1010.6448
1645466702713,1010.6692
1645466702753,1010.6355
1645466702791,1010.6323
1645466702831,1010.6575
1645466702871,1010.6255
1645466702911,1010.61646
1645466702953,1010.6736
1645466702992,1010.6658
1645466703033,1010.666
1645466703071,1010.6648
1645466703111,1010.61914
1645466703151,1010.6592
1645466703191,1010.6521
1645466703231,1010.6614
1645466703271,1010.66016
1645466703312,1010.6846
1645466703352,1010.65674
1645466703391,1010.64014
1645466703431,1010.6814
1645466703472,1010.7141
1645466703511,1010.6592
1645466703551,1010.6655
1645466703591,1010.65405
1645466703632,1010.65674
1645466703671,1010.69385
1645466703711,1010.6997
1645466703751,1010.6675
1645466703791,1010.65186
1645466703832,1010.7002
1645466703872,1010.6382
1645466703912,1010.6958
1645466703953,1010.688
1645466703991,1010.71045
1645466704031,1010.66626
1645466704071,1010.6587
1645466704111,1010.6763
1645466704152,1010.6858
1645466704193,1010.6987
1645466704233,1010.6904
1645466704271,1010.6997
1645466704312,1010.70166
1645466704351,1010.70386
1645466704391,1010.6904
1645466704432,1010.70776
1645466704473,1010.7092
1645466704512,1010.6819
1645466704552,1010.71436
1645466704591,1010.7195
1645466704631,1010.7427
1645466704671,1010.7007
1645466704711,1010.6914
1645466704753,1010.7285
1645466704793,1010.7173
1645466704832,1010.72266
1645466704871,1010.75366
1645466704911,1010.75146
1645466704952,1010.7009
1645466704991,1010.7029
1645466705033,1010.7212
1645466705072,1010.719
1645466705111,1010.72046
1645466705151,1010.7002
1645466705191,1010.71924
1645466705231,1010.73804
1645466705271,1010.7092
1645466705313,1010.77
1645466705353,1010.73
1645466705392,1010.7556
1645466705432,1010.7727
1645466705471,1010.73755
1645466705511,1010.7612
1645466705551,1010.76636
1645466705591,1010.7837
1645466705633,1010.72485
1645466705673,1010.75464
1645466705712,1010.7385
1645466705751,1010.7593
1645466705791,1010.76514
1645466705831,1010.803
1645466705871,1010.729
1645466705911,1010.75684
1645466705953,1010.7822
1645466705992,1010.7971
1645466706031,1010.7654
1645466706071,1010.77783
1645466706111,1010.76025
1645466706151,1010.75464
1645466706192,1010.75024
1645466706232,1010.81177
1645466706273,1010.7888
1645466706311,1010.7837
1645466706351,1010.7832
1645466706391,1010.772
1645466706431,1010.77856
1645466706471,1010.77075
1645466706511,1010.782
1645466706552,1010.7717
1645466706592,1010.77026
1645466706632,1010.7993
1645466706671,1010.7949
1645466706711,1010.78345
1645466706751,1010.7739
1645466706793,1010.7898
1645466706833,1010.80444
1645466706873,1010.8015
1645466706911,1010.8157
1645466706951,1010.81104
1645466706993,1010.79565
1645466707032,1010.80054
1645466707071,1010.78955
1645466707113,1010.8469
1645466707151,1010.8042
1645466707193,1010.81885
1645466707231,1010.80225
1645466707271,1010.80396
1645466707311,1010.83154
1645466707351,1010.83496
1645466707392,1010.80615
1645466707433,1010.8384
1645466707472,1010.81006
1645466707511,1010.8086
1645466707551,1010.8723
1645466707591,1010.8391
1645466707631,1010.7969
1645466707671,1010.8313
1645466707713,1010.8176
1645466707753,1010.7634
1645466707792,1010.8181
1645466707831,1010.8352
1645466707871,1010.8462
1645466707911,1010.8374
1645466707951,1010.8479
1645466707993,1010.84155
1645466708032,1010.86743
1645466708072,1010.8696
1645466708111,1010.822
1645466708151,1010.83813
1645466708191,1010.84033
1645466708231,1010.855
1645466708271,1010.8694
1645466708313,1010.83887
1645466708352,1010.85986
1645466708391,1010.844
1645466708431,1010.8081
1645466708471,1010.84937
1645466708511,1010.8679
1645466708552,1010.84717
1645466708592,1010.84814
1645466708632,1010.82666
1645466708671,1010.83716
1645466708711,1010.8628
1645466708751,1010.87476
1645466708791,1010.8684
1645466708832,1010.8806
1645466708872,1010.86084
1645466708913,1010.8794
1645466708952,1010.85547
1645466708991,1010.853
1645466709031,1010.88184
1645466709071,1010.8462
1645466709112,1010.83276
1645466709152,1010.87305
1645466709192,1010.87964
1645466709233,1010.8638
1645466709272,1010.8811
1645466709311,1010.89136
1645466709352,1010.8862
1645466709391,1010.9043
1645466709431,1010.8916
1645466709471,1010.92773
1645466709513,1010.8606
1645466709552,1010.87476
1645466709592,1010.90674
1645466709631,1010.8977
1645466709671,1010.897
1645466709711,1010.86084
1645466709751,1010.90015
1645466709793,1010.9197
1645466709832,1010.91016
1645466709872,1010.8894
1645466709911,1010.87646
1645466709951,1010.92456
1645466709991,1010.92456
1645466710031,1010.9148
1645466710071,1010.85864
1645466710112,1010.92993
1645466710155,1010.90356
1645466710191,1010.9363
1645466710231,1010.9204
1645466710271,1010.9226
1645466710311,1010.9263
1645466710353,1010.9319
1645466710392,1010.9182
1645466710432,1010.9219
1645466710471,1010.93506
1645466710511,1010.91675
1645466710551,1010.94385
1645466710591,1010.9048
1645466710631,1010.92944
1645466710673,1010.95874
1645466710713,1010.905
1645466710752,1010.9341
1645466710791,1010.9009
1645466710834,1010.9414
1645466710871,1010.92456
1645466710911,1010.9287
1645466710952,1010.9292
1645466710992,1010.94556
1645466711033,1010.9226
1645466711072,1010.93774
1645466711111,1010.9512
1645466711151,1010.90967
1645466711191,1010.94434
1645466711232,1010.94214
1645466711272,1010.979
1645466711313,1010.9485
1645466711352,1010.9663
1645466711391,1010.94775
1645466711431,1010.9419
1645466711471,1010.94214
1645466711511,1010.949
1645466711551,1010.9646
1645466711591,1010.9512
1645466711631,1010.9436
1645466711671,1010.9656
1645466711711,1010.9402
1645466711751,1010.92993
1645466711791,1010.947
1645466711831,1010.9812
1645466711872,1010.969
1645466711912,1010.9563
1645466711953,1010.94727
1645466711991,1010.9724
1645466712031,1010.9634
1645466712071,1010.9995
1645466712111,1010.9751
1645466712152,1010.9988
1645466712193,1010.9739
1645466712232,1010.9619
1645466712272,1010.9717
1645466712311,1010.9746
1645466712351,1010.9675
1645466712391,1010.9531
1645466712433,1011.00146
1645466712471,1011.00684
1645466712513,1010.96826
1645466712553,1010.96875
1645466712591,1010.9978
1645466712631,1010.9724
1645466712671,1010.9812
1645466712711,1011.0171
1645466712753,1011.00415
1645466712792,1010.9946
1645466712832,1011.01196
1645466712871,1011.0242
1645466712911,1010.9678
1645466712951,1011.00903
1645466712991,1011.01855
1645466713031,1011.00903
1645466713073,1011.0386
1645466713112,1010.98926
1645466713151,1010.9988
1645466713191,1011.0488
1645466713232,1011.0049
1645466713271,1011.00757
1645466713313,1011.04297
1645466713352,1010.99634
1645466713393,1010.9978
1645466713432,1011.0127
1645466713471,1011.0408
1645466713511,1011.0393
1645466713551,1011.05054
1645466713591,1011.02734
1645466713633,1011.0244
1645466713673,1011.0298
1645466713712,1011.0469
1645466713751,1011.06445
1645466713791,1011.0591
1645466713831,1011.0012
1645466713871,1011.02783
1645466713911,1011.0469
1645466713952,1011.0437
1645466713993,1011.0574
1645466714032,1011.03467
1645466714071,1011.07056
1645466714111,1011.0591
1645466714151,1011.0176
1645466714191,1011.04614
1645466714232,1011.06445
1645466714273,1011.05884
1645466714312,1011.0586
1645466714351,1011.04614
1645466714391,1011.07666
1645466714431,1011.0864
1645466714471,1011.1084
1645466714511,1011.0867
1645466714553,1011.0759
1645466714591,1011.11084
1645466714632,1011.0862
1645466714671,1011.0781
1645466714711,1011.05493
1645466714751,1011.0613
1645466714792,1011.0952
1645466714833,1011.06934
1645466714872,1011.09326
1645466714911,1011.0681
1645466714951,1011.0989
1645466714991,1011.0659
1645466715031,1011.0674
1645466715071,1011.0879
1645466715111,1011.0803
1645466715153,1011.08057
1645466715191,1011.104
1645466715231,1011.07153
1645466715271,1011.0752
1645466715311,1011.0647
1645466715352,1011.0542
1645466715391,1011.1006
1645466715432,1011.08105
1645466715472,1011.08765
1645466715511,1011.0923
1645466715551,1011.0925
1645466715591,1011.0862
1645466715631,1011.0769
1645466715671,1011.12305
1645466715712,1011.11523
1645466715751,1011.105
1645466715792,1011.10693
1645466715832,1011.094
1645466715872,1011.1118
1645466715911,1011.1233
1645466715952,1011.1279
1645466715993,1011.1023
1645466716032,1011.1011
1645466716073,1011.1372
1645466716111,1011.1382
1645466716151,1011.1306
1645466716191,1011.07666
1645466716231,1011.11035
1645466716273,1011.1272
1645466716313,1011.0796
1645466716352,1011.11475
1645466716391,1011.09937
1645466716431,1011.1372
1645466716471,1011.1343
1645466716511,1011.1482
1645466716551,1011.1365
1645466716593,1011.13257
1645466716632,1011.1516
1645466716672,1011.1428
1645466716711,1011.1133
1645466716751,1011.1365
1645466716791,1011.12646
1645466716831,1011.13477
1645466716873,1011.1367
1645466716912,1011.15796
1645466716951,1011.1426
1645466716991,1011.145
1645466717031,1011.13965
1645466717071,1011.1636
1645466717111,1011.17505
1645466717152,1011.1382
1645466717191,1011.1599
1645466717232,1011.1577
1645466717272,1011.1775
1645466717311,1011.1738
1645466717351,1011.176
1645466717391,1011.1843
1645466717431,1011.1792
1645466717473,1011.1543
1645466717513,1011.17065
1645466717553,1011.1582
1645466717592,1011.15015
1645466717631,1011.1958
1645466717671,1011.16113
1645466717711,1011.17554
1645466717752,1011.14185
1645466717791,1011.20386
1645466717832,1011.17676
1645466717871,1011.1648
1645466717911,1011.20337
1645466717951,1011.1875
1645466717991,1011.16895
1645466718031,1011.16064
1645466718073,1011.178
1645466718113,1011.1885
1645466718152,1011.15796
1645466718191,1011.2024
1645466718231,1011.18994
1645466718271,1011.23145
1645466718311,1011.1948
1645466718352,1011.2114
1645466718392,1011.1936
1645466718433,1011.197
1645466718472,1011.1797
1645466718511,1011.18164
1645466718551,1011.229
1645466718591,1011.19995
1645466718631,1011.20825
1645466718673,1011.2175
1645466718713,1011.25073
1645466718751,1011.2124
1645466718791,1011.1692
1645466718831,1011.2014
1645466718871,1011.2058
1645466718911,1011.1904
1645466718952,1011.2224
1645466718993,1011.1885
1645466719031,1011.25366
1645466719071,1011.2241
1645466719111,1011.2344
1645466719151,1011.22485
1645466719191,1011.2185
1645466719231,1011.25366
1645466719272,1011.2124
1645466719311,1011.23145
1645466719351,1011.25073
1645466719391,1011.2368
1645466719431,1011.2412
1645466719471,1011.2178
1645466719512,1011.2405
1645466719553,1011.2722
1645466719593,1011.23267
1645466719632,1011.26074
1645466719671,1011.2366
1645466719711,1011.2671
1645466719751,1011.24536
1645466719791,1011.2505
1645466719833,1011.22876
1645466719872,1011.2627
1645466719912,1011.23193
1645466719951,1011.24414
1645466719991,1011.21094
1645466720031,1011.26855
1645466720071,1011.27
1645466720113,1011.2593
1645466720153,1011.25854
1645466720193,1011.2556
1645466720232,1011.24927
1645466720271,1011.2566
1645466720311,1011.2656
1645466720351,1011.2517
1645466720391,1011.27026
1645466720431,1011.27026
1645466720473,1011.2954
1645466720512,1011.2334
1645466720551,1011.26514
1645466720591,1011.23267
1645466720631,1011.2168
1645466720671,1011.27295
1645466720713,1011.292
1645466720753,1011.2737
1645466720792,1011.2844
1645466720832,1011.2749
1645466720871,1011.3152
1645466720911,1011.272
1645466720951,1011.2759
1645466720991,1011.2693
1645466721031,1011.272
1645466721072,1011.28784
1645466721113,1011.2876
1645466721151,1011.28
1645466721191,1011.26514
1645466721231,1011.28784
1645466721271,1011.2739
1645466721313,1011.282
1645466721357,1011.2661
1645466721391,1011.2766
1645466721431,1011.3262
1645466721471,1011.2632
1645466721511,1011.28394
1645466721551,1011.27905
1645466721591,1011.2466
1645466721633,1011.3003
1645466721672,1011.2883
1645466721712,1011.2283
1645466721752,1011.2739
1645466721791,1011.2888
1645466721831,1011.2893
1645466721871,1011.2742
1645466721911,1011.2776
1645466721953,1011.26074
1645466721992,1011.25073
1645466722031,1011.272
1645466722071,1011.2908
1645466722111,1011.2798
1645466722151,1011.31616
1645466722193,1011.2634
1645466722233,1011.28564
1645466722273,1011.2627
1645466722311,1011.30273
1645466722351,1011.2832
1645466722391,1011.27783
1645466722431,1011.2549
1645466722471,1011.2478
1645466722512,1011.2959
1645466722552,1011.29126
1645466722591,1011.2893
1645466722631,1011.2908
1645466722671,1011.27905
1645466722711,1011.2827
1645466722751,1011.27734
1645466722791,1011.30884
1645466722833,1011.2854
1645466722872,1011.3003
1645466722911,1011.28564
1645466722951,1011.27686
1645466722991,1011.2844
1645466723031,1011.2522
1645466723071,1011.27246
1645466723111,1011.30493
1645466723151,1011.2417
1645466723192,1011.27954
1645466723231,1011.2739
1645466723271,1011.28345
1645466723311,1011.2783
1645466723351,1011.2417
1645466723391,1011.28296
1645466723432,1011.27246
1645466723475,1011.27563
1645466723512,1011.281
1645466723551,1011.2578
1645466723591,1011.29395
1645466723631,1011.27905
1645466723673,1011.2544
1645466723711,1011.27344
1645466723753,1011.2798
1645466723791,1011.2976
1645466723831,1011.3052
1645466723871,1011.2981
1645466723911,1011.26465
1645466723951,1011.3015
1645466723991,1011.28735
1645466724033,1011.3115
1645466724072,1011.2947
1645466724111,1011.2854
1645466724151,1011.29395
1645466724191,1011.3008
1645466724231,1011.2927
1645466724272,1011.27954
1645466724312,1011.3037
1645466724353,1011.27344
1645466724391,1011.2832
1645466724431,1011.31006
1645466724471,1011.2964
1645466724511,1011.29785
1645466724551,1011.26733
1645466724592,1011.2905
1645466724632,1011.2866
1645466724672,1011.3147
1645466724711,1011.29736
1645466724751,1011.2964
1645466724791,1011.28174
1645466724831,1011.2949
1645466724871,1011.2844
1645466724911,1011.2866
1645466724952,1011.3152
1645466724991,1011.26636
1645466725031,1011.30566
1645466725072,1011.2776
1645466725112,1011.29785
1645466725156,1011.30225
1645466725192,1011.29126
1645466725231,1011.3157
1645466725271,1011.3386
1645466725311,1011.3196
1645466725351,1011.2871
1645466725391,1011.3237
1645466725432,1011.3159
1645466725472,1011.29297
1645466725512,1011.2925
1645466725552,1011.31836
1645466725591,1011.2637
1645466725631,1011.3213
1645466725671,1011.2844
1645466725711,1011.312
1645466725752,1011.3025
1645466725792,1011.27344
1645466725832,1011.3252
1645466725872,1011.251
1645466725912,1011.28784
1645466725952,1011.30664
1645466725992,1011.3342
1645466726032,1011.3125
1645466726073,1011.3081
1645466726112,1011.28955
1645466726153,1011.3237
1645466726191,1011.2822
1645466726231,1011.3152
1645466726271,1011.2671
1645466726311,1011.28
1645466726353,1011.27515
1645466726392,1011.2949
1645466726431,1011.30566
1645466726471,1011.29565
1645466726511,1011.31714
1645466726551,1011.272
1645466726592,1011.29565
1645466726631,1011.29175
1645466726671,1011.271
1645466726712,1011.3191
1645466726752,1011.3152
1645466726792,1011.27246
1645466726831,1011.30835
1645466726872,1011.3179
1645466726911,1011.31665
1645466726951,1011.2883
1645466726992,1011.28
1645466727031,1011.3174
1645466727071,1011.2959
1645466727111,1011.28394
1645466727151,1011.2666
1645466727191,1011.3152
1645466727232,1011.3013
1645466727271,1011.3181
1645466727315,1011.2783
1645466727351,1011.30176
1645466727391,1011.30664
1645466727431,1011.3142
1645466727471,1011.28076
1645466727511,1011.32715
1645466727551,1011.3142
1645466727591,1011.3174
1645466727631,1011.2998
1645466727672,1011.28906
1645466727711,1011.3115
1645466727752,1011.2927
1645466727791,1011.303
1645466727832,1011.30664
1645466727871,1011.2444
1645466727912,1011.34814
1645466727961,1011.32715
1645466728079,1011.3059
1645466728079,1011.2827
1645466728079,1011.29175
1645466728132,1011.301
1645466728151,1011.3296
1645466728192,1011.2915
1645466728231,1011.29785
1645466728271,1011.322
1645466728311,1011.3052
1645466728351,1011.30566
1645466728391,1011.3113
1645466728434,1011.30615
1645466728475,1011.2825
1645466728512,1011.3125
1645466728551,1011.29126
1645466728591,1011.2754
1645466728634,1011.32935
1645466728671,1011.27734
1645466728712,1011.3108
1645466728753,1011.2776
1645466728792,1011.28076
1645466728832,1011.3159
1645466728871,1011.31714
1645466728979,1011.28687
1645466729015,1011.2959
1645466729055,1011.291
1645466729097,1011.2854
1645466729137,1011.2969
1645466729177,1011.271
1645466729216,1011.2993
1645466729255,1011.303
1645466729295,1011.31006
1645466729335,1011.31494
1645466729376,1011.3042
1645466729416,1011.2859
1645466729457,1011.3428
1645466729496,1011.27637
1645466729535,1011.2849
1645466729576,1011.2822
1645466729616,1011.31885
1645466729655,1011.30493
1645466729696,1011.28296
1645466729737,1011.303
1645466729776,1011.301
1645466729816,1011.3098
1645466729855,1011.29663
1645466729895,1011.2788
1645466729936,1011.2893
1645466729975,1011.31714
1645466730017,1011.2722
1645466730058,1011.2883
1645466730096,1011.3047
1645466730135,1011.2949
1645466730175,1011.2656
1645466730217,1011.2881
1645466730255,1011.27295
1645466730296,1011.3369
1645466730337,1011.2937
1645466730377,1011.2993
1645466730422,1011.3364
1645466730455,1011.3047
1645466730495,1011.33374
1645466730535,1011.30835
1645466730576,1011.303
1645466730616,1011.3357
1645466730656,1011.3157
1645466730696,1011.26953
1645466730736,1011.31055
1645466730775,1011.31836
1645466730816,1011.29346
1645466730855,1011.3237
1645466730896,1011.2617
1645466730937,1011.3003
1645466730976,1011.323
1645466731016,1011.33545
1645466731055,1011.281
1645466731095,1011.31396
1645466731135,1011.2954
1645466731176,1011.3159
1645466731217,1011.29565
1645466731257,1011.26587
1645466731296,1011.2832
1645466731335,1011.2815
1645466731375,1011.33276
1645466731415,1011.30835
1645466731456,1011.35474
1645466731496,1011.3091
1645466731537,1011.2976
1645466731576,1011.3054
1645466731615,1011.2693
1645466731655,1011.31226
1645466731695,1011.2925
1645466731735,1011.291
1645466731776,1011.312
1645466731816,1011.3186
1645466731856,1011.30493
1645466731896,1011.2932
1645466731936,1011.3323
1645466731975,1011.2993
1645466732015,1011.3059
1645466732057,1011.28955
1645466732097,1011.3103
1645466732136,1011.3042
1645466732176,1011.28174
1645466732216,1011.32886
1645466732255,1011.3013
1645466732295,1011.3115
1645466732335,1011.31494
1645466732376,1011.2981
1645466732416,1011.2888
1645466732456,1011.29614
1645466732495,1011.30566
1645466732535,1011.2937
1645466732576,1011.3203
1645466732616,1011.3386
1645466732656,1011.2776
1645466732696,1011.29834
1645466732736,1011.3108
1645466732788,1011.2971
1645466732816,1011.31885
1645466732856,1011.3086
1645466732896,1011.3169
1645466732935,1011.28296
1645466732976,1011.2991
1645466733016,1011.31006
1645466733056,1011.2588
1645466733096,1011.2749
1645466733136,1011.29834
1645466733175,1011.2754
1645466733215,1011.3032
1645466733256,1011.3069
1645466733296,1011.2612
1645466733337,1011.2988
1645466733375,1011.30347
1645466733416,1011.2964
1645466733455,1011.2815
1645466733495,1011.29517
1645466733535,1011.333
1645466733577,1011.31006
1645466733617,1011.3181
1645466733656,1011.31494
1645466733695,1011.27954
1645466733735,1011.3362
1645466733775,1011.29175
1645466733816,1011.30176
1645466733857,1011.2754
1645466733896,1011.3015
1645466733936,1011.28955
1645466733975,1011.29517
1645466734015,1011.30347
1645466734055,1011.32544
1645466734095,1011.25903
1645466734136,1011.30347
1645466734176,1011.2744
1645466734216,1011.3174
1645466734257,1011.3125
1645466734295,1011.281
1645466734335,1011.3154
1645466734375,1011.29395
1645466734415,1011.3093
1645466734456,1011.2671
1645466734496,1011.3374
1645466734536,1011.2976
1645466734576,1011.3113
1645466734616,1011.31226
1645466734655,1011.30347
1645466734695,1011.3264
1645466734736,1011.2947
1645466734778,1011.2637
1645466734816,1011.3157
1645466734856,1011.32275
1645466734895,1011.2759
1645466734935,1011.2693
1645466734976,1011.31323
1645466735016,1011.3247
1645466735057,1011.27905
1645466735097,1011.3091
1645466735136,1011.28784
1645466735175,1011.2969
1645466735215,1011.3203
1645466735256,1011.3096
1645466735296,1011.30347
1645466735336,1011.3352
1645466735376,1011.3169
1645466735416,1011.3196
1645466735458,1011.3125
1645466735495,1011.282
1645466735535,1011.3069
1645466735575,1011.3396
1645466735616,1011.3364
1645466735657,1011.29395
1645466735697,1011.3013
1645466735736,1011.32495
1645466735775,1011.3054
1645466735815,1011.3152
1645466735856,1011.3159
1645466735896,1011.3447
1645466735936,1011.2942
1645466735977,1011.3003
1645466736016,1011.2766
1645466736056,1011.3301
1645466736095,1011.3352
1645466736135,1011.3054
1645466736176,1011.27905
1645466736216,1011.29956
1645466736256,1011.2893
1645466736296,1011.3125
1645466736336,1011.32446
1645466736375,1011.3108
1645466736415,1011.2971
1645466736455,1011.3152
1645466736495,1011.29004
1645466736537,1011.30273
1645466736578,1011.30396
1645466736617,1011.2832
1645466736655,1011.33496
1645466736695,1011.31665
1645466736735,1011.3069
1645466736776,1011.3071
1645466736817,1011.31616
1645466736857,1011.302
1645466736897,1011.282
1645466736935,1011.28784
1645466736975,1011.2883
1645466737015,1011.29224
1645466737055,1011.281
1645466737096,1011.29614
1645466737137,1011.3032
1645466737176,1011.3181
1645466737216,1011.3115
1645466737255,1011.33105
1645466737295,1011.33325
1645466737335,1011.2715
1645466737375,1011.291
1645466737416,1011.3147
1645466737456,1011.3059
1645466737497,1011.29663
1645466737536,1011.32495
1645466737576,1011.2988
1645466737615,1011.302
1645466737655,1011.31274
1645466737696,1011.29004
1645466737736,1011.2832
1645466737778,1011.3003
1645466737815,1011.2947
1645466737855,1011.30664
1645466737895,1011.3032
1645466737935,1011.2964
1645466737975,1011.2964
1645466738016,1011.3098
1645466738057,1011.3259
1645466738096,1011.2959
1645466738136,1011.29956
1645466738175,1011.282
1645466738215,1011.3096
1645466738255,1011.3218
1645466738298,1011.3081
1645466738336,1011.3513
1645466738376,1011.281
1645466738415,1011.3391
1645466738455,1011.2876
1645466738495,1011.26953
1645466738535,1011.2754
1645466738576,1011.28516
1645466738616,1011.3071
1645466738656,1011.32446
1645466738697,1011.2771
1645466738736,1011.2937
1645466738775,1011.3218
1645466738815,1011.3103
1645466738857,1011.29736
1645466738897,1011.3274
1645466738936,1011.3025
1645466738976,1011.33325
1645466739016,1011.28735
1645466739055,1011.3303
1645466739095,1011.303
1645466739135,1011.29736
1645466739176,1011.29126
1645466739217,1011.3047
1645466739256,1011.27515
1645466739296,1011.32007
1645466739335,1011.29126
1645466739375,1011.30176
1645466739415,1011.31274
1645466739455,1011.2871
1645466739496,1011.27954
1645466739536,1011.33276
1645466739576,1011.2849
1645466739615,1011.27734
1645466739655,1011.31665
1645466739695,1011.30273
1645466739735,1011.32275
1645466739776,1011.33325
1645466739816,1011.3157
1645466739856,1011.2954
1645466739896,1011.2942
1645466739935,1011.3401
1645466739975,1011.2803
1645466740015,1011.3191
1645466740056,1011.2739
1645466740096,1011.3367
1645466740136,1011.2837
1645466740176,1011.3191
1645466740216,1011.3274
1645466740255,1011.3159
1645466740296,1011.3108
1645466740336,1011.2988
1645466740376,1011.27563
1645466740417,1011.2837
1645466740456,1011.30835
1645466740495,1011.2825
1645466740535,1011.3047
1645466740575,1011.3064
1645466740616,1011.323
1645466740656,1011.34985
1645466740696,1011.3015
1645466740736,1011.3611
1645466740776,1011.33203
1645466740816,1011.345
1645466740855,1011.31665
1645466740895,1011.34595
1645466740936,1011.3264
1645466740976,1011.3218
1645466741016,1011.3428
1645466741056,1011.3335
1645466741096,1011.3357
1645466741135,1011.3235
1645466741175,1011.26733
1645466741216,1011.3347
1645466741257,1011.31055
1645466741297,1011.30615
1645466741337,1011.3159
1645466741376,1011.3408
1645466741416,1011.3281
1645466741455,1011.3318
1645466741495,1011.31616
1645466741535,1011.2988
1645466741577,1011.3257
1645466741616,1011.2727
1645466741656,1011.3474
1645466741695,1011.3069
1645466741735,1011.29395
1645466741775,1011.3052
1645466741815,1011.3176
1645466741857,1011.28784
1645466741896,1011.3203
1645466741936,1011.3157
1645466741976,1011.2998
1645466742015,1011.32886
1645466742056,1011.3218
1645466742095,1011.32446
1645466742135,1011.3257
1645466742176,1011.29346
1645466742217,1011.33325
1645466742256,1011.35547
1645466742295,1011.3098
1645466742336,1011.3186
1645466742376,1011.3325
1645466742415,1011.3152
1645466742457,1011.3213
1645466742496,1011.33325
1645466742536,1011.33105
1645466742576,1011.29224
1645466742615,1011.29736
1645466742655,1011.2827
1645466742695,1011.30884
1645466742736,1011.31714
1645466742776,1011.3047
1645466742817,1011.322
1645466742856,1011.3279
1645466742895,1011.31494
1645466742935,1011.29297
1645466742975,1011.29785
1645466743015,1011.3296
1645466743056,1011.31274
1645466743097,1011.3076
1645466743136,1011.29297
1645466743175,1011.2827
1645466743215,1011.2991
1645466743255,1011.30835
1645466743295,1011.33545
1645466743337,1011.3296
1645466743377,1011.31177
1645466743416,1011.3076
1645466743456,1011.3369
1645466743495,1011.30005
1645466743535,1011.3013
1645466743575,1011.2893
1645466743615,1011.2981
1645466743656,1011.29004
1645466743696,1011.30566
1645466743736,1011.29224
1645466743776,1011.30444
1645466743815,1011.30786
1645466743855,1011.32935
1645466743895,1011.32495
1645466743936,1011.33276
1645466743976,1011.302
1645466744017,1011.30176
1645466744056,1011.2883
1645466744095,1011.2949
1645466744135,1011.3259
1645466744175,1011.3186
1645466744216,1011.2949
1645466744257,1011.3157
1645466744296,1011.3154
1645466744337,1011.32544
1645466744375,1011.3108
1645466744415,1011.3191
1645466744455,1011.3008
1645466744496,1011.32495
1645466744537,1011.30444
1645466744577,1011.3423
1645466744617,1011.3218
1645466744656,1011.312
1645466744695,1011.3303
1645466744735,1011.3225
1645466744775,1011.3125
1645466744817,1011.31323
1645466744856,1011.2991
1645466744896,1011.3169
1645466744936,1011.2932
1645466744976,1011.2908
1645466745015,1011.3091
1645466745055,1011.3032
1645466745095,1011.27563
1645466745136,1011.29785
1645466745177,1011.2871
1645466745216,1011.27954
1645466745256,1011.2986
1645466745295,1011.2888
1645466745335,1011.3191
1645466745376,1011.30347
1645466745417,1011.3093
1645466745456,1011.2971
1645466745496,1011.30054
1645466745535,1011.2876
1645466745575,1011.2981
1645466745615,1011.2903
1645466745655,1011.29614
1645466745697,1011.3247
1645466745736,1011.2793
1645466745776,1011.2969
1645466745816,1011.2761
1645466745855,1011.2986
1645466745895,1011.3098
1645466745935,1011.2969
1645466745975,1011.30005
1645466746017,1011.2825
1645466746056,1011.29224
1645466746096,1011.3247
1645466746136,1011.2942
1645466746175,1011.3015
1645466746215,1011.31055
1645466746255,1011.2842
1645466746296,1011.2825
1645466746336,1011.28687
1645466746376,1011.2898
1645466746415,1011.3262
1645466746455,1011.3059
1645466746495,1011.2776
1645466746535,1011.31836
1645466746576,1011.2949
1645466746617,1011.2737
1645466746657,1011.31396
1645466746695,1011.3003
1645466746735,1011.3115
1645466746775,1011.3008
1645466746817,1011.35425
1645466746857,1011.32007
1645466746897,1011.2976
1645466746937,1011.3025
1645466746977,1011.2732
1645466747016,1011.2842
1645466747055,1011.2893
1645466747095,1011.2976
1645466747135,1011.3108
1645466747176,1011.2976
1645466747217,1011.2859
1645466747256,1011.30225
1645466747296,1011.3042
1645466747335,1011.27637
1645466747376,1011.3081
1645466747415,1011.32056
1645466747456,1011.3303
1645466747496,1011.3047
1645466747536,1011.3323
1645466747577,1011.3164
1645466747615,1011.33716
1645466747655,1011.2954
1645466747695,1011.2905
1645466747735,1011.3562
1645466747776,1011.3179
1645466747816,1011.2898
1645466747856,1011.32007
1645466747896,1011.30396
1645466747936,1011.2991
1645466747975,1011.303
1645466748017,1011.3203
1645466748055,1011.3584
1645466748096,1011.3174
1645466748136,1011.37524
1645466748177,1011.30347
1645466748215,1011.3428
1645466748255,1011.324
1645466748295,1011.3374
1645466748335,1011.33594
1645466748376,1011.3469
1645466748416,1011.343
1645466748458,1011.33276
1645466748496,1011.33545
1645466748536,1011.33594
1645466748575,1011.30615
1645466748615,1011.3633
1645466748656,1011.36743
1645466748696,1011.3606
1645466748736,1011.3867
1645466748776,1011.3501
1645466748816,1011.35986
1645466748855,1011.3616
1645466748895,1011.37036
1645466748935,1011.38354
1645466748976,1011.3545
1645466749016,1011.3679
1645466749056,1011.3872
1645466749095,1011.3618
1645466749135,1011.3633
1645466749175,1011.3633
1645466749215,1011.40967
1645466749256,1011.3843
1645466749297,1011.34985
1645466749336,1011.36816
1645466749376,1011.35913
1645466749415,1011.376
1645466749455,1011.3613
1645466749495,1011.37354
1645466749535,1011.35034
1645466749576,1011.3723
1645466749616,1011.376
1645466749656,1011.39453
1645466749695,1011.3992
1645466749735,1011.4053
1645466749776,1011.39087
1645466749815,1011.36914
1645466749857,1011.40674
1645466749896,1011.4131
1645466749936,1011.3933
1645466749977,1011.38354
1645466750015,1011.39575
1645466750056,1011.3933
1645466750095,1011.42334
1645466750135,1011.427
1645466750176,1011.3867
1645466750216,1011.44556
1645466750256,1011.4221
1645466750296,1011.4104
1645466750335,1011.42676
1645466750375,1011.4331
1645466750415,1011.4077
1645466750457,1011.41016
1645466750496,1011.39087
1645466750536,1011.40576
1645466750576,1011.4282
1645466750615,1011.4448
1645466750655,1011.4414
1645466750696,1011.426
1645466750736,1011.46216
1645466750777,1011.4375
1645466750816,1011.42944
1645466750856,1011.44653
1645466750897,1011.44116
1645466750935,1011.44653
1645466750975,1011.44775
1645466751015,1011.4585
1645466751056,1011.4519
1645466751097,1011.43506
1645466751136,1011.4541
1645466751175,1011.44946
1645466751215,1011.4485
1645466751255,1011.45874
1645466751295,1011.4597
1645466751337,1011.46924
1645466751376,1011.4265
1645466751418,1011.47046
1645466751456,1011.4834
1645466751495,1011.45435
1645466751535,1011.45996
1645466751575,1011.47266
1645466751615,1011.47217
1645466751657,1011.4612
1645466751696,1011.48267
1645466751736,1011.511
1645466751775,1011.4568
1645466751815,1011.45337
1645466751855,1011.50146
1645466751895,1011.47974
1645466751936,1011.49756
1645466751976,1011.5051
1645466752017,1011.46924
1645466752056,1011.4419
1645466752096,1011.5012
1645466752135,1011.5
1645466752175,1011.5283
1645466752216,1011.5176
1645466752257,1011.5178
1645466752296,1011.50415
1645466752336,1011.5032
1645466752375,1011.52
1645466752415,1011.5078
1645466752455,1011.4812
1645466752495,1011.51294
1645466752537,1011.48364
1645466752576,1011.5083
1645466752616,1011.4966
1645466752658,1011.5073
1645466752695,1011.51245
1645466752735,1011.5044
1645466752775,1011.5154
1645466752817,1011.50903
1645466752858,1011.5049
1645466752897,1011.4846
1645466752936,1011.5281
1645466752976,1011.52905
1645466753015,1011.51636
1645466753055,1011.5593
1645466753096,1011.51587
1645466753137,1011.5056
1645466753177,1011.55347
1645466753217,1011.5488
1645466753255,1011.52344
1645466753295,1011.5366
1645466753335,1011.5481
1645466753375,1011.531
1645466753417,1011.53516
1645466753457,1011.5591
1645466753497,1011.5513
1645466753536,1011.5249
1645466753575,1011.5383
1645466753615,1011.5337
1645466753655,1011.50635
1645466753696,1011.54346
1645466753735,1011.5574
1645466753777,1011.54956
1645466753817,1011.5508
1645466753855,1011.54785
1645466753895,1011.50684
1645466753935,1011.5764
1645466753975,1011.5381
1645466754017,1011.53345
1645466754056,1011.5779
1645466754096,1011.5344
1645466754136,1011.5508
1645466754175,1011.5581
1645466754215,1011.56445
1645466754255,1011.56616
1645466754297,1011.5764
1645466754337,1011.5469
1645466754376,1011.5669
1645466754416,1011.5703
1645466754456,1011.5593
1645466754495,1011.57056
1645466754535,1011.5642
1645466754576,1011.5657
1645466754617,1011.57935
1645466754656,1011.584
1645466754696,1011.5725
1645466754735,1011.57007
1645466754775,1011.53613
1645466754815,1011.59595
1645466754857,1011.605
1645466754897,1011.5513
1645466754937,1011.5752
1645466754977,1011.5845
1645466755015,1011.60254
1645466755055,1011.5896
1645466755095,1011.58496
1645466755135,1011.572
1645466755176,1011.56274
1645466755217,1011.5508
1645466755257,1011.5869
1645466755296,1011.6018
1645466755336,1011.5574
1645466755375,1011.5762
1645466755415,1011.57983
1645466755455,1011.61206
1645466755496,1011.62354
1645466755536,1011.58545
1645466755576,1011.55396
1645466755616,1011.5825
1645466755656,1011.60205
1645466755695,1011.58203
1645466755736,1011.5996
1645466755777,1011.58496
1645466755817,1011.57715
1645466755856,1011.61475
1645466755896,1011.6155
1645466755935,1011.6138
1645466755975,1011.6101
1645466756015,1011.5774
1645466756056,1011.60547
1645466756096,1011.61035
1645466756137,1011.59863
1645466756177,1011.6013
1645466756216,1011.6194
1645466756255,1011.6372
1645466756295,1011.59326
1645466756336,1011.5867
1645466756376,1011.5974
1645466756417,1011.58105
1645466756456,1011.6216
1645466756495,1011.6074
1645466756535,1011.6067
1645466756575,1011.5366
1645466756615,1011.604
1645466756656,1011.60596
1645466756697,1011.61914
1645466756736,1011.60864
1645466756776,1011.57666
1645466756815,1011.6282
1645466756855,1011.62524
1645466756895,1011.5957
1645466756936,1011.6113
1645466756976,1011.5862
1645466757016,1011.57935
1645466757056,1011.60693
1645466757095,1011.5698
1645466757135,1011.57935
1645466757175,1011.58105
1645466757215,1011.55884
1645466757256,1011.5781
1645466757298,1011.5918
1645466757336,1011.5908
1645466757376,1011.5786
1645466757415,1011.57886
1645466757456,1011.603
1645466757496,1011.58105
1645466757535,1011.60034
1645466757576,1011.59546
1645466757616,1011.60645
1645466757657,1011.60254
1645466757695,1011.6006
1645466757735,1011.5762
1645466757775,1011.6228
1645466757815,1011.63257
1645466757856,1011.5996
1645466757896,1011.62427
1645466757936,1011.59814
1645466757976,1011.6023
1645466758015,1011.60864
1645466758055,1011.61914
1645466758097,1011.65845
1645466758136,1011.66724
1645466758176,1011.6094
1645466758217,1011.60815
1645466758256,1011.6062
1645466758295,1011.60254
1645466758335,1011.5791
1645466758375,1011.6116
1645466758416,1011.6172
1645466758456,1011.5974
1645466758496,1011.57837
1645466758537,1011.6072
1645466758576,1011.626
1645466758615,1011.6011
1645466758655,1011.58936
1645466758695,1011.64624
1645466758737,1011.62134
1645466758777,1011.5708
1645466758817,1011.6008
1645466758856,1011.593
1645466758895,1011.5857
1645466758935,1011.6094
1645466758975,1011.6362
1645466759015,1011.6023
1645466759057,1011.6487
1645466759097,1011.69507
1645466759137,1011.65356
1645466759175,1011.60864
1645466759215,1011.614
1645466759255,1011.5845
1645466759296,1011.5979
1645466759336,1011.68604
1645466759376,1011.7007
1645466759416,1011.61206
1645466759456,1011.61255
1645466759495,1011.5752
1645466759535,1011.6094
1645466759575,1011.5696
1645466759616,1011.6028
1645466759657,1011.60913
1645466759696,1011.68994
1645466759736,1011.61914
1645466759775,1011.67896
1645466759815,1011.6753
1645466759855,1011.5947
1645466759896,1011.5681
1645466759936,1011.6277
1645466759977,1011.6936
1645466760016,1011.657
1645466760056,1011.69946
1645466760095,1011.58936
1645466760135,1011.6057
1645466760175,1011.4656
1645466760217,1011.54395
1645466760257,1011.62354
1645466760297,1011.6211
1645466760337,1011.6028
1645466760375,1011.55273
1645466760415,1011.6897
1645466760455,1011.89307
1645466760495,1012.1033
1645466760536,1011.94604
1645466760578,1011.7644
1645466760617,1011.7942
1645466760655,1011.83325
1645466760695,1011.5686
1645466760735,1011.3762
1645466760775,1011.2798
1645466760816,1011.3701
1645466760856,1011.3135
1645466760896,1011.37427
1645466760935,1011.4636
1645466760975,1011.54175
1645466761015,1011.36304
1645466761055,1011.209
1645466761096,1011.2588
1645466761136,1011.42847
1645466761178,1011.6045
1645466761216,1011.5835
1645466761255,1011.5637
1645466761295,1011.5327
1645466761335,1011.5674
1645466761375,1011.5764
1645466761418,1011.5681
1645466761457,1011.54126
1645466761497,1011.57104
1645466761536,1011.5803
1645466761575,1011.5725
1645466761615,1011.5559
1645466761655,1011.57446
1645466761697,1011.59326
1645466761737,1011.5288
1645466761776,1011.54736
1645466761816,1011.5576
1645466761855,1011.58765
1645466761899,1011.53564
1645466761937,1011.5659
1645466761979,1011.60156
1645466762023,1011.56494
1645466762069,1011.58325
1645466762096,1011.6101
1645466762135,1011.5757
1645466762186,1011.58594
1645466762227,1011.5491
1645466762268,1011.6067
1645466762307,1011.59766
1645466762348,1011.5906
1645466762388,1011.56714
1645466762428,1011.57666
1645466762468,1011.60205
1645466762508,1011.5737
1645466762549,1011.5596
1645466762588,1011.5742
1645466762629,1011.605
1645466762668,1011.6841
1645466762709,1011.57544
1645466762748,1011.55176
1645466762788,1011.5764
1645466762828,1011.5708
1645466762869,1011.54517
1645466762909,1011.59814
1645466762949,1011.5676
1645466762988,1011.5974
1645466763029,1011.5774
1645466763068,1011.5625
1645466763108,1011.60596
1645466763149,1011.57007
1645466763189,1011.58594
1645466763229,1011.58105
1645466763272,1011.56104
1645466763308,1011.5896
1645466763351,1011.5847
1645466763388,1011.57007
1645466763428,1011.6067
1645466763470,1011.5957
1645466763509,1011.6211
1645466763549,1011.5469
1645466763588,1011.56836
1645466763628,1011.5532
1645466763668,1011.5845
1645466763708,1011.55054
1645466763749,1011.56323
1645466763789,1011.5867
1645466763830,1011.6194
1645466763869,1011.5779
1645466763908,1011.5842
1645466763948,1011.5891
1645466763988,1011.5603
1645466764028,1011.5713
1645466764069,1011.58374
1645466764110,1011.6301
1645466764149,1011.5925
1645466764188,1011.5869
1645466764235,1011.6001
1645466764319,1011.6111
1645466764319,1011.6006
1645466764364,1011.57446
1645466764395,1011.573
1645466764429,1011.60547
1645466764471,1011.59863
1645466764511,1011.5891
1645466764548,1011.56177
1645466764588,1011.6294
1645466764630,1011.6116
1645466764669,1011.60547
1645466764709,1011.5935
1645466764748,1011.5735
1645466764788,1011.5925
1645466764828,1011.59985
1645466764868,1011.6267
1645466764908,1011.6155
1645466764948,1011.57983
1645466764989,1011.6111
1645466765028,1011.61304
