1645064306623,1014.83545
1645064306682,1014.80493
1645064306696,1014.7932
1645064306736,1014.8325
1645064306776,1014.78906
1645064306815,1014.7915
1645064306855,1014.8181
1645064306896,1014.82153
1645064306936,1014.8467
1645064306976,1014.8042
1645064307017,1014.82056
1645064307055,1014.7859
1645064307095,1014.80786
1645064307135,1014.8396
1645064307177,1014.82056
1645064307216,1014.81226
1645064307256,1014.83936
1645064307301,1014.8225
1645064307338,1014.84644
1645064307375,1014.801
1645064307415,1014.79565
1645064307457,1014.7964
1645064307496,1014.84814
1645064307540,1014.8074
1645064307579,1014.81274
1645064307616,1014.82837
1645064307656,1014.7949
1645064307695,1014.7959
1645064307735,1014.77295
1645064307777,1014.8259
1645064307817,1014.80615
1645064307856,1014.802
1645064307895,1014.81226
1645064307938,1014.7964
1645064307975,1014.8408
1645064308015,1014.8037
1645064308057,1014.8164
1645064308097,1014.79004
1645064308138,1014.8401
1645064308176,1014.80005
1645064308216,1014.8262
1645064308255,1014.8335
1645064308296,1014.7815
1645064308335,1014.82227
1645064308377,1014.82104
1645064308418,1014.7949
1645064308469,1014.82886
1645064308500,1014.81177
1645064308557,1014.80835
1645064308576,1014.8213
1645064308616,1014.824
1645064308658,1014.8213
1645064308696,1014.8096
1645064308738,1014.78394
1645064308775,1014.7991
1645064308815,1014.79736
1645064308855,1014.8076
1645064308896,1014.82324
1645064308937,1014.8003
1645064308976,1014.83276
1645064309017,1014.801
1645064309056,1014.8047
1645064309095,1014.8003
1645064309135,1014.8142
1645064309176,1014.81494
1645064309216,1014.843
1645064309256,1014.8159
1645064309296,1014.7893
1645064309335,1014.8257
1645064309375,1014.80835
1645064309415,1014.82153
1645064309455,1014.7898
1645064309496,1014.8574
1645064309536,1014.812
1645064309577,1014.8176
1645064309619,1014.80444
1645064309656,1014.8174
1645064309695,1014.802
1645064309735,1014.80615
1645064309778,1014.79565
1645064309816,1014.8076
1645064309857,1014.81714
1645064309896,1014.8335
1645064309937,1014.8086
1645064309976,1014.75366
1645064310015,1014.84204
1645064310060,1014.7478
1645064310097,1014.79956
1645064310136,1014.8093
1645064310176,1014.81445
1645064310215,1014.82007
1645064310255,1014.81445
1645064310296,1014.8135
1645064310336,1014.81274
1645064310376,1014.78076
1645064310417,1014.82056
1645064310457,1014.8054
1645064310497,1014.7793
1645064310548,1014.83813
1645064310576,1014.79346
1645064310617,1014.80347
1645064310658,1014.8335
1645064310695,1014.8357
1645064310735,1014.8086
1645064310776,1014.7932
1645064310815,1014.80493
1645064310855,1014.83203
1645064310895,1014.812
1645064310936,1014.7766
1645064310977,1014.82056
1645064311017,1014.78125
1645064311056,1014.8291
1645064311096,1014.7988
1645064311135,1014.8147
1645064311175,1014.81226
1645064311215,1014.81274
1645064311256,1014.79517
1645064311296,1014.8042
1645064311336,1014.7993
1645064311376,1014.80786
1645064311415,1014.8191
1645064311455,1014.81006
1645064311496,1014.79736
1645064311537,1014.802
1645064311578,1014.8196
1645064311618,1014.7932
1645064311656,1014.81323
1645064311698,1014.79785
1645064311735,1014.8347
1645064311775,1014.82275
1645064311816,1014.80884
1645064311856,1014.7927
1645064311896,1014.8098
1645064311938,1014.8191
1645064311976,1014.822
1645064312015,1014.8181
1645064312056,1014.78784
1645064312100,1014.7849
1645064312137,1014.7593
1645064312177,1014.80786
1645064312216,1014.7871
1645064312255,1014.8074
1645064312295,1014.8191
1645064312335,1014.80176
1645064312377,1014.82153
1645064312416,1014.7947
1645064312459,1014.8013
1645064312536,1014.8037
1645064312536,1014.824
1645064312603,1014.79956
1645064312615,1014.7993
1645064312655,1014.82007
1645064312697,1014.792
1645064312735,1014.80664
1645064312778,1014.8196
1645064312816,1014.8218
1645064312855,1014.80615
1645064312895,1014.8054
1645064312935,1014.7998
1645064312977,1014.7842
1645064313019,1014.81836
1645064313059,1014.82715
1645064313096,1014.7798
1645064313136,1014.80786
1645064313176,1014.8196
1645064313215,1014.7783
1645064313257,1014.824
1645064313297,1014.80884
1645064313335,1014.8237
1645064313375,1014.8064
1645064313416,1014.82666
1645064313455,1014.7871
1645064313496,1014.8259
1645064313538,1014.8074
1645064313576,1014.8191
1645064313616,1014.8213
1645064313655,1014.81323
1645064313696,1014.8257
1645064313735,1014.8015
1645064313775,1014.8154
1645064313815,1014.8335
1645064313856,1014.8042
1645064313896,1014.7976
1645064313936,1014.80786
1645064313976,1014.82544
1645064314015,1014.80054
1645064314055,1014.7969
1645064314095,1014.81665
1645064314139,1014.80835
1645064314178,1014.8037
1645064314216,1014.8069
1645064314255,1014.8169
1645064314295,1014.7854
1645064314339,1014.78687
1645064314376,1014.82056
1645064314416,1014.79785
1645064314456,1014.7683
1645064314496,1014.81055
1645064314567,1014.8301
1645064314575,1014.80444
1645064314615,1014.77954
1645064314655,1014.83545
1645064314698,1014.78125
1645064314737,1014.7986
1645064314775,1014.8025
1645064314817,1014.8325
1645064314855,1014.8164
1645064314896,1014.79395
1645064314935,1014.8186
1645064314976,1014.7993
1645064315016,1014.80444
1645064315057,1014.80835
1645064315096,1014.8181
1645064315135,1014.81274
1645064315175,1014.81274
1645064315215,1014.78394
1645064315257,1014.8081
1645064315297,1014.7866
1645064315336,1014.7698
1645064315376,1014.80884
1645064315415,1014.7927
1645064315455,1014.8601
1645064315495,1014.7832
1645064315538,1014.82007
1645064315578,1014.7886
1645064315616,1014.7715
1645064315657,1014.7947
1645064315696,1014.8059
1645064315735,1014.8135
1645064315775,1014.82935
1645064315816,1014.8047
1645064315857,1014.81274
1645064315900,1014.80835
1645064315939,1014.8008
1645064315976,1014.78
1645064316016,1014.8086
1645064316057,1014.8225
1645064316095,1014.8054
1645064316136,1014.8142
1645064316176,1014.8032
1645064316216,1014.78955
1645064316261,1014.8335
1645064316295,1014.8076
1645064316335,1014.79736
1645064316375,1014.7971
1645064316416,1014.8237
1645064316457,1014.813
1645064316497,1014.8013
1645064316536,1014.8135
1645064316575,1014.81006
1645064316615,1014.80176
1645064316657,1014.80225
1645064316695,1014.81177
1645064316742,1014.82104
1645064316775,1014.8052
1645064316816,1014.7698
1645064316856,1014.7949
1645064316896,1014.81177
1645064316936,1014.7864
1645064316977,1014.8259
1645064317020,1014.82666
1645064317056,1014.79126
1645064317098,1014.83936
1645064317136,1014.7722
1645064317175,1014.79395
1645064317215,1014.7959
1645064317258,1014.82007
1645064317297,1014.8076
1645064317336,1014.8137
1645064317377,1014.801
1645064317416,1014.8015
1645064317456,1014.81104
1645064317495,1014.83276
1645064317535,1014.7959
1645064317576,1014.7688
1645064317616,1014.79297
1645064317659,1014.81885
1645064317697,1014.80835
1645064317735,1014.82275
1645064317775,1014.7805
1645064317815,1014.833
1645064317855,1014.79126
1645064317897,1014.7732
1645064317939,1014.7754
1645064317976,1014.81226
1645064318016,1014.8154
1645064318055,1014.8135
1645064318095,1014.8074
1645064318136,1014.8318
1645064318176,1014.79395
1645064318216,1014.79297
1645064318257,1014.8259
1645064318295,1014.8157
1645064318335,1014.73267
1645064318375,1014.8069
1645064318415,1014.74854
1645064318457,1014.77563
1645064318500,1014.7981
1645064318536,1014.82715
1645064318576,1014.803
1645064318615,1014.8008
1645064318655,1014.803
1645064318695,1014.78296
1645064318735,1014.7783
1645064318780,1014.803
1645064318816,1014.79175
1645064318856,1014.79395
1645064318895,1014.7749
1645064318935,1014.8103
1645064318975,1014.8098
1645064319016,1014.79443
1645064319057,1014.81006
1645064319096,1014.8052
1645064319137,1014.82495
1645064319176,1014.7932
1645064319215,1014.802
1645064319257,1014.8181
1645064319296,1014.8003
1645064319335,1014.8159
1645064319376,1014.8037
1645064319416,1014.79224
1645064319456,1014.80396
1645064319495,1014.7854
1645064319536,1014.8147
1645064319575,1014.7915
1645064319620,1014.78076
1645064319657,1014.8098
1645064319697,1014.8042
1645064319736,1014.8037
1645064319780,1014.7908
1645064319815,1014.8174
1645064319855,1014.791
1645064319896,1014.8115
1645064319936,1014.77856
1645064319977,1014.80176
1645064320017,1014.8181
1645064320056,1014.7991
1645064320096,1014.85645
1645064320136,1014.82007
1645064320176,1014.7739
1645064320218,1014.78564
1645064320256,1014.78467
1645064320296,1014.7617
1645064320335,1014.8218
1645064320376,1014.8237
1645064320415,1014.7905
1645064320455,1014.8213
1645064320497,1014.8274
1645064320539,1014.7937
1645064320576,1014.7815
1645064320616,1014.80566
1645064320656,1014.7964
1645064320695,1014.7976
1645064320735,1014.8069
1645064320782,1014.78394
1645064320817,1014.8135
1645064320858,1014.7588
1645064320895,1014.8003
1645064320935,1014.78784
1645064320975,1014.7803
1645064321015,1014.771
1645064321056,1014.80884
1645064321096,1014.7947
1645064321136,1014.8093
1645064321176,1014.7532
1645064321216,1014.75684
1645064321256,1014.801
1645064321295,1014.78345
1645064321335,1014.7927
1645064321375,1014.7683
1645064321416,1014.7991
1645064321457,1014.79297
1645064321495,1014.7749
1645064321535,1014.7908
1645064321575,1014.81665
1645064321616,1014.7927
1645064321657,1014.801
1645064321696,1014.78613
1645064321738,1014.7693
1645064321776,1014.772
1645064321815,1014.78613
1645064321855,1014.7705
1645064321896,1014.8059
1645064321937,1014.76636
1645064321979,1014.7886
1645064322018,1014.7705
1645064322055,1014.79956
1645064322095,1014.82446
1645064322135,1014.7776
1645064322175,1014.7876
1645064322215,1014.7612
1645064322257,1014.8003
1645064322298,1014.7849
1645064322335,1014.79565
1645064322375,1014.7759
1645064322416,1014.79614
1645064322455,1014.7739
1645064322496,1014.7893
1645064322536,1014.8047
1645064322577,1014.77686
1645064322616,1014.7832
1645064322655,1014.8213
1645064322697,1014.7986
1645064322738,1014.7688
1645064322782,1014.81396
1645064322815,1014.82007
1645064322858,1014.77026
1645064322896,1014.81445
1645064322936,1014.78564
1645064322976,1014.78906
1645064323016,1014.79785
1645064323055,1014.79175
1645064323096,1014.7859
1645064323139,1014.82495
1645064323177,1014.79004
1645064323217,1014.7825
1645064323255,1014.8052
1645064323306,1014.792
1645064323335,1014.78613
1645064323375,1014.7742
1645064323417,1014.77124
1645064323458,1014.7815
1645064323496,1014.80347
1645064323537,1014.7727
1645064323575,1014.7959
1645064323616,1014.80835
1645064323656,1014.78687
1645064323697,1014.74756
1645064323738,1014.8318
1645064323776,1014.7654
1645064323815,1014.80664
1645064323856,1014.7656
1645064323896,1014.7969
1645064323935,1014.80566
1645064323977,1014.7566
1645064324016,1014.78467
1645064324057,1014.8064
1645064324095,1014.78125
1645064324136,1014.772
1645064324176,1014.78687
1645064324215,1014.7837
1645064324257,1014.79004
1645064324304,1014.8098
1645064324338,1014.77954
1645064324376,1014.79297
1645064324416,1014.79834
1645064324455,1014.78516
1645064324495,1014.77954
1645064324539,1014.782
1645064324577,1014.7771
1645064324616,1014.8176
1645064324658,1014.8032
1645064324695,1014.80884
1645064324735,1014.81396
1645064324775,1014.8037
1645064324823,1014.8003
1645064324857,1014.79346
1645064324896,1014.80493
1645064324936,1014.7881
1645064324975,1014.81006
1645064325015,1014.7964
1645064325055,1014.82446
1645064325096,1014.7832
1645064325137,1014.77686
1645064325176,1014.7888
1645064325219,1014.7937
1645064325256,1014.8135
1645064325295,1014.8042
1645064325336,1014.7627
1645064325375,1014.7969
1645064325417,1014.77
1645064325458,1014.79443
1645064325499,1014.7993
1645064325537,1014.771
1645064325575,1014.79443
1645064325616,1014.8191
1645064325656,1014.8279
1645064325698,1014.80884
1645064325739,1014.7739
1645064325777,1014.7793
1645064325825,1014.77466
1645064325855,1014.8076
1645064325895,1014.7947
1645064325935,1014.7588
1645064325977,1014.77344
1645064326017,1014.771
1645064326056,1014.7866
1645064326096,1014.7993
1645064326136,1014.7937
1645064326176,1014.8113
1645064326217,1014.78076
1645064326255,1014.8113
1645064326299,1014.7947
1645064326337,1014.7844
1645064326376,1014.8008
1645064326417,1014.7717
1645064326455,1014.79614
1645064326495,1014.7627
1645064326535,1014.79663
1645064326578,1014.7998
1645064326617,1014.78687
1645064326659,1014.7739
1645064326696,1014.76196
1645064326735,1014.79443
1645064326775,1014.7549
1645064326818,1014.75586
1645064326856,1014.80615
1645064326896,1014.8003
1645064326938,1014.7783
1645064326976,1014.7866
1645064327016,1014.7898
1645064327055,1014.812
1645064327096,1014.79834
1645064327136,1014.76904
1645064327177,1014.80176
1645064327217,1014.76733
1645064327256,1014.7754
1645064327295,1014.8137
1645064327345,1014.7866
1645064327376,1014.80273
1645064327415,1014.7676
1645064327457,1014.78076
1645064327496,1014.771
1645064327538,1014.78076
1645064327576,1014.8191
1645064327616,1014.78955
1645064327656,1014.7844
1645064327695,1014.73145
1645064327737,1014.78613
1645064327777,1014.8047
1645064327823,1014.78125
1645064327858,1014.7871
1645064327895,1014.76953
1645064327936,1014.79663
1645064327977,1014.78564
1645064328018,1014.80176
1645064328056,1014.7744
1645064328097,1014.7971
1645064328136,1014.78467
1645064328178,1014.7942
1645064328216,1014.7766
1645064328256,1014.7866
1645064328298,1014.78394
1645064328341,1014.74243
1645064328376,1014.7622
1645064328416,1014.74023
1645064328456,1014.7449
1645064328495,1014.7661
1645064328535,1014.77075
1645064328577,1014.7549
1645064328616,1014.78125
1645064328657,1014.78516
1645064328696,1014.8103
1645064328736,1014.7864
1645064328776,1014.80396
1645064328815,1014.77466
1645064328855,1014.8064
1645064328896,1014.7905
1645064328939,1014.7793
1645064328978,1014.78296
1645064329016,1014.80347
1645064329055,1014.77563
1645064329095,1014.7886
1645064329135,1014.7744
1645064329178,1014.792
1645064329218,1014.7925
1645064329256,1014.77856
1645064329296,1014.75586
1645064329335,1014.77954
1645064329378,1014.78687
1645064329416,1014.7937
1645064329459,1014.76685
1645064329496,1014.79395
1645064329536,1014.7866
1645064329578,1014.7803
1645064329617,1014.76685
1645064329655,1014.79297
1645064329695,1014.75977
1645064329735,1014.7776
1645064329781,1014.76953
1645064329816,1014.7991
1645064329855,1014.80615
1645064329895,1014.8091
1645064329936,1014.78906
1645064329976,1014.8015
1645064330016,1014.7612
1645064330057,1014.7749
1645064330100,1014.772
1645064330139,1014.79126
1645064330176,1014.7815
1645064330216,1014.7942
1645064330256,1014.7717
1645064330296,1014.7886
1645064330337,1014.7981
1645064330376,1014.7988
1645064330417,1014.7991
1645064330458,1014.78564
1645064330495,1014.822
1645064330535,1014.78784
1645064330575,1014.79175
1645064330617,1014.80835
1645064330656,1014.7949
1645064330700,1014.7803
1645064330736,1014.7595
1645064330775,1014.7886
1645064330815,1014.75195
1645064330855,1014.76196
1645064330895,1014.81055
1645064330940,1014.78125
1645064330979,1014.8015
1645064331016,1014.77
1645064331056,1014.7988
1645064331096,1014.79785
1645064331135,1014.78784
1645064331175,1014.7832
1645064331218,1014.7825
1645064331256,1014.75366
1645064331296,1014.7827
1645064331335,1014.802
1645064331375,1014.7949
1645064331415,1014.7612
1645064331457,1014.77026
1645064331497,1014.79517
1645064331537,1014.7893
1645064331576,1014.781
1645064331616,1014.7766
1645064331656,1014.78
1645064331695,1014.7988
1645064331735,1014.8262
1645064331776,1014.76904
1645064331817,1014.7766
1645064331859,1014.77905
1645064331898,1014.7864
1645064331935,1014.7932
1645064331976,1014.7781
1645064332015,1014.77026
1645064332057,1014.76807
1645064332098,1014.7722
1645064332137,1014.79297
1645064332177,1014.77954
1645064332215,1014.7903
1645064332255,1014.7639
1645064332295,1014.80225
1645064332336,1014.7827
1645064332379,1014.76953
1645064332416,1014.7749
1645064332456,1014.7903
1645064332499,1014.8096
1645064332535,1014.8362
1645064332576,1014.77856
1645064332616,1014.7744
1645064332656,1014.81055
1645064332696,1014.7527
1645064332736,1014.771
1645064332776,1014.80884
1645064332815,1014.7886
1645064332855,1014.7761
1645064332896,1014.79175
1645064332936,1014.77124
1645064332978,1014.7905
1645064333017,1014.78687
1645064333056,1014.7627
1645064333095,1014.782
1645064333135,1014.772
1645064333176,1014.7937
1645064333216,1014.8115
1645064333261,1014.7886
1645064333296,1014.78564
1645064333335,1014.7549
1645064333375,1014.80225
1645064333416,1014.7903
1645064333456,1014.79224
1645064333496,1014.79736
1645064333536,1014.7805
1645064333576,1014.7749
1645064333615,1014.75854
1645064333656,1014.7666
1645064333695,1014.7622
1645064333736,1014.80005
1645064333776,1014.78296
1645064333818,1014.77734
1645064333856,1014.77124
1645064333897,1014.7864
1645064333935,1014.76733
1645064333975,1014.76636
1645064334015,1014.7766
1645064334055,1014.8147
1645064334097,1014.8137
1645064334136,1014.76953
1645064334176,1014.77466
1645064334216,1014.7749
1645064334255,1014.77075
1645064334296,1014.7947
1645064334335,1014.80566
1645064334375,1014.7588
1645064334416,1014.7551
1645064334456,1014.7742
1645064334496,1014.7881
1645064334535,1014.77734
1645064334575,1014.7698
1645064334615,1014.78735
1645064334657,1014.81885
1645064334700,1014.78394
1645064334737,1014.7571
1645064334776,1014.7551
1645064334815,1014.7556
1645064334858,1014.7771
1645064334895,1014.7827
1645064334935,1014.8286
1645064334976,1014.7842
1645064335016,1014.78174
1645064335056,1014.7727
1645064335095,1014.7849
1645064335135,1014.77856
1645064335175,1014.8047
1645064335215,1014.7905
1645064335258,1014.7517
1645064335297,1014.7905
1645064335336,1014.81104
1645064335378,1014.7827
1645064335415,1014.7605
1645064335457,1014.79785
1645064335495,1014.77856
1645064335536,1014.782
1645064335578,1014.7915
1645064335617,1014.7915
1645064335656,1014.7888
1645064335695,1014.80444
1645064335735,1014.7991
1645064335776,1014.78613
1645064335815,1014.79956
1645064335857,1014.75
1645064335897,1014.77686
1645064335936,1014.79004
1645064335976,1014.77905
1645064336016,1014.8047
1645064336056,1014.78516
1645064336096,1014.7717
1645064336136,1014.75977
1645064336179,1014.7676
1645064336216,1014.75903
1645064336255,1014.7539
1645064336295,1014.7761
1645064336335,1014.7561
1645064336376,1014.803
1645064336417,1014.80273
1645064336456,1014.7759
1645064336496,1014.7749
1645064336536,1014.8103
1645064336575,1014.7915
1645064336618,1014.7339
1645064336655,1014.7661
1645064336697,1014.772
1645064336736,1014.7566
1645064336777,1014.7478
1645064336816,1014.7927
1645064336856,1014.7766
1645064336896,1014.7539
1645064336935,1014.7754
1645064336976,1014.7937
1645064337019,1014.7737
1645064337059,1014.7903
1645064337096,1014.7461
1645064337135,1014.76855
1645064337175,1014.75757
1645064337216,1014.78125
1645064337255,1014.7617
1645064337298,1014.76587
1645064337336,1014.7942
1645064337378,1014.7998
1645064337415,1014.7905
1645064337456,1014.7688
1645064337495,1014.8098
1645064337536,1014.7949
1645064337576,1014.76074
1645064337616,1014.7888
1645064337656,1014.7698
1645064337696,1014.7766
1645064337736,1014.72876
1645064337777,1014.78
1645064337815,1014.7637
1645064337857,1014.7949
1645064337897,1014.74585
1645064337939,1014.771
1645064337978,1014.7988
1645064338016,1014.8052
1645064338055,1014.7805
1645064338097,1014.78125
1645064338136,1014.79443
1645064338179,1014.7583
1645064338217,1014.7522
1645064338256,1014.77295
1645064338295,1014.7678
1645064338336,1014.7898
1645064338375,1014.78467
1645064338415,1014.782
1645064338456,1014.7793
1645064338497,1014.7932
1645064338539,1014.7737
1645064338575,1014.79785
1645064338615,1014.78784
1645064338657,1014.7715
1645064338696,1014.79565
1645064338737,1014.79517
1645064338777,1014.7886
1645064338816,1014.78784
1645064338855,1014.7986
1645064338896,1014.7771
1645064338936,1014.75757
1645064338975,1014.8208
1645064339017,1014.7876
1645064339057,1014.7495
1645064339096,1014.7615
1645064339136,1014.75586
1645064339176,1014.77905
1645064339215,1014.74854
1645064339256,1014.7793
1645064339298,1014.77954
1645064339337,1014.76904
1645064339380,1014.7693
1645064339415,1014.7683
1645064339456,1014.7634
1645064339496,1014.7698
1645064339536,1014.7798
1645064339576,1014.79395
1645064339617,1014.76807
1645064339657,1014.7644
1645064339696,1014.77783
1645064339735,1014.7527
1645064339775,1014.7634
1645064339815,1014.7617
1645064339855,1014.77246
1645064339902,1014.78467
1645064339936,1014.73145
1645064339979,1014.76245
1645064340016,1014.7783
1645064340056,1014.7822
1645064340095,1014.7676
1645064340136,1014.76514
1645064340179,1014.8042
1645064340216,1014.7759
1645064340258,1014.78125
1645064340299,1014.75977
1645064340336,1014.7849
1645064340376,1014.7905
1645064340423,1014.7595
1645064340456,1014.7615
1645064340496,1014.7532
1645064340536,1014.7959
1645064340576,1014.7827
1645064340616,1014.74
1645064340655,1014.80444
1645064340696,1014.78687
1645064340735,1014.77
1645064340778,1014.792
1645064340820,1014.7622
1645064340856,1014.81104
1645064340898,1014.74805
1645064340935,1014.78906
1645064340975,1014.77466
1645064341016,1014.7578
1645064341057,1014.77783
1645064341097,1014.77783
1645064341137,1014.7781
1645064341177,1014.7471
1645064341215,1014.7871
1645064341256,1014.7678
1645064341295,1014.7727
1645064341337,1014.77295
1645064341377,1014.7688
1645064341419,1014.77563
1645064341455,1014.7556
1645064341495,1014.7732
1645064341536,1014.7532
1645064341575,1014.7844
1645064341616,1014.77295
1645064341659,1014.80054
1645064341698,1014.7805
1645064341735,1014.7688
1645064341776,1014.802
1645064341815,1014.7905
1645064341855,1014.8054
1645064341906,1014.791
1645064341935,1014.77246
1645064341976,1014.7781
1645064342015,1014.7783
1645064342056,1014.7905
1645064342095,1014.76416
1645064342135,1014.78076
1645064342176,1014.80176
1645064342217,1014.74976
1645064342257,1014.749
1645064342297,1014.7676
1645064342336,1014.7842
1645064342376,1014.7886
1645064342421,1014.772
1645064342455,1014.7693
1645064342496,1014.7705
1645064342536,1014.7649
1645064342578,1014.76904
1645064342616,1014.73804
1645064342655,1014.77637
1645064342695,1014.7678
1645064342737,1014.80005
1645064342777,1014.7832
1645064342817,1014.7744
1645064342860,1014.74927
1645064342896,1014.79346
1645064342936,1014.7866
1645064342976,1014.7551
1645064343015,1014.7678
1645064343055,1014.78394
1645064343097,1014.7969
1645064343136,1014.7622
1645064343177,1014.7822
1645064343215,1014.79224
1645064343255,1014.75635
1645064343296,1014.7534
1645064343335,1014.7268
1645064343377,1014.772
1645064343418,1014.76294
1645064343456,1014.7683
1645064343495,1014.75854
1645064343535,1014.7483
1645064343575,1014.78345
1645064343620,1014.76733
1645064343657,1014.76025
1645064343700,1014.77637
1645064343736,1014.7888
1645064343775,1014.76074
1645064343815,1014.7959
1645064343855,1014.77686
1645064343900,1014.8015
1645064343942,1014.8008
1645064343976,1014.8208
1645064344016,1014.7698
1645064344056,1014.7593
1645064344096,1014.72266
1645064344135,1014.7905
1645064344176,1014.7888
1645064344216,1014.7654
1645064344256,1014.7732
1645064344297,1014.7246
1645064344336,1014.75854
1645064344376,1014.7468
1645064344420,1014.7268
1645064344456,1014.7488
1645064344495,1014.7805
1645064344536,1014.751
1645064344576,1014.7451
1645064344616,1014.7373
1645064344657,1014.7468
1645064344695,1014.7588
1645064344735,1014.7761
1645064344775,1014.78125
1645064344816,1014.75
1645064344856,1014.7385
1645064344901,1014.791
1645064344935,1014.74805
1645064344976,1014.76587
1645064345015,1014.74756
1645064345056,1014.75977
1645064345099,1014.7551
1645064345141,1014.77075
1645064345220,1014.7219
1645064345220,1014.79395
1645064345272,1014.76294
1645064345299,1014.76465
1645064345338,1014.7583
1645064345376,1014.77637
1645064345417,1014.7815
1645064345459,1014.7705
1645064345496,1014.7588
1645064345535,1014.7905
1645064345575,1014.77295
1645064345615,1014.77515
1645064345655,1014.7942
1645064345696,1014.78125
1645064345736,1014.76465
1645064345777,1014.74927
1645064345851,1014.7605
1645064345891,1014.80493
1645064345936,1014.7742
1645064345973,1014.7803
1645064346011,1014.7737
1645064346051,1014.7903
1645064346091,1014.77075
1645064346130,1014.76294
1645064346172,1014.77637
1645064346212,1014.7854
1645064346253,1014.7749
1645064346292,1014.7883
1645064346333,1014.7776
1645064346372,1014.7959
1645064346411,1014.77466
1645064346452,1014.7844
1645064346492,1014.7366
1645064346532,1014.7627
1645064346572,1014.77246
1645064346612,1014.80566
1645064346651,1014.7583
1645064346692,1014.78516
1645064346731,1014.7678
1645064346774,1014.7722
1645064346813,1014.7656
1645064346853,1014.8992
1645064346892,1014.72485
1645064346932,1014.7007
1645064346972,1014.74097
1645064347011,1014.92114
1645064347088,1014.6548
1645064347093,1014.719
1645064347155,1014.74023
1645064347191,1014.77
1645064347211,1014.75
1645064347256,1014.80054
1645064347291,1014.74
1645064347331,1014.7612
1645064347372,1014.781
1645064347413,1014.75415
1645064347451,1014.75684
1645064347491,1014.76807
1645064347530,1014.79175
1645064347570,1014.75757
1645064347611,1014.7649
1645064347651,1014.75977
1645064347691,1014.76245
1645064347732,1014.7871
1645064347771,1014.771
1645064347810,1014.7617
1645064347850,1014.782
1645064347891,1014.7527
1645064347932,1014.7805
1645064347971,1014.7739
1645064348012,1014.76685
1645064348052,1014.76636
1645064348091,1014.7927
1645064348131,1014.7566
1645064348171,1014.75415
1645064348211,1014.7539
1645064348255,1014.7727
1645064348292,1014.73267
1645064348333,1014.77295
1645064348371,1014.7661
1645064348412,1014.761
1645064348451,1014.77295
1645064348492,1014.7605
1645064348531,1014.772
1645064348572,1014.77295
1645064348613,1014.7759
1645064348653,1014.7405
1645064348692,1014.7678
1645064348731,1014.7422
1645064348771,1014.772
1645064348811,1014.7705
1645064348853,1014.7302
1645064348895,1014.7417
1645064348931,1014.7893
1645064348972,1014.77954
1645064349011,1014.7427
1645064349050,1014.76685
1645064349091,1014.76025
1645064349131,1014.7517
1645064349172,1014.7588
1645064349212,1014.7678
1645064349252,1014.7722
1645064349291,1014.7781
1645064349331,1014.71704
1645064349372,1014.75415
1645064349412,1014.77783
1645064349451,1014.73
1645064349491,1014.7395
1645064349531,1014.75195
1645064349573,1014.77563
1645064349611,1014.7461
1645064349651,1014.7478
1645064349691,1014.7529
1645064349732,1014.71924
1645064349771,1014.7593
1645064349811,1014.7407
1645064349853,1014.7317
1645064349891,1014.751
1645064349932,1014.75244
1645064349972,1014.7886
1645064350011,1014.74316
1645064350052,1014.7842
1645064350092,1014.7561
1645064350133,1014.73145
1645064350171,1014.7671
1645064350211,1014.77124
1645064350251,1014.7932
1645064350291,1014.7615
1645064350332,1014.7256
1645064350372,1014.7573
1645064350411,1014.7395
1645064350451,1014.79736
1645064350492,1014.7793
1645064350532,1014.7229
1645064350572,1014.7378
1645064350612,1014.7617
1645064350652,1014.78125
1645064350692,1014.7788
1645064350732,1014.7307
1645064350778,1014.73047
1645064350811,1014.76465
1645064350852,1014.72217
1645064350891,1014.7451
1645064350931,1014.7644
1645064350972,1014.7534
1645064351011,1014.77954
1645064351051,1014.7844
1645064351091,1014.76074
1645064351132,1014.75244
1645064351171,1014.75073
1645064351212,1014.75977
1645064351251,1014.76025
1645064351290,1014.76807
1645064351332,1014.78
1645064351371,1014.7427
1645064351412,1014.7334
1645064351452,1014.76953
1645064351492,1014.7615
1645064351532,1014.7615
1645064351572,1014.7671
1645064351611,1014.7783
1645064351651,1014.7617
1645064351692,1014.7412
1645064351733,1014.7422
1645064351776,1014.7578
1645064351812,1014.7705
1645064351853,1014.74243
1645064351891,1014.761
1645064351932,1014.7307
1645064351971,1014.76196
1645064352012,1014.73267
1645064352052,1014.7529
1645064352093,1014.7417
1645064352132,1014.74023
1645064352171,1014.7395
1645064352211,1014.7556
1645064352251,1014.7612
1645064352291,1014.7449
1645064352334,1014.7302
1645064352371,1014.74146
1645064352413,1014.7649
1645064352452,1014.7539
1645064352492,1014.7634
1645064352531,1014.7405
1645064352572,1014.7417
1645064352611,1014.74854
1645064352651,1014.75366
1645064352693,1014.7363
1645064352731,1014.75977
1645064352781,1014.7527
1645064352813,1014.7285
1645064352852,1014.7385
1645064352893,1014.7334
1645064352933,1014.76636
1645064352972,1014.7473
1645064353011,1014.7407
1645064353051,1014.7649
1645064353091,1014.78467
1645064353131,1014.7473
1645064353173,1014.70337
1645064353212,1014.7532
1645064353252,1014.74805
1645064353296,1014.7637
1645064353331,1014.751
1645064353372,1014.78516
1645064353411,1014.73535
1645064353453,1014.7405
1645064353492,1014.7522
1645064353532,1014.7102
1645064353572,1014.7395
1645064353611,1014.79736
1645064353651,1014.7385
1645064353691,1014.77954
1645064353731,1014.7561
1645064353772,1014.761
1645064353813,1014.76
1645064353852,1014.77344
1645064353891,1014.7532
1645064353932,1014.7573
1645064353978,1014.7527
1645064354011,1014.7512
1645064354051,1014.7366
1645064354092,1014.761
1645064354132,1014.7742
1645064354171,1014.74756
1645064354211,1014.751
1645064354251,1014.71533
1645064354298,1014.71484
1645064354332,1014.7825
1645064354372,1014.7444
1645064354413,1014.77734
1645064354451,1014.7488
1645064354491,1014.7461
1645064354531,1014.75757
1645064354572,1014.7449
1645064354612,1014.7261
1645064354652,1014.7678
1645064354694,1014.77515
1645064354732,1014.7451
1645064354771,1014.74146
1645064354812,1014.772
1645064354852,1014.7715
1645064354892,1014.75806
1645064354932,1014.76514
1645064354972,1014.7566
1645064355012,1014.74365
1645064355051,1014.74976
1645064355092,1014.749
1645064355131,1014.76685
1645064355172,1014.7561
1645064355212,1014.7639
1645064355251,1014.7268
1645064355299,1014.7334
1645064355331,1014.73
1645064355371,1014.7527
1645064355412,1014.7556
1645064355451,1014.7732
1645064355491,1014.7334
1645064355531,1014.75366
1645064355575,1014.74805
1645064355614,1014.7534
1645064355651,1014.72876
1645064355692,1014.74243
1645064355731,1014.73486
1645064355774,1014.75024
1645064355812,1014.7534
1645064355853,1014.7722
1645064355893,1014.7471
1645064355931,1014.7361
1645064355972,1014.7446
1645064356011,1014.7429
1645064356052,1014.7273
1645064356093,1014.7593
1645064356132,1014.7466
1645064356172,1014.78687
1645064356211,1014.7588
1645064356251,1014.7666
1645064356292,1014.7466
1645064356332,1014.7583
1645064356372,1014.74023
1645064356412,1014.7837
1645064356453,1014.7302
1645064356491,1014.7246
1645064356531,1014.751
1645064356572,1014.7366
1645064356612,1014.72266
1645064356652,1014.7378
1645064356693,1014.75415
1645064356733,1014.7717
1645064356772,1014.7732
1645064356824,1014.7551
1645064356851,1014.78125
1645064356892,1014.74634
1645064356932,1014.739
1645064356972,1014.76587
1645064357012,1014.73975
1645064357052,1014.749
1645064357091,1014.77124
1645064357131,1014.74854
1645064357171,1014.7698
1645064357213,1014.77734
1645064357252,1014.74854
1645064357292,1014.739
1645064357332,1014.7571
1645064357371,1014.7532
1645064357411,1014.77563
1645064357453,1014.75415
1645064357492,1014.76685
1645064357533,1014.76465
1645064357572,1014.7312
1645064357616,1014.7505
1645064357651,1014.7705
1645064357692,1014.7429
1645064357731,1014.7505
1645064357773,1014.74146
1645064357813,1014.7256
1645064357854,1014.7261
1645064357892,1014.73267
1645064357933,1014.71826
1645064357971,1014.76514
1645064358012,1014.76855
1645064358052,1014.7888
1645064358093,1014.73315
1645064358131,1014.73145
1645064358172,1014.7551
1645064358212,1014.7754
1645064358252,1014.77295
1645064358291,1014.7258
1645064358331,1014.7178
1645064358372,1014.73535
1645064358413,1014.74536
1645064358452,1014.75366
1645064358492,1014.76855
1645064358531,1014.75977
1645064358572,1014.75024
1645064358611,1014.7285
1645064358652,1014.74
1645064358692,1014.7427
1645064358732,1014.7434
1645064358772,1014.78955
1645064358811,1014.7483
1645064358851,1014.7605
1645064358891,1014.7483
1645064358933,1014.76953
1645064358972,1014.7866
1645064359012,1014.7405
1645064359052,1014.73535
1645064359091,1014.7842
1645064359131,1014.7434
1645064359172,1014.7495
1645064359211,1014.73486
1645064359252,1014.75903
1645064359292,1014.7261
1645064359332,1014.76416
1645064359370,1014.75
1645064359411,1014.7566
1645064359451,1014.7517
1645064359490,1014.7312
1645064359532,1014.7554
1645064359572,1014.7449
1645064359613,1014.7461
1645064359651,1014.73755
1645064359691,1014.7527
1645064359731,1014.761
1645064359771,1014.7168
1645064359811,1014.77124
1645064359852,1014.75146
1645064359892,1014.76416
1645064359932,1014.7417
1645064359971,1014.75366
1645064360011,1014.7688
1645064360052,1014.75024
1645064360091,1014.7744
1645064360131,1014.7583
1645064360172,1014.7449
1645064360213,1014.77686
1645064360251,1014.7175
1645064360292,1014.7517
1645064360331,1014.7583
1645064360371,1014.77515
1645064360411,1014.7114
1645064360452,1014.7351
1645064360492,1014.7639
1645064360532,1014.771
1645064360571,1014.74927
1645064360611,1014.74146
1645064360651,1014.74194
1645064360693,1014.7058
1645064360732,1014.7544
1645064360771,1014.7859
1645064360816,1014.73413
1645064360851,1014.7024
1645064360891,1014.7273
1645064360931,1014.7329
1645064360972,1014.7373
1645064361013,1014.7112
1645064361053,1014.77124
1645064361091,1014.73706
1645064361131,1014.75854
1645064361172,1014.7202
1645064361212,1014.7356
1645064361252,1014.75244
1645064361293,1014.7754
1645064361332,1014.7615
1645064361371,1014.7229
1645064361411,1014.73535
1645064361451,1014.75464
1645064361491,1014.7219
1645064361532,1014.75977
1645064361573,1014.761
1645064361614,1014.75073
1645064361652,1014.7363
1645064361691,1014.72217
1645064361732,1014.7395
1645064361771,1014.7261
1645064361811,1014.7317
1645064361852,1014.73926
1645064361891,1014.7561
1645064361932,1014.7471
1645064361971,1014.76196
1645064362011,1014.7617
1645064362053,1014.7434
1645064362092,1014.74585
1645064362132,1014.74634
1645064362172,1014.7295
1645064362211,1014.74536
1645064362251,1014.75244
1645064362291,1014.7483
1645064362331,1014.7566
1645064362372,1014.76245
1645064362412,1014.76245
1645064362452,1014.7278
1645064362492,1014.78
1645064362532,1014.8042
1645064362573,1014.7439
1645064362611,1014.7339
1645064362651,1014.7566
1645064362691,1014.74414
1645064362733,1014.78955
1645064362772,1014.7439
1645064362812,1014.72485
1645064362852,1014.7617
1645064362891,1014.7676
1645064362931,1014.7117
1645064362973,1014.75146
1645064363012,1014.72705
1645064363052,1014.7175
1645064363091,1014.73975
1645064363132,1014.749
1645064363171,1014.7422
1645064363211,1014.7488
1645064363251,1014.739
1645064363291,1014.7722
1645064363331,1014.7307
1645064363372,1014.74976
1645064363411,1014.7622
1645064363451,1014.75146
1645064363491,1014.75244
1645064363532,1014.74
1645064363572,1014.7295
1645064363612,1014.73413
1645064363652,1014.7224
1645064363692,1014.72705
1645064363731,1014.74097
1645064363771,1014.76904
1645064363812,1014.76294
1645064363854,1014.76294
1645064363891,1014.75586
1645064363932,1014.7378
1645064363972,1014.7527
1645064364012,1014.74146
1645064364051,1014.7334
1645064364091,1014.7422
1645064364132,1014.7805
1645064364171,1014.75146
1645064364212,1014.7627
1645064364252,1014.7102
1645064364292,1014.7405
1645064364334,1014.7622
1645064364371,1014.78076
1645064364411,1014.74585
1645064364451,1014.719
1645064364492,1014.7539
1645064364531,1014.74194
1645064364571,1014.7446
1645064364611,1014.77637
1645064364651,1014.76685
1645064364691,1014.74634
1645064364732,1014.7405
1645064364772,1014.71924
1645064364812,1014.76074
1645064364852,1014.7529
1645064364891,1014.7346
1645064364931,1014.7551
1645064364971,1014.751
1645064365011,1014.73926
1645064365052,1014.7583
1645064365092,1014.77075
1645064365132,1014.7346
1645064365172,1014.74585
1645064365212,1014.7251
1645064365251,1014.7571
1645064365292,1014.7466
1645064365332,1014.7634
1645064365372,1014.7263
1645064365412,1014.73486
1645064365451,1014.72217
1645064365493,1014.7351
1645064365532,1014.7439
1645064365571,1014.751
1645064365612,1014.7444
1645064365652,1014.75146
1645064365692,1014.72754
1645064365732,1014.7495
1645064365771,1014.772
1645064365812,1014.7261
1645064365853,1014.7737
1645064365892,1014.75806
1645064365933,1014.73926
1645064365972,1014.7815
1645064366011,1014.74023
1645064366052,1014.7671
1645064366091,1014.74316
1645064366131,1014.74756
1645064366172,1014.7615
1645064366213,1014.76196
1645064366252,1014.7429
1645064366293,1014.7534
1645064366331,1014.73413
1645064366371,1014.74536
1645064366413,1014.7366
1645064366451,1014.7461
1645064366492,1014.7473
1645064366532,1014.7307
1645064366572,1014.7483
1645064366613,1014.75146
1645064366651,1014.7283
1645064366691,1014.72095
1645064366732,1014.7317
1645064366772,1014.7595
1645064366812,1014.7466
1645064366853,1014.74414
1645064366890,1014.7615
1645064366931,1014.74976
1645064366972,1014.7422
1645064367011,1014.7334
1645064367052,1014.7461
1645064367092,1014.7324
1645064367133,1014.7478
1645064367172,1014.7312
1645064367212,1014.708
1645064367251,1014.749
1645064367292,1014.7107
1645064367331,1014.73926
1645064367372,1014.73975
1645064367412,1014.75024
1645064367452,1014.75
1645064367492,1014.709
1645064367531,1014.75806
1645064367572,1014.7615
1645064367611,1014.7539
1645064367652,1014.7422
1645064367692,1014.72974
1645064367732,1014.73584
1645064367772,1014.7593
1645064367812,1014.7449
1645064367854,1014.7588
1645064367891,1014.7356
1645064367932,1014.7512
1645064367972,1014.7617
1645064368012,1014.7197
1645064368053,1014.74927
1645064368091,1014.72046
1645064368131,1014.7505
1645064368171,1014.71387
1645064368213,1014.7688
1645064368251,1014.74194
1645064368291,1014.7014
1645064368332,1014.73047
1645064368372,1014.76294
1645064368411,1014.7595
1645064368451,1014.74243
1645064368491,1014.7324
1645064368532,1014.7173
1645064368573,1014.7339
1645064368612,1014.77954
1645064368651,1014.7495
1645064368691,1014.73145
1645064368732,1014.73413
1645064368771,1014.75586
1645064368812,1014.79517
1645064368853,1014.75806
1645064368892,1014.75195
1645064368932,1014.74854
1645064368971,1014.77466
1645064369011,1014.7573
1645064369051,1014.7073
1645064369091,1014.7175
1645064369131,1014.7434
1645064369172,1014.74585
1645064369212,1014.7273
1645064369251,1014.74365
1645064369292,1014.76074
1645064369331,1014.7688
1645064369375,1014.7549
1645064369412,1014.73706
1645064369452,1014.7483
1645064369493,1014.7522
1645064369531,1014.7532
1645064369571,1014.75757
1645064369611,1014.74805
1645064369653,1014.7246
1645064369691,1014.7395
1645064369732,1014.75635
1645064369772,1014.74585
1645064369811,1014.73096
1645064369852,1014.7717
1645064369891,1014.7583
1645064369931,1014.708
1645064369971,1014.77466
1645064370012,1014.73267
1645064370052,1014.7705
1645064370092,1014.7678
1645064370132,1014.72046
1645064370172,1014.73755
1645064370211,1014.73364
1645064370251,1014.7112
1645064370294,1014.74194
1645064370331,1014.7827
1645064370376,1014.7588
1645064370411,1014.7544
1645064370451,1014.72266
1645064370491,1014.72656
1645064370531,1014.70654
1645064370572,1014.7224
1645064370613,1014.76587
1645064370651,1014.73926
1645064370692,1014.72705
1645064370733,1014.7505
1645064370771,1014.74243
1645064370812,1014.7495
1645064370853,1014.6963
1645064370892,1014.7351
1645064370932,1014.6763
1645064370971,1014.69775
1645064371011,1014.71094
1645064371051,1014.7583
1645064371092,1014.7317
1645064371132,1014.7344
1645064371172,1014.71704
1645064371211,1014.74316
1645064371252,1014.7295
1645064371291,1014.73096
1645064371334,1014.71484
1645064371371,1014.7097
1645064371412,1014.71436
1645064371452,1014.7549
1645064371492,1014.72095
1645064371531,1014.70483
1645064371571,1014.73804
1645064371611,1014.70776
1645064371651,1014.70435
1645064371691,1014.7263
1645064371732,1014.73047
1645064371774,1014.7473
1645064371814,1014.73584
1645064371853,1014.72437
1645064371900,1014.74097
1645064371931,1014.7373
1645064371972,1014.74316
1645064372012,1014.7329
1645064372052,1014.75415
1645064372092,1014.7334
1645064372131,1014.7229
1645064372172,1014.74536
1645064372211,1014.7417
1645064372253,1014.74414
1645064372292,1014.72705
1645064372332,1014.72974
1645064372372,1014.7529
1645064372412,1014.7466
1645064372451,1014.76855
1645064372491,1014.7661
1645064372531,1014.7444
1645064372572,1014.7261
1645064372612,1014.749
1645064372653,1014.751
1645064372692,1014.749
1645064372731,1014.7261
1645064372771,1014.74194
1645064372811,1014.7644
1645064372852,1014.74023
1645064372897,1014.7329
1645064372932,1014.7593
1645064372972,1014.7737
1645064373011,1014.74316
1645064373051,1014.7168
1645064373091,1014.7307
1645064373134,1014.7539
1645064373172,1014.7285
1645064373213,1014.7273
1645064373252,1014.7461
1645064373291,1014.7573
1645064373331,1014.7444
1645064373371,1014.7373
1645064373411,1014.7024
1645064373452,1014.74585
1645064373493,1014.73047
1645064373532,1014.73193
1645064373571,1014.6926
1645064373612,1014.73145
1645064373652,1014.74316
1645064373691,1014.75635
1645064373732,1014.7693
1645064373772,1014.73706
1645064373811,1014.74805
1645064373851,1014.7661
1645064373891,1014.75757
1645064373931,1014.7163
1645064373971,1014.7134
1645064374012,1014.7544
1645064374051,1014.76953
1645064374092,1014.7388
1645064374132,1014.75
1645064374171,1014.7329
1645064374211,1014.7444
1645064374252,1014.7595
1645064374292,1014.7219
1645064374331,1014.76904
1645064374372,1014.7634
1645064374412,1014.76416
1645064374451,1014.7178
1645064374491,1014.74243
1645064374533,1014.7407
1645064374570,1014.751
1645064374613,1014.74805
1645064374651,1014.78564
1645064374692,1014.74756
1645064374732,1014.7114
1645064374772,1014.7632
1645064374811,1014.7444
1645064374851,1014.7388
1645064374896,1014.7532
1645064374932,1014.76685
1645064374972,1014.7422
1645064375012,1014.718
1645064375051,1014.76196
1645064375091,1014.698
1645064375131,1014.7434
1645064375172,1014.7036
1645064375214,1014.7163
1645064375252,1014.72656
1645064375291,1014.75366
1645064375330,1014.7622
1645064375371,1014.7661
1645064375412,1014.76245
1645064375451,1014.72314
1645064375491,1014.75903
1645064375533,1014.7366
1645064375572,1014.77295
1645064375611,1014.7793
1645064375652,1014.74585
1645064375692,1014.7449
1645064375732,1014.73
1645064375771,1014.75854
1645064375812,1014.7654
1645064375853,1014.7573
1645064375891,1014.7561
1645064375935,1014.76953
1645064375971,1014.7698
1645064376011,1014.71826
1645064376052,1014.71484
1645064376092,1014.6948
1645064376132,1014.74
1645064376171,1014.73096
1645064376211,1014.7556
1645064376252,1014.7339
1645064376291,1014.71216
1645064376333,1014.7583
1645064376372,1014.73267
1645064376412,1014.7356
1645064376452,1014.77075
1645064376491,1014.73975
1645064376531,1014.76074
1645064376571,1014.71655
1645064376611,1014.74365
1645064376652,1014.75024
1645064376692,1014.7495
1645064376733,1014.70654
1645064376772,1014.73364
1645064376811,1014.75366
1645064376852,1014.7593
1645064376891,1014.7256
1645064376931,1014.7395
1645064376972,1014.74365
1645064377012,1014.74316
1645064377052,1014.719
1645064377091,1014.7615
1645064377131,1014.7676
1645064377171,1014.73926
1645064377211,1014.73
1645064377252,1014.7534
1645064377293,1014.751
1645064377333,1014.75
1645064377371,1014.75684
1645064377412,1014.75586
1645064377451,1014.74097
1645064377491,1014.7366
1645064377531,1014.7749
1645064377573,1014.74805
1645064377612,1014.74927
1645064377651,1014.7158
1645064377691,1014.7322
1645064377732,1014.73193
1645064377771,1014.7588
1645064377812,1014.7322
1645064377853,1014.77466
1645064377893,1014.7761
1645064377931,1014.7146
1645064377971,1014.72
1645064378011,1014.7637
1645064378051,1014.77466
1645064378092,1014.7366
1645064378133,1014.7158
1645064378172,1014.7527
1645064378212,1014.7627
1645064378251,1014.7671
1645064378291,1014.7637
1645064378331,1014.7544
1645064378371,1014.72217
1645064378415,1014.7219
1645064378452,1014.7385
1645064378492,1014.7473
1645064378532,1014.76465
1645064378571,1014.71924
1645064378613,1014.74146
1645064378651,1014.7395
1645064378692,1014.7871
1645064378734,1014.7583
1645064378772,1014.7803
1645064378812,1014.75977
1645064378851,1014.7688
1645064378893,1014.7671
1645064378931,1014.7495
1645064378972,1014.77905
1645064379012,1014.7117
1645064379052,1014.76465
1645064379091,1014.7527
1645064379133,1014.7329
1645064379171,1014.751
1645064379212,1014.74097
1645064379252,1014.7085
1645064379293,1014.75684
1645064379332,1014.75586
1645064379371,1014.76514
1645064379411,1014.7422
1645064379453,1014.7339
1645064379492,1014.76807
1645064379532,1014.7544
1645064379572,1014.75195
1645064379612,1014.75244
1645064379652,1014.74536
1645064379691,1014.74365
1645064379731,1014.74805
1645064379772,1014.7771
1645064379811,1014.7473
1645064379852,1014.72437
1645064379892,1014.71655
1645064379931,1014.74976
1645064379970,1014.7544
1645064380011,1014.77954
1645064380050,1014.7483
1645064380092,1014.7273
1645064380133,1014.7488
1645064380172,1014.7219
1645064380213,1014.7573
1645064380251,1014.7407
1645064380293,1014.77026
1645064380331,1014.7312
1645064380372,1014.7595
1645064380411,1014.7446
1645064380451,1014.7456
1645064380492,1014.76025
1645064380531,1014.77075
1645064380571,1014.7827
1645064380613,1014.7224
1645064380653,1014.75244
1645064380692,1014.74805
1645064380732,1014.74585
1645064380773,1014.76196
1645064380812,1014.76025
1645064380853,1014.7407
1645064380891,1014.739
1645064380932,1014.74316
1645064380972,1014.7637
1645064381011,1014.74023
1645064381052,1014.7471
1645064381092,1014.7561
1645064381132,1014.7654
1645064381171,1014.7368
1645064381211,1014.729
1645064381251,1014.7322
1645064381292,1014.7388
1645064381332,1014.75146
1645064381373,1014.7417
1645064381411,1014.7446
1645064381452,1014.7427
1645064381491,1014.7678
1645064381531,1014.74194
1645064381572,1014.7561
1645064381613,1014.7351
1645064381652,1014.7583
1645064381694,1014.7461
1645064381731,1014.7361
1645064381772,1014.7439
1645064381811,1014.73315
1645064381853,1014.7654
1645064381892,1014.7197
1645064381932,1014.739
1645064381971,1014.76514
1645064382011,1014.76807
1645064382051,1014.75854
1645064382091,1014.73364
1645064382131,1014.75684
1645064382172,1014.7759
1645064382212,1014.76074
1645064382254,1014.73315
1645064382291,1014.76245
1645064382332,1014.76587
1645064382371,1014.73535
1645064382413,1014.7612
1645064382452,1014.74536
1645064382492,1014.7468
1645064382531,1014.72534
1645064382571,1014.7561
1645064382611,1014.7429
1645064382651,1014.7434
1645064382692,1014.729
1645064382733,1014.73096
1645064382773,1014.7483
1645064382811,1014.7522
1645064382853,1014.71704
1645064382892,1014.72095
1645064382931,1014.74585
1645064382971,1014.7366
1645064383012,1014.7388
1645064383051,1014.7578
1645064383093,1014.74414
1645064383133,1014.7219
1645064383171,1014.7378
1645064383211,1014.73413
1645064383251,1014.7827
1645064383292,1014.7239
1645064383333,1014.7478
1645064383372,1014.7444
1645064383412,1014.7261
1645064383452,1014.7656
1645064383491,1014.7434
1645064383531,1014.77026
1645064383571,1014.7478
1645064383613,1014.74023
1645064383651,1014.76245
1645064383692,1014.7158
1645064383731,1014.7388
1645064383771,1014.73706
1645064383811,1014.7588
1645064383851,1014.73584
1645064383893,1014.77075
1645064383932,1014.7197
1645064383972,1014.72754
1645064384012,1014.7366
1645064384051,1014.72705
1645064384091,1014.7356
1645064384132,1014.7307
1645064384172,1014.7466
1645064384213,1014.728
1645064384252,1014.7512
1645064384291,1014.77
1645064384332,1014.75586
1645064384371,1014.7561
1645064384411,1014.75757
1645064384455,1014.75146
1645064384491,1014.7522
1645064384532,1014.75464
1645064384572,1014.7251
1645064384612,1014.72656
1645064384651,1014.7285
1645064384693,1014.7605
1645064384731,1014.76807
1645064384772,1014.75806
1645064384812,1014.7471
1645064384853,1014.70996
1645064384894,1014.73047
1645064384932,1014.7698
1645064384973,1014.75757
1645064385011,1014.77
1645064385051,1014.771
1645064385092,1014.74023
1645064385132,1014.7283
1645064385174,1014.7532
1645064385212,1014.7417
1645064385251,1014.74243
1645064385291,1014.7876
1645064385331,1014.74756
1645064385374,1014.7527
1645064385413,1014.74536
1645064385450,1014.75024
1645064385491,1014.7434
1645064385531,1014.76196
1645064385571,1014.7605
1645064385612,1014.7412
1645064385652,1014.7595
1645064385693,1014.73584
1645064385732,1014.7461
1645064385771,1014.74414
1645064385811,1014.7727
1645064385852,1014.7693
1645064385892,1014.73926
1645064385932,1014.75586
1645064385976,1014.72534
1645064386012,1014.7449
1645064386051,1014.76953
1645064386092,1014.7246
1645064386131,1014.7717
1645064386172,1014.71436
1645064386213,1014.71655
1645064386252,1014.7363
1645064386293,1014.7544
1645064386331,1014.7261
1645064386371,1014.7495
1645064386412,1014.7471
1645064386452,1014.7483
1645064386492,1014.7727
1645064386532,1014.76733
1645064386572,1014.7534
1645064386612,1014.7456
1645064386651,1014.7446
1645064386691,1014.73486
1645064386731,1014.74243
1645064386771,1014.7114
1645064386811,1014.74927
1645064386853,1014.74414
1645064386892,1014.749
1645064386931,1014.7307
1645064386978,1014.7449
1645064387012,1014.7593
1645064387052,1014.75366
1645064387091,1014.74854
1645064387132,1014.73975
1645064387172,1014.7849
1645064387211,1014.72144
1645064387251,1014.7351
1645064387291,1014.76196
1645064387331,1014.73413
1645064387373,1014.72363
1645064387412,1014.76074
1645064387453,1014.7627
1645064387491,1014.7605
1645064387531,1014.75757
1645064387572,1014.7554
1645064387611,1014.7671
1645064387652,1014.74097
1645064387692,1014.7405
1645064387733,1014.728
1645064387772,1014.75806
1645064387811,1014.75757
1645064387852,1014.76685
1645064387891,1014.7744
1645064387931,1014.7549
1645064387973,1014.7344
1645064388011,1014.6992
1645064388051,1014.75073
1645064388091,1014.7639
1645064388133,1014.70654
1645064388171,1014.73706
1645064388211,1014.7634
1645064388254,1014.7561
1645064388293,1014.7278
1645064388331,1014.76245
1645064388372,1014.76025
1645064388413,1014.7822
1645064388451,1014.74634
1645064388495,1014.74927
1645064388532,1014.74927
1645064388574,1014.7302
1645064388612,1014.7283
1645064388651,1014.7451
1645064388691,1014.75366
1645064388732,1014.75977
1645064388772,1014.7388
1645064388812,1014.7517
1645064388852,1014.7781
1645064388891,1014.7251
1645064388932,1014.7556
1645064388971,1014.74756
1645064389013,1014.7444
1645064389051,1014.7356
1645064389091,1014.74
1645064389131,1014.76
1645064389172,1014.7344
1645064389212,1014.7451
1645064389252,1014.7251
1645064389291,1014.7566
1645064389331,1014.76074
1645064389371,1014.7307
1645064389412,1014.73096
1645064389452,1014.7385
1645064389495,1014.75806
1645064389531,1014.7456
1645064389571,1014.7656
1645064389611,1014.76025
1645064389651,1014.7478
1645064389693,1014.7427
1645064389731,1014.7593
1645064389773,1014.72974
1645064389812,1014.70483
1645064389852,1014.7429
1645064389891,1014.74316
1645064389931,1014.75806
1645064389971,1014.75146
1645064390012,1014.77905
1645064390051,1014.7471
1645064390092,1014.7544
1645064390131,1014.729
1645064390171,1014.75806
1645064390211,1014.761
1645064390251,1014.72705
1645064390291,1014.72534
1645064390332,1014.74316
1645064390372,1014.7446
1645064390411,1014.7429
1645064390452,1014.76245
1645064390492,1014.7361
1645064390530,1014.76294
1645064390572,1014.71826
1645064390612,1014.7561
1645064390653,1014.7612
1645064390694,1014.7195
1645064390732,1014.73
1645064390771,1014.74194
1645064390812,1014.7678
1645064390852,1014.7295
1645064390893,1014.7363
1645064390933,1014.75146
1645064390972,1014.7715
1645064391012,1014.7532
1645064391051,1014.7278
1645064391091,1014.73584
1645064391132,1014.7429
1645064391172,1014.7622
1645064391211,1014.7593
1645064391252,1014.7444
1645064391292,1014.749
1645064391331,1014.7251
1645064391371,1014.7549
1645064391412,1014.7732
1645064391451,1014.72534
1645064391492,1014.73315
1645064391532,1014.75073
1645064391571,1014.73535
1645064391611,1014.7512
1645064391652,1014.71313
1645064391692,1014.73
1645064391732,1014.70483
1645064391772,1014.7468
1645064391812,1014.7705
1645064391851,1014.73413
1645064391891,1014.7732
1645064391931,1014.7793
1645064391971,1014.73584
1645064392012,1014.72876
1645064392052,1014.75806
1645064392092,1014.77295
1645064392132,1014.70435
1645064392172,1014.7627
1645064392211,1014.7595
1645064392251,1014.7793
1645064392292,1014.7544
1645064392331,1014.69214
1645064392372,1014.7146
1645064392411,1014.73486
1645064392452,1014.73
1645064392491,1014.7268
1645064392532,1014.72705
1645064392572,1014.7141
1645064392613,1014.7605
1645064392652,1014.7124
1645064392691,1014.8093
1645064392731,1014.8008
1645064392771,1014.7556
1645064392810,1014.7395
1645064392852,1014.68823
1645064392891,1014.7092
1645064392931,1014.7771
1645064392971,1014.68994
1645064393011,1014.75
1645064393051,1014.72485
1645064393091,1014.7666
1645064393133,1014.73315
1645064393171,1014.7468
1645064393212,1014.7383
1645064393252,1014.7395
1645064393292,1014.71533
1645064393332,1014.7412
1645064393371,1014.7588
1645064393411,1014.7361
1645064393452,1014.751
1645064393492,1014.74365
1645064393532,1014.74805
1645064393571,1014.72144
1645064393611,1014.72
1645064393651,1014.7246
1645064393691,1014.78687
1645064393731,1014.7339
1645064393771,1014.76416
1645064393811,1014.7217
1645064393852,1014.7483
1645064393892,1014.78467
1645064393931,1014.7407
1645064393971,1014.7468
1645064394012,1014.72046
1645064394051,1014.75073
1645064394092,1014.7676
1645064394132,1014.7595
1645064394171,1014.73047
1645064394211,1014.71704
1645064394252,1014.7632
1645064394292,1014.7295
1645064394332,1014.7571
1645064394373,1014.77686
1645064394412,1014.7532
1645064394452,1014.7471
1645064394491,1014.72437
1645064394531,1014.7085
1645064394571,1014.7356
1645064394612,1014.7427
1645064394652,1014.7705
1645064394692,1014.7285
1645064394732,1014.7322
1645064394771,1014.729
1645064394810,1014.71216
1645064394851,1014.7473
1645064394892,1014.7654
1645064394932,1014.7612
1645064394972,1014.7612
1645064395011,1014.71875
1645064395051,1014.73535
1645064395091,1014.73706
1645064395132,1014.7478
1645064395171,1014.7451
1645064395212,1014.7554
1645064395252,1014.7239
1645064395292,1014.75146
1645064395333,1014.761
1645064395371,1014.75146
1645064395410,1014.7202
1645064395452,1014.74097
1645064395491,1014.718
1645064395532,1014.73096
1645064395572,1014.74976
1645064395612,1014.7527
1645064395653,1014.7395
1645064395692,1014.7261
1645064395732,1014.6985
1645064395773,1014.71606
1645064395812,1014.79736
1645064395853,1014.74097
1645064395891,1014.7263
1645064395933,1014.7368
1645064395972,1014.7344
1645064396012,1014.7312
1645064396051,1014.73486
1645064396093,1014.74365
1645064396132,1014.7163
1645064396173,1014.7312
1645064396213,1014.7446
1645064396251,1014.7622
1645064396291,1014.7156
1645064396331,1014.7451
1645064396373,1014.79395
1645064396411,1014.73
1645064396451,1014.70996
1645064396493,1014.7671
1645064396531,1014.76196
1645064396571,1014.74243
1645064396612,1014.73486
1645064396652,1014.7175
1645064396693,1014.75024
1645064396732,1014.74536
1645064396772,1014.7468
1645064396811,1014.71655
1645064396852,1014.7532
1645064396892,1014.72485
1645064396932,1014.729
1645064396972,1014.7583
1645064397015,1014.7466
1645064397051,1014.7632
1645064397091,1014.71484
1645064397131,1014.74023
1645064397171,1014.7378
1645064397211,1014.7219
1645064397251,1014.7405
1645064397293,1014.75635
1645064397331,1014.7488
1645064397371,1014.74243
1645064397412,1014.74146
1645064397451,1014.7095
1645064397491,1014.73926
1645064397533,1014.7334
1645064397572,1014.7471
1645064397612,1014.7207
1645064397651,1014.73804
1645064397691,1014.75073
1645064397732,1014.7551
1645064397772,1014.7534
1645064397812,1014.72266
1645064397853,1014.749
1645064397892,1014.7473
1645064397932,1014.7095
1645064397971,1014.76416
1645064398011,1014.7317
1645064398051,1014.7385
1645064398092,1014.7588
1645064398132,1014.75
1645064398172,1014.73364
1645064398212,1014.7134
1645064398251,1014.7495
1645064398291,1014.7373
1645064398333,1014.7583
1645064398372,1014.76416
1645064398412,1014.7092
1645064398452,1014.739
1645064398493,1014.7451
1645064398532,1014.74927
1645064398571,1014.7322
1645064398612,1014.7461
1645064398652,1014.70215
1645064398692,1014.7429
1645064398733,1014.7566
1645064398772,1014.7273
1645064398813,1014.7488
1645064398855,1014.7229
1645064398892,1014.72217
1645064398931,1014.7488
1645064398977,1014.7478
1645064399011,1014.75146
1645064399052,1014.74194
1645064399093,1014.71216
1645064399132,1014.7278
1645064399172,1014.718
1645064399211,1014.75
1645064399252,1014.75415
1645064399292,1014.7588
1645064399333,1014.7378
1645064399371,1014.73975
1645064399411,1014.7471
1645064399451,1014.72754
1645064399491,1014.74805
1645064399532,1014.7451
1645064399572,1014.7661
1645064399612,1014.7307
1645064399652,1014.73535
1645064399692,1014.73047
1645064399731,1014.699
1645064399771,1014.7278
1645064399812,1014.73804
1645064399853,1014.74243
1645064399893,1014.73047
1645064399932,1014.7483
1645064399972,1014.7427
1645064400011,1014.74976
1645064400051,1014.7427
1645064400091,1014.7356
1645064400133,1014.7317
1645064400172,1014.7361
1645064400212,1014.73145
1645064400252,1014.72095
1645064400291,1014.751
1645064400331,1014.75073
1645064400371,1014.7295
1645064400412,1014.7283
1645064400452,1014.7517
1645064400492,1014.73486
1645064400531,1014.7202
1645064400570,1014.7114
1645064400610,1014.7583
1645064400651,1014.70654
1645064400690,1014.75366
1645064400733,1014.7317
1645064400772,1014.7009
1645064400812,1014.7185
1645064400852,1014.7678
1645064400892,1014.7373
1645064400931,1014.7429
1645064400971,1014.72437
1645064401013,1014.7119
1645064401054,1014.7444
1645064401092,1014.7278
1645064401132,1014.75
1645064401171,1014.69727
1645064401211,1014.7163
1645064401252,1014.72876
1645064401292,1014.7405
1645064401331,1014.7522
1645064401373,1014.7634
1645064401411,1014.7466
1645064401451,1014.7527
1645064401491,1014.7278
1645064401531,1014.73804
1645064401572,1014.71606
1645064401612,1014.74365
1645064401651,1014.71875
1645064401691,1014.729
1645064401731,1014.7073
1645064401770,1014.7036
1645064401810,1014.7317
1645064401850,1014.73584
1645064401892,1014.74243
1645064401931,1014.7605
1645064401972,1014.73
1645064402011,1014.7532
1645064402055,1014.7671
1645064402091,1014.7529
1645064402131,1014.74976
1645064402172,1014.71216
1645064402212,1014.7278
1645064402251,1014.7727
1645064402292,1014.7449
1645064402330,1014.7456
1645064402371,1014.7136
1645064402411,1014.7488
1645064402452,1014.7561
1645064402495,1014.7461
1645064402534,1014.7197
1645064402571,1014.74585
1645064402611,1014.72974
1645064402652,1014.72705
1645064402692,1014.7588
1645064402733,1014.7451
1645064402771,1014.74365
1645064402811,1014.7617
1645064402852,1014.75024
1645064402891,1014.74976
1645064402932,1014.75464
1645064402971,1014.74756
1645064403012,1014.7141
1645064403058,1014.73145
1645064403091,1014.7368
1645064403132,1014.74927
1645064403172,1014.7444
1645064403211,1014.72363
1645064403252,1014.74365
1645064403292,1014.7412
1645064403333,1014.7173
1645064403372,1014.7595
1645064403413,1014.74
1645064403452,1014.7322
1645064403491,1014.7395
1645064403532,1014.75464
1645064403571,1014.7422
1645064403611,1014.73364
1645064403653,1014.73413
1645064403692,1014.71484
1645064403732,1014.71265
1645064403771,1014.7427
1645064403811,1014.74927
1645064403851,1014.7407
1645064403891,1014.7246
1645064403933,1014.70825
1645064403972,1014.7615
1645064404013,1014.75415
1645064404051,1014.73
1645064404091,1014.7163
1645064404130,1014.7366
1645064404171,1014.74023
1645064404211,1014.73804
1645064404252,1014.7473
1645064404294,1014.7383
1645064404331,1014.7483
1645064404372,1014.74585
1645064404411,1014.75586
1645064404451,1014.7395
1645064404492,1014.72046
1645064404532,1014.74365
1645064404572,1014.7407
1645064404612,1014.74854
1645064404651,1014.7449
1645064404691,1014.75635
1645064404731,1014.74634
1645064404772,1014.7478
1645064404813,1014.751
1645064404853,1014.709
1645064404892,1014.78174
1645064404931,1014.75073
1645064404971,1014.7771
1645064405011,1014.72363
1645064405051,1014.7578
1645064405092,1014.74365
1645064405133,1014.7251
1645064405171,1014.7324
1645064405211,1014.74927
1645064405251,1014.7234
1645064405292,1014.74854
1645064405331,1014.7632
1645064405373,1014.7361
1645064405412,1014.76685
1645064405452,1014.7717
1645064405491,1014.74146
1645064405531,1014.7217
1645064405571,1014.7363
1645064405612,1014.76855
1645064405652,1014.75464
1645064405692,1014.76074
1645064405731,1014.74927
1645064405771,1014.7329
1645064405811,1014.7571
1645064405851,1014.7761
1645064405892,1014.75146
1645064405932,1014.7595
1645064405972,1014.76245
1645064406011,1014.73584
1645064406052,1014.72876
1645064406092,1014.7468
1645064406131,1014.7361
1645064406171,1014.72534
1645064406212,1014.7532
1645064406252,1014.7422
1645064406292,1014.7488
1645064406332,1014.75977
1645064406371,1014.7422
1645064406413,1014.7136
1645064406452,1014.7632
1645064406492,1014.71924
1645064406532,1014.7468
1645064406572,1014.75415
1645064406611,1014.7593
1645064406651,1014.71484
1645064406692,1014.7671
1645064406732,1014.73486
1645064406772,1014.7478
1645064406812,1014.7737
1645064406853,1014.7344
1645064406893,1014.7102
1645064406931,1014.75415
1645064406972,1014.7361
1645064407011,1014.72
1645064407052,1014.73926
1645064407092,1014.72437
1645064407132,1014.73975
1645064407172,1014.72095
1645064407211,1014.76
1645064407251,1014.7405
1645064407293,1014.7195
1645064407331,1014.75244
1645064407372,1014.739
1645064407411,1014.7185
1645064407457,1014.74243
1645064407492,1014.7471
1645064407534,1014.72876
1645064407571,1014.7468
1645064407611,1014.72485
1645064407651,1014.73486
1645064407691,1014.73413
1645064407732,1014.72754
1645064407774,1014.71094
1645064407811,1014.74854
1645064407852,1014.7688
1645064407891,1014.74023
1645064407931,1014.76514
1645064407973,1014.73706
1645064408012,1014.77466
1645064408052,1014.7407
1645064408091,1014.7771
1645064408131,1014.7234
1645064408171,1014.75586
1645064408212,1014.7451
1645064408252,1014.7351
1645064408293,1014.7466
1645064408332,1014.7329
1645064408373,1014.75903
1645064408411,1014.7373
1645064408451,1014.73413
1645064408491,1014.7339
1645064408531,1014.76025
1645064408574,1014.7698
1645064408611,1014.7532
1645064408652,1014.76245
1645064408691,1014.75464
1645064408731,1014.77563
1645064408772,1014.74585
1645064408811,1014.7886
1645064408851,1014.72144
1645064408892,1014.74976
1645064408933,1014.7544
1645064408971,1014.70654
1645064409013,1014.7395
1645064409051,1014.75854
1645064409091,1014.75024
1645064409132,1014.75195
1645064409172,1014.75757
1645064409212,1014.7544
1645064409253,1014.7405
1645064409291,1014.7449
1645064409332,1014.7439
1645064409373,1014.8135
1645064409412,1014.7549
1645064409451,1014.77075
1645064409492,1014.7649
1645064409533,1014.74316
1645064409572,1014.7344
1645064409611,1014.76416
1645064409652,1014.77563
1645064409692,1014.7173
1645064409734,1014.7178
1645064409773,1014.73535
1645064409812,1014.7539
1645064409852,1014.73047
1645064409893,1014.7112
1645064409931,1014.75757
1645064409971,1014.7278
1645064410012,1014.7588
1645064410052,1014.75073
1645064410091,1014.73315
1645064410131,1014.79004
1645064410171,1014.7578
1645064410211,1014.75854
1645064410251,1014.7566
1645064410292,1014.7666
1645064410333,1014.7461
1645064410373,1014.75635
1645064410412,1014.75
1645064410451,1014.7466
1645064410491,1014.70825
1645064410531,1014.77344
1645064410571,1014.7483
1645064410611,1014.7324
1645064410652,1014.7754
1645064410691,1014.75684
1645064410731,1014.7356
1645064410771,1014.7456
1645064410811,1014.7302
1645064410850,1014.74414
1645064410892,1014.76074
1645064410932,1014.7483
1645064410972,1014.7737
1645064411013,1014.7378
1645064411051,1014.74023
1645064411091,1014.7881
1645064411130,1014.75024
1645064411172,1014.7876
1645064411212,1014.78174
1645064411252,1014.7617
1645064411292,1014.72876
1645064411332,1014.7617
1645064411371,1014.7388
1645064411411,1014.73706
1645064411452,1014.7783
1645064411492,1014.7605
1645064411532,1014.73535
1645064411571,1014.76733
1645064411611,1014.7456
1645064411652,1014.74
1645064411691,1014.7637
1645064411732,1014.74854
1645064411772,1014.7405
1645064411812,1014.75146
1645064411853,1014.7444
1645064411891,1014.78125
1645064411931,1014.7595
1645064411971,1014.7417
1645064412012,1014.72314
1645064412052,1014.7234
1645064412095,1014.73267
1645064412132,1014.76636
1645064412171,1014.78784
1645064412212,1014.7588
1645064412251,1014.74023
1645064412291,1014.791
1645064412333,1014.7715
1645064412372,1014.7688
1645064412412,1014.75195
1645064412451,1014.75
1645064412491,1014.7739
1645064412531,1014.7637
1645064412573,1014.74097
1645064412615,1014.73706
1645064412652,1014.74414
1645064412692,1014.7678
1645064412731,1014.7644
1645064412770,1014.749
1645064412811,1014.7268
1645064412852,1014.7722
1645064412891,1014.7644
1645064412931,1014.7471
1645064412973,1014.7322
1645064413013,1014.76685
1645064413051,1014.77
1645064413091,1014.74854
1645064413131,1014.75
1645064413172,1014.7329
1645064413212,1014.781
1645064413251,1014.73047
1645064413294,1014.7461
1645064413332,1014.77246
1645064413371,1014.7429
1645064413411,1014.73584
1645064413452,1014.75146
1645064413492,1014.76855
1645064413533,1014.7407
1645064413574,1014.75586
1645064413613,1014.73096
1645064413651,1014.74756
1645064413691,1014.76196
1645064413733,1014.7473
1645064413773,1014.7615
1645064413811,1014.7871
1645064413854,1014.7532
1645064413891,1014.7317
1645064413932,1014.7366
1645064413971,1014.7595
1645064414012,1014.7407
1645064414052,1014.7683
1645064414092,1014.7461
1645064414132,1014.7351
1645064414172,1014.7588
1645064414211,1014.75977
1645064414251,1014.79175
1645064414292,1014.7573
1645064414333,1014.7478
1645064414372,1014.7334
1645064414412,1014.73193
1645064414452,1014.7278
1645064414491,1014.75
1645064414531,1014.75366
1645064414571,1014.7378
1645064414617,1014.73315
1645064414651,1014.7317
1645064414692,1014.75806
1645064414733,1014.7612
1645064414771,1014.74097
1645064414811,1014.7605
1645064414852,1014.7471
1645064414891,1014.761
1645064414932,1014.7388
1645064414972,1014.7573
1645064415011,1014.781
1645064415053,1014.77954
1645064415091,1014.7617
1645064415131,1014.7439
1645064415172,1014.78564
1645064415212,1014.77637
1645064415252,1014.69946
1645064415292,1014.7534
1645064415333,1014.72534
1645064415371,1014.74
1645064415411,1014.7942
1645064415451,1014.8037
1645064415491,1014.7517
1645064415531,1014.7522
1645064415571,1014.7444
1645064415613,1014.74854
1645064415651,1014.77295
1645064415691,1014.75024
1645064415731,1014.7571
1645064415771,1014.7471
1645064415811,1014.7649
1645064415852,1014.7473
1645064415891,1014.73047
1645064415931,1014.77783
1645064415971,1014.71436
1645064416012,1014.7722
1645064416053,1014.7185
1645064416092,1014.7273
1645064416131,1014.7373
1645064416172,1014.7556
1645064416213,1014.7908
1645064416251,1014.7583
1645064416291,1014.7737
1645064416331,1014.7815
1645064416371,1014.73975
1645064416413,1014.7549
1645064416452,1014.7551
1645064416492,1014.7532
1645064416531,1014.72046
1645064416571,1014.7837
1645064416615,1014.7622
1645064416652,1014.77344
1645064416692,1014.7864
1645064416733,1014.7478
1645064416773,1014.7634
1645064416812,1014.728
1645064416852,1014.73975
1645064416891,1014.75635
1645064416933,1014.73145
1645064416971,1014.76636
1645064417012,1014.74585
1645064417052,1014.7407
1645064417091,1014.7512
1645064417135,1014.76
1645064417171,1014.7429
1645064417211,1014.7197
1645064417253,1014.72705
1645064417292,1014.7383
1645064417332,1014.749
1645064417372,1014.7471
1645064417411,1014.7273
1645064417451,1014.73
1645064417491,1014.73804
1645064417532,1014.74146
1645064417572,1014.76196
1645064417612,1014.73315
1645064417652,1014.7622
1645064417691,1014.7908
1645064417731,1014.75903
1645064417772,1014.76587
1645064417811,1014.75757
1645064417852,1014.7754
1645064417892,1014.7722
1645064417932,1014.74023
1645064417972,1014.7197
1645064418012,1014.7446
1645064418051,1014.7717
1645064418091,1014.7654
1645064418131,1014.7722
1645064418172,1014.74976
1645064418212,1014.70386
1645064418252,1014.7715
1645064418292,1014.74097
1645064418331,1014.7488
1645064418371,1014.73755
1645064418413,1014.7571
1645064418451,1014.72437
1645064418492,1014.7478
1645064418531,1014.73926
1645064418571,1014.75977
1645064418611,1014.7395
1645064418652,1014.75464
1645064418691,1014.7385
1645064418731,1014.7517
1645064418773,1014.75073
1645064418812,1014.75024
1645064418852,1014.7683
1645064418891,1014.74756
1645064418932,1014.75073
1645064418971,1014.7444
1645064419013,1014.7471
1645064419053,1014.7427
1645064419092,1014.7593
1645064419132,1014.74365
1645064419171,1014.7556
1645064419211,1014.7512
1645064419252,1014.7737
1645064419291,1014.7273
1645064419332,1014.76025
1645064419372,1014.7219
1645064419412,1014.7698
1645064419451,1014.73047
1645064419491,1014.7334
1645064419531,1014.74316
1645064419571,1014.7451
1645064419613,1014.74146
1645064419652,1014.7307
1645064419692,1014.71313
1645064419731,1014.74
1645064419771,1014.74854
1645064419812,1014.75854
1645064419853,1014.7434
1645064419892,1014.73267
1645064419932,1014.74414
1645064419972,1014.7715
1645064420011,1014.78125
1645064420051,1014.7849
1645064420092,1014.76733
1645064420131,1014.75146
1645064420172,1014.75
1645064420212,1014.75073
1645064420253,1014.7615
1645064420291,1014.7405
1645064420332,1014.76636
1645064420372,1014.7722
1645064420412,1014.7639
1645064420451,1014.7346
1645064420492,1014.7212
1645064420532,1014.7893
1645064420573,1014.77295
1645064420611,1014.7412
1645064420651,1014.74194
1645064420691,1014.75684
1645064420733,1014.7356
1645064420773,1014.719
1645064420812,1014.729
1645064420853,1014.7522
1645064420891,1014.73535
1645064420930,1014.75464
1645064420970,1014.7693
1645064421011,1014.7312
1645064421052,1014.75464
1645064421091,1014.7566
1645064421132,1014.7988
1645064421171,1014.7422
1645064421211,1014.7529
1645064421251,1014.7578
1645064421292,1014.7522
1645064421332,1014.75415
1645064421372,1014.78076
1645064421412,1014.75854
1645064421451,1014.7434
1645064421491,1014.7307
1645064421531,1014.76245
1645064421571,1014.7744
1645064421613,1014.7036
1645064421652,1014.7693
1645064421693,1014.74146
1645064421732,1014.72876
1645064421771,1014.7383
1645064421811,1014.7859
1645064421853,1014.7373
1645064421892,1014.739
1645064421932,1014.7346
1645064421972,1014.7495
1645064422012,1014.7634
1645064422051,1014.7456
1645064422093,1014.7439
1645064422132,1014.74316
1645064422171,1014.75684
1645064422211,1014.75757
1645064422253,1014.7383
1645064422293,1014.76904
1645064422331,1014.73755
1645064422372,1014.7261
1645064422412,1014.71655
1645064422452,1014.7278
1645064422492,1014.7461
1645064422531,1014.7544
1645064422572,1014.7483
1645064422612,1014.7871
1645064422654,1014.75146
1645064422691,1014.75195
1645064422731,1014.71704
1645064422772,1014.7129
1645064422812,1014.719
1645064422852,1014.7468
1645064422892,1014.7593
1645064422931,1014.7251
1645064422972,1014.73047
1645064423013,1014.7644
1645064423053,1014.7322
1645064423092,1014.74585
1645064423132,1014.73315
1645064423171,1014.749
1645064423211,1014.7283
1645064423251,1014.7578
1645064423291,1014.7422
1645064423331,1014.7378
1645064423374,1014.7378
1645064423412,1014.7219
1645064423453,1014.7622
1645064423492,1014.729
1645064423531,1014.7622
1645064423571,1014.7405
1645064423613,1014.7737
1645064423653,1014.7246
1645064423692,1014.76904
1645064423732,1014.75366
1645064423772,1014.7749
1645064423812,1014.74
1645064423851,1014.7351
1645064423891,1014.75366
1645064423932,1014.7761
1645064423972,1014.77637
1645064424012,1014.7444
1645064424052,1014.7256
1645064424093,1014.7561
1645064424131,1014.7366
1645064424171,1014.7092
1645064424211,1014.7258
1645064424252,1014.73096
1645064424292,1014.72534
1645064424333,1014.75854
1645064424371,1014.7385
1645064424411,1014.7544
1645064424452,1014.73755
1645064424493,1014.73804
1645064424532,1014.7285
1645064424571,1014.7556
1645064424613,1014.7683
1645064424652,1014.6958
1645064424692,1014.7334
1645064424731,1014.7156
1645064424771,1014.7446
1645064424812,1014.74805
1645064424853,1014.73193
1645064424892,1014.72046
1645064424932,1014.72754
1645064424971,1014.74316
1645064425011,1014.73
1645064425051,1014.7654
1645064425092,1014.7473
1645064425132,1014.75464
1645064425173,1014.739
1645064425211,1014.7363
1645064425253,1014.699
1645064425293,1014.72437
1645064425332,1014.74805
1645064425371,1014.7429
1645064425411,1014.72974
1645064425452,1014.7637
1645064425492,1014.7285
1645064425533,1014.7361
1645064425572,1014.7273
1645064425612,1014.75195
1645064425658,1014.7278
1645064425691,1014.7207
1645064425732,1014.73755
1645064425772,1014.74365
1645064425811,1014.7197
1645064425851,1014.75464
1645064425891,1014.75977
1645064425932,1014.75146
1645064425972,1014.7058
1645064426012,1014.71216
1645064426052,1014.728
1645064426093,1014.73267
1645064426131,1014.7124
1645064426171,1014.75073
1645064426211,1014.72217
1645064426252,1014.7114
1645064426291,1014.7212
1645064426331,1014.70483
1645064426371,1014.7263
1645064426411,1014.7136
1645064426451,1014.74805
1645064426491,1014.7092
1645064426531,1014.73706
1645064426572,1014.72144
1645064426612,1014.78394
1645064426660,1014.73315
1645064426691,1014.7246
1645064426731,1014.74854
1645064426771,1014.7107
1645064426812,1014.7129
1645064426852,1014.71387
1645064426892,1014.7373
1645064426933,1014.7207
1645064426972,1014.73755
1645064427011,1014.72974
1645064427053,1014.73315
1645064427092,1014.7085
1645064427131,1014.72974
1645064427173,1014.7324
1645064427212,1014.7141
1645064427253,1014.73535
1645064427291,1014.7395
1645064427331,1014.73413
1645064427371,1014.7041
1645064427413,1014.70483
1645064427452,1014.73145
1645064427491,1014.69604
1645064427532,1014.7197
1645064427572,1014.74023
1645064427611,1014.7317
1645064427653,1014.7241
1645064427691,1014.72363
1645064427731,1014.70825
1645064427772,1014.75635
1645064427813,1014.73804
1645064427853,1014.7268
1645064427891,1014.71875
1645064427932,1014.7073
1645064427971,1014.71875
1645064428012,1014.7466
1645064428052,1014.7483
1645064428092,1014.74194
1645064428132,1014.7268
1645064428171,1014.7551
1645064428212,1014.7073
1645064428251,1014.77905
